       461
    300.00   .358800   .007180
    305.00   .385980   .006590
    310.00   .412330   .006140
    315.00   .436330   .005610
    320.00   .459650   .005070
    325.00   .479280   .005030
    330.00   .496660   .004870
    335.00   .514620   .005180
    340.00   .529740   .005140
    345.00   .545990   .005680
    350.00   .558760   .005070
    355.00   .570380   .004240
    360.00   .581830   .004420
    365.00   .592690   .004740
    370.00   .602250   .004250
    375.00   .610760   .004210
    380.00   .617150   .005230
    385.00   .623520   .005060
    390.00   .630540   .004800
    395.00   .639770   .005670
    400.00   .643620   .006380
    405.00   .650140   .006230
    410.00   .653970   .006060
    415.00   .657720   .006310
    420.00   .660240   .006290
    425.00   .664200   .007440
    430.00   .667080   .008050
    435.00   .669520   .007670
    440.00   .671330   .007560
    445.00   .673350   .007750
    450.00   .674920   .008040
    455.00   .675890   .007420
    460.00   .677890   .007380
    465.00   .678660   .007070
    470.00   .680900   .007480
    475.00   .681940   .007490
    480.00   .683400   .007760
    485.00   .685010   .007850
    490.00   .686310   .007360
    495.00   .686970   .007850
    500.00   .688170   .007690
    505.00   .689310   .007950
    510.00   .690830   .008100
    515.00   .691820   .007610
    520.00   .694230   .007700
    525.00   .694950   .008080
    530.00   .696020   .008000
    535.00   .697000   .007860
    540.00   .699120   .007630
    545.00   .699690   .007940
    550.00   .701110   .007950
    555.00   .701700   .007930
    560.00   .702990   .007600
    565.00   .704570   .007960
    570.00   .704970   .007560
    575.00   .706410   .008040
    580.00   .707140   .007670
    585.00   .708890   .007360
    590.00   .709240   .007980
    595.00   .710940   .007900
    600.00   .712440   .007710
    605.00   .712390   .007860
    610.00   .714000   .008050
    615.00   .716320   .008020
    620.00   .717510   .007570
    625.00   .718320   .007950
    630.00   .719490   .007600
    635.00   .720630   .007710
    640.00   .723110   .007640
    645.00   .724130   .007510
    650.00   .725150   .007510
    655.00   .726760   .007660
    660.00   .728410   .007630
    665.00   .730200   .007500
    670.00   .731540   .007980
    675.00   .732430   .007460
    680.00   .733210   .007800
    685.00   .735500   .007440
    690.00   .737370   .007770
    695.00   .738840   .007530
    700.00   .740230   .007620
    705.00   .742050   .007590
    710.00   .744180   .007330
    715.00   .745490   .007460
    720.00   .748070   .006900
    725.00   .749870   .007690
    730.00   .750380   .007370
    735.00   .751860   .007750
    740.00   .753170   .007360
    745.00   .755380   .006930
    750.00   .756050   .006870
    755.00   .757420   .007730
    760.00   .757240   .007380
    765.00   .758390   .007400
    770.00   .760240   .007500
    775.00   .759260   .007670
    780.00   .759510   .007770
    785.00   .760750   .007850
    790.00   .761580   .008090
    795.00   .761390   .007730
    800.00   .759920   .008709
    805.00   .760321   .008684
    810.00   .759667   .008831
    815.00   .759530   .008674
    820.00   .759669   .008705
    825.00   .758989   .008826
    830.00   .757791   .008175
    835.00   .757549   .008267
    840.00   .757613   .008403
    845.00   .757442   .008157
    850.00   .756238   .007706
    855.00   .756468   .007256
    860.00   .756391   .006709
    865.00   .755595   .006358
    870.00   .754526   .006051
    875.00   .754692   .005509
    880.00   .753512   .019647
    885.00   .752606   .017781
    890.00   .751587   .016441
    895.00   .749790   .015202
    900.00   .748634   .014409
    905.00   .747447   .023362
    910.00   .745993   .022228
    915.00   .744514   .021172
    920.00   .743856   .020132
    925.00   .742217   .019172
    930.00   .739943   .017877
    935.00   .739849   .016594
    940.00   .737542   .015603
    945.00   .734873   .014344
    950.00   .734742   .013291
    955.00   .732862   .012226
    960.00   .730432   .011086
    965.00   .728571   .010296
    970.00   .726715   .009697
    975.00   .723755   .008977
    980.00   .722684   .008340
    985.00   .720884   .007657
    990.00   .718499   .007179
    995.00   .716482   .006816
   1000.00   .713290   .006346
   1005.00   .710330   .006143
   1010.00   .708591   .005890
   1015.00   .706596   .005475
   1020.00   .703109   .005275
   1025.00   .699765   .004958
   1030.00   .697050   .004849
   1035.00   .693574   .004510
   1040.00   .691746   .004327
   1045.00   .687841   .004224
   1050.00   .684578   .004061
   1055.00   .681544   .003893
   1060.00   .678596   .003517
   1065.00   .675862   .003564
   1070.00   .672038   .003510
   1075.00   .669026   .003549
   1080.00   .666279   .003359
   1085.00   .663581   .003290
   1090.00   .660635   .003031
   1095.00   .658391   .003227
   1100.00   .655533   .002952
   1105.00   .652108   .002952
   1110.00   .649526   .002893
   1115.00   .646297   .002929
   1120.00   .643889   .002795
   1125.00   .640805   .002691
   1130.00   .638425   .002761
   1135.00   .635782   .002762
   1140.00   .633486   .002603
   1145.00   .630802   .002734
   1150.00   .628639   .002481
   1155.00   .626351   .002388
   1160.00   .624088   .002328
   1165.00   .621498   .002287
   1170.00   .619693   .002272
   1175.00   .617650   .002314
   1180.00   .615228   .002335
   1185.00   .613573   .002270
   1190.00   .612104   .002243
   1195.00   .610357   .002287
   1200.00   .608949   .002175
   1205.00   .607506   .002200
   1210.00   .606028   .002153
   1215.00   .604669   .002225
   1220.00   .603454   .002231
   1225.00   .602478   .002062
   1230.00   .601869   .001962
   1235.00   .600863   .001983
   1240.00   .600012   .002064
   1245.00   .599752   .002111
   1250.00   .598867   .002086
   1255.00   .598618   .002030
   1260.00   .597969   .001999
   1265.00   .597441   .002057
   1270.00   .597565   .002062
   1275.00   .597274   .002030
   1280.00   .597394   .001976
   1285.00   .597709   .001972
   1290.00   .597831   .002075
   1295.00   .598134   .002026
   1300.00   .598361   .001958
   1305.00   .599057   .002421
   1310.00   .599623   .002271
   1315.00   .600673   .002315
   1320.00   .601212   .002253
   1325.00   .602116   .002270
   1330.00   .602625   .002233
   1335.00   .603671   .002183
   1340.00   .604149   .002303
   1345.00   .604990   .002388
   1350.00   .605446   .002264
   1355.00   .605370   .002373
   1360.00   .605741   .002419
   1365.00   .607595   .002527
   1370.00   .608673   .002378
   1375.00   .610556   .002374
   1380.00   .611269   .002575
   1385.00   .613680   .002406
   1390.00   .615618   .002392
   1395.00   .616024   .002499
   1400.00   .617585   .002483
   1405.00   .620251   .002406
   1410.00   .622588   .002388
   1415.00   .624459   .002443
   1420.00   .626486   .002514
   1425.00   .628353   .002355
   1430.00   .631096   .002359
   1435.00   .632997   .002248
   1440.00   .635077   .002429
   1445.00   .636825   .002443
   1450.00   .638662   .002449
   1455.00   .641156   .002352
   1460.00   .643119   .002414
   1465.00   .645335   .002382
   1470.00   .647150   .002266
   1475.00   .649716   .002406
   1480.00   .651318   .002491
   1485.00   .653305   .002308
   1490.00   .655142   .002600
   1495.00   .657421   .002590
   1500.00   .659025   .002395
   1505.00   .661292   .002415
   1510.00   .662500   .002275
   1515.00   .664341   .002487
   1520.00   .666380   .002511
   1525.00   .668077   .002545
   1530.00   .669926   .002563
   1535.00   .671403   .002492
   1540.00   .673281   .002494
   1545.00   .674335   .002553
   1550.00   .675972   .002596
   1555.00   .677747   .002459
   1560.00   .678989   .002716
   1565.00   .680216   .002553
   1570.00   .681270   .002516
   1575.00   .682481   .002514
   1580.00   .683268   .002364
   1585.00   .684339   .002462
   1590.00   .685707   .002672
   1595.00   .686731   .002430
   1600.00   .687618   .002532
   1605.00   .688074   .002717
   1610.00   .688741   .002706
   1615.00   .689443   .002833
   1620.00   .690112   .002623
   1625.00   .690757   .002604
   1630.00   .691142   .002688
   1635.00   .691989   .002649
   1640.00   .692539   .002510
   1645.00   .693699   .002417
   1650.00   .694444   .002708
   1655.00   .695204   .002596
   1660.00   .696149   .002623
   1665.00   .696530   .002717
   1670.00   .697128   .002433
   1675.00   .697974   .002627
   1680.00   .698627   .002615
   1685.00   .699352   .002593
   1690.00   .699872   .002838
   1695.00   .700240   .002920
   1700.00   .700914   .002762
   1705.00   .700047   .002735
   1710.00   .700040   .002658
   1715.00   .700514   .002875
   1720.00   .700812   .002615
   1725.00   .700971   .002694
   1730.00   .700833   .002731
   1735.00   .700852   .002812
   1740.00   .700955   .002742
   1745.00   .701176   .002572
   1750.00   .701269   .002691
   1755.00   .701556   .002666
   1760.00   .701910   .002656
   1765.00   .701873   .002732
   1770.00   .702175   .002707
   1775.00   .702501   .002761
   1780.00   .702446   .002681
   1785.00   .702952   .002685
   1790.00   .703214   .002799
   1795.00   .703204   .002762
   1800.00   .703101   .002646
   1805.00   .703049   .002732
   1810.00   .702912   .002721
   1815.00   .702716   .002677
   1820.00   .702556   .002674
   1825.00   .702467   .002651
   1830.00   .702128   .002671
   1835.00   .702204   .002695
   1840.00   .702307   .002720
   1845.00   .702806   .002725
   1850.00   .703167   .002784
   1855.00   .703160   .002896
   1860.00   .702906   .002765
   1865.00   .703139   .002481
   1870.00   .704067   .002609
   1875.00   .703331   .003072
   1880.00   .702465   .002794
   1885.00   .701784   .002920
   1890.00   .701183   .002700
   1895.00   .701084   .002621
   1900.00   .700666   .002690
   1905.00   .700210   .002913
   1910.00   .700354   .002737
   1915.00   .699923   .002645
   1920.00   .699825   .002824
   1925.00   .700043   .002770
   1930.00   .700375   .002749
   1935.00   .700371   .002721
   1940.00   .700258   .002870
   1945.00   .700869   .002850
   1950.00   .701096   .002929
   1955.00   .700840   .002693
   1960.00   .701103   .002810
   1965.00   .701558   .002783
   1970.00   .701905   .002703
   1975.00   .701552   .002820
   1980.00   .702067   .002830
   1985.00   .702498   .002714
   1990.00   .702721   .002874
   1995.00   .702987   .002830
   2000.00   .703295   .002852
   2005.00   .703682   .002837
   2010.00   .704105   .002804
   2015.00   .703993   .002848
   2020.00   .704390   .002992
   2025.00   .704537   .002853
   2030.00   .705227   .002806
   2035.00   .705550   .002717
   2040.00   .705601   .002728
   2045.00   .705397   .002857
   2050.00   .705341   .002906
   2055.00   .705533   .002758
   2060.00   .705285   .002836
   2065.00   .705623   .002927
   2070.00   .705632   .002889
   2075.00   .705848   .002830
   2080.00   .706002   .002874
   2085.00   .706248   .002918
   2090.00   .705956   .003018
   2095.00   .706251   .002829
   2100.00   .706263   .002791
   2105.00   .707018   .002878
   2110.00   .707810   .003101
   2115.00   .708136   .002997
   2120.00   .708283   .002950
   2125.00   .708517   .002953
   2130.00   .709631   .002932
   2135.00   .709876   .002866
   2140.00   .710263   .002831
   2145.00   .710609   .002997
   2150.00   .710733   .002794
   2155.00   .710955   .002722
   2160.00   .711525   .002852
   2165.00   .711398   .002810
   2170.00   .711438   .002773
   2175.00   .711646   .002913
   2180.00   .712301   .002603
   2185.00   .713187   .002806
   2190.00   .713343   .002855
   2195.00   .713880   .002734
   2200.00   .714044   .002859
   2205.00   .713843   .002860
   2210.00   .713929   .002933
   2215.00   .714976   .002877
   2220.00   .715371   .002922
   2225.00   .715296   .002856
   2230.00   .715866   .002739
   2235.00   .715878   .002979
   2240.00   .716599   .002854
   2245.00   .717826   .002892
   2250.00   .717636   .002903
   2255.00   .718061   .002929
   2260.00   .718769   .002913
   2265.00   .719137   .002910
   2270.00   .719127   .003034
   2275.00   .719711   .003125
   2280.00   .720589   .002876
   2285.00   .721991   .002883
   2290.00   .722225   .003127
   2295.00   .721639   .002994
   2300.00   .721749   .002754
   2305.00   .723640   .002799
   2310.00   .723748   .002976
   2315.00   .723388   .002975
   2320.00   .724696   .002983
   2325.00   .725459   .002982
   2330.00   .725116   .002997
   2335.00   .726220   .002936
   2340.00   .725673   .002909
   2345.00   .726009   .002957
   2350.00   .726484   .002987
   2355.00   .727001   .002909
   2360.00   .727666   .002980
   2365.00   .728057   .003271
   2370.00   .727891   .003063
   2375.00   .728544   .003050
   2380.00   .729076   .002951
   2385.00   .728792   .002953
   2390.00   .729168   .003002
   2395.00   .729764   .002927
   2400.00   .729794   .002908
   2405.00   .729983   .003227
   2410.00   .730153   .003163
   2415.00   .731329   .002895
   2420.00   .731205   .003120
   2425.00   .731182   .002801
   2430.00   .730976   .002868
   2435.00   .731636   .003000
   2440.00   .731814   .002947
   2445.00   .732116   .002872
   2450.00   .731444   .002850
   2455.00   .732693   .002826
   2460.00   .732503   .002953
   2465.00   .733165   .002677
   2470.00   .732600   .002875
   2475.00   .732806   .003000
   2480.00   .733431   .003000
   2485.00   .733602   .002919
   2490.00   .733995   .002991
   2495.00   .734766   .002731
   2500.00   .735296   .002806
   2505.00   .735581   .003008
   2510.00   .735659   .002933
   2515.00   .737481   .002814
   2520.00   .736238   .003019
   2525.00   .736682   .002769
   2530.00   .733731   .002800
   2535.00   .736845   .002854
   2540.00   .734909   .002725
   2545.00   .734589   .002950
   2550.00   .734831   .003275
   2555.00   .733677   .002993
   2560.00   .730966   .002681
   2565.00   .733795   .003510
   2570.00   .733146   .003100
   2575.00   .732035   .003925
   2580.00   .729871   .003156
   2585.00   .730549   .003722
   2590.00   .731354   .003139
   2595.00   .731678   .004150
   2600.00   .735389   .002968



 C1LR254.ASC             

 LR-CMP-254
 Lunar anorthosite 60055,27 <200 um
 No depolarizer was used over the wavelength ranges of 300-400 and 1800-2600 nm
 Albedo adjusted to the visible range
 Lunar anorthosite 60055,27 <200 um (estimate)
 No depolarizer was used over the range of 300-400 nm
 Albedo adjusted to the visible range
 RATIOS ADJUSTED USING NBS HALON CALIBRATION TABLE
 
 Source Ang: 30.00   Detect Ang:  0.00  Volt: 0.777
 Date: 02-JAN-18   Time: 11:45:34
