   461
    300.0   0.02933   0.00277
    305.0   0.03070   0.00099
    310.0   0.03035   0.00061
    315.0   0.03160   0.00134
    320.0   0.03245   0.00029
    325.0   0.03351   0.00100
    330.0   0.03399   0.00059
    335.0   0.03364   0.00026
    340.0   0.03386   0.00039
    345.0   0.03415   0.00109
    350.0   0.03405   0.00019
    355.0   0.03460   0.00007
    360.0   0.03516   0.00008
    365.0   0.03501   0.00040
    370.0   0.03539   0.00047
    375.0   0.03567   0.00032
    380.0   0.03581   0.00007
    385.0   0.03656   0.00056
    390.0   0.03641   0.00012
    395.0   0.03658   0.00002
    400.0   0.03702   0.00058
    405.0   0.03841   0.00008
    410.0   0.03822   0.00002
    415.0   0.03791   0.00007
    420.0   0.03846   0.00003
    425.0   0.03868   0.00078
    430.0   0.03900   0.00017
    435.0   0.03913   0.00025
    440.0   0.03890   0.00079
    445.0   0.03944   0.00068
    450.0   0.03979   0.00118
    455.0   0.03987   0.00109
    460.0   0.04056   0.00092
    465.0   0.04025   0.00008
    470.0   0.04024   0.00015
    475.0   0.04053   0.00022
    480.0   0.04049   0.00013
    485.0   0.04119   0.00094
    490.0   0.04149   0.00005
    495.0   0.04163   0.00000
    500.0   0.04159   0.00004
    505.0   0.04179   0.00050
    510.0   0.04214   0.00056
    515.0   0.04232   0.00046
    520.0   0.04229   0.00085
    525.0   0.04291   0.00025
    530.0   0.04283   0.00029
    535.0   0.04367   0.00036
    540.0   0.04400   0.00052
    545.0   0.04417   0.00004
    550.0   0.04437   0.00046
    555.0   0.04442   0.00028
    560.0   0.04451   0.00013
    565.0   0.04431   0.00048
    570.0   0.04449   0.00067
    575.0   0.04504   0.00007
    580.0   0.04535   0.00041
    585.0   0.04570   0.00087
    590.0   0.04567   0.00022
    595.0   0.04561   0.00010
    600.0   0.04558   0.00032
    605.0   0.04619   0.00015
    610.0   0.04659   0.00040
    615.0   0.04675   0.00050
    620.0   0.04672   0.00060
    625.0   0.04775   0.00038
    630.0   0.04722   0.00141
    635.0   0.04757   0.00047
    640.0   0.04799   0.00078
    645.0   0.04764   0.00101
    650.0   0.04816   0.00070
    655.0   0.04859   0.00068
    660.0   0.04836   0.00099
    665.0   0.04831   0.00081
    670.0   0.04895   0.00014
    675.0   0.04902   0.00053
    680.0   0.04925   0.00015
    685.0   0.04904   0.00056
    690.0   0.04959   0.00027
    695.0   0.04969   0.00072
    700.0   0.04973   0.00072
    705.0   0.04998   0.00088
    710.0   0.04993   0.00005
    715.0   0.05048   0.00074
    720.0   0.05094   0.00070
    725.0   0.05074   0.00097
    730.0   0.05063   0.00102
    735.0   0.05145   0.00130
    740.0   0.05212   0.00111
    745.0   0.05153   0.00173
    750.0   0.05168   0.00082
    755.0   0.05209   0.00118
    760.0   0.05194   0.00034
    765.0   0.05203   0.00095
    770.0   0.05242   0.00012
    775.0   0.05231   0.00047
    780.0   0.05290   0.00042
    785.0   0.05213   0.00093
    790.0   0.05265   0.00027
    795.0   0.05284   0.00112
    800.0   0.05286   0.00021
    805.0   0.05250   0.00083
    810.0   0.05236   0.00094
    815.0   0.05312   0.00138
    820.0   0.05240   0.00122
    825.0   0.05255   0.00093
    830.0   0.05240   0.00176
    835.0   0.05242   0.00094
    840.0   0.05221   0.00050
    845.0   0.05253   0.00086
    850.0   0.05225   0.00057
    855.0   0.05251   0.00097
    860.0   0.05211   0.00045
    865.0   0.05200   0.00108
    870.0   0.05214   0.00062
    875.0   0.05145   0.00072
    880.0   0.05178   0.00027
    885.0   0.05154   0.00080
    890.0   0.05116   0.00006
    895.0   0.05104   0.00093
    900.0   0.05120   0.00076
    905.0   0.05098   0.00056
    910.0   0.05036   0.00136
    915.0   0.05009   0.00193
    920.0   0.04957   0.00179
    925.0   0.04978   0.00166
    930.0   0.05021   0.00093
    935.0   0.04937   0.00123
    940.0   0.04972   0.00050
    945.0   0.04963   0.00049
    950.0   0.04938   0.00024
    955.0   0.04943   0.00014
    960.0   0.04937   0.00003
    965.0   0.04885   0.00039
    970.0   0.04917   0.00021
    975.0   0.04891   0.00031
    980.0   0.04944   0.00075
    985.0   0.04894   0.00020
    990.0   0.04926   0.00061
    995.0   0.04893   0.00015
   1000.0   0.04942   0.00038
   1005.0   0.04946   0.00031
   1010.0   0.04953   0.00043
   1015.0   0.04939   0.00098
   1020.0   0.05006   0.00071
   1025.0   0.04965   0.00023
   1030.0   0.05015   0.00042
   1035.0   0.05033   0.00079
   1040.0   0.05000   0.00000
   1045.0   0.05049   0.00034
   1050.0   0.05128   0.00025
   1055.0   0.05129   0.00034
   1060.0   0.05191   0.00014
   1065.0   0.05182   0.00030
   1070.0   0.05201   0.00038
   1075.0   0.05158   0.00004
   1080.0   0.05253   0.00004
   1085.0   0.05301   0.00044
   1090.0   0.05312   0.00004
   1095.0   0.05331   0.00050
   1100.0   0.05350   0.00023
   1105.0   0.05379   0.00035
   1110.0   0.05467   0.00008
   1115.0   0.05422   0.00037
   1120.0   0.05497   0.00035
   1125.0   0.05548   0.00006
   1130.0   0.05598   0.00084
   1135.0   0.05604   0.00030
   1140.0   0.05637   0.00005
   1145.0   0.05705   0.00032
   1150.0   0.05746   0.00023
   1155.0   0.05781   0.00046
   1160.0   0.05807   0.00002
   1165.0   0.05810   0.00021
   1170.0   0.05860   0.00031
   1175.0   0.05814   0.00040
   1180.0   0.05876   0.00018
   1185.0   0.05905   0.00015
   1190.0   0.05933   0.00100
   1195.0   0.05970   0.00086
   1200.0   0.05990   0.00024
   1205.0   0.05968   0.00033
   1210.0   0.06006   0.00085
   1215.0   0.06049   0.00057
   1220.0   0.06051   0.00041
   1225.0   0.06059   0.00012
   1230.0   0.06093   0.00061
   1235.0   0.06070   0.00004
   1240.0   0.06113   0.00073
   1245.0   0.06143   0.00042
   1250.0   0.06127   0.00033
   1255.0   0.06135   0.00001
   1260.0   0.06153   0.00094
   1265.0   0.06209   0.00015
   1270.0   0.06173   0.00010
   1275.0   0.06199   0.00035
   1280.0   0.06229   0.00063
   1285.0   0.06256   0.00035
   1290.0   0.06303   0.00035
   1295.0   0.06320   0.00029
   1300.0   0.06319   0.00027
   1305.0   0.06346   0.00044
   1310.0   0.06418   0.00013
   1315.0   0.06400   0.00007
   1320.0   0.06442   0.00029
   1325.0   0.06461   0.00046
   1330.0   0.06445   0.00054
   1335.0   0.06465   0.00111
   1340.0   0.06489   0.00016
   1345.0   0.06535   0.00064
   1350.0   0.06574   0.00102
   1355.0   0.06516   0.00022
   1360.0   0.06517   0.00032
   1365.0   0.06621   0.00018
   1370.0   0.06608   0.00060
   1375.0   0.06618   0.00022
   1380.0   0.06640   0.00072
   1385.0   0.06769   0.00002
   1390.0   0.06783   0.00009
   1395.0   0.06683   0.00122
   1400.0   0.06728   0.00018
   1405.0   0.06753   0.00100
   1410.0   0.06800   0.00074
   1415.0   0.06761   0.00024
   1420.0   0.06776   0.00053
   1425.0   0.06796   0.00113
   1430.0   0.06831   0.00041
   1435.0   0.06826   0.00139
   1440.0   0.06962   0.00030
   1445.0   0.06876   0.00135
   1450.0   0.06928   0.00016
   1455.0   0.06968   0.00020
   1460.0   0.06984   0.00039
   1465.0   0.07016   0.00003
   1470.0   0.07037   0.00030
   1475.0   0.06997   0.00015
   1480.0   0.07070   0.00006
   1485.0   0.07043   0.00020
   1490.0   0.06994   0.00022
   1495.0   0.07022   0.00024
   1500.0   0.07097   0.00003
   1505.0   0.07134   0.00009
   1510.0   0.07182   0.00015
   1515.0   0.07184   0.00004
   1520.0   0.07157   0.00047
   1525.0   0.07216   0.00004
   1530.0   0.07150   0.00049
   1535.0   0.07232   0.00060
   1540.0   0.07293   0.00067
   1545.0   0.07308   0.00029
   1550.0   0.07229   0.00040
   1555.0   0.07301   0.00001
   1560.0   0.07335   0.00027
   1565.0   0.07302   0.00017
   1570.0   0.07385   0.00040
   1575.0   0.07370   0.00005
   1580.0   0.07389   0.00023
   1585.0   0.07358   0.00075
   1590.0   0.07425   0.00095
   1595.0   0.07446   0.00039
   1600.0   0.07441   0.00064
   1605.0   0.07428   0.00012
   1610.0   0.07459   0.00073
   1615.0   0.07409   0.00003
   1620.0   0.07451   0.00097
   1625.0   0.07495   0.00005
   1630.0   0.07513   0.00064
   1635.0   0.07524   0.00017
   1640.0   0.07542   0.00008
   1645.0   0.07582   0.00042
   1650.0   0.07588   0.00021
   1655.0   0.07563   0.00087
   1660.0   0.07640   0.00008
   1665.0   0.07660   0.00043
   1670.0   0.07739   0.00029
   1675.0   0.07644   0.00033
   1680.0   0.07678   0.00007
   1685.0   0.07741   0.00006
   1690.0   0.07683   0.00079
   1695.0   0.07712   0.00031
   1700.0   0.07785   0.00040
   1705.0   0.07729   0.00040
   1710.0   0.07784   0.00045
   1715.0   0.07744   0.00068
   1720.0   0.07736   0.00067
   1725.0   0.07739   0.00079
   1730.0   0.07803   0.00067
   1735.0   0.07760   0.00052
   1740.0   0.07806   0.00055
   1745.0   0.07804   0.00083
   1750.0   0.07866   0.00055
   1755.0   0.07824   0.00075
   1760.0   0.07853   0.00050
   1765.0   0.07807   0.00136
   1770.0   0.07812   0.00078
   1775.0   0.07827   0.00104
   1780.0   0.07851   0.00095
   1785.0   0.07834   0.00043
   1790.0   0.07868   0.00097
   1795.0   0.07776   0.00088
   1800.0   0.07925   0.00169
   1805.0   0.07904   0.00096
   1810.0   0.07835   0.00084
   1815.0   0.07891   0.00150
   1820.0   0.07943   0.00186
   1825.0   0.07868   0.00107
   1830.0   0.07925   0.00084
   1835.0   0.07919   0.00123
   1840.0   0.07924   0.00175
   1845.0   0.07987   0.00080
   1850.0   0.08019   0.00140
   1855.0   0.08052   0.00082
   1860.0   0.08051   0.00102
   1865.0   0.08081   0.00105
   1870.0   0.08124   0.00092
   1875.0   0.08135   0.00111
   1880.0   0.08147   0.00192
   1885.0   0.08173   0.00083
   1890.0   0.08160   0.00124
   1895.0   0.08136   0.00102
   1900.0   0.08148   0.00110
   1905.0   0.08146   0.00106
   1910.0   0.08155   0.00098
   1915.0   0.08195   0.00022
   1920.0   0.08230   0.00088
   1925.0   0.08295   0.00076
   1930.0   0.08311   0.00051
   1935.0   0.08278   0.00034
   1940.0   0.08317   0.00061
   1945.0   0.08357   0.00031
   1950.0   0.08303   0.00078
   1955.0   0.08287   0.00044
   1960.0   0.08378   0.00115
   1965.0   0.08334   0.00057
   1970.0   0.08347   0.00079
   1975.0   0.08370   0.00079
   1980.0   0.08369   0.00109
   1985.0   0.08367   0.00091
   1990.0   0.08398   0.00086
   1995.0   0.08405   0.00080
   2000.0   0.08474   0.00135
   2005.0   0.08425   0.00077
   2010.0   0.08494   0.00070
   2015.0   0.08499   0.00104
   2020.0   0.08541   0.00034
   2025.0   0.08492   0.00046
   2030.0   0.08541   0.00067
   2035.0   0.08479   0.00108
   2040.0   0.08528   0.00143
   2045.0   0.08524   0.00057
   2050.0   0.08493   0.00019
   2055.0   0.08478   0.00045
   2060.0   0.08524   0.00055
   2065.0   0.08544   0.00058
   2070.0   0.08551   0.00044
   2075.0   0.08539   0.00055
   2080.0   0.08614   0.00013
   2085.0   0.08546   0.00062
   2090.0   0.08594   0.00061
   2095.0   0.08641   0.00051
   2100.0   0.08691   0.00096
   2105.0   0.08683   0.00027
   2110.0   0.08667   0.00056
   2115.0   0.08729   0.00056
   2120.0   0.08717   0.00102
   2125.0   0.08777   0.00071
   2130.0   0.08736   0.00063
   2135.0   0.08781   0.00028
   2140.0   0.08777   0.00031
   2145.0   0.08783   0.00033
   2150.0   0.08852   0.00045
   2155.0   0.08820   0.00067
   2160.0   0.08828   0.00046
   2165.0   0.08850   0.00081
   2170.0   0.08832   0.00034
   2175.0   0.08800   0.00038
   2180.0   0.08906   0.00065
   2185.0   0.08919   0.00093
   2190.0   0.08939   0.00107
   2195.0   0.08939   0.00061
   2200.0   0.08935   0.00045
   2205.0   0.08972   0.00042
   2210.0   0.08970   0.00064
   2215.0   0.08903   0.00061
   2220.0   0.09009   0.00057
   2225.0   0.08921   0.00063
   2230.0   0.08978   0.00020
   2235.0   0.09027   0.00044
   2240.0   0.09019   0.00012
   2245.0   0.09035   0.00070
   2250.0   0.09084   0.00088
   2255.0   0.09017   0.00072
   2260.0   0.09148   0.00141
   2265.0   0.09113   0.00061
   2270.0   0.09186   0.00061
   2275.0   0.09197   0.00060
   2280.0   0.09154   0.00021
   2285.0   0.09254   0.00038
   2290.0   0.09215   0.00041
   2295.0   0.09319   0.00069
   2300.0   0.09290   0.00070
   2305.0   0.09249   0.00073
   2310.0   0.09395   0.00102
   2315.0   0.09354   0.00057
   2320.0   0.09373   0.00064
   2325.0   0.09422   0.00059
   2330.0   0.09440   0.00080
   2335.0   0.09441   0.00015
   2340.0   0.09401   0.00063
   2345.0   0.09459   0.00042
   2350.0   0.09497   0.00061
   2355.0   0.09510   0.00019
   2360.0   0.09511   0.00032
   2365.0   0.09428   0.00032
   2370.0   0.09510   0.00009
   2375.0   0.09447   0.00072
   2380.0   0.09547   0.00045
   2385.0   0.09589   0.00019
   2390.0   0.09650   0.00109
   2395.0   0.09623   0.00023
   2400.0   0.09745   0.00087
   2405.0   0.09682   0.00086
   2410.0   0.09710   0.00026
   2415.0   0.09684   0.00049
   2420.0   0.09690   0.00007
   2425.0   0.09765   0.00077
   2430.0   0.09865   0.00149
   2435.0   0.09857   0.00047
   2440.0   0.09846   0.00147
   2445.0   0.09882   0.00027
   2450.0   0.09938   0.00050
   2455.0   0.09897   0.00142
   2460.0   0.09957   0.00108
   2465.0   0.09945   0.00094
   2470.0   0.10003   0.00046
   2475.0   0.10003   0.00032
   2480.0   0.10104   0.00071
   2485.0   0.10105   0.00042
   2490.0   0.10153   0.00102
   2495.0   0.10144   0.00090
   2500.0   0.10124   0.00068
   2505.0   0.10168   0.00070
   2510.0   0.10214   0.00051
   2515.0   0.10244   0.00030
   2520.0   0.10276   0.00050
   2525.0   0.10278   0.00006
   2530.0   0.10317   0.00020
   2535.0   0.10342   0.00009
   2540.0   0.10372   0.00053
   2545.0   0.10386   0.00087
   2550.0   0.10434   0.00031
   2555.0   0.10399   0.00082
   2560.0   0.10453   0.00137
   2565.0   0.10474   0.00255
   2570.0   0.10523   0.00158
   2575.0   0.10531   0.00050
   2580.0   0.10596   0.00119
   2585.0   0.10632   0.00055
   2590.0   0.10621   0.00032
   2595.0   0.10818   0.00130
   2600.0   0.10460   0.00088



 C1LR34      .ASC                        

 LR-CMP-034                                                              
 10068,140 45-90 um                                                      
 RATIOS ADJUSTED USING NBS HALON CALIBRATION TABLE                       

 Source Ang: 30.00   Detect Ang:  0.00  Volt: 0.777
 Date: 12-NOV-98   Time: 13:06:21
