   461
    300.0   0.03735   0.00571
    305.0   0.04214   0.00113
    310.0   0.04162   0.00208
    315.0   0.04405   0.00242
    320.0   0.04368   0.00016
    325.0   0.04502   0.00007
    330.0   0.04542   0.00057
    335.0   0.04530   0.00082
    340.0   0.04609   0.00023
    345.0   0.04651   0.00007
    350.0   0.04710   0.00039
    355.0   0.04828   0.00004
    360.0   0.04817   0.00046
    365.0   0.04897   0.00021
    370.0   0.04960   0.00047
    375.0   0.05023   0.00025
    380.0   0.05079   0.00056
    385.0   0.05131   0.00042
    390.0   0.05179   0.00032
    395.0   0.05232   0.00054
    400.0   0.05327   0.00043
    405.0   0.05371   0.00031
    410.0   0.05343   0.00046
    415.0   0.05466   0.00017
    420.0   0.05413   0.00025
    425.0   0.05445   0.00034
    430.0   0.05480   0.00021
    435.0   0.05526   0.00027
    440.0   0.05555   0.00036
    445.0   0.05583   0.00037
    450.0   0.05602   0.00024
    455.0   0.05639   0.00017
    460.0   0.05666   0.00034
    465.0   0.05687   0.00025
    470.0   0.05722   0.00022
    475.0   0.05750   0.00028
    480.0   0.05766   0.00030
    485.0   0.05813   0.00025
    490.0   0.05884   0.00038
    495.0   0.05904   0.00044
    500.0   0.05922   0.00046
    505.0   0.05940   0.00048
    510.0   0.05981   0.00045
    515.0   0.06034   0.00035
    520.0   0.06138   0.00028
    525.0   0.06171   0.00042
    530.0   0.06204   0.00038
    535.0   0.06245   0.00038
    540.0   0.06270   0.00055
    545.0   0.06295   0.00048
    550.0   0.06334   0.00039
    555.0   0.06375   0.00047
    560.0   0.06395   0.00046
    565.0   0.06441   0.00040
    570.0   0.06474   0.00043
    575.0   0.06495   0.00040
    580.0   0.06517   0.00050
    585.0   0.06550   0.00042
    590.0   0.06575   0.00046
    595.0   0.06595   0.00044
    600.0   0.06619   0.00058
    605.0   0.06651   0.00047
    610.0   0.06685   0.00051
    615.0   0.06719   0.00053
    620.0   0.06737   0.00045
    625.0   0.06780   0.00047
    630.0   0.06802   0.00067
    635.0   0.06827   0.00041
    640.0   0.06869   0.00053
    645.0   0.06881   0.00071
    650.0   0.06896   0.00052
    655.0   0.06920   0.00059
    660.0   0.06941   0.00075
    665.0   0.06960   0.00056
    670.0   0.06980   0.00046
    675.0   0.06996   0.00060
    680.0   0.07030   0.00041
    685.0   0.07047   0.00056
    690.0   0.07065   0.00050
    695.0   0.07106   0.00059
    700.0   0.07135   0.00060
    705.0   0.07163   0.00060
    710.0   0.07173   0.00047
    715.0   0.07217   0.00046
    720.0   0.07238   0.00057
    725.0   0.07265   0.00065
    730.0   0.07290   0.00076
    735.0   0.07289   0.00050
    740.0   0.07313   0.00049
    745.0   0.07334   0.00073
    750.0   0.07364   0.00067
    755.0   0.07386   0.00070
    760.0   0.07416   0.00067
    765.0   0.07443   0.00067
    770.0   0.07442   0.00060
    775.0   0.07432   0.00061
    780.0   0.07414   0.00066
    785.0   0.07416   0.00078
    790.0   0.07474   0.00055
    795.0   0.07371   0.00066
    800.0   0.07319   0.00040
    805.0   0.07367   0.00141
    810.0   0.07360   0.00047
    815.0   0.07258   0.00048
    820.0   0.07247   0.00108
    825.0   0.07195   0.00027
    830.0   0.07199   0.00019
    835.0   0.07142   0.00034
    840.0   0.07131   0.00095
    845.0   0.07136   0.00078
    850.0   0.07051   0.00064
    855.0   0.07043   0.00016
    860.0   0.06963   0.00057
    865.0   0.06987   0.00022
    870.0   0.06854   0.00019
    875.0   0.06857   0.00127
    880.0   0.06891   0.00137
    885.0   0.06843   0.00153
    890.0   0.06768   0.00132
    895.0   0.06708   0.00052
    900.0   0.06682   0.00202
    905.0   0.06737   0.00170
    910.0   0.06711   0.00123
    915.0   0.06714   0.00021
    920.0   0.06610   0.00198
    925.0   0.06617   0.00127
    930.0   0.06599   0.00078
    935.0   0.06576   0.00187
    940.0   0.06538   0.00101
    945.0   0.06522   0.00176
    950.0   0.06523   0.00141
    955.0   0.06484   0.00182
    960.0   0.06503   0.00128
    965.0   0.06520   0.00147
    970.0   0.06494   0.00099
    975.0   0.06470   0.00176
    980.0   0.06552   0.00115
    985.0   0.06552   0.00085
    990.0   0.06523   0.00097
    995.0   0.06533   0.00145
   1000.0   0.06540   0.00120
   1005.0   0.06550   0.00137
   1010.0   0.06549   0.00133
   1015.0   0.06570   0.00127
   1020.0   0.06569   0.00110
   1025.0   0.06599   0.00094
   1030.0   0.06620   0.00116
   1035.0   0.06618   0.00177
   1040.0   0.06656   0.00145
   1045.0   0.06679   0.00136
   1050.0   0.06712   0.00135
   1055.0   0.06703   0.00143
   1060.0   0.06745   0.00103
   1065.0   0.06748   0.00104
   1070.0   0.06794   0.00114
   1075.0   0.06792   0.00107
   1080.0   0.06860   0.00104
   1085.0   0.06880   0.00098
   1090.0   0.06921   0.00108
   1095.0   0.06951   0.00128
   1100.0   0.06979   0.00124
   1105.0   0.07038   0.00126
   1110.0   0.07071   0.00145
   1115.0   0.07100   0.00126
   1120.0   0.07142   0.00122
   1125.0   0.07186   0.00134
   1130.0   0.07182   0.00131
   1135.0   0.07273   0.00126
   1140.0   0.07268   0.00149
   1145.0   0.07312   0.00140
   1150.0   0.07339   0.00124
   1155.0   0.07393   0.00128
   1160.0   0.07417   0.00162
   1165.0   0.07454   0.00126
   1170.0   0.07478   0.00146
   1175.0   0.07471   0.00124
   1180.0   0.07486   0.00138
   1185.0   0.07532   0.00144
   1190.0   0.07547   0.00127
   1195.0   0.07551   0.00146
   1200.0   0.07617   0.00118
   1205.0   0.07652   0.00155
   1210.0   0.07644   0.00208
   1215.0   0.07679   0.00169
   1220.0   0.07666   0.00183
   1225.0   0.07703   0.00180
   1230.0   0.07670   0.00201
   1235.0   0.07685   0.00192
   1240.0   0.07715   0.00138
   1245.0   0.07746   0.00144
   1250.0   0.07733   0.00164
   1255.0   0.07753   0.00170
   1260.0   0.07763   0.00170
   1265.0   0.07761   0.00164
   1270.0   0.07799   0.00165
   1275.0   0.07819   0.00162
   1280.0   0.07819   0.00137
   1285.0   0.07825   0.00165
   1290.0   0.07866   0.00191
   1295.0   0.07858   0.00178
   1300.0   0.07886   0.00163
   1305.0   0.07894   0.00174
   1310.0   0.07920   0.00161
   1315.0   0.07936   0.00187
   1320.0   0.07935   0.00158
   1325.0   0.07970   0.00187
   1330.0   0.07988   0.00173
   1335.0   0.07992   0.00167
   1340.0   0.08028   0.00182
   1345.0   0.08019   0.00160
   1350.0   0.08035   0.00208
   1355.0   0.08045   0.00170
   1360.0   0.08039   0.00175
   1365.0   0.08067   0.00221
   1370.0   0.08085   0.00149
   1375.0   0.08113   0.00173
   1380.0   0.08097   0.00181
   1385.0   0.08160   0.00186
   1390.0   0.08196   0.00189
   1395.0   0.08173   0.00208
   1400.0   0.08280   0.00168
   1405.0   0.08274   0.00163
   1410.0   0.08303   0.00185
   1415.0   0.08295   0.00198
   1420.0   0.08355   0.00187
   1425.0   0.08351   0.00188
   1430.0   0.08358   0.00204
   1435.0   0.08398   0.00196
   1440.0   0.08384   0.00151
   1445.0   0.08404   0.00211
   1450.0   0.08406   0.00212
   1455.0   0.08426   0.00173
   1460.0   0.08473   0.00216
   1465.0   0.08471   0.00179
   1470.0   0.08465   0.00182
   1475.0   0.08459   0.00178
   1480.0   0.08489   0.00216
   1485.0   0.08488   0.00187
   1490.0   0.08462   0.00155
   1495.0   0.08487   0.00188
   1500.0   0.08519   0.00170
   1505.0   0.08535   0.00188
   1510.0   0.08521   0.00208
   1515.0   0.08517   0.00195
   1520.0   0.08536   0.00224
   1525.0   0.08539   0.00196
   1530.0   0.08539   0.00195
   1535.0   0.08551   0.00213
   1540.0   0.08543   0.00208
   1545.0   0.08562   0.00222
   1550.0   0.08567   0.00206
   1555.0   0.08562   0.00176
   1560.0   0.08571   0.00252
   1565.0   0.08566   0.00181
   1570.0   0.08560   0.00194
   1575.0   0.08568   0.00208
   1580.0   0.08585   0.00175
   1585.0   0.08582   0.00169
   1590.0   0.08570   0.00195
   1595.0   0.08562   0.00211
   1600.0   0.08553   0.00228
   1605.0   0.08575   0.00221
   1610.0   0.08575   0.00236
   1615.0   0.08606   0.00258
   1620.0   0.08593   0.00220
   1625.0   0.08595   0.00218
   1630.0   0.08588   0.00202
   1635.0   0.08541   0.00231
   1640.0   0.08574   0.00234
   1645.0   0.08570   0.00214
   1650.0   0.08535   0.00187
   1655.0   0.08549   0.00207
   1660.0   0.08499   0.00202
   1665.0   0.08561   0.00258
   1670.0   0.08502   0.00197
   1675.0   0.08466   0.00192
   1680.0   0.08481   0.00207
   1685.0   0.08497   0.00201
   1690.0   0.08466   0.00205
   1695.0   0.08520   0.00191
   1700.0   0.08495   0.00072
   1705.0   0.08449   0.00110
   1710.0   0.08460   0.00102
   1715.0   0.08463   0.00118
   1720.0   0.08431   0.00107
   1725.0   0.08433   0.00146
   1730.0   0.08463   0.00097
   1735.0   0.08426   0.00157
   1740.0   0.08421   0.00074
   1745.0   0.08430   0.00108
   1750.0   0.08419   0.00123
   1755.0   0.08419   0.00007
   1760.0   0.08424   0.00026
   1765.0   0.08426   0.00022
   1770.0   0.08406   0.00010
   1775.0   0.08422   0.00027
   1780.0   0.08390   0.00035
   1785.0   0.08389   0.00019
   1790.0   0.08408   0.00003
   1795.0   0.08424   0.00011
   1800.0   0.08435   0.00005
   1805.0   0.08408   0.00008
   1810.0   0.08425   0.00024
   1815.0   0.08381   0.00007
   1820.0   0.08391   0.00009
   1825.0   0.08396   0.00013
   1830.0   0.08407   0.00002
   1835.0   0.08435   0.00004
   1840.0   0.08419   0.00001
   1845.0   0.08416   0.00012
   1850.0   0.08425   0.00021
   1855.0   0.08420   0.00002
   1860.0   0.08415   0.00010
   1865.0   0.08425   0.00017
   1870.0   0.08396   0.00005
   1875.0   0.08426   0.00021
   1880.0   0.08431   0.00006
   1885.0   0.08438   0.00010
   1890.0   0.08438   0.00020
   1895.0   0.08434   0.00001
   1900.0   0.08434   0.00032
   1905.0   0.08428   0.00013
   1910.0   0.08428   0.00007
   1915.0   0.08447   0.00008
   1920.0   0.08441   0.00003
   1925.0   0.08427   0.00022
   1930.0   0.08460   0.00001
   1935.0   0.08454   0.00005
   1940.0   0.08459   0.00014
   1945.0   0.08469   0.00008
   1950.0   0.08488   0.00008
   1955.0   0.08484   0.00007
   1960.0   0.08505   0.00008
   1965.0   0.08483   0.00028
   1970.0   0.08508   0.00026
   1975.0   0.08508   0.00027
   1980.0   0.08526   0.00020
   1985.0   0.08512   0.00034
   1990.0   0.08504   0.00016
   1995.0   0.08515   0.00001
   2000.0   0.08516   0.00025
   2005.0   0.08532   0.00018
   2010.0   0.08514   0.00038
   2015.0   0.08544   0.00015
   2020.0   0.08533   0.00021
   2025.0   0.08533   0.00025
   2030.0   0.08523   0.00013
   2035.0   0.08548   0.00011
   2040.0   0.08551   0.00010
   2045.0   0.08544   0.00012
   2050.0   0.08537   0.00006
   2055.0   0.08600   0.00029
   2060.0   0.08599   0.00012
   2065.0   0.08573   0.00044
   2070.0   0.08598   0.00018
   2075.0   0.08587   0.00002
   2080.0   0.08591   0.00033
   2085.0   0.08622   0.00031
   2090.0   0.08624   0.00064
   2095.0   0.08624   0.00006
   2100.0   0.08626   0.00007
   2105.0   0.08628   0.00049
   2110.0   0.08627   0.00042
   2115.0   0.08656   0.00046
   2120.0   0.08627   0.00017
   2125.0   0.08656   0.00010
   2130.0   0.08691   0.00037
   2135.0   0.08675   0.00025
   2140.0   0.08644   0.00016
   2145.0   0.08655   0.00000
   2150.0   0.08662   0.00027
   2155.0   0.08659   0.00021
   2160.0   0.08670   0.00012
   2165.0   0.08694   0.00054
   2170.0   0.08719   0.00009
   2175.0   0.08718   0.00037
   2180.0   0.08720   0.00016
   2185.0   0.08721   0.00051
   2190.0   0.08731   0.00011
   2195.0   0.08732   0.00015
   2200.0   0.08757   0.00007
   2205.0   0.08772   0.00004
   2210.0   0.08755   0.00001
   2215.0   0.08769   0.00033
   2220.0   0.08768   0.00039
   2225.0   0.08784   0.00006
   2230.0   0.08815   0.00037
   2235.0   0.08776   0.00019
   2240.0   0.08823   0.00018
   2245.0   0.08833   0.00048
   2250.0   0.08840   0.00019
   2255.0   0.08851   0.00005
   2260.0   0.08843   0.00011
   2265.0   0.08842   0.00037
   2270.0   0.08870   0.00026
   2275.0   0.08900   0.00014
   2280.0   0.08912   0.00030
   2285.0   0.08934   0.00006
   2290.0   0.08934   0.00001
   2295.0   0.08963   0.00015
   2300.0   0.08982   0.00011
   2305.0   0.08967   0.00040
   2310.0   0.08977   0.00031
   2315.0   0.09033   0.00044
   2320.0   0.09044   0.00004
   2325.0   0.09024   0.00002
   2330.0   0.09047   0.00034
   2335.0   0.09030   0.00004
   2340.0   0.09047   0.00034
   2345.0   0.09068   0.00040
   2350.0   0.09095   0.00019
   2355.0   0.09095   0.00015
   2360.0   0.09100   0.00008
   2365.0   0.09128   0.00013
   2370.0   0.09131   0.00019
   2375.0   0.09155   0.00016
   2380.0   0.09168   0.00024
   2385.0   0.09186   0.00001
   2390.0   0.09204   0.00006
   2395.0   0.09229   0.00019
   2400.0   0.09255   0.00023
   2405.0   0.09279   0.00003
   2410.0   0.09297   0.00002
   2415.0   0.09311   0.00038
   2420.0   0.09323   0.00030
   2425.0   0.09370   0.00030
   2430.0   0.09386   0.00012
   2435.0   0.09437   0.00001
   2440.0   0.09440   0.00001
   2445.0   0.09442   0.00003
   2450.0   0.09443   0.00025
   2455.0   0.09481   0.00003
   2460.0   0.09517   0.00006
   2465.0   0.09509   0.00035
   2470.0   0.09547   0.00001
   2475.0   0.09592   0.00036
   2480.0   0.09616   0.00012
   2485.0   0.09625   0.00010
   2490.0   0.09639   0.00000
   2495.0   0.09682   0.00005
   2500.0   0.09723   0.00008
   2505.0   0.09754   0.00019
   2510.0   0.09783   0.00008
   2515.0   0.09796   0.00002
   2520.0   0.09838   0.00023
   2525.0   0.09871   0.00024
   2530.0   0.09870   0.00016
   2535.0   0.09933   0.00001
   2540.0   0.09948   0.00028
   2545.0   0.09984   0.00016
   2550.0   0.09984   0.00007
   2555.0   0.10069   0.00030
   2560.0   0.10078   0.00037
   2565.0   0.10104   0.00023
   2570.0   0.10156   0.00006
   2575.0   0.10207   0.00001
   2580.0   0.10184   0.00013
   2585.0   0.10157   0.00020
   2590.0   0.10244   0.00071
   2595.0   0.10222   0.00023
   2600.0   0.10302   0.00001



 C1LS48      .ASC                        

 LS-CMP-048                                                              
 LOW AGLUTINATE SEPARATE 250-500 FROM 10084,1779                         
 RATIOS ADJUSTED USING NBS HALON CALIBRATION TABLE                       

 Source Ang: 30.00   Detect Ang:  0.00  Volt: 0.777
 Date: 19-DEC-91   Time: 14:18:58
