       224
    320.00   .232935   .003213
    330.00   .241214   .002496
    340.00   .251107   .002411
    350.00   .259421   .002064
    360.00   .266210   .001709
    370.00   .275108   .001989
    380.00   .281957   .001763
    390.00   .288509   .001776
    400.00   .294825   .002031
    410.00   .300859   .001772
    420.00   .307204   .002332
    430.00   .311232   .002013
    440.00   .315687   .001908
    450.00   .318030   .002108
    460.00   .321026   .001958
    470.00   .324045   .001751
    480.00   .327343   .001716
    490.00   .330639   .001693
    500.00   .333500   .001927
    510.00   .336661   .001841
    520.00   .340164   .001826
    530.00   .342975   .001785
    540.00   .345480   .001732
    550.00   .347951   .001717
    560.00   .350328   .001731
    570.00   .352741   .001691
    580.00   .355063   .001739
    590.00   .357291   .001681
    600.00   .359343   .001687
    610.00   .361549   .001667
    620.00   .363741   .001785
    630.00   .365637   .001801
    640.00   .367888   .001675
    650.00   .369904   .001792
    660.00   .372258   .001772
    670.00   .374135   .001824
    680.00   .375859   .001781
    690.00   .378012   .001732
    700.00   .380449   .001770
    710.00   .382716   .001849
    720.00   .384981   .001772
    730.00   .387296   .001872
    740.00   .389413   .002035
    750.00   .391384   .002143
    760.00   .393031   .002249
    770.00   .394435   .001677
    780.00   .395579   .001854
    790.00   .396694   .001935
    800.00   .396703   .002029
    810.00   .397154   .002169
    820.00   .396520   .002289
    830.00   .396371   .002317
    840.00   .395085   .002292
    850.00   .393775   .002350
    860.00   .392549   .004320
    870.00   .390922   .003922
    880.00   .388804   .003442
    890.00   .386134   .004248
    900.00   .384509   .003968
    910.00   .383534   .003519
    920.00   .382512   .003486
    930.00   .381682   .003156
    940.00   .381658   .003055
    950.00   .381637   .002954
    960.00   .382751   .003004
    970.00   .383795   .002581
    980.00   .384352   .002581
    990.00   .385700   .002056
   1000.00   .387382   .002242
   1010.00   .388120   .002230
   1020.00   .389665   .002126
   1030.00   .390643   .001979
   1040.00   .392233   .001919
   1050.00   .393959   .002349
   1060.00   .394951   .002480
   1070.00   .395599   .002226
   1080.00   .397590   .002110
   1090.00   .398940   .002222
   1100.00   .399960   .002274
   1110.00   .401049   .002261
   1120.00   .402348   .002112
   1130.00   .403491   .002080
   1140.00   .403855   .001952
   1150.00   .404241   .001880
   1160.00   .405419   .002241
   1170.00   .405534   .002298
   1180.00   .406217   .002318
   1190.00   .406017   .001950
   1200.00   .406480   .002144
   1210.00   .406897   .002002
   1220.00   .407770   .002089
   1230.00   .407997   .002026
   1240.00   .408747   .002074
   1250.00   .409150   .001951
   1260.00   .409475   .002177
   1270.00   .410151   .002042
   1280.00   .411514   .001910
   1290.00   .412607   .001933
   1300.00   .413997   .002097
   1310.00   .415242   .002176
   1320.00   .416880   .002133
   1330.00   .418311   .002355
   1340.00   .419760   .002180
   1350.00   .421330   .002065
   1360.00   .422521   .002270
   1370.00   .424627   .002173
   1380.00   .425823   .002255
   1390.00   .428788   .002072
   1400.00   .430866   .002197
   1410.00   .432803   .001972
   1420.00   .434623   .002175
   1430.00   .436531   .002389
   1440.00   .438494   .002156
   1450.00   .440627   .002267
   1460.00   .442208   .002101
   1470.00   .443955   .002177
   1480.00   .445802   .002094
   1490.00   .447512   .001991
   1500.00   .449166   .002206
   1510.00   .450493   .002072
   1520.00   .451981   .002155
   1530.00   .453499   .002234
   1540.00   .454649   .002048
   1550.00   .455499   .002200
   1560.00   .456982   .002041
   1570.00   .458032   .002066
   1580.00   .459004   .002196
   1590.00   .459486   .002027
   1600.00   .460750   .002251
   1610.00   .460902   .002348
   1620.00   .461669   .002184
   1630.00   .461887   .001862
   1640.00   .462731   .001748
   1650.00   .463356   .002221
   1660.00   .464650   .002085
   1670.00   .465229   .002010
   1680.00   .465856   .002163
   1690.00   .466515   .002058
   1700.00   .466742   .002191
   1710.00   .467138   .002057
   1720.00   .467472   .001822
   1730.00   .467543   .002019
   1740.00   .467395   .001922
   1750.00   .467450   .002021
   1760.00   .467771   .001939
   1770.00   .467454   .001917
   1780.00   .467721   .001964
   1790.00   .467384   .002116
   1800.00   .467630   .001805
   1810.00   .467345   .001700
   1820.00   .467087   .001577
   1830.00   .467876   .001753
   1840.00   .468154   .001898
   1850.00   .468421   .001965
   1860.00   .467982   .001979
   1870.00   .467638   .001985
   1880.00   .467143   .001984
   1890.00   .466838   .001985
   1900.00   .466911   .001934
   1910.00   .467052   .001994
   1920.00   .466947   .001787
   1930.00   .467589   .001855
   1940.00   .467715   .001922
   1950.00   .467744   .001917
   1960.00   .469003   .001890
   1970.00   .469146   .002067
   1980.00   .470057   .001838
   1990.00   .471337   .001875
   2000.00   .471123   .001779
   2010.00   .471910   .001967
   2020.00   .472865   .001515
   2030.00   .473449   .001566
   2040.00   .474301   .001514
   2050.00   .474940   .001696
   2060.00   .475048   .001690
   2070.00   .475814   .001720
   2080.00   .476664   .001826
   2090.00   .477153   .001830
   2100.00   .477570   .001836
   2110.00   .478620   .001717
   2120.00   .479354   .001902
   2130.00   .480693   .001846
   2140.00   .481920   .001946
   2150.00   .482817   .001877
   2160.00   .483605   .001819
   2170.00   .484608   .001873
   2180.00   .485623   .002035
   2190.00   .486490   .001938
   2200.00   .487176   .002309
   2210.00   .487614   .001996
   2220.00   .489182   .001738
   2230.00   .489033   .002027
   2240.00   .491101   .001971
   2250.00   .491764   .002080
   2260.00   .493693   .002367
   2270.00   .494822   .002290
   2280.00   .496210   .002122
   2290.00   .496955   .002162
   2300.00   .497200   .001965
   2310.00   .498733   .001987
   2320.00   .499874   .002116
   2330.00   .501491   .002308
   2340.00   .502248   .002365
   2350.00   .503258   .002028
   2360.00   .504258   .002236
   2370.00   .505390   .002031
   2380.00   .506008   .002003
   2390.00   .506529   .002156
   2400.00   .507671   .002077
   2410.00   .508859   .002026
   2420.00   .510134   .002264
   2430.00   .510838   .002273
   2440.00   .512647   .002080
   2450.00   .512750   .001997
   2460.00   .514336   .002220
   2470.00   .514247   .002081
   2480.00   .517015   .002320
   2490.00   .516437   .002188
   2500.00   .518226   .002147
   2510.00   .518466   .002333
   2520.00   .518843   .002156
   2530.00   .516925   .002123
   2540.00   .519144   .002456
   2550.00   .519491   .002199



 C1LS164.ASC             

 LS-BWD-164
 Lunar soil 62231.52 75-125 um low agglutinate remnant mag -
 No depolarizer was used over the wavelength range of 1800-2550 nm
 Albedo adjusted to the visible range
 
 Source Ang:  30.00, Detect Ang:    .00, Volt:  .777
 Date: 11-FEB-22, Time: 14:11:17
 
 RATIOS ADJUSTED USING RELAB SPECTRALON CALIBRATION TABLE
