       224
    320.00   .048355   .010277
    330.00   .049523   .006981
    340.00   .050523   .006628
    350.00   .052146   .004843
    360.00   .053180   .001790
    370.00   .054342   .001111
    380.00   .055340   .000989
    390.00   .056431   .000897
    400.00   .057749   .002424
    410.00   .059041   .001725
    420.00   .060253   .001342
    430.00   .061576   .001173
    440.00   .062795   .001072
    450.00   .064359   .001025
    460.00   .065155   .001106
    470.00   .066351   .001042
    480.00   .067534   .000978
    490.00   .068613   .000897
    500.00   .069693   .000898
    510.00   .071020   .000895
    520.00   .071968   .000919
    530.00   .073037   .000858
    540.00   .073938   .000875
    550.00   .075069   .000854
    560.00   .076061   .000846
    570.00   .077076   .000838
    580.00   .078115   .000874
    590.00   .078973   .000842
    600.00   .079897   .000909
    610.00   .080903   .000945
    620.00   .081722   .000975
    630.00   .082609   .001018
    640.00   .083430   .001055
    650.00   .084239   .001113
    660.00   .085021   .001208
    670.00   .085673   .001188
    680.00   .086301   .001178
    690.00   .087117   .001240
    700.00   .087790   .001253
    710.00   .088462   .001350
    720.00   .089237   .001473
    730.00   .090136   .001648
    740.00   .090964   .001700
    750.00   .091695   .001841
    760.00   .092263   .002117
    770.00   .092986   .002481
    780.00   .093583   .002772
    790.00   .094256   .003074
    800.00   .094678   .003455
    810.00   .095328   .003778
    820.00   .095957   .004093
    830.00   .096207   .004360
    840.00   .096656   .004443
    850.00   .097106   .004454
    860.00   .097324   .005481
    870.00   .097662   .005090
    880.00   .097607   .005006
    890.00   .097735   .004222
    900.00   .097831   .003710
    910.00   .097968   .003318
    920.00   .098245   .003047
    930.00   .098601   .002773
    940.00   .098918   .002506
    950.00   .099258   .002239
    960.00   .099663   .001991
    970.00   .100036   .001717
    980.00   .100611   .001534
    990.00   .101200   .001463
   1000.00   .101714   .001348
   1010.00   .102501   .001248
   1020.00   .103068   .001192
   1030.00   .103899   .001666
   1040.00   .104334   .001535
   1050.00   .105073   .001496
   1060.00   .105945   .001412
   1070.00   .106498   .001291
   1080.00   .107271   .001233
   1090.00   .107906   .001222
   1100.00   .108652   .001216
   1110.00   .109352   .001166
   1120.00   .109829   .001232
   1130.00   .110920   .001142
   1140.00   .111425   .001149
   1150.00   .112103   .001097
   1160.00   .112815   .001040
   1170.00   .113473   .000954
   1180.00   .114124   .000994
   1190.00   .114938   .001006
   1200.00   .115585   .000987
   1210.00   .116091   .001012
   1220.00   .116813   .000924
   1230.00   .117571   .000944
   1240.00   .118336   .000935
   1250.00   .118969   .000942
   1260.00   .119745   .000995
   1270.00   .120332   .000919
   1280.00   .121072   .000960
   1290.00   .121734   .001012
   1300.00   .122580   .000974
   1310.00   .123325   .000988
   1320.00   .124281   .000924
   1330.00   .125060   .001047
   1340.00   .125704   .001081
   1350.00   .126400   .001087
   1360.00   .127100   .001101
   1370.00   .127868   .001109
   1380.00   .128674   .001095
   1390.00   .129872   .001131
   1400.00   .130743   .001147
   1410.00   .131639   .001161
   1420.00   .132596   .001258
   1430.00   .133148   .001195
   1440.00   .133809   .001350
   1450.00   .134297   .001286
   1460.00   .135220   .001271
   1470.00   .136102   .001348
   1480.00   .136699   .001325
   1490.00   .137380   .001356
   1500.00   .137968   .001215
   1510.00   .138477   .001314
   1520.00   .139396   .001442
   1530.00   .139703   .001254
   1540.00   .140688   .001208
   1550.00   .141404   .001189
   1560.00   .142029   .001224
   1570.00   .142582   .001370
   1580.00   .143214   .001309
   1590.00   .143946   .001344
   1600.00   .144351   .001323
   1610.00   .144895   .001472
   1620.00   .145707   .001348
   1630.00   .146205   .001387
   1640.00   .146882   .001297
   1650.00   .147423   .001345
   1660.00   .148264   .001317
   1670.00   .148922   .001349
   1680.00   .149606   .001449
   1690.00   .150234   .001465
   1700.00   .150842   .001544
   1710.00   .151512   .001534
   1720.00   .152051   .001439
   1730.00   .152278   .001492
   1740.00   .152667   .001506
   1750.00   .153209   .001529
   1760.00   .153534   .001604
   1770.00   .154226   .001567
   1780.00   .154297   .001574
   1790.00   .154765   .001604
   1800.00   .155131   .001628
   1810.00   .155615   .001684
   1820.00   .156335   .001643
   1830.00   .156828   .001692
   1840.00   .157567   .001749
   1850.00   .157801   .001794
   1860.00   .158316   .001812
   1870.00   .158592   .001780
   1880.00   .158834   .001759
   1890.00   .159148   .001751
   1900.00   .159821   .001727
   1910.00   .160231   .001708
   1920.00   .160792   .001754
   1930.00   .161476   .001677
   1940.00   .162050   .001627
   1950.00   .162301   .001694
   1960.00   .162862   .001715
   1970.00   .163458   .001717
   1980.00   .164021   .001667
   1990.00   .164769   .001659
   2000.00   .165472   .001606
   2010.00   .165877   .001447
   2020.00   .166608   .001561
   2030.00   .167192   .001700
   2040.00   .167918   .001685
   2050.00   .168571   .001859
   2060.00   .168973   .001751
   2070.00   .169453   .001796
   2080.00   .170089   .001839
   2090.00   .170742   .001779
   2100.00   .171299   .001783
   2110.00   .172118   .001605
   2120.00   .172915   .001653
   2130.00   .173666   .001648
   2140.00   .174496   .001577
   2150.00   .175006   .001557
   2160.00   .175879   .001497
   2170.00   .176438   .001644
   2180.00   .176900   .001742
   2190.00   .177500   .001693
   2200.00   .177934   .001789
   2210.00   .178550   .001811
   2220.00   .180016   .001903
   2230.00   .180138   .001735
   2240.00   .181048   .001779
   2250.00   .181770   .001733
   2260.00   .182645   .001705
   2270.00   .183357   .001669
   2280.00   .183801   .001626
   2290.00   .184727   .001711
   2300.00   .185200   .001645
   2310.00   .186198   .001865
   2320.00   .187029   .002015
   2330.00   .187374   .001821
   2340.00   .188092   .001898
   2350.00   .188764   .001908
   2360.00   .189501   .001635
   2370.00   .190285   .001821
   2380.00   .191157   .001725
   2390.00   .191569   .001776
   2400.00   .192272   .002009
   2410.00   .192779   .001896
   2420.00   .193626   .002002
   2430.00   .193914   .001746
   2440.00   .194614   .001996
   2450.00   .195260   .001884
   2460.00   .195593   .001828
   2470.00   .195984   .001684
   2480.00   .196863   .001796
   2490.00   .197372   .001822
   2500.00   .198119   .001897
   2510.00   .198609   .001880
   2520.00   .198865   .001975
   2530.00   .199514   .002040
   2540.00   .200100   .002085
   2550.00   .201364   .002220



 C1LS151.ASC            

 LS-BWD-151
 Lunar soil 62231.58 agglutinates (magnetically-sorted and hand-picked) 125-250 um
 No depolarizer was used over the wavelength range of 2000-2550 nm
 Albedo adjusted to the visible range
 
 Source Ang:  30.00, Detect Ang:    .00, Volt:  .777
 Date: 26-AUG-19, Time: 14:55:42
 
 RATIOS ADJUSTED USING RELAB SPECTRALON CALIBRATION TABLE
