   461
    300.0   0.08029
    305.0   0.08344
    310.0   0.08519
    315.0   0.08827
    320.0   0.09029
    325.0   0.09266
    330.0   0.09487
    335.0   0.09691
    340.0   0.10044
    345.0   0.10416
    350.0   0.10623
    355.0   0.10894
    360.0   0.11191
    365.0   0.11457
    370.0   0.11640
    375.0   0.11919
    380.0   0.12213
    385.0   0.12497
    390.0   0.12796
    395.0   0.13081
    400.0   0.13298
    405.0   0.13491
    410.0   0.13682
    415.0   0.13841
    420.0   0.14045
    425.0   0.14226
    430.0   0.14397
    435.0   0.14591
    440.0   0.14723
    445.0   0.14904
    450.0   0.15019
    455.0   0.15147
    460.0   0.15291
    465.0   0.15444
    470.0   0.15564
    475.0   0.15702
    480.0   0.15976
    485.0   0.16097
    490.0   0.16212
    495.0   0.16408
    500.0   0.16481
    505.0   0.16513
    510.0   0.16603
    515.0   0.16824
    520.0   0.17072
    525.0   0.17270
    530.0   0.17387
    535.0   0.17518
    540.0   0.17616
    545.0   0.17840
    550.0   0.17956
    555.0   0.18075
    560.0   0.18308
    565.0   0.18488
    570.0   0.18681
    575.0   0.18846
    580.0   0.18970
    585.0   0.19143
    590.0   0.19280
    595.0   0.19423
    600.0   0.19565
    605.0   0.19694
    610.0   0.19864
    615.0   0.19984
    620.0   0.20104
    625.0   0.20167
    630.0   0.20266
    635.0   0.20404
    640.0   0.20539
    645.0   0.20623
    650.0   0.20787
    655.0   0.20926
    660.0   0.21105
    665.0   0.21270
    670.0   0.21375
    675.0   0.21542
    680.0   0.21756
    685.0   0.21848
    690.0   0.21929
    695.0   0.22084
    700.0   0.22193
    705.0   0.22293
    710.0   0.22448
    715.0   0.22561
    720.0   0.22556
    725.0   0.22702
    730.0   0.22839
    735.0   0.22889
    740.0   0.22927
    745.0   0.22927
    750.0   0.22799
    755.0   0.22771
    760.0   0.22743
    765.0   0.22687
    770.0   0.22593
    775.0   0.22497
    780.0   0.22405
    785.0   0.22253
    790.0   0.22061
    795.0   0.21843
    800.0   0.21682
    805.0   0.21391
    810.0   0.21148
    815.0   0.20885
    820.0   0.20542
    825.0   0.20234
    830.0   0.19948
    835.0   0.19552
    840.0   0.19249
    845.0   0.18937
    850.0   0.18588
    855.0   0.18247
    860.0   0.17882
    865.0   0.17586
    870.0   0.17308
    875.0   0.17024
    880.0   0.16738
    885.0   0.16467
    890.0   0.16181
    895.0   0.15969
    900.0   0.15724
    905.0   0.15501
    910.0   0.15317
    915.0   0.15119
    920.0   0.14972
    925.0   0.14805
    930.0   0.14650
    935.0   0.14564
    940.0   0.14442
    945.0   0.14332
    950.0   0.14240
    955.0   0.14150
    960.0   0.14061
    965.0   0.14012
    970.0   0.13963
    975.0   0.13910
    980.0   0.13871
    985.0   0.13876
    990.0   0.13865
    995.0   0.13822
   1000.0   0.13870
   1005.0   0.13900
   1010.0   0.13912
   1015.0   0.13966
   1020.0   0.14048
   1025.0   0.14092
   1030.0   0.14182
   1035.0   0.14301
   1040.0   0.14402
   1045.0   0.14532
   1050.0   0.14702
   1055.0   0.14838
   1060.0   0.14944
   1065.0   0.15128
   1070.0   0.15317
   1075.0   0.15445
   1080.0   0.15693
   1085.0   0.15922
   1090.0   0.16147
   1095.0   0.16355
   1100.0   0.16703
   1105.0   0.16956
   1110.0   0.17199
   1115.0   0.17468
   1120.0   0.17663
   1125.0   0.17925
   1130.0   0.18141
   1135.0   0.18324
   1140.0   0.18536
   1145.0   0.18772
   1150.0   0.18915
   1155.0   0.19107
   1160.0   0.19194
   1165.0   0.19347
   1170.0   0.19506
   1175.0   0.19625
   1180.0   0.19716
   1185.0   0.19800
   1190.0   0.19911
   1195.0   0.19982
   1200.0   0.20243
   1205.0   0.20229
   1210.0   0.20299
   1215.0   0.20389
   1220.0   0.20414
   1225.0   0.20408
   1230.0   0.20467
   1235.0   0.20473
   1240.0   0.20461
   1245.0   0.20475
   1250.0   0.20543
   1255.0   0.20580
   1260.0   0.20633
   1265.0   0.20742
   1270.0   0.20808
   1275.0   0.20830
   1280.0   0.20915
   1285.0   0.20926
   1290.0   0.21004
   1295.0   0.21108
   1300.0   0.21225
   1305.0   0.21278
   1310.0   0.21364
   1315.0   0.21448
   1320.0   0.21537
   1325.0   0.21601
   1330.0   0.21714
   1335.0   0.21844
   1340.0   0.21925
   1345.0   0.21913
   1350.0   0.21962
   1355.0   0.22065
   1360.0   0.22108
   1365.0   0.22347
   1370.0   0.22395
   1375.0   0.22435
   1380.0   0.22398
   1385.0   0.22726
   1390.0   0.22732
   1395.0   0.22781
   1400.0   0.22884
   1405.0   0.23016
   1410.0   0.23162
   1415.0   0.23129
   1420.0   0.23207
   1425.0   0.23293
   1430.0   0.23387
   1435.0   0.23473
   1440.0   0.23501
   1445.0   0.23593
   1450.0   0.23622
   1455.0   0.23655
   1460.0   0.23729
   1465.0   0.23791
   1470.0   0.23823
   1475.0   0.23865
   1480.0   0.23925
   1485.0   0.23992
   1490.0   0.24046
   1495.0   0.24107
   1500.0   0.24143
   1505.0   0.24217
   1510.0   0.24237
   1515.0   0.24280
   1520.0   0.24313
   1525.0   0.24333
   1530.0   0.24434
   1535.0   0.24459
   1540.0   0.24454
   1545.0   0.24486
   1550.0   0.24505
   1555.0   0.24530
   1560.0   0.24531
   1565.0   0.24544
   1570.0   0.24528
   1575.0   0.24516
   1580.0   0.24492
   1585.0   0.24457
   1590.0   0.24377
   1595.0   0.24364
   1600.0   0.24325
   1605.0   0.24261
   1610.0   0.24220
   1615.0   0.24190
   1620.0   0.24108
   1625.0   0.24080
   1630.0   0.24046
   1635.0   0.24004
   1640.0   0.23928
   1645.0   0.23885
   1650.0   0.23814
   1655.0   0.23654
   1660.0   0.23542
   1665.0   0.23518
   1670.0   0.23435
   1675.0   0.23374
   1680.0   0.23295
   1685.0   0.23242
   1690.0   0.23175
   1695.0   0.23088
   1700.0   0.23048
   1705.0   0.22934
   1710.0   0.22907
   1715.0   0.22801
   1720.0   0.22724
   1725.0   0.22634
   1730.0   0.22580
   1735.0   0.22430
   1740.0   0.22333
   1745.0   0.22228
   1750.0   0.22137
   1755.0   0.22032
   1760.0   0.21911
   1765.0   0.21809
   1770.0   0.21725
   1775.0   0.21661
   1780.0   0.21603
   1785.0   0.21500
   1790.0   0.21425
   1795.0   0.21337
   1800.0   0.21224
   1805.0   0.21154
   1810.0   0.21089
   1815.0   0.20962
   1820.0   0.20894
   1825.0   0.20844
   1830.0   0.20751
   1835.0   0.20704
   1840.0   0.20701
   1845.0   0.20593
   1850.0   0.20561
   1855.0   0.20456
   1860.0   0.20420
   1865.0   0.20258
   1870.0   0.20136
   1875.0   0.20306
   1880.0   0.20186
   1885.0   0.19974
   1890.0   0.19887
   1895.0   0.19785
   1900.0   0.19673
   1905.0   0.19670
   1910.0   0.19611
   1915.0   0.19534
   1920.0   0.19486
   1925.0   0.19432
   1930.0   0.19380
   1935.0   0.19296
   1940.0   0.19200
   1945.0   0.19115
   1950.0   0.19046
   1955.0   0.18971
   1960.0   0.18930
   1965.0   0.18882
   1970.0   0.18862
   1975.0   0.18795
   1980.0   0.18756
   1985.0   0.18735
   1990.0   0.18660
   1995.0   0.18600
   2000.0   0.18551
   2005.0   0.18523
   2010.0   0.18451
   2015.0   0.18416
   2020.0   0.18332
   2025.0   0.18322
   2030.0   0.18265
   2035.0   0.18245
   2040.0   0.18168
   2045.0   0.18137
   2050.0   0.18107
   2055.0   0.18096
   2060.0   0.18071
   2065.0   0.17992
   2070.0   0.17963
   2075.0   0.17948
   2080.0   0.17931
   2085.0   0.17887
   2090.0   0.17868
   2095.0   0.17848
   2100.0   0.17863
   2105.0   0.17848
   2110.0   0.17830
   2115.0   0.17786
   2120.0   0.17748
   2125.0   0.17703
   2130.0   0.17669
   2135.0   0.17649
   2140.0   0.17615
   2145.0   0.17573
   2150.0   0.17538
   2155.0   0.17526
   2160.0   0.17484
   2165.0   0.17458
   2170.0   0.17470
   2175.0   0.17488
   2180.0   0.17448
   2185.0   0.17442
   2190.0   0.17457
   2195.0   0.17462
   2200.0   0.17466
   2205.0   0.17449
   2210.0   0.17451
   2215.0   0.17418
   2220.0   0.17421
   2225.0   0.17441
   2230.0   0.17447
   2235.0   0.17457
   2240.0   0.17482
   2245.0   0.17519
   2250.0   0.17546
   2255.0   0.17548
   2260.0   0.17559
   2265.0   0.17601
   2270.0   0.17605
   2275.0   0.17620
   2280.0   0.17610
   2285.0   0.17653
   2290.0   0.17708
   2295.0   0.17744
   2300.0   0.17806
   2305.0   0.17892
   2310.0   0.17884
   2315.0   0.17881
   2320.0   0.17939
   2325.0   0.17959
   2330.0   0.17966
   2335.0   0.17968
   2340.0   0.17989
   2345.0   0.18046
   2350.0   0.18079
   2355.0   0.18128
   2360.0   0.18130
   2365.0   0.18169
   2370.0   0.18206
   2375.0   0.18257
   2380.0   0.18229
   2385.0   0.18309
   2390.0   0.18356
   2395.0   0.18434
   2400.0   0.18469
   2405.0   0.18524
   2410.0   0.18587
   2415.0   0.18656
   2420.0   0.18744
   2425.0   0.18815
   2430.0   0.18816
   2435.0   0.18882
   2440.0   0.18950
   2445.0   0.19001
   2450.0   0.19074
   2455.0   0.19148
   2460.0   0.19203
   2465.0   0.19244
   2470.0   0.19291
   2475.0   0.19423
   2480.0   0.19486
   2485.0   0.19561
   2490.0   0.19618
   2495.0   0.19681
   2500.0   0.19756
   2505.0   0.19862
   2510.0   0.19953
   2515.0   0.20066
   2520.0   0.20162
   2525.0   0.20250
   2530.0   0.20343
   2535.0   0.20546
   2540.0   0.20638
   2545.0   0.20625
   2550.0   0.20954
   2555.0   0.21037
   2560.0   0.21174
   2565.0   0.21311
   2570.0   0.21376
   2575.0   0.21405
   2580.0   0.21398
   2585.0   0.21613
   2590.0   0.21592
   2595.0   0.22033
   2600.0   0.22021



 C1LS34      .ASC                        

 LS-CMP-034                                                              
 12002,440 chip flat side                                                
 RATIOS ADJUSTED USING NBS HALON CALIBRATION TABLE                       

 Source Ang: 30.00   Detect Ang:  0.00  Volt: 0.222
 Date:  7-DEC-95   Time: 23:15:53
