       224
    320.00   .106936   .008064
    330.00   .110348   .005798
    340.00   .115099   .005813
    350.00   .119407   .004516
    360.00   .123905   .002903
    370.00   .128500   .002815
    380.00   .133337   .002947
    390.00   .137006   .003085
    400.00   .140127   .004695
    410.00   .143355   .004064
    420.00   .146105   .003689
    430.00   .148233   .003610
    440.00   .150094   .003481
    450.00   .151471   .003492
    460.00   .153416   .003737
    470.00   .155159   .003721
    480.00   .157060   .003638
    490.00   .158388   .003709
    500.00   .159826   .003654
    510.00   .161450   .003651
    520.00   .163125   .003728
    530.00   .164692   .003707
    540.00   .166024   .003646
    550.00   .166718   .003573
    560.00   .168068   .003658
    570.00   .169230   .003762
    580.00   .170221   .003637
    590.00   .171098   .003732
    600.00   .172139   .003694
    610.00   .172868   .003705
    620.00   .173491   .003736
    630.00   .174306   .003688
    640.00   .174987   .003839
    650.00   .176026   .003801
    660.00   .177162   .003822
    670.00   .177679   .003792
    680.00   .178755   .003851
    690.00   .179455   .004021
    700.00   .180284   .004005
    710.00   .181103   .003980
    720.00   .181756   .003886
    730.00   .182542   .004101
    740.00   .182859   .004226
    750.00   .182963   .004266
    760.00   .183308   .004466
    770.00   .183512   .004680
    780.00   .183190   .004852
    790.00   .182879   .005173
    800.00   .182175   .005200
    810.00   .181333   .005670
    820.00   .179928   .005806
    830.00   .178997   .006094
    840.00   .177575   .005958
    850.00   .176702   .005954
    860.00   .174950   .007796
    870.00   .173543   .007162
    880.00   .172420   .006853
    890.00   .170981   .005816
    900.00   .170290   .005304
    910.00   .169389   .005013
    920.00   .168676   .004654
    930.00   .168235   .004300
    940.00   .168153   .003896
    950.00   .168259   .003534
    960.00   .168520   .003233
    970.00   .169079   .002937
    980.00   .169464   .002664
    990.00   .170142   .002533
   1000.00   .171221   .002388
   1010.00   .171995   .002453
   1020.00   .172951   .002179
   1030.00   .174400   .002887
   1040.00   .175013   .002824
   1050.00   .176068   .002571
   1060.00   .176951   .002564
   1070.00   .177847   .002421
   1080.00   .179052   .002305
   1090.00   .180242   .002195
   1100.00   .181244   .002113
   1110.00   .181969   .002074
   1120.00   .182795   .002012
   1130.00   .183557   .002062
   1140.00   .184374   .001888
   1150.00   .184820   .001880
   1160.00   .185339   .001908
   1170.00   .185994   .001879
   1180.00   .186330   .001877
   1190.00   .186637   .001698
   1200.00   .187239   .001778
   1210.00   .187213   .001768
   1220.00   .187392   .001820
   1230.00   .188068   .001671
   1240.00   .188273   .001793
   1250.00   .188982   .001668
   1260.00   .189219   .001717
   1270.00   .189877   .001666
   1280.00   .190467   .001664
   1290.00   .191054   .001742
   1300.00   .191763   .001623
   1310.00   .192555   .001602
   1320.00   .193189   .001691
   1330.00   .193980   .001549
   1340.00   .194769   .001486
   1350.00   .195461   .001440
   1360.00   .196268   .001644
   1370.00   .197042   .001447
   1380.00   .197940   .001382
   1390.00   .198963   .001341
   1400.00   .199601   .001385
   1410.00   .200382   .001600
   1420.00   .201172   .001693
   1430.00   .201799   .001422
   1440.00   .202623   .001749
   1450.00   .203224   .001708
   1460.00   .204381   .001887
   1470.00   .204511   .001679
   1480.00   .205358   .001869
   1490.00   .205911   .001869
   1500.00   .206634   .001795
   1510.00   .206809   .001871
   1520.00   .207309   .001966
   1530.00   .207704   .002069
   1540.00   .208040   .002008
   1550.00   .208307   .001846
   1560.00   .208844   .001951
   1570.00   .208887   .002002
   1580.00   .209093   .001910
   1590.00   .209098   .001894
   1600.00   .209301   .002013
   1610.00   .209453   .001908
   1620.00   .209626   .001815
   1630.00   .209274   .001951
   1640.00   .209353   .001950
   1650.00   .209608   .001901
   1660.00   .209803   .002020
   1670.00   .209780   .002043
   1680.00   .209927   .001972
   1690.00   .209782   .002069
   1700.00   .209886   .002039
   1710.00   .210178   .002182
   1720.00   .209869   .002124
   1730.00   .209873   .002217
   1740.00   .209374   .001975
   1750.00   .209055   .002167
   1760.00   .208926   .002281
   1770.00   .208920   .002223
   1780.00   .208702   .002220
   1790.00   .208379   .002271
   1800.00   .208324   .002223
   1810.00   .207859   .002296
   1820.00   .207398   .002317
   1830.00   .207283   .002483
   1840.00   .207057   .002490
   1850.00   .206921   .002474
   1860.00   .206868   .002449
   1870.00   .206744   .002399
   1880.00   .206528   .002373
   1890.00   .206408   .002351
   1900.00   .206633   .002315
   1910.00   .206652   .002273
   1920.00   .206866   .002303
   1930.00   .207263   .002100
   1940.00   .207456   .002298
   1950.00   .207556   .002164
   1960.00   .207901   .002163
   1970.00   .208259   .001974
   1980.00   .208532   .001937
   1990.00   .208925   .002070
   2000.00   .209216   .002159
   2010.00   .209757   .002089
   2020.00   .210107   .002022
   2030.00   .210447   .001925
   2040.00   .210823   .001975
   2050.00   .211369   .001959
   2060.00   .211606   .001990
   2070.00   .212071   .002002
   2080.00   .212569   .001877
   2090.00   .213003   .001940
   2100.00   .213589   .001906
   2110.00   .214344   .001818
   2120.00   .214957   .001794
   2130.00   .215485   .001703
   2140.00   .216601   .001590
   2150.00   .217367   .001677
   2160.00   .217562   .001589
   2170.00   .218401   .001608
   2180.00   .219014   .001588
   2190.00   .219586   .001567
   2200.00   .220168   .001604
   2210.00   .220356   .001689
   2220.00   .221265   .001760
   2230.00   .221691   .001654
   2240.00   .222427   .001537
   2250.00   .223172   .001598
   2260.00   .223452   .001552
   2270.00   .224219   .001536
   2280.00   .224877   .001697
   2290.00   .225710   .001490
   2300.00   .226059   .001550
   2310.00   .227026   .001458
   2320.00   .227953   .001533
   2330.00   .228840   .001471
   2340.00   .229236   .001550
   2350.00   .229794   .001483
   2360.00   .230514   .001252
   2370.00   .231353   .001392
   2380.00   .232052   .001476
   2390.00   .232655   .001295
   2400.00   .233420   .001479
   2410.00   .234351   .001433
   2420.00   .235167   .001521
   2430.00   .235796   .001403
   2440.00   .236342   .001451
   2450.00   .237270   .001452
   2460.00   .238013   .001404
   2470.00   .238648   .001525
   2480.00   .239720   .001297
   2490.00   .240277   .001281
   2500.00   .240984   .001169
   2510.00   .241386   .001352
   2520.00   .242359   .001254
   2530.00   .242787   .001324
   2540.00   .243886   .001358
   2550.00   .242771   .001528



 C1LS148.ASC             

 LS-BWD-148
 62231 low-agglutinate remnant 125-250 um
 No depolarizer was used over the wavelength range of 1800-2550 nm
 Albedo adjusted to the visible range
 
 Source Ang:  30.00, Detect Ang:    .00, Volt:  .777
 Date: 12-MAR-19, Time: 16:01:34
 
 RATIOS ADJUSTED USING RELAB SPECTRALON CALIBRATION TABLE
