   461
    300.0   0.08003   0.00757
    305.0   0.08027   0.00528
    310.0   0.08120   0.00256
    315.0   0.08255   0.00139
    320.0   0.08307   0.00142
    325.0   0.08485   0.00189
    330.0   0.08576   0.00220
    335.0   0.08609   0.00165
    340.0   0.08804   0.00109
    345.0   0.09035   0.00156
    350.0   0.09225   0.00112
    355.0   0.09423   0.00103
    360.0   0.09711   0.00135
    365.0   0.09996   0.00112
    370.0   0.10361   0.00098
    375.0   0.10737   0.00191
    380.0   0.11124   0.00199
    385.0   0.11556   0.00193
    390.0   0.11920   0.00237
    395.0   0.12273   0.00240
    400.0   0.12693   0.00197
    405.0   0.13076   0.00079
    410.0   0.13523   0.00227
    415.0   0.13920   0.00222
    420.0   0.14372   0.00210
    425.0   0.14757   0.00213
    430.0   0.15182   0.00201
    435.0   0.15620   0.00240
    440.0   0.16020   0.00239
    445.0   0.16321   0.00209
    450.0   0.16581   0.00212
    455.0   0.16811   0.00229
    460.0   0.16980   0.00242
    465.0   0.17111   0.00237
    470.0   0.17236   0.00218
    475.0   0.17345   0.00232
    480.0   0.17558   0.00248
    485.0   0.17801   0.00250
    490.0   0.18026   0.00227
    495.0   0.18320   0.00266
    500.0   0.18662   0.00251
    505.0   0.18987   0.00287
    510.0   0.19408   0.00275
    515.0   0.19840   0.00289
    520.0   0.20256   0.00300
    525.0   0.20652   0.00288
    530.0   0.21029   0.00287
    535.0   0.21382   0.00297
    540.0   0.21737   0.00299
    545.0   0.21909   0.00301
    550.0   0.22175   0.00269
    555.0   0.22449   0.00313
    560.0   0.22648   0.00291
    565.0   0.22797   0.00308
    570.0   0.22954   0.00297
    575.0   0.23098   0.00327
    580.0   0.23227   0.00340
    585.0   0.23336   0.00321
    590.0   0.23480   0.00289
    595.0   0.23559   0.00292
    600.0   0.23693   0.00316
    605.0   0.23796   0.00323
    610.0   0.23910   0.00338
    615.0   0.23980   0.00312
    620.0   0.24080   0.00311
    625.0   0.24146   0.00297
    630.0   0.24244   0.00306
    635.0   0.24380   0.00352
    640.0   0.24463   0.00351
    645.0   0.24562   0.00278
    650.0   0.24659   0.00316
    655.0   0.24727   0.00303
    660.0   0.24794   0.00326
    665.0   0.24875   0.00326
    670.0   0.25017   0.00340
    675.0   0.25060   0.00300
    680.0   0.25153   0.00310
    685.0   0.25290   0.00309
    690.0   0.25351   0.00340
    695.0   0.25432   0.00357
    700.0   0.25469   0.00315
    705.0   0.25553   0.00334
    710.0   0.25645   0.00339
    715.0   0.25659   0.00346
    720.0   0.25752   0.00373
    725.0   0.25800   0.00347
    730.0   0.25875   0.00385
    735.0   0.25906   0.00343
    740.0   0.25963   0.00334
    745.0   0.26042   0.00352
    750.0   0.26014   0.00212
    755.0   0.25990   0.00162
    760.0   0.26069   0.00197
    765.0   0.26157   0.00223
    770.0   0.26126   0.00200
    775.0   0.26093   0.00231
    780.0   0.26134   0.00247
    785.0   0.26101   0.00205
    790.0   0.26108   0.00227
    795.0   0.26089   0.00248
    800.0   0.26034   0.00204
    805.0   0.26017   0.00251
    810.0   0.25921   0.00188
    815.0   0.25898   0.00231
    820.0   0.25840   0.00262
    825.0   0.25698   0.00252
    830.0   0.25713   0.00174
    835.0   0.25602   0.00229
    840.0   0.25494   0.00299
    845.0   0.25439   0.00260
    850.0   0.25374   0.00222
    855.0   0.25375   0.00200
    860.0   0.25250   0.00251
    865.0   0.25180   0.00167
    870.0   0.25149   0.00192
    875.0   0.25040   0.00097
    880.0   0.24912   0.00100
    885.0   0.24828   0.00125
    890.0   0.24809   0.00138
    895.0   0.24608   0.00085
    900.0   0.24592   0.00095
    905.0   0.24467   0.00086
    910.0   0.24482   0.00085
    915.0   0.24406   0.00106
    920.0   0.24435   0.00168
    925.0   0.24384   0.00050
    930.0   0.24354   0.00084
    935.0   0.24407   0.00049
    940.0   0.24369   0.00104
    945.0   0.24399   0.00046
    950.0   0.24421   0.00018
    955.0   0.24425   0.00083
    960.0   0.24496   0.00066
    965.0   0.24558   0.00081
    970.0   0.24605   0.00048
    975.0   0.24639   0.00058
    980.0   0.24766   0.00055
    985.0   0.24846   0.00016
    990.0   0.24921   0.00021
    995.0   0.25001   0.00033
   1000.0   0.25023   0.00004
   1005.0   0.25140   0.00001
   1010.0   0.25227   0.00004
   1015.0   0.25343   0.00001
   1020.0   0.25413   0.00057
   1025.0   0.25509   0.00024
   1030.0   0.25568   0.00025
   1035.0   0.25722   0.00016
   1040.0   0.25756   0.00001
   1045.0   0.25845   0.00039
   1050.0   0.25993   0.00008
   1055.0   0.26090   0.00029
   1060.0   0.26215   0.00016
   1065.0   0.26343   0.00030
   1070.0   0.26408   0.00007
   1075.0   0.26510   0.00030
   1080.0   0.26658   0.00004
   1085.0   0.26756   0.00040
   1090.0   0.26953   0.00024
   1095.0   0.26997   0.00058
   1100.0   0.27152   0.00018
   1105.0   0.27267   0.00028
   1110.0   0.27356   0.00011
   1115.0   0.27441   0.00035
   1120.0   0.27566   0.00006
   1125.0   0.27710   0.00019
   1130.0   0.27809   0.00029
   1135.0   0.27900   0.00041
   1140.0   0.27937   0.00059
   1145.0   0.28056   0.00001
   1150.0   0.28140   0.00023
   1155.0   0.28253   0.00001
   1160.0   0.28294   0.00006
   1165.0   0.28352   0.00007
   1170.0   0.28451   0.00009
   1175.0   0.28548   0.00017
   1180.0   0.28580   0.00045
   1185.0   0.28614   0.00019
   1190.0   0.28697   0.00007
   1195.0   0.28779   0.00042
   1200.0   0.28779   0.00014
   1205.0   0.28845   0.00003
   1210.0   0.28907   0.00016
   1215.0   0.28977   0.00019
   1220.0   0.28975   0.00032
   1225.0   0.29053   0.00042
   1230.0   0.29121   0.00022
   1235.0   0.29150   0.00015
   1240.0   0.29259   0.00032
   1245.0   0.29257   0.00011
   1250.0   0.29331   0.00009
   1255.0   0.29402   0.00001
   1260.0   0.29488   0.00010
   1265.0   0.29529   0.00003
   1270.0   0.29559   0.00000
   1275.0   0.29637   0.00012
   1280.0   0.29709   0.00006
   1285.0   0.29740   0.00006
   1290.0   0.29861   0.00026
   1295.0   0.29876   0.00009
   1300.0   0.29938   0.00023
   1305.0   0.30019   0.00019
   1310.0   0.30070   0.00026
   1315.0   0.30136   0.00014
   1320.0   0.30254   0.00006
   1325.0   0.30308   0.00003
   1330.0   0.30371   0.00015
   1335.0   0.30430   0.00006
   1340.0   0.30470   0.00040
   1345.0   0.30539   0.00004
   1350.0   0.30568   0.00025
   1355.0   0.30568   0.00048
   1360.0   0.30626   0.00031
   1365.0   0.30657   0.00018
   1370.0   0.30740   0.00025
   1375.0   0.30825   0.00030
   1380.0   0.30872   0.00048
   1385.0   0.30927   0.00008
   1390.0   0.31067   0.00013
   1395.0   0.31107   0.00016
   1400.0   0.31128   0.00056
   1405.0   0.31174   0.00043
   1410.0   0.31261   0.00017
   1415.0   0.31377   0.00009
   1420.0   0.31370   0.00002
   1425.0   0.31463   0.00024
   1430.0   0.31493   0.00015
   1435.0   0.31528   0.00046
   1440.0   0.31563   0.00032
   1445.0   0.31696   0.00015
   1450.0   0.31708   0.00014
   1455.0   0.31770   0.00038
   1460.0   0.31818   0.00024
   1465.0   0.31804   0.00029
   1470.0   0.31896   0.00007
   1475.0   0.31888   0.00017
   1480.0   0.31972   0.00002
   1485.0   0.32016   0.00040
   1490.0   0.32073   0.00010
   1495.0   0.32144   0.00018
   1500.0   0.32174   0.00008
   1505.0   0.32163   0.00061
   1510.0   0.32222   0.00028
   1515.0   0.32201   0.00034
   1520.0   0.32334   0.00002
   1525.0   0.32323   0.00026
   1530.0   0.32376   0.00049
   1535.0   0.32404   0.00016
   1540.0   0.32424   0.00006
   1545.0   0.32481   0.00001
   1550.0   0.32491   0.00025
   1555.0   0.32521   0.00023
   1560.0   0.32491   0.00041
   1565.0   0.32565   0.00044
   1570.0   0.32568   0.00010
   1575.0   0.32600   0.00062
   1580.0   0.32632   0.00018
   1585.0   0.32657   0.00085
   1590.0   0.32610   0.00042
   1595.0   0.32658   0.00030
   1600.0   0.32709   0.00033
   1605.0   0.32690   0.00034
   1610.0   0.32760   0.00076
   1615.0   0.32733   0.00077
   1620.0   0.32775   0.00064
   1625.0   0.32708   0.00015
   1630.0   0.32763   0.00029
   1635.0   0.32646   0.00020
   1640.0   0.32728   0.00032
   1645.0   0.32649   0.00007
   1650.0   0.32653   0.00010
   1655.0   0.32667   0.00033
   1660.0   0.32723   0.00054
   1665.0   0.32732   0.00032
   1670.0   0.32680   0.00017
   1675.0   0.32648   0.00039
   1680.0   0.32695   0.00022
   1685.0   0.32673   0.00016
   1690.0   0.32655   0.00021
   1695.0   0.32679   0.00045
   1700.0   0.32755   0.00029
   1705.0   0.32720   0.00015
   1710.0   0.32679   0.00036
   1715.0   0.32677   0.00008
   1720.0   0.32657   0.00034
   1725.0   0.32664   0.00051
   1730.0   0.32604   0.00014
   1735.0   0.32612   0.00025
   1740.0   0.32575   0.00057
   1745.0   0.32565   0.00003
   1750.0   0.32534   0.00023
   1755.0   0.32518   0.00025
   1760.0   0.32493   0.00018
   1765.0   0.32497   0.00007
   1770.0   0.32500   0.00015
   1775.0   0.32487   0.00042
   1780.0   0.32457   0.00009
   1785.0   0.32461   0.00007
   1790.0   0.32497   0.00022
   1795.0   0.32488   0.00015
   1800.0   0.32478   0.00007
   1805.0   0.32440   0.00022
   1810.0   0.32458   0.00035
   1815.0   0.32414   0.00019
   1820.0   0.32455   0.00014
   1825.0   0.32406   0.00036
   1830.0   0.32375   0.00005
   1835.0   0.32380   0.00004
   1840.0   0.32350   0.00052
   1845.0   0.32331   0.00039
   1850.0   0.32313   0.00066
   1855.0   0.32327   0.00047
   1860.0   0.32311   0.00018
   1865.0   0.32258   0.00038
   1870.0   0.32316   0.00009
   1875.0   0.32348   0.00037
   1880.0   0.32304   0.00023
   1885.0   0.32252   0.00036
   1890.0   0.32192   0.00016
   1895.0   0.32093   0.00011
   1900.0   0.32108   0.00007
   1905.0   0.32052   0.00015
   1910.0   0.32024   0.00014
   1915.0   0.31990   0.00047
   1920.0   0.31995   0.00002
   1925.0   0.31965   0.00036
   1930.0   0.32016   0.00013
   1935.0   0.32011   0.00060
   1940.0   0.32037   0.00035
   1945.0   0.32064   0.00031
   1950.0   0.32099   0.00000
   1955.0   0.32109   0.00008
   1960.0   0.32066   0.00029
   1965.0   0.32109   0.00041
   1970.0   0.32147   0.00038
   1975.0   0.32191   0.00027
   1980.0   0.32211   0.00011
   1985.0   0.32298   0.00001
   1990.0   0.32337   0.00022
   1995.0   0.32423   0.00021
   2000.0   0.32483   0.00043
   2005.0   0.32502   0.00060
   2010.0   0.32551   0.00029
   2015.0   0.32597   0.00002
   2020.0   0.32596   0.00010
   2025.0   0.32643   0.00042
   2030.0   0.32652   0.00019
   2035.0   0.32724   0.00013
   2040.0   0.32711   0.00050
   2045.0   0.32773   0.00045
   2050.0   0.32815   0.00036
   2055.0   0.32837   0.00041
   2060.0   0.32870   0.00049
   2065.0   0.32868   0.00032
   2070.0   0.32898   0.00012
   2075.0   0.32943   0.00026
   2080.0   0.32989   0.00001
   2085.0   0.33016   0.00011
   2090.0   0.33075   0.00047
   2095.0   0.33116   0.00021
   2100.0   0.33132   0.00050
   2105.0   0.33141   0.00029
   2110.0   0.33228   0.00063
   2115.0   0.33276   0.00080
   2120.0   0.33336   0.00015
   2125.0   0.33323   0.00029
   2130.0   0.33327   0.00005
   2135.0   0.33326   0.00005
   2140.0   0.33342   0.00039
   2145.0   0.33295   0.00062
   2150.0   0.33324   0.00026
   2155.0   0.33432   0.00013
   2160.0   0.33389   0.00015
   2165.0   0.33417   0.00004
   2170.0   0.33449   0.00036
   2175.0   0.33465   0.00018
   2180.0   0.33523   0.00036
   2185.0   0.33594   0.00050
   2190.0   0.33592   0.00084
   2195.0   0.33619   0.00006
   2200.0   0.33694   0.00032
   2205.0   0.33730   0.00079
   2210.0   0.33769   0.00052
   2215.0   0.33834   0.00056
   2220.0   0.33855   0.00021
   2225.0   0.33920   0.00041
   2230.0   0.33981   0.00032
   2235.0   0.34054   0.00045
   2240.0   0.34093   0.00059
   2245.0   0.34118   0.00012
   2250.0   0.34114   0.00046
   2255.0   0.34164   0.00001
   2260.0   0.34184   0.00001
   2265.0   0.34232   0.00051
   2270.0   0.34220   0.00019
   2275.0   0.34247   0.00029
   2280.0   0.34324   0.00014
   2285.0   0.34352   0.00047
   2290.0   0.34458   0.00013
   2295.0   0.34457   0.00089
   2300.0   0.34500   0.00020
   2305.0   0.34528   0.00031
   2310.0   0.34641   0.00083
   2315.0   0.34701   0.00055
   2320.0   0.34686   0.00061
   2325.0   0.34659   0.00039
   2330.0   0.34703   0.00073
   2335.0   0.34686   0.00079
   2340.0   0.34734   0.00053
   2345.0   0.34772   0.00089
   2350.0   0.34722   0.00006
   2355.0   0.34762   0.00016
   2360.0   0.34769   0.00078
   2365.0   0.34778   0.00064
   2370.0   0.34828   0.00023
   2375.0   0.34837   0.00063
   2380.0   0.34877   0.00069
   2385.0   0.34863   0.00032
   2390.0   0.34904   0.00043
   2395.0   0.34967   0.00050
   2400.0   0.34937   0.00042
   2405.0   0.35019   0.00052
   2410.0   0.35066   0.00076
   2415.0   0.35047   0.00053
   2420.0   0.35122   0.00070
   2425.0   0.35137   0.00030
   2430.0   0.35143   0.00021
   2435.0   0.35166   0.00064
   2440.0   0.35186   0.00012
   2445.0   0.35151   0.00047
   2450.0   0.35198   0.00056
   2455.0   0.35172   0.00027
   2460.0   0.35204   0.00048
   2465.0   0.35211   0.00012
   2470.0   0.35265   0.00009
   2475.0   0.35312   0.00016
   2480.0   0.35368   0.00011
   2485.0   0.35378   0.00014
   2490.0   0.35442   0.00046
   2495.0   0.35568   0.00021
   2500.0   0.35644   0.00028
   2505.0   0.35608   0.00055
   2510.0   0.35593   0.00018
   2515.0   0.35751   0.00030
   2520.0   0.35697   0.00053
   2525.0   0.35892   0.00010
   2530.0   0.35940   0.00025
   2535.0   0.35925   0.00032
   2540.0   0.35989   0.00040
   2545.0   0.36142   0.00086
   2550.0   0.36153   0.00045
   2555.0   0.35851   0.00035
   2560.0   0.36147   0.00219
   2565.0   0.36158   0.00095
   2570.0   0.36163   0.00140
   2575.0   0.36062   0.00145
   2580.0   0.36028   0.00260
   2585.0   0.36207   0.00208
   2590.0   0.36162   0.00141
   2595.0   0.36380   0.00049
   2600.0   0.36097   0.00023



 C1LU05              .ASC                        

 LU-CMP-005-1                                                            
 LUNA 20 (2014)  VIAL 6  BULK POWDER  9.0 MG                             
 RATIOS ADJUSTED USING NBS HALON CALIBRATION TABLE                       

 Source Ang: 30.00   Detect Ang:  0.00  Volt: 0.777
 Date:  9-JUN-93   Time: 10:01:05
