   461
    300.0   0.03469   0.00234
    305.0   0.03489   0.00507
    310.0   0.03621   0.00164
    315.0   0.03799   0.00106
    320.0   0.03900   0.00080
    325.0   0.03955   0.00009
    330.0   0.03938   0.00006
    335.0   0.03966   0.00092
    340.0   0.04095   0.00024
    345.0   0.04201   0.00005
    350.0   0.04254   0.00005
    355.0   0.04380   0.00004
    360.0   0.04486   0.00010
    365.0   0.04544   0.00014
    370.0   0.04683   0.00024
    375.0   0.04755   0.00001
    380.0   0.04872   0.00003
    385.0   0.04965   0.00007
    390.0   0.05047   0.00002
    395.0   0.05172   0.00010
    400.0   0.05253   0.00005
    405.0   0.05370   0.00050
    410.0   0.05430   0.00032
    415.0   0.05525   0.00001
    420.0   0.05603   0.00010
    425.0   0.05690   0.00001
    430.0   0.05789   0.00005
    435.0   0.05864   0.00011
    440.0   0.05960   0.00005
    445.0   0.06006   0.00033
    450.0   0.06086   0.00030
    455.0   0.06143   0.00032
    460.0   0.06215   0.00005
    465.0   0.06257   0.00031
    470.0   0.06310   0.00038
    475.0   0.06372   0.00025
    480.0   0.06455   0.00036
    485.0   0.06507   0.00041
    490.0   0.06576   0.00037
    495.0   0.06637   0.00045
    500.0   0.06698   0.00053
    505.0   0.06768   0.00050
    510.0   0.06854   0.00045
    515.0   0.06923   0.00058
    520.0   0.07031   0.00048
    525.0   0.07104   0.00040
    530.0   0.07196   0.00057
    535.0   0.07249   0.00051
    540.0   0.07328   0.00058
    545.0   0.07365   0.00045
    550.0   0.07395   0.00047
    555.0   0.07469   0.00035
    560.0   0.07530   0.00028
    565.0   0.07580   0.00034
    570.0   0.07647   0.00035
    575.0   0.07691   0.00045
    580.0   0.07749   0.00034
    585.0   0.07798   0.00052
    590.0   0.07865   0.00056
    595.0   0.07913   0.00043
    600.0   0.07953   0.00048
    605.0   0.07994   0.00039
    610.0   0.08061   0.00054
    615.0   0.08093   0.00050
    620.0   0.08142   0.00047
    625.0   0.08205   0.00050
    630.0   0.08262   0.00044
    635.0   0.08299   0.00052
    640.0   0.08351   0.00048
    645.0   0.08395   0.00036
    650.0   0.08448   0.00062
    655.0   0.08479   0.00025
    660.0   0.08536   0.00050
    665.0   0.08562   0.00038
    670.0   0.08573   0.00051
    675.0   0.08628   0.00043
    680.0   0.08684   0.00042
    685.0   0.08714   0.00034
    690.0   0.08731   0.00052
    695.0   0.08781   0.00039
    700.0   0.08827   0.00044
    705.0   0.08871   0.00047
    710.0   0.08952   0.00043
    715.0   0.08980   0.00048
    720.0   0.09030   0.00041
    725.0   0.09074   0.00041
    730.0   0.09104   0.00045
    735.0   0.09150   0.00045
    740.0   0.09151   0.00053
    745.0   0.09185   0.00045
    750.0   0.09229   0.00057
    755.0   0.09261   0.00046
    760.0   0.09299   0.00045
    765.0   0.09358   0.00055
    770.0   0.09343   0.00052
    775.0   0.09384   0.00051
    780.0   0.09399   0.00061
    785.0   0.09446   0.00101
    790.0   0.09505   0.00110
    795.0   0.09494   0.00065
    800.0   0.09509   0.00087
    805.0   0.09531   0.00073
    810.0   0.09558   0.00055
    815.0   0.09569   0.00069
    820.0   0.09624   0.00071
    825.0   0.09607   0.00077
    830.0   0.09568   0.00070
    835.0   0.09627   0.00069
    840.0   0.09608   0.00068
    845.0   0.09655   0.00081
    850.0   0.09628   0.00024
    855.0   0.09673   0.00159
    860.0   0.09644   0.00007
    865.0   0.09602   0.00078
    870.0   0.09682   0.00062
    875.0   0.09652   0.00118
    880.0   0.09621   0.00001
    885.0   0.09667   0.00139
    890.0   0.09565   0.00002
    895.0   0.09685   0.00030
    900.0   0.09741   0.00013
    905.0   0.09640   0.00001
    910.0   0.09698   0.00014
    915.0   0.09663   0.00014
    920.0   0.09651   0.00018
    925.0   0.09694   0.00036
    930.0   0.09669   0.00007
    935.0   0.09650   0.00000
    940.0   0.09676   0.00010
    945.0   0.09672   0.00034
    950.0   0.09679   0.00016
    955.0   0.09694   0.00011
    960.0   0.09666   0.00004
    965.0   0.09704   0.00021
    970.0   0.09729   0.00015
    975.0   0.09721   0.00031
    980.0   0.09722   0.00046
    985.0   0.09783   0.00034
    990.0   0.09765   0.00066
    995.0   0.09769   0.00021
   1000.0   0.09800   0.00002
   1005.0   0.09831   0.00065
   1010.0   0.09866   0.00039
   1015.0   0.09884   0.00014
   1020.0   0.09959   0.00003
   1025.0   0.09987   0.00007
   1030.0   0.10047   0.00070
   1035.0   0.10104   0.00021
   1040.0   0.10120   0.00031
   1045.0   0.10191   0.00027
   1050.0   0.10243   0.00029
   1055.0   0.10296   0.00017
   1060.0   0.10355   0.00017
   1065.0   0.10396   0.00031
   1070.0   0.10467   0.00015
   1075.0   0.10500   0.00008
   1080.0   0.10556   0.00008
   1085.0   0.10670   0.00035
   1090.0   0.10733   0.00006
   1095.0   0.10767   0.00044
   1100.0   0.10842   0.00000
   1105.0   0.10905   0.00014
   1110.0   0.10953   0.00034
   1115.0   0.11014   0.00018
   1120.0   0.11100   0.00013
   1125.0   0.11114   0.00017
   1130.0   0.11172   0.00028
   1135.0   0.11212   0.00015
   1140.0   0.11285   0.00020
   1145.0   0.11359   0.00001
   1150.0   0.11379   0.00042
   1155.0   0.11445   0.00026
   1160.0   0.11499   0.00029
   1165.0   0.11535   0.00002
   1170.0   0.11597   0.00014
   1175.0   0.11621   0.00005
   1180.0   0.11681   0.00013
   1185.0   0.11707   0.00015
   1190.0   0.11752   0.00008
   1195.0   0.11804   0.00039
   1200.0   0.11836   0.00031
   1205.0   0.11911   0.00003
   1210.0   0.11939   0.00043
   1215.0   0.11973   0.00048
   1220.0   0.12008   0.00019
   1225.0   0.12012   0.00013
   1230.0   0.12064   0.00009
   1235.0   0.12127   0.00003
   1240.0   0.12144   0.00034
   1245.0   0.12179   0.00042
   1250.0   0.12198   0.00036
   1255.0   0.12233   0.00009
   1260.0   0.12293   0.00023
   1265.0   0.12331   0.00009
   1270.0   0.12404   0.00023
   1275.0   0.12439   0.00007
   1280.0   0.12453   0.00023
   1285.0   0.12454   0.00019
   1290.0   0.12520   0.00028
   1295.0   0.12586   0.00014
   1300.0   0.12600   0.00064
   1305.0   0.12637   0.00003
   1310.0   0.12705   0.00022
   1315.0   0.12733   0.00025
   1320.0   0.12761   0.00073
   1325.0   0.12799   0.00029
   1330.0   0.12846   0.00041
   1335.0   0.12933   0.00001
   1340.0   0.12947   0.00029
   1345.0   0.12937   0.00041
   1350.0   0.12985   0.00066
   1355.0   0.13022   0.00048
   1360.0   0.13016   0.00016
   1365.0   0.13066   0.00060
   1370.0   0.13178   0.00002
   1375.0   0.13208   0.00037
   1380.0   0.13202   0.00040
   1385.0   0.13270   0.00049
   1390.0   0.13329   0.00011
   1395.0   0.13403   0.00031
   1400.0   0.13424   0.00027
   1405.0   0.13432   0.00058
   1410.0   0.13531   0.00042
   1415.0   0.13566   0.00043
   1420.0   0.13614   0.00021
   1425.0   0.13662   0.00031
   1430.0   0.13695   0.00017
   1435.0   0.13770   0.00019
   1440.0   0.13782   0.00002
   1445.0   0.13867   0.00003
   1450.0   0.13891   0.00026
   1455.0   0.13888   0.00038
   1460.0   0.13930   0.00017
   1465.0   0.14000   0.00055
   1470.0   0.13990   0.00027
   1475.0   0.14048   0.00026
   1480.0   0.14098   0.00026
   1485.0   0.14140   0.00056
   1490.0   0.14193   0.00037
   1495.0   0.14244   0.00049
   1500.0   0.14296   0.00028
   1505.0   0.14319   0.00049
   1510.0   0.14321   0.00047
   1515.0   0.14339   0.00039
   1520.0   0.14395   0.00057
   1525.0   0.14446   0.00057
   1530.0   0.14510   0.00058
   1535.0   0.14551   0.00021
   1540.0   0.14562   0.00045
   1545.0   0.14592   0.00065
   1550.0   0.14597   0.00044
   1555.0   0.14607   0.00047
   1560.0   0.14645   0.00069
   1565.0   0.14651   0.00050
   1570.0   0.14711   0.00062
   1575.0   0.14729   0.00098
   1580.0   0.14748   0.00066
   1585.0   0.14745   0.00001
   1590.0   0.14820   0.00050
   1595.0   0.14831   0.00057
   1600.0   0.14866   0.00062
   1605.0   0.14856   0.00063
   1610.0   0.14906   0.00044
   1615.0   0.14921   0.00013
   1620.0   0.14946   0.00008
   1625.0   0.14935   0.00011
   1630.0   0.14996   0.00018
   1635.0   0.15039   0.00002
   1640.0   0.15040   0.00004
   1645.0   0.15062   0.00012
   1650.0   0.15072   0.00021
   1655.0   0.15083   0.00007
   1660.0   0.15111   0.00008
   1665.0   0.15133   0.00009
   1670.0   0.15207   0.00020
   1675.0   0.15223   0.00001
   1680.0   0.15237   0.00000
   1685.0   0.15255   0.00025
   1690.0   0.15274   0.00005
   1695.0   0.15300   0.00020
   1700.0   0.15358   0.00021
   1705.0   0.15367   0.00011
   1710.0   0.15367   0.00006
   1715.0   0.15410   0.00030
   1720.0   0.15448   0.00013
   1725.0   0.15434   0.00015
   1730.0   0.15456   0.00005
   1735.0   0.15466   0.00023
   1740.0   0.15500   0.00037
   1745.0   0.15504   0.00018
   1750.0   0.15536   0.00022
   1755.0   0.15553   0.00009
   1760.0   0.15568   0.00025
   1765.0   0.15600   0.00010
   1770.0   0.15639   0.00017
   1775.0   0.15667   0.00011
   1780.0   0.15669   0.00012
   1785.0   0.15685   0.00003
   1790.0   0.15719   0.00007
   1795.0   0.15726   0.00003
   1800.0   0.15744   0.00047
   1805.0   0.15794   0.00028
   1810.0   0.15780   0.00026
   1815.0   0.15826   0.00018
   1820.0   0.15847   0.00069
   1825.0   0.15867   0.00034
   1830.0   0.15879   0.00049
   1835.0   0.15924   0.00034
   1840.0   0.15948   0.00026
   1845.0   0.15962   0.00027
   1850.0   0.15965   0.00052
   1855.0   0.15987   0.00063
   1860.0   0.16025   0.00050
   1865.0   0.15987   0.00066
   1870.0   0.16049   0.00014
   1875.0   0.16099   0.00028
   1880.0   0.16091   0.00044
   1885.0   0.16148   0.00058
   1890.0   0.16159   0.00045
   1895.0   0.16195   0.00047
   1900.0   0.16176   0.00052
   1905.0   0.16220   0.00045
   1910.0   0.16235   0.00004
   1915.0   0.16281   0.00008
   1920.0   0.16251   0.00025
   1925.0   0.16318   0.00021
   1930.0   0.16337   0.00013
   1935.0   0.16330   0.00011
   1940.0   0.16356   0.00060
   1945.0   0.16356   0.00038
   1950.0   0.16398   0.00014
   1955.0   0.16447   0.00051
   1960.0   0.16479   0.00012
   1965.0   0.16465   0.00007
   1970.0   0.16491   0.00032
   1975.0   0.16513   0.00002
   1980.0   0.16555   0.00007
   1985.0   0.16583   0.00030
   1990.0   0.16597   0.00022
   1995.0   0.16638   0.00006
   2000.0   0.16689   0.00031
   2005.0   0.16710   0.00040
   2010.0   0.16733   0.00013
   2015.0   0.16736   0.00001
   2020.0   0.16745   0.00001
   2025.0   0.16744   0.00036
   2030.0   0.16778   0.00014
   2035.0   0.16814   0.00031
   2040.0   0.16819   0.00053
   2045.0   0.16829   0.00035
   2050.0   0.16853   0.00036
   2055.0   0.16874   0.00038
   2060.0   0.16888   0.00025
   2065.0   0.16912   0.00036
   2070.0   0.16937   0.00002
   2075.0   0.16955   0.00015
   2080.0   0.16977   0.00018
   2085.0   0.17009   0.00061
   2090.0   0.17002   0.00034
   2095.0   0.17038   0.00021
   2100.0   0.17040   0.00052
   2105.0   0.17084   0.00022
   2110.0   0.17095   0.00018
   2115.0   0.17134   0.00017
   2120.0   0.17140   0.00053
   2125.0   0.17183   0.00033
   2130.0   0.17160   0.00056
   2135.0   0.17171   0.00059
   2140.0   0.17166   0.00035
   2145.0   0.17204   0.00030
   2150.0   0.17193   0.00030
   2155.0   0.17173   0.00029
   2160.0   0.17217   0.00033
   2165.0   0.17251   0.00040
   2170.0   0.17311   0.00043
   2175.0   0.17305   0.00039
   2180.0   0.17330   0.00027
   2185.0   0.17365   0.00017
   2190.0   0.17381   0.00058
   2195.0   0.17439   0.00038
   2200.0   0.17437   0.00014
   2205.0   0.17431   0.00048
   2210.0   0.17501   0.00008
   2215.0   0.17565   0.00041
   2220.0   0.17572   0.00017
   2225.0   0.17619   0.00005
   2230.0   0.17673   0.00058
   2235.0   0.17679   0.00034
   2240.0   0.17676   0.00000
   2245.0   0.17736   0.00017
   2250.0   0.17762   0.00024
   2255.0   0.17801   0.00059
   2260.0   0.17820   0.00036
   2265.0   0.17870   0.00032
   2270.0   0.17906   0.00017
   2275.0   0.17947   0.00029
   2280.0   0.18013   0.00010
   2285.0   0.18045   0.00016
   2290.0   0.18089   0.00024
   2295.0   0.18064   0.00025
   2300.0   0.18142   0.00079
   2305.0   0.18122   0.00088
   2310.0   0.18206   0.00114
   2315.0   0.18209   0.00107
   2320.0   0.18286   0.00071
   2325.0   0.18304   0.00123
   2330.0   0.18324   0.00098
   2335.0   0.18337   0.00108
   2340.0   0.18349   0.00137
   2345.0   0.18397   0.00077
   2350.0   0.18432   0.00032
   2355.0   0.18412   0.00076
   2360.0   0.18463   0.00057
   2365.0   0.18477   0.00071
   2370.0   0.18500   0.00051
   2375.0   0.18521   0.00012
   2380.0   0.18525   0.00058
   2385.0   0.18607   0.00012
   2390.0   0.18610   0.00002
   2395.0   0.18675   0.00066
   2400.0   0.18672   0.00028
   2405.0   0.18720   0.00052
   2410.0   0.18754   0.00003
   2415.0   0.18755   0.00002
   2420.0   0.18834   0.00005
   2425.0   0.18865   0.00012
   2430.0   0.18871   0.00053
   2435.0   0.18954   0.00017
   2440.0   0.18981   0.00010
   2445.0   0.18982   0.00101
   2450.0   0.19043   0.00028
   2455.0   0.19079   0.00028
   2460.0   0.19128   0.00026
   2465.0   0.19149   0.00019
   2470.0   0.19164   0.00033
   2475.0   0.19170   0.00023
   2480.0   0.19204   0.00064
   2485.0   0.19246   0.00087
   2490.0   0.19282   0.00114
   2495.0   0.19368   0.00050
   2500.0   0.19353   0.00102
   2505.0   0.19408   0.00141
   2510.0   0.19366   0.00211
   2515.0   0.19455   0.00208
   2520.0   0.19492   0.00235
   2525.0   0.19462   0.00380
   2530.0   0.19444   0.00441
   2535.0   0.19524   0.00382
   2540.0   0.19481   0.00492
   2545.0   0.19530   0.00422
   2550.0   0.19741   0.00245
   2555.0   0.19668   0.00476
   2560.0   0.19446   0.00869
   2565.0   0.19598   0.00608
   2570.0   0.19572   0.00636
   2575.0   0.19660   0.00567
   2580.0   0.19474   0.01003
   2585.0   0.19702   0.00701
   2590.0   0.19698   0.00842
   2595.0   0.19894   0.00660
   2600.0   0.19841   0.00975



 C1LU06              .ASC                        

 LU-CMP-006-1                                                            
 LUNA 16 BULK POWDER (1637)  VIAL #1  8.7 MG  PREPARED BY OLGA RODE      
 RATIOS ADJUSTED USING NBS HALON CALIBRATION TABLE                       

 Source Ang: 30.00   Detect Ang:  0.00  Volt: 0.777
 Date: 15-JUN-93   Time: 12:11:26
