   471
    300.0   0.04185   0.00080
    305.0   0.03722   0.00077
    310.0   0.03832   0.00057
    315.0   0.04039   0.00150
    320.0   0.04071   0.00077
    325.0   0.04171   0.00061
    330.0   0.04342   0.00119
    335.0   0.04531   0.00086
    340.0   0.04683   0.00080
    345.0   0.04882   0.00115
    350.0   0.05073   0.00109
    355.0   0.05378   0.00141
    360.0   0.05717   0.00074
    365.0   0.06105   0.00082
    370.0   0.06517   0.00119
    375.0   0.06941   0.00130
    380.0   0.07387   0.00164
    385.0   0.07817   0.00143
    390.0   0.08223   0.00120
    395.0   0.08530   0.00111
    400.0   0.08839   0.00125
    405.0   0.09293   0.00251
    410.0   0.09614   0.00140
    415.0   0.09868   0.00153
    420.0   0.10071   0.00150
    425.0   0.10210   0.00141
    430.0   0.10297   0.00139
    435.0   0.10417   0.00160
    440.0   0.10569   0.00119
    445.0   0.10722   0.00138
    450.0   0.10809   0.00146
    455.0   0.10931   0.00121
    460.0   0.11089   0.00123
    465.0   0.11245   0.00135
    470.0   0.11309   0.00067
    475.0   0.11405   0.00079
    480.0   0.11527   0.00042
    485.0   0.11643   0.00050
    490.0   0.11785   0.00068
    495.0   0.11952   0.00030
    500.0   0.11976   0.00061
    505.0   0.11905   0.00048
    510.0   0.12069   0.00075
    515.0   0.12567   0.00073
    520.0   0.12930   0.00089
    525.0   0.13175   0.00062
    530.0   0.13360   0.00059
    535.0   0.13526   0.00072
    540.0   0.13651   0.00080
    545.0   0.13777   0.00074
    550.0   0.14012   0.00077
    555.0   0.14306   0.00057
    560.0   0.14613   0.00076
    565.0   0.14927   0.00074
    570.0   0.15176   0.00090
    575.0   0.15408   0.00070
    580.0   0.15636   0.00072
    585.0   0.15857   0.00061
    590.0   0.16049   0.00067
    595.0   0.16291   0.00058
    600.0   0.16494   0.00080
    605.0   0.16708   0.00068
    610.0   0.16930   0.00047
    615.0   0.17135   0.00096
    620.0   0.17367   0.00054
    625.0   0.17592   0.00070
    630.0   0.17846   0.00091
    635.0   0.18107   0.00046
    640.0   0.18406   0.00067
    645.0   0.18681   0.00060
    650.0   0.18980   0.00060
    655.0   0.19320   0.00058
    660.0   0.19624   0.00067
    665.0   0.19975   0.00065
    670.0   0.20324   0.00039
    675.0   0.20702   0.00072
    680.0   0.21141   0.00071
    685.0   0.21519   0.00076
    690.0   0.21812   0.00096
    695.0   0.22252   0.00086
    700.0   0.22631   0.00082
    705.0   0.23078   0.00080
    710.0   0.23547   0.00129
    715.0   0.23894   0.00167
    720.0   0.24276   0.00141
    725.0   0.24674   0.00159
    730.0   0.25031   0.00214
    735.0   0.25384   0.00210
    740.0   0.25627   0.00121
    745.0   0.25834   0.00199
    750.0   0.25921   0.00099
    755.0   0.26039   0.00080
    760.0   0.25977   0.00122
    765.0   0.25943   0.00093
    770.0   0.25743   0.00096
    775.0   0.25506   0.00057
    780.0   0.25237   0.00116
    785.0   0.24718   0.00129
    790.0   0.24253   0.00148
    795.0   0.23682   0.00158
    800.0   0.23030   0.00168
    805.0   0.22336   0.00153
    810.0   0.21563   0.00210
    815.0   0.20826   0.00113
    820.0   0.20045   0.00123
    825.0   0.19198   0.00141
    830.0   0.18366   0.00179
    835.0   0.17632   0.00154
    840.0   0.16853   0.00165
    845.0   0.16124   0.00064
    850.0   0.15337   0.00109
    855.0   0.14762   0.00052
    860.0   0.14097   0.00277
    865.0   0.13441   0.00103
    870.0   0.12970   0.00072
    875.0   0.12388   0.00167
    880.0   0.11948   0.00085
    885.0   0.11542   0.00046
    890.0   0.11068   0.00016
    895.0   0.10688   0.00019
    900.0   0.10333   0.00044
    905.0   0.10044   0.00169
    910.0   0.09755   0.00033
    915.0   0.09474   0.00061
    920.0   0.09249   0.00018
    925.0   0.09062   0.00046
    930.0   0.08928   0.00035
    935.0   0.08768   0.00003
    940.0   0.08659   0.00047
    945.0   0.08540   0.00057
    950.0   0.08433   0.00070
    955.0   0.08383   0.00080
    960.0   0.08323   0.00107
    965.0   0.08313   0.00068
    970.0   0.08314   0.00079
    975.0   0.08289   0.00062
    980.0   0.08299   0.00074
    985.0   0.08363   0.00080
    990.0   0.08416   0.00098
    995.0   0.08486   0.00078
   1000.0   0.08573   0.00071
   1005.0   0.08664   0.00077
   1010.0   0.08795   0.00057
   1015.0   0.08953   0.00059
   1020.0   0.09120   0.00112
   1025.0   0.09272   0.00091
   1030.0   0.09510   0.00103
   1035.0   0.09727   0.00100
   1040.0   0.09996   0.00096
   1045.0   0.10266   0.00132
   1050.0   0.10605   0.00096
   1055.0   0.10906   0.00145
   1060.0   0.11264   0.00121
   1065.0   0.11704   0.00117
   1070.0   0.12137   0.00126
   1075.0   0.12563   0.00145
   1080.0   0.13051   0.00154
   1085.0   0.13558   0.00134
   1090.0   0.14060   0.00179
   1095.0   0.14602   0.00163
   1100.0   0.15190   0.00165
   1105.0   0.15757   0.00183
   1110.0   0.16373   0.00218
   1115.0   0.17002   0.00204
   1120.0   0.17562   0.00159
   1125.0   0.18154   0.00159
   1130.0   0.18755   0.00194
   1135.0   0.19367   0.00270
   1140.0   0.19882   0.00280
   1145.0   0.20422   0.00252
   1150.0   0.20887   0.00259
   1155.0   0.21419   0.00247
   1160.0   0.21875   0.00248
   1165.0   0.22262   0.00289
   1170.0   0.22681   0.00295
   1175.0   0.23070   0.00312
   1180.0   0.23396   0.00291
   1185.0   0.23732   0.00310
   1190.0   0.24043   0.00316
   1195.0   0.24334   0.00324
   1200.0   0.24584   0.00326
   1205.0   0.24870   0.00448
   1210.0   0.25188   0.00357
   1215.0   0.25423   0.00324
   1220.0   0.25640   0.00303
   1225.0   0.25813   0.00336
   1230.0   0.26025   0.00346
   1235.0   0.26252   0.00354
   1240.0   0.26429   0.00264
   1245.0   0.26555   0.00294
   1250.0   0.26776   0.00288
   1255.0   0.26951   0.00306
   1260.0   0.27133   0.00332
   1265.0   0.27332   0.00302
   1270.0   0.27550   0.00264
   1275.0   0.27682   0.00286
   1280.0   0.27873   0.00276
   1285.0   0.28061   0.00274
   1290.0   0.28251   0.00290
   1295.0   0.28440   0.00268
   1300.0   0.28639   0.00285
   1305.0   0.28833   0.00269
   1310.0   0.29037   0.00290
   1315.0   0.29217   0.00295
   1320.0   0.29395   0.00276
   1325.0   0.29581   0.00247
   1330.0   0.29768   0.00280
   1335.0   0.29965   0.00304
   1340.0   0.30192   0.00200
   1345.0   0.30303   0.00278
   1350.0   0.30487   0.00314
   1355.0   0.30640   0.00349
   1360.0   0.30771   0.00461
   1365.0   0.31011   0.00408
   1370.0   0.31151   0.00461
   1375.0   0.31345   0.00384
   1380.0   0.31424   0.00411
   1385.0   0.31676   0.00409
   1390.0   0.31839   0.00369
   1395.0   0.31931   0.00443
   1400.0   0.32107   0.00406
   1405.0   0.32255   0.00484
   1410.0   0.32429   0.00477
   1415.0   0.32598   0.00429
   1420.0   0.32629   0.00341
   1425.0   0.32780   0.00364
   1430.0   0.32861   0.00325
   1435.0   0.32964   0.00376
   1440.0   0.33070   0.00326
   1445.0   0.33131   0.00384
   1450.0   0.33244   0.00342
   1455.0   0.33281   0.00338
   1460.0   0.33356   0.00367
   1465.0   0.33406   0.00374
   1470.0   0.33389   0.00333
   1475.0   0.33461   0.00302
   1480.0   0.33458   0.00356
   1485.0   0.33486   0.00355
   1490.0   0.33496   0.00271
   1495.0   0.33467   0.00317
   1500.0   0.33462   0.00362
   1505.0   0.33443   0.00334
   1510.0   0.33396   0.00312
   1515.0   0.33387   0.00389
   1520.0   0.33362   0.00304
   1525.0   0.33250   0.00355
   1530.0   0.33200   0.00314
   1535.0   0.33080   0.00311
   1540.0   0.33031   0.00264
   1545.0   0.32907   0.00325
   1550.0   0.32824   0.00353
   1555.0   0.32715   0.00199
   1560.0   0.32568   0.00313
   1565.0   0.32489   0.00283
   1570.0   0.32369   0.00191
   1575.0   0.32220   0.00276
   1580.0   0.32042   0.00292
   1585.0   0.31955   0.00263
   1590.0   0.31773   0.00332
   1595.0   0.31599   0.00287
   1600.0   0.31428   0.00342
   1605.0   0.31244   0.00271
   1610.0   0.31139   0.00213
   1615.0   0.30935   0.00271
   1620.0   0.30653   0.00243
   1625.0   0.30532   0.00238
   1630.0   0.30276   0.00365
   1635.0   0.30086   0.00269
   1640.0   0.29929   0.00253
   1645.0   0.29703   0.00298
   1650.0   0.29536   0.00325
   1655.0   0.29269   0.00254
   1660.0   0.29128   0.00261
   1665.0   0.28851   0.00287
   1670.0   0.28702   0.00229
   1675.0   0.28525   0.00296
   1680.0   0.28237   0.00318
   1685.0   0.28075   0.00296
   1690.0   0.27833   0.00201
   1695.0   0.27642   0.00342
   1700.0   0.27358   0.00196
   1705.0   0.27081   0.00084
   1710.0   0.26836   0.00145
   1715.0   0.26625   0.00184
   1720.0   0.26404   0.00162
   1725.0   0.26215   0.00154
   1730.0   0.26008   0.00157
   1735.0   0.25740   0.00127
   1740.0   0.25559   0.00119
   1745.0   0.25286   0.00155
   1750.0   0.25082   0.00126
   1755.0   0.24865   0.00034
   1760.0   0.24649   0.00029
   1765.0   0.24428   0.00001
   1770.0   0.24176   0.00030
   1775.0   0.23984   0.00009
   1780.0   0.23828   0.00025
   1785.0   0.23594   0.00057
   1790.0   0.23408   0.00022
   1795.0   0.23189   0.00010
   1800.0   0.23005   0.00010
   1805.0   0.22816   0.00020
   1810.0   0.22668   0.00004
   1815.0   0.22442   0.00061
   1820.0   0.22248   0.00066
   1825.0   0.22085   0.00071
   1830.0   0.21895   0.00024
   1835.0   0.21707   0.00034
   1840.0   0.21613   0.00048
   1845.0   0.21397   0.00005
   1850.0   0.21254   0.00034
   1855.0   0.21056   0.00021
   1860.0   0.20939   0.00001
   1865.0   0.20717   0.00001
   1870.0   0.20583   0.00066
   1875.0   0.20566   0.00038
   1880.0   0.20356   0.00009
   1885.0   0.20190   0.00004
   1890.0   0.20045   0.00014
   1895.0   0.19878   0.00034
   1900.0   0.19789   0.00027
   1905.0   0.19655   0.00032
   1910.0   0.19499   0.00022
   1915.0   0.19377   0.00022
   1920.0   0.19210   0.00037
   1925.0   0.19147   0.00068
   1930.0   0.19004   0.00046
   1935.0   0.18889   0.00016
   1940.0   0.18830   0.00005
   1945.0   0.18732   0.00010
   1950.0   0.18629   0.00023
   1955.0   0.18497   0.00032
   1960.0   0.18400   0.00031
   1965.0   0.18328   0.00015
   1970.0   0.18237   0.00016
   1975.0   0.18131   0.00015
   1980.0   0.18046   0.00110
   1985.0   0.18003   0.00035
   1990.0   0.17944   0.00085
   1995.0   0.17839   0.00063
   2000.0   0.17756   0.00114
   2005.0   0.17716   0.00076
   2010.0   0.17637   0.00057
   2015.0   0.17563   0.00026
   2020.0   0.17478   0.00014
   2025.0   0.17442   0.00037
   2030.0   0.17367   0.00038
   2035.0   0.17313   0.00051
   2040.0   0.17293   0.00078
   2045.0   0.17230   0.00086
   2050.0   0.17212   0.00065
   2055.0   0.17139   0.00062
   2060.0   0.17140   0.00038
   2065.0   0.17069   0.00080
   2070.0   0.17030   0.00047
   2075.0   0.16981   0.00033
   2080.0   0.16987   0.00059
   2085.0   0.16920   0.00098
   2090.0   0.16986   0.00031
   2095.0   0.16852   0.00088
   2100.0   0.16874   0.00039
   2105.0   0.16859   0.00074
   2110.0   0.16863   0.00145
   2115.0   0.16842   0.00103
   2120.0   0.16799   0.00092
   2125.0   0.16812   0.00021
   2130.0   0.16803   0.00024
   2135.0   0.16763   0.00077
   2140.0   0.16770   0.00057
   2145.0   0.16745   0.00024
   2150.0   0.16761   0.00015
   2155.0   0.16816   0.00060
   2160.0   0.16805   0.00077
   2165.0   0.16753   0.00051
   2170.0   0.16792   0.00060
   2175.0   0.16804   0.00006
   2180.0   0.16807   0.00115
   2185.0   0.16893   0.00091
   2190.0   0.16907   0.00037
   2195.0   0.16902   0.00086
   2200.0   0.16915   0.00010
   2205.0   0.16966   0.00047
   2210.0   0.16987   0.00024
   2215.0   0.17039   0.00120
   2220.0   0.17083   0.00091
   2225.0   0.17138   0.00080
   2230.0   0.17176   0.00069
   2235.0   0.17247   0.00120
   2240.0   0.17284   0.00066
   2245.0   0.17344   0.00093
   2250.0   0.17365   0.00090
   2255.0   0.17467   0.00051
   2260.0   0.17474   0.00075
   2265.0   0.17564   0.00043
   2270.0   0.17629   0.00061
   2275.0   0.17650   0.00065
   2280.0   0.17731   0.00100
   2285.0   0.17818   0.00014
   2290.0   0.17852   0.00126
   2295.0   0.17949   0.00076
   2300.0   0.18025   0.00096
   2305.0   0.18085   0.00064
   2310.0   0.18173   0.00090
   2315.0   0.18253   0.00069
   2320.0   0.18373   0.00082
   2325.0   0.18420   0.00080
   2330.0   0.18536   0.00043
   2335.0   0.18612   0.00066
   2340.0   0.18698   0.00093
   2345.0   0.18849   0.00078
   2350.0   0.18889   0.00139
   2355.0   0.18994   0.00079
   2360.0   0.19136   0.00059
   2365.0   0.19240   0.00042
   2370.0   0.19378   0.00085
   2375.0   0.19485   0.00081
   2380.0   0.19646   0.00095
   2385.0   0.19740   0.00051
   2390.0   0.19940   0.00065
   2395.0   0.20091   0.00049
   2400.0   0.20232   0.00012
   2405.0   0.20446   0.00080
   2410.0   0.20601   0.00098
   2415.0   0.20748   0.00054
   2420.0   0.20948   0.00100
   2425.0   0.21096   0.00121
   2430.0   0.21225   0.00105
   2435.0   0.21404   0.00084
   2440.0   0.21623   0.00062
   2445.0   0.21821   0.00044
   2450.0   0.21976   0.00024
   2455.0   0.22251   0.00061
   2460.0   0.22452   0.00003
   2465.0   0.22641   0.00091
   2470.0   0.22825   0.00105
   2475.0   0.23064   0.00095
   2480.0   0.23257   0.00084
   2485.0   0.23489   0.00042
   2490.0   0.23732   0.00026
   2495.0   0.23965   0.00006
   2500.0   0.24182   0.00023
   2505.0   0.24418   0.00018
   2510.0   0.24637   0.00036
   2515.0   0.24864   0.00057
   2520.0   0.25144   0.00067
   2525.0   0.25383   0.00118
   2530.0   0.25576   0.00084
   2535.0   0.25881   0.00114
   2540.0   0.26074   0.00045
   2545.0   0.26315   0.00091
   2550.0   0.26622   0.00066
   2555.0   0.26804   0.00055
   2560.0   0.26806   0.00073
   2565.0   0.27513   0.00127
   2570.0   0.27564   0.00054
   2575.0   0.27798   0.00034
   2580.0   0.27901   0.00029
   2585.0   0.28395   0.00167
   2590.0   0.28378   0.00101
   2595.0   0.28898   0.00132
   2600.0   0.28849   0.00005
   2605.0   0.29304   0.00071
   2610.0   0.29461   0.00058
   2615.0   0.29171   0.00081
   2620.0   0.30055   0.00101
   2625.0   0.29710   0.00058
   2630.0   0.30156   0.00036
   2635.0   0.30741   0.00174
   2640.0   0.30449   0.00041
   2645.0   0.30782   0.00020
   2650.0   0.30830   0.00052



 C2LS09      .ASC                        

 LS-CMP-009                                                              
 12063,199    RERUN SPUN THRUOUT  AVG OF TWO RUNS / GRATING              
 RATIOS ADJUSTED USING NBS HALON CALIBRATION TABLE                       

 Source Ang: 30.00   Detect Ang:  0.00  Volt: 0.777
 Date: 18-FEB-91   Time: 17:59:02
