   461
    300.0   0.03222
    305.0   0.03269
    310.0   0.03392
    315.0   0.03494
    320.0   0.03590
    325.0   0.03650
    330.0   0.03766
    335.0   0.03802
    340.0   0.03876
    345.0   0.03957
    350.0   0.04013
    355.0   0.04092
    360.0   0.04171
    365.0   0.04263
    370.0   0.04325
    375.0   0.04442
    380.0   0.04510
    385.0   0.04585
    390.0   0.04674
    395.0   0.04765
    400.0   0.04833
    405.0   0.04927
    410.0   0.04976
    415.0   0.05057
    420.0   0.05138
    425.0   0.05221
    430.0   0.05284
    435.0   0.05378
    440.0   0.05431
    445.0   0.05522
    450.0   0.05584
    455.0   0.05653
    460.0   0.05726
    465.0   0.05817
    470.0   0.05882
    475.0   0.05932
    480.0   0.06005
    485.0   0.06078
    490.0   0.06147
    495.0   0.06228
    500.0   0.06297
    505.0   0.06360
    510.0   0.06426
    515.0   0.06476
    520.0   0.06557
    525.0   0.06621
    530.0   0.06687
    535.0   0.06755
    540.0   0.06841
    545.0   0.06908
    550.0   0.06969
    555.0   0.07022
    560.0   0.07084
    565.0   0.07146
    570.0   0.07205
    575.0   0.07267
    580.0   0.07317
    585.0   0.07384
    590.0   0.07435
    595.0   0.07495
    600.0   0.07550
    605.0   0.07606
    610.0   0.07665
    615.0   0.07734
    620.0   0.07799
    625.0   0.07851
    630.0   0.07916
    635.0   0.07972
    640.0   0.08032
    645.0   0.08090
    650.0   0.08131
    655.0   0.08199
    660.0   0.08253
    665.0   0.08273
    670.0   0.08312
    675.0   0.08355
    680.0   0.08409
    685.0   0.08474
    690.0   0.08507
    695.0   0.08549
    700.0   0.08608
    705.0   0.08639
    710.0   0.08717
    715.0   0.08763
    720.0   0.08756
    725.0   0.08839
    730.0   0.08874
    735.0   0.08923
    740.0   0.08965
    745.0   0.09014
    750.0   0.09040
    755.0   0.09075
    760.0   0.09123
    765.0   0.09151
    770.0   0.09213
    775.0   0.09243
    780.0   0.09228
    785.0   0.09260
    790.0   0.09313
    795.0   0.09351
    800.0   0.09377
    805.0   0.09393
    810.0   0.09434
    815.0   0.09443
    820.0   0.09476
    825.0   0.09477
    830.0   0.09514
    835.0   0.09519
    840.0   0.09557
    845.0   0.09537
    850.0   0.09533
    855.0   0.09554
    860.0   0.09573
    865.0   0.09570
    870.0   0.09512
    875.0   0.09491
    880.0   0.09471
    885.0   0.09511
    890.0   0.09494
    895.0   0.09523
    900.0   0.09534
    905.0   0.09522
    910.0   0.09539
    915.0   0.09562
    920.0   0.09559
    925.0   0.09591
    930.0   0.09610
    935.0   0.09623
    940.0   0.09679
    945.0   0.09723
    950.0   0.09720
    955.0   0.09747
    960.0   0.09766
    965.0   0.09809
    970.0   0.09847
    975.0   0.09896
    980.0   0.09944
    985.0   0.09975
    990.0   0.10036
    995.0   0.10063
   1000.0   0.10105
   1005.0   0.10180
   1010.0   0.10212
   1015.0   0.10263
   1020.0   0.10329
   1025.0   0.10395
   1030.0   0.10443
   1035.0   0.10519
   1040.0   0.10601
   1045.0   0.10645
   1050.0   0.10725
   1055.0   0.10774
   1060.0   0.10851
   1065.0   0.10907
   1070.0   0.10979
   1075.0   0.11041
   1080.0   0.11110
   1085.0   0.11197
   1090.0   0.11261
   1095.0   0.11323
   1100.0   0.11404
   1105.0   0.11464
   1110.0   0.11547
   1115.0   0.11592
   1120.0   0.11667
   1125.0   0.11716
   1130.0   0.11773
   1135.0   0.11830
   1140.0   0.11889
   1145.0   0.11951
   1150.0   0.11997
   1155.0   0.12064
   1160.0   0.12121
   1165.0   0.12176
   1170.0   0.12222
   1175.0   0.12281
   1180.0   0.12329
   1185.0   0.12379
   1190.0   0.12434
   1195.0   0.12481
   1200.0   0.12527
   1205.0   0.12597
   1210.0   0.12626
   1215.0   0.12667
   1220.0   0.12721
   1225.0   0.12781
   1230.0   0.12831
   1235.0   0.12852
   1240.0   0.12898
   1245.0   0.12940
   1250.0   0.12988
   1255.0   0.13030
   1260.0   0.13075
   1265.0   0.13109
   1270.0   0.13155
   1275.0   0.13197
   1280.0   0.13235
   1285.0   0.13278
   1290.0   0.13349
   1295.0   0.13394
   1300.0   0.13443
   1305.0   0.13478
   1310.0   0.13519
   1315.0   0.13582
   1320.0   0.13639
   1325.0   0.13686
   1330.0   0.13708
   1335.0   0.13763
   1340.0   0.13806
   1345.0   0.13873
   1350.0   0.13908
   1355.0   0.13934
   1360.0   0.13971
   1365.0   0.14008
   1370.0   0.14036
   1375.0   0.14092
   1380.0   0.14208
   1385.0   0.14204
   1390.0   0.14262
   1395.0   0.14379
   1400.0   0.14356
   1405.0   0.14418
   1410.0   0.14516
   1415.0   0.14544
   1420.0   0.14598
   1425.0   0.14666
   1430.0   0.14726
   1435.0   0.14781
   1440.0   0.14825
   1445.0   0.14858
   1450.0   0.14897
   1455.0   0.14960
   1460.0   0.15021
   1465.0   0.15056
   1470.0   0.15069
   1475.0   0.15137
   1480.0   0.15193
   1485.0   0.15226
   1490.0   0.15294
   1495.0   0.15302
   1500.0   0.15356
   1505.0   0.15417
   1510.0   0.15464
   1515.0   0.15480
   1520.0   0.15519
   1525.0   0.15556
   1530.0   0.15616
   1535.0   0.15659
   1540.0   0.15652
   1545.0   0.15699
   1550.0   0.15766
   1555.0   0.15777
   1560.0   0.15839
   1565.0   0.15847
   1570.0   0.15887
   1575.0   0.15940
   1580.0   0.15935
   1585.0   0.15997
   1590.0   0.16000
   1595.0   0.16059
   1600.0   0.16055
   1605.0   0.16109
   1610.0   0.16125
   1615.0   0.16171
   1620.0   0.16169
   1625.0   0.16180
   1630.0   0.16227
   1635.0   0.16248
   1640.0   0.16261
   1645.0   0.16327
   1650.0   0.16346
   1655.0   0.16396
   1660.0   0.16379
   1665.0   0.16416
   1670.0   0.16487
   1675.0   0.16489
   1680.0   0.16506
   1685.0   0.16495
   1690.0   0.16541
   1695.0   0.16556
   1700.0   0.16632
   1705.0   0.16642
   1710.0   0.16674
   1715.0   0.16716
   1720.0   0.16731
   1725.0   0.16763
   1730.0   0.16765
   1735.0   0.16784
   1740.0   0.16816
   1745.0   0.16832
   1750.0   0.16864
   1755.0   0.16879
   1760.0   0.16887
   1765.0   0.16923
   1770.0   0.16943
   1775.0   0.16969
   1780.0   0.16978
   1785.0   0.17040
   1790.0   0.17039
   1795.0   0.17066
   1800.0   0.17098
   1805.0   0.17090
   1810.0   0.17138
   1815.0   0.17157
   1820.0   0.17182
   1825.0   0.17189
   1830.0   0.17241
   1835.0   0.17294
   1840.0   0.17286
   1845.0   0.17292
   1850.0   0.17320
   1855.0   0.17341
   1860.0   0.17365
   1865.0   0.17396
   1870.0   0.17508
   1875.0   0.17395
   1880.0   0.17356
   1885.0   0.17450
   1890.0   0.17458
   1895.0   0.17496
   1900.0   0.17547
   1905.0   0.17515
   1910.0   0.17499
   1915.0   0.17556
   1920.0   0.17584
   1925.0   0.17574
   1930.0   0.17594
   1935.0   0.17616
   1940.0   0.17635
   1945.0   0.17651
   1950.0   0.17671
   1955.0   0.17692
   1960.0   0.17737
   1965.0   0.17750
   1970.0   0.17785
   1975.0   0.17815
   1980.0   0.17833
   1985.0   0.17857
   1990.0   0.17871
   1995.0   0.17901
   2000.0   0.17921
   2005.0   0.17941
   2010.0   0.17971
   2015.0   0.18015
   2020.0   0.18033
   2025.0   0.18029
   2030.0   0.18062
   2035.0   0.18081
   2040.0   0.18079
   2045.0   0.18126
   2050.0   0.18146
   2055.0   0.18173
   2060.0   0.18187
   2065.0   0.18228
   2070.0   0.18268
   2075.0   0.18284
   2080.0   0.18321
   2085.0   0.18352
   2090.0   0.18370
   2095.0   0.18397
   2100.0   0.18409
   2105.0   0.18441
   2110.0   0.18469
   2115.0   0.18489
   2120.0   0.18531
   2125.0   0.18573
   2130.0   0.18591
   2135.0   0.18630
   2140.0   0.18652
   2145.0   0.18670
   2150.0   0.18680
   2155.0   0.18716
   2160.0   0.18780
   2165.0   0.18794
   2170.0   0.18822
   2175.0   0.18861
   2180.0   0.18914
   2185.0   0.18954
   2190.0   0.18974
   2195.0   0.19020
   2200.0   0.19034
   2205.0   0.19073
   2210.0   0.19121
   2215.0   0.19173
   2220.0   0.19184
   2225.0   0.19257
   2230.0   0.19293
   2235.0   0.19290
   2240.0   0.19384
   2245.0   0.19422
   2250.0   0.19456
   2255.0   0.19480
   2260.0   0.19526
   2265.0   0.19554
   2270.0   0.19606
   2275.0   0.19648
   2280.0   0.19701
   2285.0   0.19740
   2290.0   0.19788
   2295.0   0.19852
   2300.0   0.19911
   2305.0   0.19922
   2310.0   0.19971
   2315.0   0.20015
   2320.0   0.20060
   2325.0   0.20116
   2330.0   0.20137
   2335.0   0.20177
   2340.0   0.20236
   2345.0   0.20270
   2350.0   0.20321
   2355.0   0.20336
   2360.0   0.20365
   2365.0   0.20412
   2370.0   0.20424
   2375.0   0.20479
   2380.0   0.20508
   2385.0   0.20553
   2390.0   0.20580
   2395.0   0.20647
   2400.0   0.20715
   2405.0   0.20774
   2410.0   0.20780
   2415.0   0.20826
   2420.0   0.20888
   2425.0   0.20901
   2430.0   0.20990
   2435.0   0.21068
   2440.0   0.21114
   2445.0   0.21196
   2450.0   0.21217
   2455.0   0.21283
   2460.0   0.21308
   2465.0   0.21345
   2470.0   0.21422
   2475.0   0.21412
   2480.0   0.21485
   2485.0   0.21550
   2490.0   0.21578
   2495.0   0.21622
   2500.0   0.21649
   2505.0   0.21772
   2510.0   0.21773
   2515.0   0.21890
   2520.0   0.21874
   2525.0   0.21994
   2530.0   0.22062
   2535.0   0.22040
   2540.0   0.22139
   2545.0   0.22223
   2550.0   0.22126
   2555.0   0.22040
   2560.0   0.22622
   2565.0   0.22309
   2570.0   0.22344
   2575.0   0.22363
   2580.0   0.22468
   2585.0   0.22598
   2590.0   0.22485
   2595.0   0.22681
   2600.0   0.22480



 C2LS78      .ASC                        

 LS-CMP-078                                                              
 12023,136 <1000 micron.  Apollo 12 soil.                                
 RATIOS ADJUSTED USING NBS HALON CALIBRATION TABLE                       
 Wavelength error in 860-1750 nm region: +4 nm                           

 Source Ang: 30.00   Detect Ang:  0.00  Volt: 0.222
 Date: 18-DEC-94   Time: 16:56:18
