       224
    320.00   .044015   .002754
    330.00   .044748   .001944
    340.00   .045825   .001925
    350.00   .046808   .001382
    360.00   .047525   .001037
    370.00   .048669   .001253
    380.00   .050236   .001008
    390.00   .051311   .001078
    400.00   .052618   .001408
    410.00   .053819   .001068
    420.00   .055116   .001632
    430.00   .056180   .001362
    440.00   .057197   .001150
    450.00   .058197   .001616
    460.00   .059225   .001364
    470.00   .060247   .001188
    480.00   .061198   .001055
    490.00   .062240   .000948
    500.00   .063304   .001393
    510.00   .064265   .001278
    520.00   .065191   .001177
    530.00   .066120   .001112
    540.00   .067058   .001041
    550.00   .067848   .000998
    560.00   .068724   .000957
    570.00   .069597   .000936
    580.00   .070433   .000917
    590.00   .071415   .000899
    600.00   .072256   .000897
    610.00   .073114   .000902
    620.00   .073940   .000905
    630.00   .074704   .000917
    640.00   .075621   .000942
    650.00   .076476   .000967
    660.00   .077348   .001028
    670.00   .078154   .001032
    680.00   .079067   .000965
    690.00   .079954   .000966
    700.00   .080691   .000963
    710.00   .081471   .001022
    720.00   .082264   .001089
    730.00   .083104   .001160
    740.00   .083881   .001408
    750.00   .084733   .001482
    760.00   .085490   .001616
    770.00   .086212   .000992
    780.00   .086835   .001110
    790.00   .087509   .001222
    800.00   .088091   .001327
    810.00   .088672   .001436
    820.00   .089217   .001549
    830.00   .089675   .001635
    840.00   .090201   .001656
    850.00   .090732   .001674
    860.00   .091127   .001000
    870.00   .091504   .003005
    880.00   .091738   .002784
    890.00   .091582   .003717
    900.00   .091754   .003230
    910.00   .091725   .002865
    920.00   .092249   .002529
    930.00   .092636   .002321
    940.00   .093215   .002100
    950.00   .093461   .001864
    960.00   .094052   .001588
    970.00   .094538   .001445
    980.00   .095182   .001264
    990.00   .095649   .001176
   1000.00   .096421   .001018
   1010.00   .096819   .000948
   1020.00   .097728   .000879
   1030.00   .098340   .000868
   1040.00   .099079   .000772
   1050.00   .099945   .001203
   1060.00   .100564   .001101
   1070.00   .101515   .001111
   1080.00   .102178   .000996
   1090.00   .102813   .000938
   1100.00   .103491   .000938
   1110.00   .104395   .000844
   1120.00   .105511   .000837
   1130.00   .106011   .000862
   1140.00   .106824   .000785
   1150.00   .107676   .000774
   1160.00   .108283   .000741
   1170.00   .108860   .000996
   1180.00   .109578   .000950
   1190.00   .110318   .000958
   1200.00   .110994   .000894
   1210.00   .111744   .000929
   1220.00   .112681   .000907
   1230.00   .113452   .000978
   1240.00   .114097   .000885
   1250.00   .114853   .000852
   1260.00   .115583   .000864
   1270.00   .116354   .000883
   1280.00   .117316   .000903
   1290.00   .118247   .000867
   1300.00   .119020   .000900
   1310.00   .120032   .000891
   1320.00   .120811   .001060
   1330.00   .121754   .001042
   1340.00   .122825   .001062
   1350.00   .123866   .001265
   1360.00   .124756   .001453
   1370.00   .125637   .001414
   1380.00   .126543   .001459
   1390.00   .127560   .001359
   1400.00   .128501   .001397
   1410.00   .129475   .001326
   1420.00   .130577   .001107
   1430.00   .131405   .001067
   1440.00   .132204   .001062
   1450.00   .132837   .000947
   1460.00   .133698   .000838
   1470.00   .134665   .000968
   1480.00   .135298   .000961
   1490.00   .135974   .000894
   1500.00   .136705   .000845
   1510.00   .137466   .000884
   1520.00   .138211   .000881
   1530.00   .139127   .000864
   1540.00   .139792   .000992
   1550.00   .140487   .000887
   1560.00   .141305   .000854
   1570.00   .142100   .000947
   1580.00   .142665   .000993
   1590.00   .143592   .000964
   1600.00   .144188   .001059
   1610.00   .144599   .001073
   1620.00   .145311   .000983
   1630.00   .146032   .001051
   1640.00   .146482   .001110
   1650.00   .147313   .001020
   1660.00   .148176   .001000
   1670.00   .148798   .001122
   1680.00   .149500   .001160
   1690.00   .150378   .001138
   1700.00   .150984   .001102
   1710.00   .151354   .001231
   1720.00   .151925   .001226
   1730.00   .152501   .001190
   1740.00   .153186   .001185
   1750.00   .153734   .001066
   1760.00   .154059   .001176
   1770.00   .154672   .001424
   1780.00   .155314   .001110
   1790.00   .155977   .001126
   1800.00   .156717   .001137
   1810.00   .157020   .001014
   1820.00   .157685   .001011
   1830.00   .158005   .001021
   1840.00   .158466   .001019
   1850.00   .158756   .001023
   1860.00   .159222   .001004
   1870.00   .159740   .000998
   1880.00   .160241   .001021
   1890.00   .160747   .001010
   1900.00   .161251   .001026
   1910.00   .161736   .001045
   1920.00   .162100   .001141
   1930.00   .162998   .001033
   1940.00   .163529   .001073
   1950.00   .164545   .001066
   1960.00   .165116   .001051
   1970.00   .166082   .001006
   1980.00   .166618   .001075
   1990.00   .167468   .001105
   2000.00   .168161   .001067
   2010.00   .169045   .000987
   2020.00   .169739   .001059
   2030.00   .170493   .001083
   2040.00   .171115   .001059
   2050.00   .171751   .001091
   2060.00   .172372   .001107
   2070.00   .173072   .001051
   2080.00   .173918   .001154
   2090.00   .174622   .001237
   2100.00   .175219   .001152
   2110.00   .176298   .001075
   2120.00   .177098   .001318
   2130.00   .177919   .001262
   2140.00   .178799   .001306
   2150.00   .179563   .001299
   2160.00   .180570   .001396
   2170.00   .181328   .001228
   2180.00   .181985   .001351
   2190.00   .182797   .001236
   2200.00   .183461   .001364
   2210.00   .183921   .001347
   2220.00   .184898   .001419
   2230.00   .185693   .001423
   2240.00   .186343   .001403
   2250.00   .187555   .001338
   2260.00   .188325   .001248
   2270.00   .188823   .001263
   2280.00   .189728   .001526
   2290.00   .190757   .001434
   2300.00   .191338   .001377
   2310.00   .192176   .001358
   2320.00   .193112   .001317
   2330.00   .193843   .001286
   2340.00   .194506   .001299
   2350.00   .195442   .001440
   2360.00   .196204   .001492
   2370.00   .197302   .001390
   2380.00   .197961   .001439
   2390.00   .198433   .001519
   2400.00   .199308   .001383
   2410.00   .199875   .001567
   2420.00   .200644   .001691
   2430.00   .201619   .001563
   2440.00   .202627   .001443
   2450.00   .203057   .001554
   2460.00   .203935   .001493
   2470.00   .204201   .001488
   2480.00   .205162   .001516
   2490.00   .205972   .001504
   2500.00   .206433   .001606
   2510.00   .207217   .001632
   2520.00   .207585   .001321
   2530.00   .208313   .001389
   2540.00   .209535   .001492
   2550.00   .209639   .001479



 C2LS150.ASC             

 LS-BWD-150
 Lunar soil 61141 agglutinates 125-250 um (magnetically-separated)
 No depolarizer was used over the wavelength range of 1800-2550 nm
 Albedo adjusted to the visible range
 
 Source Ang:  30.00, Detect Ang:    .00, Volt:  .777
 Date: 08-FEB-22, Time: 16:10:56
 
 RATIOS ADJUSTED USING RELAB SPECTRALON CALIBRATION TABLE
