       224
    320.00   .042563   .002612
    330.00   .043134   .001825
    340.00   .044321   .001823
    350.00   .045497   .001317
    360.00   .046612   .000964
    370.00   .047959   .001173
    380.00   .049594   .000931
    390.00   .050631   .000999
    400.00   .052034   .001298
    410.00   .053172   .000972
    420.00   .054172   .001569
    430.00   .054986   .001310
    440.00   .055865   .001123
    450.00   .056346   .001577
    460.00   .057057   .001352
    470.00   .057747   .001182
    480.00   .058519   .001076
    490.00   .059325   .000970
    500.00   .060159   .001373
    510.00   .060886   .001274
    520.00   .061703   .001203
    530.00   .062401   .001149
    540.00   .063024   .001100
    550.00   .063696   .001057
    560.00   .064358   .001002
    570.00   .064976   .000989
    580.00   .065565   .000971
    590.00   .066107   .000968
    600.00   .066648   .000960
    610.00   .067158   .000947
    620.00   .067660   .000956
    630.00   .068170   .000960
    640.00   .068702   .000980
    650.00   .069198   .001016
    660.00   .069717   .001069
    670.00   .070275   .001041
    680.00   .070889   .001004
    690.00   .071387   .000983
    700.00   .071863   .001006
    710.00   .072351   .001053
    720.00   .072881   .001119
    730.00   .073269   .001182
    740.00   .073807   .001397
    750.00   .074110   .001485
    760.00   .074446   .001617
    770.00   .074777   .001028
    780.00   .075002   .001093
    790.00   .075105   .001204
    800.00   .075080   .001317
    810.00   .075038   .001432
    820.00   .074769   .001538
    830.00   .074569   .001588
    840.00   .074336   .001626
    850.00   .074065   .001638
    860.00   .073907   .002987
    870.00   .073311   .002685
    880.00   .072990   .002421
    890.00   .072210   .002962
    900.00   .071946   .002700
    910.00   .071867   .002470
    920.00   .071897   .002277
    930.00   .071860   .002126
    940.00   .071780   .001851
    950.00   .071963   .001631
    960.00   .072287   .001408
    970.00   .072775   .001254
    980.00   .073257   .001106
    990.00   .073915   .001009
   1000.00   .074621   .000909
   1010.00   .075473   .000842
   1020.00   .076351   .000775
   1030.00   .077273   .000730
   1040.00   .078195   .000723
   1050.00   .079045   .001057
   1060.00   .079775   .001030
   1070.00   .080553   .000983
   1080.00   .081285   .000902
   1090.00   .081971   .000840
   1100.00   .082682   .000853
   1110.00   .083316   .000774
   1120.00   .084012   .000765
   1130.00   .084346   .000725
   1140.00   .084836   .000680
   1150.00   .085329   .000670
   1160.00   .085620   .000666
   1170.00   .086119   .000890
   1180.00   .086451   .000854
   1190.00   .086709   .000829
   1200.00   .087069   .000825
   1210.00   .087437   .000798
   1220.00   .087755   .000781
   1230.00   .088182   .000815
   1240.00   .088523   .000794
   1250.00   .088867   .000759
   1260.00   .089317   .000757
   1270.00   .089797   .000727
   1280.00   .090310   .000735
   1290.00   .090740   .000702
   1300.00   .091213   .000720
   1310.00   .091841   .000719
   1320.00   .092389   .000679
   1330.00   .092889   .000666
   1340.00   .093434   .000666
   1350.00   .093912   .000678
   1360.00   .094422   .000785
   1370.00   .094924   .000790
   1380.00   .095446   .000789
   1390.00   .096051   .000749
   1400.00   .096599   .000736
   1410.00   .097172   .000726
   1420.00   .097681   .000673
   1430.00   .098121   .000679
   1440.00   .098581   .000709
   1450.00   .099026   .000682
   1460.00   .099230   .000667
   1470.00   .099678   .000692
   1480.00   .100023   .000728
   1490.00   .100338   .000732
   1500.00   .100675   .000721
   1510.00   .100891   .000763
   1520.00   .101291   .000713
   1530.00   .101506   .000705
   1540.00   .101836   .000697
   1550.00   .102077   .000752
   1560.00   .102325   .000734
   1570.00   .102573   .000720
   1580.00   .102723   .000717
   1590.00   .102893   .000742
   1600.00   .103144   .000764
   1610.00   .103302   .000819
   1620.00   .103375   .000865
   1630.00   .103488   .000784
   1640.00   .103751   .000851
   1650.00   .103905   .000814
   1660.00   .104243   .000861
   1670.00   .104383   .000835
   1680.00   .104589   .000854
   1690.00   .104755   .000819
   1700.00   .104824   .000853
   1710.00   .104940   .000876
   1720.00   .105012   .000828
   1730.00   .105032   .000823
   1740.00   .105112   .000798
   1750.00   .105317   .000822
   1760.00   .105077   .000886
   1770.00   .105151   .000928
   1780.00   .105352   .001016
   1790.00   .105308   .000961
   1800.00   .105234   .001018
   1810.00   .105540   .001024
   1820.00   .105498   .001063
   1830.00   .105568   .001153
   1840.00   .105521   .001197
   1850.00   .105657   .001249
   1860.00   .105773   .001279
   1870.00   .105861   .001269
   1880.00   .105946   .001272
   1890.00   .106050   .001212
   1900.00   .106185   .001269
   1910.00   .106333   .001211
   1920.00   .106435   .001024
   1930.00   .106580   .001030
   1940.00   .106806   .001058
   1950.00   .107198   .001027
   1960.00   .107398   .000960
   1970.00   .107721   .000960
   1980.00   .108055   .000711
   1990.00   .108559   .000696
   2000.00   .108990   .000704
   2010.00   .109381   .000740
   2020.00   .109746   .000766
   2030.00   .110107   .000784
   2040.00   .110357   .000700
   2050.00   .110891   .000742
   2060.00   .111307   .000764
   2070.00   .111684   .000802
   2080.00   .111842   .000761
   2090.00   .112350   .000796
   2100.00   .112721   .000832
   2110.00   .113466   .000830
   2120.00   .113990   .000836
   2130.00   .114779   .000829
   2140.00   .115475   .000844
   2150.00   .116036   .000928
   2160.00   .116599   .000950
   2170.00   .117289   .000921
   2180.00   .117604   .000970
   2190.00   .118263   .001010
   2200.00   .118856   .001082
   2210.00   .119245   .001061
   2220.00   .119813   .001055
   2230.00   .120505   .001060
   2240.00   .121190   .001119
   2250.00   .121804   .001176
   2260.00   .122438   .001149
   2270.00   .122978   .001113
   2280.00   .123719   .001070
   2290.00   .124393   .001114
   2300.00   .124863   .001087
   2310.00   .125727   .001166
   2320.00   .126404   .001179
   2330.00   .126954   .001190
   2340.00   .127570   .001145
   2350.00   .128265   .001155
   2360.00   .128709   .001024
   2370.00   .129514   .001069
   2380.00   .130019   .001182
   2390.00   .130674   .001192
   2400.00   .131367   .001101
   2410.00   .132067   .001090
   2420.00   .132664   .001170
   2430.00   .133204   .001184
   2440.00   .133772   .001297
   2450.00   .134370   .001258
   2460.00   .134975   .001248
   2470.00   .135731   .001215
   2480.00   .136293   .001234
   2490.00   .136915   .001363
   2500.00   .137678   .001280
   2510.00   .138074   .001323
   2520.00   .137839   .001215
   2530.00   .137891   .001237
   2540.00   .138126   .001207
   2550.00   .136895   .001300



 C2LS146.ASC             

 LS-BWD-146
 Lunar soil 14259 bulk 125-250 um
 No depolarizer was used over the wavelength range of 1800-2550 nm
 Albedo adjusted to the visible range
 
 Source Ang:  30.00, Detect Ang:    .00, Volt:  .777
 Date: 07-FEB-22, Time: 12:52:52
 
 RATIOS ADJUSTED USING RELAB SPECTRALON CALIBRATION TABLE
