   461
    300.0   0.06164
    305.0   0.06240
    310.0   0.06353
    315.0   0.06568
    320.0   0.06531
    325.0   0.06661
    330.0   0.06755
    335.0   0.06826
    340.0   0.06915
    345.0   0.07100
    350.0   0.07147
    355.0   0.07309
    360.0   0.07413
    365.0   0.07529
    370.0   0.07613
    375.0   0.07708
    380.0   0.07794
    385.0   0.07877
    390.0   0.07934
    395.0   0.08012
    400.0   0.08091
    405.0   0.08174
    410.0   0.08040
    415.0   0.07976
    420.0   0.08124
    425.0   0.08127
    430.0   0.08119
    435.0   0.08147
    440.0   0.08139
    445.0   0.08154
    450.0   0.08142
    455.0   0.08158
    460.0   0.08149
    465.0   0.08130
    470.0   0.08147
    475.0   0.08165
    480.0   0.08178
    485.0   0.08164
    490.0   0.08189
    495.0   0.08213
    500.0   0.08217
    505.0   0.08211
    510.0   0.08213
    515.0   0.08236
    520.0   0.08259
    525.0   0.08286
    530.0   0.08320
    535.0   0.08364
    540.0   0.08460
    545.0   0.08469
    550.0   0.08486
    555.0   0.08518
    560.0   0.08540
    565.0   0.08565
    570.0   0.08582
    575.0   0.08606
    580.0   0.08627
    585.0   0.08657
    590.0   0.08670
    595.0   0.08709
    600.0   0.08732
    605.0   0.08775
    610.0   0.08820
    615.0   0.08873
    620.0   0.08902
    625.0   0.08946
    630.0   0.09019
    635.0   0.09060
    640.0   0.09102
    645.0   0.09120
    650.0   0.09171
    655.0   0.09222
    660.0   0.09210
    665.0   0.09254
    670.0   0.09301
    675.0   0.09340
    680.0   0.09359
    685.0   0.09413
    690.0   0.09434
    695.0   0.09465
    700.0   0.09491
    705.0   0.09533
    710.0   0.09581
    715.0   0.09613
    720.0   0.09736
    725.0   0.09778
    730.0   0.09839
    735.0   0.09874
    740.0   0.09917
    745.0   0.09956
    750.0   0.10005
    755.0   0.10049
    760.0   0.10024
    765.0   0.10066
    770.0   0.10094
    775.0   0.10061
    780.0   0.10076
    785.0   0.10078
    790.0   0.10096
    795.0   0.10119
    800.0   0.10086
    805.0   0.10100
    810.0   0.10135
    815.0   0.10116
    820.0   0.10139
    825.0   0.10130
    830.0   0.10132
    835.0   0.10137
    840.0   0.10138
    845.0   0.10105
    850.0   0.10078
    855.0   0.10106
    860.0   0.10065
    865.0   0.10070
    870.0   0.10065
    875.0   0.10046
    880.0   0.10043
    885.0   0.10014
    890.0   0.10033
    895.0   0.09999
    900.0   0.10011
    905.0   0.09972
    910.0   0.09931
    915.0   0.09955
    920.0   0.09930
    925.0   0.09936
    930.0   0.09914
    935.0   0.09924
    940.0   0.09922
    945.0   0.09900
    950.0   0.09935
    955.0   0.09921
    960.0   0.09934
    965.0   0.09940
    970.0   0.09939
    975.0   0.09945
    980.0   0.09987
    985.0   0.10000
    990.0   0.10021
    995.0   0.10051
   1000.0   0.10058
   1005.0   0.10094
   1010.0   0.10129
   1015.0   0.10176
   1020.0   0.10205
   1025.0   0.10253
   1030.0   0.10298
   1035.0   0.10348
   1040.0   0.10381
   1045.0   0.10460
   1050.0   0.10488
   1055.0   0.10544
   1060.0   0.10591
   1065.0   0.10637
   1070.0   0.10693
   1075.0   0.10737
   1080.0   0.10768
   1085.0   0.10863
   1090.0   0.10888
   1095.0   0.10930
   1100.0   0.10979
   1105.0   0.11021
   1110.0   0.11061
   1115.0   0.11106
   1120.0   0.11132
   1125.0   0.11185
   1130.0   0.11202
   1135.0   0.11236
   1140.0   0.11249
   1145.0   0.11281
   1150.0   0.11299
   1155.0   0.11328
   1160.0   0.11355
   1165.0   0.11380
   1170.0   0.11400
   1175.0   0.11437
   1180.0   0.11436
   1185.0   0.11460
   1190.0   0.11491
   1195.0   0.11488
   1200.0   0.11486
   1205.0   0.11516
   1210.0   0.11517
   1215.0   0.11574
   1220.0   0.11585
   1225.0   0.11614
   1230.0   0.11639
   1235.0   0.11653
   1240.0   0.11656
   1245.0   0.11639
   1250.0   0.11655
   1255.0   0.11668
   1260.0   0.11682
   1265.0   0.11706
   1270.0   0.11685
   1275.0   0.11653
   1280.0   0.11664
   1285.0   0.11700
   1290.0   0.11697
   1295.0   0.11728
   1300.0   0.11736
   1305.0   0.11731
   1310.0   0.11739
   1315.0   0.11764
   1320.0   0.11792
   1325.0   0.11823
   1330.0   0.11836
   1335.0   0.11855
   1340.0   0.11880
   1345.0   0.11893
   1350.0   0.11897
   1355.0   0.11895
   1360.0   0.11889
   1365.0   0.11977
   1370.0   0.12017
   1375.0   0.11941
   1380.0   0.11986
   1385.0   0.12053
   1390.0   0.12076
   1395.0   0.12077
   1400.0   0.12112
   1405.0   0.12142
   1410.0   0.12189
   1415.0   0.12216
   1420.0   0.12186
   1425.0   0.12230
   1430.0   0.12226
   1435.0   0.12256
   1440.0   0.12310
   1445.0   0.12305
   1450.0   0.12331
   1455.0   0.12334
   1460.0   0.12355
   1465.0   0.12385
   1470.0   0.12390
   1475.0   0.12413
   1480.0   0.12434
   1485.0   0.12461
   1490.0   0.12483
   1495.0   0.12502
   1500.0   0.12493
   1505.0   0.12534
   1510.0   0.12556
   1515.0   0.12564
   1520.0   0.12569
   1525.0   0.12600
   1530.0   0.12621
   1535.0   0.12633
   1540.0   0.12649
   1545.0   0.12662
   1550.0   0.12644
   1555.0   0.12645
   1560.0   0.12659
   1565.0   0.12678
   1570.0   0.12689
   1575.0   0.12712
   1580.0   0.12754
   1585.0   0.12766
   1590.0   0.12766
   1595.0   0.12781
   1600.0   0.12775
   1605.0   0.12762
   1610.0   0.12770
   1615.0   0.12798
   1620.0   0.12798
   1625.0   0.12801
   1630.0   0.12781
   1635.0   0.12794
   1640.0   0.12816
   1645.0   0.12823
   1650.0   0.12852
   1655.0   0.12854
   1660.0   0.12857
   1665.0   0.12870
   1670.0   0.12866
   1675.0   0.12885
   1680.0   0.12864
   1685.0   0.12863
   1690.0   0.12848
   1695.0   0.12897
   1700.0   0.12917
   1705.0   0.12918
   1710.0   0.12914
   1715.0   0.12906
   1720.0   0.12926
   1725.0   0.12956
   1730.0   0.12944
   1735.0   0.12933
   1740.0   0.12910
   1745.0   0.12926
   1750.0   0.12913
   1755.0   0.12932
   1760.0   0.12948
   1765.0   0.12943
   1770.0   0.12940
   1775.0   0.12946
   1780.0   0.12952
   1785.0   0.12956
   1790.0   0.12967
   1795.0   0.12964
   1800.0   0.12957
   1805.0   0.12962
   1810.0   0.12932
   1815.0   0.12969
   1820.0   0.12977
   1825.0   0.12990
   1830.0   0.12978
   1835.0   0.12961
   1840.0   0.13011
   1845.0   0.12922
   1850.0   0.12958
   1855.0   0.12925
   1860.0   0.12965
   1865.0   0.12907
   1870.0   0.12997
   1875.0   0.13062
   1880.0   0.12905
   1885.0   0.12941
   1890.0   0.12931
   1895.0   0.12937
   1900.0   0.12940
   1905.0   0.12947
   1910.0   0.12954
   1915.0   0.12946
   1920.0   0.12931
   1925.0   0.12946
   1930.0   0.12941
   1935.0   0.12931
   1940.0   0.12929
   1945.0   0.12939
   1950.0   0.12911
   1955.0   0.12917
   1960.0   0.12940
   1965.0   0.12925
   1970.0   0.12885
   1975.0   0.12881
   1980.0   0.12877
   1985.0   0.12889
   1990.0   0.12878
   1995.0   0.12860
   2000.0   0.12878
   2005.0   0.12862
   2010.0   0.12879
   2015.0   0.12862
   2020.0   0.12899
   2025.0   0.12880
   2030.0   0.12864
   2035.0   0.12866
   2040.0   0.12861
   2045.0   0.12890
   2050.0   0.12865
   2055.0   0.12849
   2060.0   0.12842
   2065.0   0.12810
   2070.0   0.12844
   2075.0   0.12849
   2080.0   0.12855
   2085.0   0.12862
   2090.0   0.12859
   2095.0   0.12861
   2100.0   0.12881
   2105.0   0.12875
   2110.0   0.12866
   2115.0   0.12896
   2120.0   0.12876
   2125.0   0.12887
   2130.0   0.12887
   2135.0   0.12910
   2140.0   0.12929
   2145.0   0.12931
   2150.0   0.12948
   2155.0   0.12965
   2160.0   0.12944
   2165.0   0.12946
   2170.0   0.12958
   2175.0   0.12962
   2180.0   0.12996
   2185.0   0.12991
   2190.0   0.12999
   2195.0   0.13014
   2200.0   0.13057
   2205.0   0.13064
   2210.0   0.13088
   2215.0   0.13099
   2220.0   0.13115
   2225.0   0.13115
   2230.0   0.13116
   2235.0   0.13120
   2240.0   0.13091
   2245.0   0.13164
   2250.0   0.13177
   2255.0   0.13209
   2260.0   0.13226
   2265.0   0.13241
   2270.0   0.13226
   2275.0   0.13264
   2280.0   0.13273
   2285.0   0.13338
   2290.0   0.13327
   2295.0   0.13327
   2300.0   0.13364
   2305.0   0.13411
   2310.0   0.13393
   2315.0   0.13411
   2320.0   0.13383
   2325.0   0.13391
   2330.0   0.13402
   2335.0   0.13441
   2340.0   0.13429
   2345.0   0.13445
   2350.0   0.13431
   2355.0   0.13462
   2360.0   0.13464
   2365.0   0.13494
   2370.0   0.13542
   2375.0   0.13540
   2380.0   0.13574
   2385.0   0.13565
   2390.0   0.13611
   2395.0   0.13639
   2400.0   0.13702
   2405.0   0.13687
   2410.0   0.13720
   2415.0   0.13703
   2420.0   0.13761
   2425.0   0.13772
   2430.0   0.13816
   2435.0   0.13865
   2440.0   0.13867
   2445.0   0.13871
   2450.0   0.13924
   2455.0   0.13949
   2460.0   0.13973
   2465.0   0.13996
   2470.0   0.14019
   2475.0   0.14092
   2480.0   0.14124
   2485.0   0.14167
   2490.0   0.14182
   2495.0   0.14213
   2500.0   0.14216
   2505.0   0.14263
   2510.0   0.14276
   2515.0   0.14289
   2520.0   0.14309
   2525.0   0.14273
   2530.0   0.14309
   2535.0   0.14372
   2540.0   0.14320
   2545.0   0.14396
   2550.0   0.14427
   2555.0   0.14484
   2560.0   0.14272
   2565.0   0.14829
   2570.0   0.14457
   2575.0   0.14610
   2580.0   0.14505
   2585.0   0.14633
   2590.0   0.14585
   2595.0   0.14646
   2600.0   0.14480



 C2LS93      .ASC                        

 LS-CMP-093                                                              
 12033,604 chip (side 2)                                                 
 RATIOS ADJUSTED USING NBS HALON CALIBRATION TABLE                       

 Source Ang: 30.00   Detect Ang:  0.00  Volt: 0.222
 Date: 24-JUL-96   Time: 14:53:19
