       224
    320.00   .044617   .003781
    330.00   .045069   .003264
    340.00   .046286   .003291
    350.00   .047457   .003025
    360.00   .048142   .002845
    370.00   .049368   .002905
    380.00   .050391   .002616
    390.00   .051539   .002585
    400.00   .052890   .002767
    410.00   .054135   .002617
    420.00   .055511   .002660
    430.00   .056234   .002504
    440.00   .057105   .002407
    450.00   .057662   .002447
    460.00   .058412   .002285
    470.00   .059132   .002206
    480.00   .060001   .002112
    490.00   .060944   .002090
    500.00   .061892   .002319
    510.00   .062655   .002248
    520.00   .064211   .002198
    530.00   .065314   .002165
    540.00   .066170   .002136
    550.00   .066807   .002114
    560.00   .067825   .002086
    570.00   .068758   .002078
    580.00   .069479   .002068
    590.00   .070127   .002067
    600.00   .070696   .002064
    610.00   .071283   .002062
    620.00   .071854   .002072
    630.00   .072397   .002083
    640.00   .073009   .002090
    650.00   .073691   .002115
    660.00   .074317   .002146
    670.00   .074964   .002140
    680.00   .075647   .002145
    690.00   .076196   .002122
    700.00   .076940   .002161
    710.00   .077733   .002171
    720.00   .078345   .002220
    730.00   .078841   .002266
    740.00   .079226   .002422
    750.00   .079271   .002449
    760.00   .079060   .002508
    770.00   .078678   .002134
    780.00   .077789   .002174
    790.00   .076633   .002204
    800.00   .075176   .002243
    810.00   .073642   .002293
    820.00   .071932   .002322
    830.00   .070243   .002335
    840.00   .068532   .002308
    850.00   .067114   .002296
    860.00   .065662   .003805
    870.00   .064453   .003399
    880.00   .063193   .003048
    890.00   .062435   .003391
    900.00   .061506   .003281
    910.00   .061048   .002941
    920.00   .060438   .002771
    930.00   .060072   .002477
    940.00   .059803   .002191
    950.00   .059434   .002023
    960.00   .059288   .001744
    970.00   .059497   .001571
    980.00   .059722   .001446
    990.00   .060014   .001296
   1000.00   .060590   .001186
   1010.00   .061130   .001095
   1020.00   .061814   .000964
   1030.00   .062607   .000942
   1040.00   .063558   .000835
   1050.00   .064693   .001218
   1060.00   .065679   .001151
   1070.00   .066815   .001062
   1080.00   .068141   .001016
   1090.00   .069355   .000976
   1100.00   .070539   .000895
   1110.00   .072005   .000854
   1120.00   .073146   .000850
   1130.00   .074225   .000791
   1140.00   .075345   .000773
   1150.00   .076281   .000779
   1160.00   .077075   .000758
   1170.00   .078025   .001019
   1180.00   .078822   .001005
   1190.00   .079267   .000947
   1200.00   .079900   .000949
   1210.00   .080482   .000922
   1220.00   .081115   .000917
   1230.00   .081647   .000933
   1240.00   .082301   .000920
   1250.00   .082778   .000956
   1260.00   .083329   .000988
   1270.00   .083882   .000916
   1280.00   .084554   .000917
   1290.00   .085281   .000928
   1300.00   .085865   .000926
   1310.00   .086456   .000906
   1320.00   .087208   .000929
   1330.00   .087957   .000925
   1340.00   .088732   .000887
   1350.00   .089330   .001011
   1360.00   .090065   .000981
   1370.00   .090731   .000987
   1380.00   .091349   .001012
   1390.00   .092002   .001055
   1400.00   .092771   .001104
   1410.00   .093369   .001052
   1420.00   .093922   .001071
   1430.00   .094425   .001080
   1440.00   .094942   .001104
   1450.00   .095471   .001143
   1460.00   .095850   .001197
   1470.00   .096289   .001145
   1480.00   .096551   .001243
   1490.00   .096634   .001321
   1500.00   .097020   .001285
   1510.00   .097153   .001312
   1520.00   .097219   .001462
   1530.00   .097358   .001453
   1540.00   .097380   .001499
   1550.00   .097364   .001443
   1560.00   .097326   .001560
   1570.00   .097120   .001572
   1580.00   .097026   .001643
   1590.00   .096634   .001653
   1600.00   .096483   .001631
   1610.00   .096243   .001754
   1620.00   .095977   .001849
   1630.00   .095534   .001872
   1640.00   .095255   .001826
   1650.00   .094965   .001865
   1660.00   .094758   .001897
   1670.00   .094298   .001991
   1680.00   .094075   .001863
   1690.00   .093686   .001938
   1700.00   .093252   .001917
   1710.00   .092775   .002037
   1720.00   .092340   .002046
   1730.00   .091758   .002014
   1740.00   .091253   .001991
   1750.00   .090840   .001927
   1760.00   .090525   .002070
   1770.00   .089982   .001979
   1780.00   .089526   .001827
   1790.00   .089156   .001829
   1800.00   .088844   .001857
   1810.00   .088509   .001785
   1820.00   .088173   .001723
   1830.00   .087854   .001753
   1840.00   .087755   .001802
   1850.00   .087433   .001756
   1860.00   .087163   .001719
   1870.00   .086825   .001727
   1880.00   .086413   .001712
   1890.00   .086042   .001829
   1900.00   .085912   .001705
   1910.00   .085781   .001791
   1920.00   .085691   .001734
   1930.00   .085527   .001775
   1940.00   .085400   .001730
   1950.00   .085328   .001712
   1960.00   .085300   .001746
   1970.00   .085326   .001659
   1980.00   .085487   .001666
   1990.00   .085494   .001688
   2000.00   .085558   .001815
   2010.00   .085789   .001744
   2020.00   .085903   .001705
   2030.00   .086070   .001753
   2040.00   .086280   .001636
   2050.00   .086506   .001620
   2060.00   .086628   .001716
   2070.00   .086938   .001672
   2080.00   .087080   .001692
   2090.00   .087281   .001697
   2100.00   .087723   .001713
   2110.00   .088091   .001668
   2120.00   .088555   .001710
   2130.00   .088944   .001797
   2140.00   .089428   .001797
   2150.00   .089810   .001733
   2160.00   .090221   .001729
   2170.00   .090799   .001736
   2180.00   .091110   .001697
   2190.00   .091624   .001720
   2200.00   .092145   .001796
   2210.00   .092513   .001801
   2220.00   .093136   .001918
   2230.00   .093728   .001907
   2240.00   .094090   .001951
   2250.00   .094825   .001899
   2260.00   .095434   .001955
   2270.00   .096006   .001942
   2280.00   .096632   .001920
   2290.00   .097398   .001953
   2300.00   .097808   .001913
   2310.00   .098504   .001872
   2320.00   .099263   .001989
   2330.00   .099810   .002080
   2340.00   .100431   .002093
   2350.00   .101204   .002001
   2360.00   .101918   .002027
   2370.00   .102669   .001969
   2380.00   .103373   .001960
   2390.00   .104037   .001933
   2400.00   .104801   .002076
   2410.00   .105531   .002079
   2420.00   .106381   .002091
   2430.00   .107290   .002033
   2440.00   .108143   .002105
   2450.00   .108945   .002164
   2460.00   .109804   .002278
   2470.00   .110554   .002193
   2480.00   .111612   .002175
   2490.00   .112530   .002206
   2500.00   .113280   .002300
   2510.00   .114075   .002379
   2520.00   .114936   .002225
   2530.00   .115429   .002332
   2540.00   .116387   .002239
   2550.00   .117748   .002415



 C2LS158.ASC             

 LS-BWD-158
 Lunar soil 15041 low-agglutinate remnant 125-250 um
 No depolarizer was used over the wavelength range of 1800-2550 nm
 Albedo adjusted to the visible range
 
 Source Ang:  30.00, Detect Ang:    .00, Volt:  .777
 Date: 16-FEB-22, Time: 13:19:55
 
 RATIOS ADJUSTED USING RELAB SPECTRALON CALIBRATION TABLE
