   461
    300.0   0.06936   0.00003
    305.0   0.06973   0.00095
    310.0   0.07250   0.00036
    315.0   0.07450   0.00250
    320.0   0.07543   0.00138
    325.0   0.07655   0.00118
    330.0   0.07820   0.00167
    335.0   0.07922   0.00177
    340.0   0.08098   0.00183
    345.0   0.08241   0.00136
    350.0   0.08340   0.00182
    355.0   0.08453   0.00104
    360.0   0.08600   0.00115
    365.0   0.08735   0.00137
    370.0   0.08818   0.00064
    375.0   0.08913   0.00037
    380.0   0.08995   0.00039
    385.0   0.09108   0.00025
    390.0   0.09167   0.00016
    395.0   0.09229   0.00021
    400.0   0.09294   0.00030
    405.0   0.09365   0.00035
    410.0   0.09397   0.00092
    415.0   0.09462   0.00054
    420.0   0.09478   0.00040
    425.0   0.09480   0.00029
    430.0   0.09494   0.00044
    435.0   0.09489   0.00009
    440.0   0.09496   0.00039
    445.0   0.09504   0.00009
    450.0   0.09477   0.00028
    455.0   0.09447   0.00047
    460.0   0.09440   0.00034
    465.0   0.09429   0.00046
    470.0   0.09397   0.00042
    475.0   0.09373   0.00049
    480.0   0.09369   0.00048
    485.0   0.09360   0.00056
    490.0   0.09366   0.00085
    495.0   0.09369   0.00070
    500.0   0.09370   0.00058
    505.0   0.09333   0.00050
    510.0   0.09327   0.00062
    515.0   0.09333   0.00055
    520.0   0.09344   0.00073
    525.0   0.09333   0.00083
    530.0   0.09327   0.00105
    535.0   0.09317   0.00098
    540.0   0.09322   0.00113
    545.0   0.09314   0.00108
    550.0   0.09302   0.00099
    555.0   0.09300   0.00101
    560.0   0.09293   0.00096
    565.0   0.09296   0.00106
    570.0   0.09297   0.00102
    575.0   0.09297   0.00087
    580.0   0.09303   0.00112
    585.0   0.09311   0.00103
    590.0   0.09333   0.00113
    595.0   0.09335   0.00097
    600.0   0.09361   0.00099
    605.0   0.09368   0.00109
    610.0   0.09399   0.00098
    615.0   0.09437   0.00086
    620.0   0.09476   0.00068
    625.0   0.09507   0.00077
    630.0   0.09542   0.00054
    635.0   0.09577   0.00051
    640.0   0.09621   0.00045
    645.0   0.09660   0.00040
    650.0   0.09717   0.00047
    655.0   0.09773   0.00032
    660.0   0.09806   0.00053
    665.0   0.09860   0.00023
    670.0   0.09914   0.00032
    675.0   0.09970   0.00035
    680.0   0.10032   0.00038
    685.0   0.10100   0.00045
    690.0   0.10158   0.00026
    695.0   0.10214   0.00040
    700.0   0.10266   0.00019
    705.0   0.10340   0.00029
    710.0   0.10440   0.00019
    715.0   0.10496   0.00061
    720.0   0.10561   0.00038
    725.0   0.10665   0.00016
    730.0   0.10729   0.00028
    735.0   0.10837   0.00021
    740.0   0.10929   0.00030
    745.0   0.11019   0.00041
    750.0   0.11119   0.00010
    755.0   0.11209   0.00027
    760.0   0.11300   0.00044
    765.0   0.11356   0.00109
    770.0   0.11427   0.00096
    775.0   0.11493   0.00113
    780.0   0.11574   0.00093
    785.0   0.11651   0.00099
    790.0   0.11723   0.00106
    795.0   0.11808   0.00079
    800.0   0.11896   0.00138
    805.0   0.11972   0.00110
    810.0   0.12038   0.00141
    815.0   0.12107   0.00125
    820.0   0.12165   0.00107
    825.0   0.12221   0.00154
    830.0   0.12276   0.00155
    835.0   0.12298   0.00120
    840.0   0.12339   0.00099
    845.0   0.12341   0.00092
    850.0   0.12386   0.00110
    855.0   0.12345   0.00058
    860.0   0.12400   0.00070
    865.0   0.12360   0.00026
    870.0   0.12350   0.00018
    875.0   0.12307   0.00049
    880.0   0.12252   0.00020
    885.0   0.12192   0.00099
    890.0   0.12165   0.00094
    895.0   0.12129   0.00065
    900.0   0.12082   0.00046
    905.0   0.12049   0.00047
    910.0   0.11953   0.00054
    915.0   0.11952   0.00020
    920.0   0.11895   0.00028
    925.0   0.11860   0.00015
    930.0   0.11819   0.00002
    935.0   0.11785   0.00039
    940.0   0.11733   0.00043
    945.0   0.11743   0.00032
    950.0   0.11700   0.00034
    955.0   0.11655   0.00036
    960.0   0.11643   0.00055
    965.0   0.11627   0.00075
    970.0   0.11611   0.00039
    975.0   0.11613   0.00029
    980.0   0.11627   0.00048
    985.0   0.11645   0.00105
    990.0   0.11627   0.00081
    995.0   0.11670   0.00088
   1000.0   0.11698   0.00097
   1005.0   0.11710   0.00132
   1010.0   0.11748   0.00113
   1015.0   0.11774   0.00116
   1020.0   0.11843   0.00122
   1025.0   0.11857   0.00160
   1030.0   0.11920   0.00141
   1035.0   0.11965   0.00149
   1040.0   0.12014   0.00140
   1045.0   0.12082   0.00156
   1050.0   0.12124   0.00167
   1055.0   0.12151   0.00199
   1060.0   0.12211   0.00179
   1065.0   0.12251   0.00193
   1070.0   0.12276   0.00176
   1075.0   0.12323   0.00209
   1080.0   0.12352   0.00224
   1085.0   0.12370   0.00235
   1090.0   0.12401   0.00261
   1095.0   0.12405   0.00254
   1100.0   0.12432   0.00258
   1105.0   0.12422   0.00239
   1110.0   0.12459   0.00267
   1115.0   0.12453   0.00303
   1120.0   0.12465   0.00271
   1125.0   0.12445   0.00296
   1130.0   0.12440   0.00267
   1135.0   0.12408   0.00298
   1140.0   0.12420   0.00306
   1145.0   0.12387   0.00301
   1150.0   0.12370   0.00284
   1155.0   0.12340   0.00310
   1160.0   0.12317   0.00307
   1165.0   0.12286   0.00315
   1170.0   0.12251   0.00318
   1175.0   0.12238   0.00340
   1180.0   0.12202   0.00335
   1185.0   0.12166   0.00318
   1190.0   0.12143   0.00342
   1195.0   0.12126   0.00331
   1200.0   0.12142   0.00365
   1205.0   0.12100   0.00362
   1210.0   0.12111   0.00397
   1215.0   0.12079   0.00367
   1220.0   0.12041   0.00368
   1225.0   0.12002   0.00369
   1230.0   0.11963   0.00371
   1235.0   0.11954   0.00376
   1240.0   0.11898   0.00376
   1245.0   0.11886   0.00360
   1250.0   0.11881   0.00364
   1255.0   0.11847   0.00376
   1260.0   0.11816   0.00350
   1265.0   0.11809   0.00343
   1270.0   0.11790   0.00327
   1275.0   0.11792   0.00323
   1280.0   0.11760   0.00331
   1285.0   0.11768   0.00311
   1290.0   0.11760   0.00307
   1295.0   0.11755   0.00305
   1300.0   0.11779   0.00314
   1305.0   0.11766   0.00299
   1310.0   0.11785   0.00282
   1315.0   0.11762   0.00296
   1320.0   0.11785   0.00276
   1325.0   0.11756   0.00285
   1330.0   0.11774   0.00260
   1335.0   0.11800   0.00270
   1340.0   0.11824   0.00252
   1345.0   0.11813   0.00259
   1350.0   0.11822   0.00263
   1355.0   0.11840   0.00269
   1360.0   0.11858   0.00256
   1365.0   0.11851   0.00246
   1370.0   0.11878   0.00200
   1375.0   0.11844   0.00208
   1380.0   0.11868   0.00194
   1385.0   0.11882   0.00179
   1390.0   0.11921   0.00236
   1395.0   0.11917   0.00224
   1400.0   0.11923   0.00218
   1405.0   0.11923   0.00214
   1410.0   0.11902   0.00226
   1415.0   0.11933   0.00223
   1420.0   0.11960   0.00201
   1425.0   0.11963   0.00235
   1430.0   0.11982   0.00208
   1435.0   0.11979   0.00209
   1440.0   0.11976   0.00202
   1445.0   0.11974   0.00184
   1450.0   0.11973   0.00198
   1455.0   0.11998   0.00226
   1460.0   0.11982   0.00208
   1465.0   0.11999   0.00199
   1470.0   0.11986   0.00210
   1475.0   0.12003   0.00184
   1480.0   0.12009   0.00197
   1485.0   0.12011   0.00245
   1490.0   0.11977   0.00205
   1495.0   0.11998   0.00174
   1500.0   0.11994   0.00194
   1505.0   0.12015   0.00220
   1510.0   0.11997   0.00204
   1515.0   0.12018   0.00177
   1520.0   0.12002   0.00177
   1525.0   0.12018   0.00176
   1530.0   0.12024   0.00175
   1535.0   0.12025   0.00194
   1540.0   0.12016   0.00199
   1545.0   0.12004   0.00206
   1550.0   0.11984   0.00203
   1555.0   0.11985   0.00182
   1560.0   0.11983   0.00165
   1565.0   0.11969   0.00180
   1570.0   0.11980   0.00189
   1575.0   0.11983   0.00205
   1580.0   0.11981   0.00228
   1585.0   0.11996   0.00228
   1590.0   0.12017   0.00201
   1595.0   0.12016   0.00243
   1600.0   0.12047   0.00260
   1605.0   0.12022   0.00230
   1610.0   0.12032   0.00256
   1615.0   0.11975   0.00234
   1620.0   0.12021   0.00264
   1625.0   0.12017   0.00219
   1630.0   0.12013   0.00207
   1635.0   0.12024   0.00242
   1640.0   0.12008   0.00207
   1645.0   0.12035   0.00203
   1650.0   0.12056   0.00214
   1655.0   0.12051   0.00219
   1660.0   0.12029   0.00183
   1665.0   0.12038   0.00186
   1670.0   0.12042   0.00212
   1675.0   0.12057   0.00204
   1680.0   0.12080   0.00182
   1685.0   0.12058   0.00192
   1690.0   0.12096   0.00181
   1695.0   0.12091   0.00182
   1700.0   0.12097   0.00206
   1705.0   0.12108   0.00191
   1710.0   0.12110   0.00205
   1715.0   0.12108   0.00205
   1720.0   0.12131   0.00210
   1725.0   0.12123   0.00203
   1730.0   0.12136   0.00198
   1735.0   0.12136   0.00214
   1740.0   0.12138   0.00173
   1745.0   0.12145   0.00216
   1750.0   0.12148   0.00203
   1755.0   0.12135   0.00187
   1760.0   0.12162   0.00187
   1765.0   0.12172   0.00206
   1770.0   0.12174   0.00172
   1775.0   0.12174   0.00189
   1780.0   0.12184   0.00179
   1785.0   0.12182   0.00165
   1790.0   0.12191   0.00184
   1795.0   0.12206   0.00171
   1800.0   0.12198   0.00203
   1805.0   0.12212   0.00183
   1810.0   0.12213   0.00180
   1815.0   0.12233   0.00205
   1820.0   0.12238   0.00194
   1825.0   0.12216   0.00184
   1830.0   0.12223   0.00189
   1835.0   0.12239   0.00217
   1840.0   0.12229   0.00178
   1845.0   0.12217   0.00162
   1850.0   0.12227   0.00188
   1855.0   0.12221   0.00164
   1860.0   0.12220   0.00168
   1865.0   0.12243   0.00189
   1870.0   0.12285   0.00214
   1875.0   0.12226   0.00145
   1880.0   0.12208   0.00155
   1885.0   0.12198   0.00149
   1890.0   0.12216   0.00169
   1895.0   0.12193   0.00172
   1900.0   0.12205   0.00156
   1905.0   0.12195   0.00169
   1910.0   0.12191   0.00144
   1915.0   0.12187   0.00145
   1920.0   0.12171   0.00147
   1925.0   0.12154   0.00129
   1930.0   0.12163   0.00138
   1935.0   0.12156   0.00130
   1940.0   0.12171   0.00157
   1945.0   0.12141   0.00133
   1950.0   0.12134   0.00153
   1955.0   0.12127   0.00169
   1960.0   0.12125   0.00163
   1965.0   0.12111   0.00159
   1970.0   0.12114   0.00174
   1975.0   0.12102   0.00174
   1980.0   0.12104   0.00156
   1985.0   0.12110   0.00148
   1990.0   0.12104   0.00145
   1995.0   0.12081   0.00127
   2000.0   0.12071   0.00145
   2005.0   0.12069   0.00135
   2010.0   0.12059   0.00145
   2015.0   0.12051   0.00158
   2020.0   0.12040   0.00154
   2025.0   0.12049   0.00180
   2030.0   0.12018   0.00155
   2035.0   0.12011   0.00156
   2040.0   0.12017   0.00175
   2045.0   0.11991   0.00156
   2050.0   0.11985   0.00181
   2055.0   0.11968   0.00161
   2060.0   0.11972   0.00197
   2065.0   0.11940   0.00180
   2070.0   0.11944   0.00205
   2075.0   0.11934   0.00176
   2080.0   0.11921   0.00193
   2085.0   0.11911   0.00167
   2090.0   0.11916   0.00174
   2095.0   0.11897   0.00196
   2100.0   0.11901   0.00221
   2105.0   0.11901   0.00187
   2110.0   0.11864   0.00183
   2115.0   0.11862   0.00181
   2120.0   0.11876   0.00207
   2125.0   0.11854   0.00232
   2130.0   0.11834   0.00207
   2135.0   0.11819   0.00189
   2140.0   0.11812   0.00205
   2145.0   0.11810   0.00237
   2150.0   0.11808   0.00200
   2155.0   0.11804   0.00223
   2160.0   0.11809   0.00202
   2165.0   0.11823   0.00203
   2170.0   0.11808   0.00204
   2175.0   0.11791   0.00201
   2180.0   0.11809   0.00230
   2185.0   0.11798   0.00242
   2190.0   0.11786   0.00243
   2195.0   0.11783   0.00223
   2200.0   0.11800   0.00253
   2205.0   0.11799   0.00258
   2210.0   0.11796   0.00279
   2215.0   0.11792   0.00283
   2220.0   0.11810   0.00265
   2225.0   0.11813   0.00268
   2230.0   0.11780   0.00262
   2235.0   0.11795   0.00249
   2240.0   0.11773   0.00268
   2245.0   0.11778   0.00274
   2250.0   0.11816   0.00274
   2255.0   0.11807   0.00271
   2260.0   0.11802   0.00257
   2265.0   0.11802   0.00285
   2270.0   0.11814   0.00295
   2275.0   0.11808   0.00267
   2280.0   0.11814   0.00307
   2285.0   0.11859   0.00292
   2290.0   0.11853   0.00286
   2295.0   0.11864   0.00288
   2300.0   0.11847   0.00263
   2305.0   0.11842   0.00261
   2310.0   0.11869   0.00241
   2315.0   0.11865   0.00271
   2320.0   0.11860   0.00269
   2325.0   0.11871   0.00266
   2330.0   0.11862   0.00319
   2335.0   0.11867   0.00271
   2340.0   0.11894   0.00253
   2345.0   0.11906   0.00254
   2350.0   0.11902   0.00239
   2355.0   0.11869   0.00226
   2360.0   0.11910   0.00248
   2365.0   0.11911   0.00232
   2370.0   0.11930   0.00233
   2375.0   0.11939   0.00228
   2380.0   0.11974   0.00216
   2385.0   0.11952   0.00219
   2390.0   0.11991   0.00207
   2395.0   0.11984   0.00174
   2400.0   0.12026   0.00199
   2405.0   0.12050   0.00201
   2410.0   0.12070   0.00199
   2415.0   0.12090   0.00187
   2420.0   0.12101   0.00191
   2425.0   0.12078   0.00153
   2430.0   0.12095   0.00157
   2435.0   0.12097   0.00202
   2440.0   0.12108   0.00165
   2445.0   0.12113   0.00183
   2450.0   0.12135   0.00206
   2455.0   0.12144   0.00182
   2460.0   0.12181   0.00189
   2465.0   0.12183   0.00158
   2470.0   0.12225   0.00199
   2475.0   0.12191   0.00135
   2480.0   0.12192   0.00178
   2485.0   0.12197   0.00181
   2490.0   0.12230   0.00181
   2495.0   0.12245   0.00172
   2500.0   0.12280   0.00164
   2505.0   0.12294   0.00154
   2510.0   0.12332   0.00140
   2515.0   0.12307   0.00143
   2520.0   0.12323   0.00082
   2525.0   0.12337   0.00140
   2530.0   0.12383   0.00126
   2535.0   0.12363   0.00139
   2540.0   0.12418   0.00110
   2545.0   0.12454   0.00185
   2550.0   0.12478   0.00058
   2555.0   0.12478   0.00058
   2560.0   0.12586   0.00226
   2565.0   0.12489   0.00064
   2570.0   0.12497   0.00062
   2575.0   0.12511   0.00083
   2580.0   0.12550   0.00090
   2585.0   0.12573   0.00137
   2590.0   0.12608   0.00045
   2595.0   0.12621   0.00063
   2600.0   0.12619   0.00015



 C3LR03      .ASC                        

 LR-CMP-003                                                              
 69935,87 chip                                                           
 Average of C1LR03 & C2LR03                                              

 Source Ang: 30.00   Detect Ang:  0.00  Volt: 0.777
 Date:  2-AUG-96   Time: 11:29:42
