   461
    300.0   0.04156
    305.0   0.04224
    310.0   0.04362
    315.0   0.04263
    320.0   0.04331
    325.0   0.04451
    330.0   0.04465
    335.0   0.04472
    340.0   0.04520
    345.0   0.04559
    350.0   0.04568
    355.0   0.04595
    360.0   0.04630
    365.0   0.04679
    370.0   0.04685
    375.0   0.04712
    380.0   0.04785
    385.0   0.04768
    390.0   0.04833
    395.0   0.04882
    400.0   0.04934
    405.0   0.05055
    410.0   0.04912
    415.0   0.04998
    420.0   0.05033
    425.0   0.05035
    430.0   0.05059
    435.0   0.05052
    440.0   0.05069
    445.0   0.05073
    450.0   0.05079
    455.0   0.05104
    460.0   0.05102
    465.0   0.05162
    470.0   0.05161
    475.0   0.05177
    480.0   0.05192
    485.0   0.05189
    490.0   0.05207
    495.0   0.05204
    500.0   0.05217
    505.0   0.05219
    510.0   0.05222
    515.0   0.05232
    520.0   0.05235
    525.0   0.05260
    530.0   0.05270
    535.0   0.05283
    540.0   0.05298
    545.0   0.05307
    550.0   0.05307
    555.0   0.05317
    560.0   0.05301
    565.0   0.05295
    570.0   0.05306
    575.0   0.05306
    580.0   0.05309
    585.0   0.05307
    590.0   0.05323
    595.0   0.05323
    600.0   0.05325
    605.0   0.05291
    610.0   0.05333
    615.0   0.05354
    620.0   0.05369
    625.0   0.05382
    630.0   0.05379
    635.0   0.05403
    640.0   0.05392
    645.0   0.05396
    650.0   0.05400
    655.0   0.05385
    660.0   0.05386
    665.0   0.05364
    670.0   0.05343
    675.0   0.05335
    680.0   0.05321
    685.0   0.05319
    690.0   0.05298
    695.0   0.05307
    700.0   0.05289
    705.0   0.05284
    710.0   0.05262
    715.0   0.05251
    720.0   0.05249
    725.0   0.05243
    730.0   0.05246
    735.0   0.05215
    740.0   0.05229
    745.0   0.05179
    750.0   0.05165
    755.0   0.05160
    760.0   0.05155
    765.0   0.05145
    770.0   0.05139
    775.0   0.05110
    780.0   0.05098
    785.0   0.05093
    790.0   0.05091
    795.0   0.05085
    800.0   0.05108
    805.0   0.05066
    810.0   0.05066
    815.0   0.05063
    820.0   0.05049
    825.0   0.05035
    830.0   0.05062
    835.0   0.05069
    840.0   0.05056
    845.0   0.05060
    850.0   0.05018
    855.0   0.05043
    860.0   0.05040
    865.0   0.05041
    870.0   0.05011
    875.0   0.04977
    880.0   0.04942
    885.0   0.04981
    890.0   0.04916
    895.0   0.04931
    900.0   0.04949
    905.0   0.04931
    910.0   0.04921
    915.0   0.04904
    920.0   0.04903
    925.0   0.04880
    930.0   0.04869
    935.0   0.04862
    940.0   0.04907
    945.0   0.04874
    950.0   0.04870
    955.0   0.04865
    960.0   0.04804
    965.0   0.04832
    970.0   0.04862
    975.0   0.04819
    980.0   0.04830
    985.0   0.04840
    990.0   0.04856
    995.0   0.04832
   1000.0   0.04829
   1005.0   0.04831
   1010.0   0.04805
   1015.0   0.04811
   1020.0   0.04832
   1025.0   0.04849
   1030.0   0.04786
   1035.0   0.04796
   1040.0   0.04807
   1045.0   0.04831
   1050.0   0.04842
   1055.0   0.04813
   1060.0   0.04799
   1065.0   0.04830
   1070.0   0.04781
   1075.0   0.04808
   1080.0   0.04824
   1085.0   0.04816
   1090.0   0.04782
   1095.0   0.04798
   1100.0   0.04816
   1105.0   0.04811
   1110.0   0.04796
   1115.0   0.04810
   1120.0   0.04826
   1125.0   0.04812
   1130.0   0.04816
   1135.0   0.04835
   1140.0   0.04844
   1145.0   0.04822
   1150.0   0.04842
   1155.0   0.04854
   1160.0   0.04857
   1165.0   0.04877
   1170.0   0.04866
   1175.0   0.04870
   1180.0   0.04881
   1185.0   0.04892
   1190.0   0.04903
   1195.0   0.04896
   1200.0   0.04888
   1205.0   0.04846
   1210.0   0.04930
   1215.0   0.04900
   1220.0   0.04894
   1225.0   0.04893
   1230.0   0.04881
   1235.0   0.04874
   1240.0   0.04886
   1245.0   0.04828
   1250.0   0.04870
   1255.0   0.04858
   1260.0   0.04871
   1265.0   0.04865
   1270.0   0.04878
   1275.0   0.04869
   1280.0   0.04885
   1285.0   0.04894
   1290.0   0.04856
   1295.0   0.04907
   1300.0   0.04918
   1305.0   0.04929
   1310.0   0.04942
   1315.0   0.04952
   1320.0   0.04980
   1325.0   0.04960
   1330.0   0.04964
   1335.0   0.04985
   1340.0   0.05006
   1345.0   0.05034
   1350.0   0.04995
   1355.0   0.05044
   1360.0   0.05047
   1365.0   0.04996
   1370.0   0.04983
   1375.0   0.05002
   1380.0   0.05090
   1385.0   0.05025
   1390.0   0.05066
   1395.0   0.05088
   1400.0   0.05094
   1405.0   0.05114
   1410.0   0.05105
   1415.0   0.05124
   1420.0   0.05100
   1425.0   0.05140
   1430.0   0.05118
   1435.0   0.05134
   1440.0   0.05167
   1445.0   0.05165
   1450.0   0.05190
   1455.0   0.05183
   1460.0   0.05203
   1465.0   0.05219
   1470.0   0.05215
   1475.0   0.05214
   1480.0   0.05224
   1485.0   0.05245
   1490.0   0.05220
   1495.0   0.05201
   1500.0   0.05219
   1505.0   0.05265
   1510.0   0.05240
   1515.0   0.05291
   1520.0   0.05282
   1525.0   0.05257
   1530.0   0.05269
   1535.0   0.05297
   1540.0   0.05332
   1545.0   0.05330
   1550.0   0.05313
   1555.0   0.05299
   1560.0   0.05337
   1565.0   0.05355
   1570.0   0.05340
   1575.0   0.05334
   1580.0   0.05358
   1585.0   0.05348
   1590.0   0.05349
   1595.0   0.05369
   1600.0   0.05359
   1605.0   0.05337
   1610.0   0.05394
   1615.0   0.05373
   1620.0   0.05340
   1625.0   0.05365
   1630.0   0.05335
   1635.0   0.05351
   1640.0   0.05370
   1645.0   0.05346
   1650.0   0.05357
   1655.0   0.05348
   1660.0   0.05338
   1665.0   0.05327
   1670.0   0.05356
   1675.0   0.05371
   1680.0   0.05367
   1685.0   0.05369
   1690.0   0.05420
   1695.0   0.05409
   1700.0   0.05373
   1705.0   0.05375
   1710.0   0.05372
   1715.0   0.05364
   1720.0   0.05359
   1725.0   0.05356
   1730.0   0.05376
   1735.0   0.05384
   1740.0   0.05390
   1745.0   0.05372
   1750.0   0.05368
   1755.0   0.05363
   1760.0   0.05384
   1765.0   0.05357
   1770.0   0.05330
   1775.0   0.05332
   1780.0   0.05309
   1785.0   0.05326
   1790.0   0.05336
   1795.0   0.05350
   1800.0   0.05361
   1805.0   0.05373
   1810.0   0.05397
   1815.0   0.05391
   1820.0   0.05434
   1825.0   0.05410
   1830.0   0.05438
   1835.0   0.05499
   1840.0   0.05468
   1845.0   0.05390
   1850.0   0.05422
   1855.0   0.05410
   1860.0   0.05396
   1865.0   0.05400
   1870.0   0.05399
   1875.0   0.05401
   1880.0   0.05386
   1885.0   0.05378
   1890.0   0.05383
   1895.0   0.05380
   1900.0   0.05385
   1905.0   0.05394
   1910.0   0.05387
   1915.0   0.05392
   1920.0   0.05401
   1925.0   0.05391
   1930.0   0.05400
   1935.0   0.05421
   1940.0   0.05398
   1945.0   0.05378
   1950.0   0.05409
   1955.0   0.05404
   1960.0   0.05386
   1965.0   0.05403
   1970.0   0.05408
   1975.0   0.05428
   1980.0   0.05413
   1985.0   0.05428
   1990.0   0.05425
   1995.0   0.05440
   2000.0   0.05469
   2005.0   0.05450
   2010.0   0.05442
   2015.0   0.05478
   2020.0   0.05473
   2025.0   0.05471
   2030.0   0.05456
   2035.0   0.05465
   2040.0   0.05467
   2045.0   0.05451
   2050.0   0.05438
   2055.0   0.05483
   2060.0   0.05456
   2065.0   0.05401
   2070.0   0.05433
   2075.0   0.05465
   2080.0   0.05453
   2085.0   0.05470
   2090.0   0.05511
   2095.0   0.05478
   2100.0   0.05480
   2105.0   0.05460
   2110.0   0.05447
   2115.0   0.05476
   2120.0   0.05467
   2125.0   0.05488
   2130.0   0.05467
   2135.0   0.05474
   2140.0   0.05459
   2145.0   0.05473
   2150.0   0.05460
   2155.0   0.05478
   2160.0   0.05489
   2165.0   0.05479
   2170.0   0.05500
   2175.0   0.05493
   2180.0   0.05516
   2185.0   0.05533
   2190.0   0.05539
   2195.0   0.05519
   2200.0   0.05529
   2205.0   0.05546
   2210.0   0.05560
   2215.0   0.05558
   2220.0   0.05558
   2225.0   0.05563
   2230.0   0.05566
   2235.0   0.05560
   2240.0   0.05583
   2245.0   0.05596
   2250.0   0.05607
   2255.0   0.05608
   2260.0   0.05613
   2265.0   0.05597
   2270.0   0.05619
   2275.0   0.05608
   2280.0   0.05632
   2285.0   0.05610
   2290.0   0.05630
   2295.0   0.05614
   2300.0   0.05614
   2305.0   0.05629
   2310.0   0.05643
   2315.0   0.05628
   2320.0   0.05605
   2325.0   0.05628
   2330.0   0.05613
   2335.0   0.05634
   2340.0   0.05633
   2345.0   0.05628
   2350.0   0.05657
   2355.0   0.05652
   2360.0   0.05656
   2365.0   0.05688
   2370.0   0.05654
   2375.0   0.05623
   2380.0   0.05663
   2385.0   0.05675
   2390.0   0.05676
   2395.0   0.05672
   2400.0   0.05674
   2405.0   0.05699
   2410.0   0.05696
   2415.0   0.05718
   2420.0   0.05705
   2425.0   0.05693
   2430.0   0.05692
   2435.0   0.05692
   2440.0   0.05701
   2445.0   0.05679
   2450.0   0.05705
   2455.0   0.05709
   2460.0   0.05682
   2465.0   0.05694
   2470.0   0.05748
   2475.0   0.05687
   2480.0   0.05676
   2485.0   0.05685
   2490.0   0.05714
   2495.0   0.05745
   2500.0   0.05750
   2505.0   0.05743
   2510.0   0.05777
   2515.0   0.05828
   2520.0   0.05842
   2525.0   0.05852
   2530.0   0.05862
   2535.0   0.05873
   2540.0   0.05916
   2545.0   0.05939
   2550.0   0.05960
   2555.0   0.05984
   2560.0   0.06087
   2565.0   0.06027
   2570.0   0.06051
   2575.0   0.06200
   2580.0   0.06143
   2585.0   0.06200
   2590.0   0.06010
   2595.0   0.06132
   2600.0   0.06162



 C3LS89      .ASC                        

 LS-CMP-089                                                              
 67095,108 chip black part                                               
 RATIOS ADJUSTED USING NBS HALON CALIBRATION TABLE                       

 Source Ang: 30.00   Detect Ang:  0.00  Volt: 0.222
 Date: 27-FEB-96   Time: 20:38:55
