       224
    320.00   .177456   .003673
    330.00   .183929   .003259
    340.00   .190276   .003166
    350.00   .198356   .003030
    360.00   .204606   .002863
    370.00   .212384   .003081
    380.00   .217570   .003257
    390.00   .222155   .003176
    400.00   .226931   .003375
    410.00   .231087   .003424
    420.00   .234655   .003256
    430.00   .236384   .003174
    440.00   .238005   .003140
    450.00   .238397   .002860
    460.00   .239717   .002743
    470.00   .240422   .002665
    480.00   .241220   .002619
    490.00   .241811   .002539
    500.00   .242924   .002809
    510.00   .243271   .002788
    520.00   .245021   .002726
    530.00   .245783   .002727
    540.00   .246299   .002721
    550.00   .246553   .002735
    560.00   .247213   .002721
    570.00   .248004   .002709
    580.00   .248326   .002745
    590.00   .248772   .002724
    600.00   .249412   .002737
    610.00   .249846   .002697
    620.00   .250477   .002707
    630.00   .251331   .002732
    640.00   .252252   .002791
    650.00   .253388   .002847
    660.00   .254379   .002817
    670.00   .255524   .002723
    680.00   .256887   .002706
    690.00   .258176   .002734
    700.00   .259879   .002723
    710.00   .261178   .002806
    720.00   .262878   .002841
    730.00   .264075   .002797
    740.00   .265601   .002894
    750.00   .266521   .002906
    760.00   .267242   .002983
    770.00   .267134   .002544
    780.00   .267076   .002526
    790.00   .266288   .002525
    800.00   .264776   .002467
    810.00   .262996   .002523
    820.00   .260410   .002519
    830.00   .257382   .002546
    840.00   .254076   .002493
    850.00   .250675   .002516
    860.00   .247090   .004993
    870.00   .243747   .004547
    880.00   .240535   .004420
    890.00   .237462   .006003
    900.00   .234878   .005834
    910.00   .233225   .005547
    920.00   .231379   .005162
    930.00   .230926   .005031
    940.00   .230742   .005171
    950.00   .230903   .004789
    960.00   .232016   .004860
    970.00   .233026   .004676
    980.00   .234615   .004650
    990.00   .236666   .004679
   1000.00   .238811   .004840
   1010.00   .240970   .004940
   1020.00   .243115   .004930
   1030.00   .244963   .004993
   1040.00   .246876   .005211
   1050.00   .249012   .005483
   1060.00   .250867   .005513
   1070.00   .253087   .005652
   1080.00   .255295   .005627
   1090.00   .257613   .005906
   1100.00   .259568   .005891
   1110.00   .261474   .005899
   1120.00   .264277   .005984
   1130.00   .265234   .006130
   1140.00   .266341   .006042
   1150.00   .267078   .006192
   1160.00   .267566   .006145
   1170.00   .267971   .006343
   1180.00   .268793   .006301
   1190.00   .268497   .006187
   1200.00   .268795   .006355
   1210.00   .268914   .006376
   1220.00   .269306   .006252
   1230.00   .269305   .006321
   1240.00   .269781   .006461
   1250.00   .269899   .006454
   1260.00   .270201   .006279
   1270.00   .270723   .006335
   1280.00   .271528   .006234
   1290.00   .271798   .006383
   1300.00   .272845   .006373
   1310.00   .273761   .006446
   1320.00   .274496   .006547
   1330.00   .275503   .006675
   1340.00   .276409   .006588
   1350.00   .277078   .006850
   1360.00   .278591   .006508
   1370.00   .279371   .006592
   1380.00   .280490   .006717
   1390.00   .281844   .007209
   1400.00   .282848   .007382
   1410.00   .284132   .007315
   1420.00   .284899   .007283
   1430.00   .285946   .007317
   1440.00   .286872   .007320
   1450.00   .287083   .007048
   1460.00   .287997   .006942
   1470.00   .288655   .007009
   1480.00   .288837   .007133
   1490.00   .289548   .007172
   1500.00   .289895   .007036
   1510.00   .290079   .007029
   1520.00   .290529   .007298
   1530.00   .290800   .007011
   1540.00   .290631   .007182
   1550.00   .290787   .007161
   1560.00   .291021   .006936
   1570.00   .290888   .007060
   1580.00   .290672   .006881
   1590.00   .290154   .007036
   1600.00   .290177   .006971
   1610.00   .289437   .006926
   1620.00   .289225   .006948
   1630.00   .288403   .006698
   1640.00   .287798   .006670
   1650.00   .287609   .006873
   1660.00   .287309   .006625
   1670.00   .286922   .006674
   1680.00   .286646   .006664
   1690.00   .285774   .006623
   1700.00   .285095   .006679
   1710.00   .284340   .006530
   1720.00   .283728   .006503
   1730.00   .282679   .006217
   1740.00   .281804   .006263
   1750.00   .280546   .006193
   1760.00   .279882   .006122
   1770.00   .279092   .006301
   1780.00   .278145   .005717
   1790.00   .277401   .005584
   1800.00   .275942   .005817
   1810.00   .274937   .005697
   1820.00   .274689   .005129
   1830.00   .274093   .005235
   1840.00   .273718   .005093
   1850.00   .272978   .005091
   1860.00   .272523   .005086
   1870.00   .271770   .004972
   1880.00   .271108   .005030
   1890.00   .270516   .005008
   1900.00   .270304   .004852
   1910.00   .269930   .004701
   1920.00   .269724   .004712
   1930.00   .269608   .004632
   1940.00   .269331   .005294
   1950.00   .268858   .005299
   1960.00   .268785   .005248
   1970.00   .268601   .005617
   1980.00   .268823   .005732
   1990.00   .269217   .005751
   2000.00   .269565   .005759
   2010.00   .269891   .005748
   2020.00   .270340   .005673
   2030.00   .270709   .005644
   2040.00   .271274   .005782
   2050.00   .271609   .005739
   2060.00   .272112   .005901
   2070.00   .272560   .005945
   2080.00   .273174   .006008
   2090.00   .273853   .005892
   2100.00   .274470   .005985
   2110.00   .275380   .006002
   2120.00   .276408   .006014
   2130.00   .277428   .006330
   2140.00   .278681   .006238
   2150.00   .279564   .006293
   2160.00   .280785   .006323
   2170.00   .281669   .006180
   2180.00   .282462   .006243
   2190.00   .283348   .006322
   2200.00   .284726   .006343
   2210.00   .285421   .006544
   2220.00   .286845   .006535
   2230.00   .287503   .006692
   2240.00   .288745   .006731
   2250.00   .289739   .006795
   2260.00   .291028   .006925
   2270.00   .292233   .006766
   2280.00   .293240   .006825
   2290.00   .294362   .006848
   2300.00   .294990   .007098
   2310.00   .296558   .007280
   2320.00   .297515   .007274
   2330.00   .298371   .007072
   2340.00   .299497   .007200
   2350.00   .300665   .007121
   2360.00   .301847   .007397
   2370.00   .302942   .007556
   2380.00   .303867   .007228
   2390.00   .305097   .007475
   2400.00   .306142   .007655
   2410.00   .307177   .007580
   2420.00   .308909   .007724
   2430.00   .309292   .007776
   2440.00   .310972   .007677
   2450.00   .311819   .007833
   2460.00   .313098   .007932
   2470.00   .314238   .007894
   2480.00   .315399   .008056
   2490.00   .316586   .008000
   2500.00   .317498   .008261
   2510.00   .318996   .008132
   2520.00   .320249   .008103
   2530.00   .322383   .008056
   2540.00   .324034   .008148
   2550.00   .326857   .008423



 C3LS156.ASC             

 LS-BWD-156
 Lunar soil 67461 low-agglutinate remnant 125-250 um (magnetically-separated)
 No depolarizer was used over the wavelength range of 1800-2550 nm
 Albedo adjusted to the visible range
 
 Source Ang:  30.00, Detect Ang:    .00, Volt:  .777
 Date: 09-FEB-22, Time: 13:06:40
 
 RATIOS ADJUSTED USING RELAB SPECTRALON CALIBRATION TABLE
