   461
    300.0   0.06801
    305.0   0.07093
    310.0   0.07359
    315.0   0.07602
    320.0   0.07654
    325.0   0.07972
    330.0   0.08144
    335.0   0.08451
    340.0   0.08647
    345.0   0.08771
    350.0   0.08958
    355.0   0.09202
    360.0   0.09254
    365.0   0.09442
    370.0   0.09611
    375.0   0.09748
    380.0   0.09911
    385.0   0.10019
    390.0   0.10171
    395.0   0.10281
    400.0   0.10375
    405.0   0.10613
    410.0   0.10683
    415.0   0.10801
    420.0   0.10907
    425.0   0.11010
    430.0   0.11084
    435.0   0.11161
    440.0   0.11232
    445.0   0.11303
    450.0   0.11395
    455.0   0.11463
    460.0   0.11537
    465.0   0.11677
    470.0   0.11743
    475.0   0.11813
    480.0   0.11903
    485.0   0.11971
    490.0   0.12032
    495.0   0.12094
    500.0   0.12201
    505.0   0.12257
    510.0   0.12330
    515.0   0.12397
    520.0   0.12473
    525.0   0.12565
    530.0   0.12634
    535.0   0.12718
    540.0   0.12772
    545.0   0.12795
    550.0   0.12872
    555.0   0.12940
    560.0   0.12959
    565.0   0.13016
    570.0   0.13030
    575.0   0.13101
    580.0   0.13115
    585.0   0.13157
    590.0   0.13213
    595.0   0.13230
    600.0   0.13247
    605.0   0.13303
    610.0   0.13343
    615.0   0.13382
    620.0   0.13422
    625.0   0.13469
    630.0   0.13496
    635.0   0.13545
    640.0   0.13575
    645.0   0.13606
    650.0   0.13654
    655.0   0.13681
    660.0   0.13670
    665.0   0.13733
    670.0   0.13774
    675.0   0.13807
    680.0   0.13818
    685.0   0.13839
    690.0   0.13900
    695.0   0.13918
    700.0   0.13984
    705.0   0.13992
    710.0   0.14027
    715.0   0.14051
    720.0   0.14076
    725.0   0.14130
    730.0   0.14139
    735.0   0.14173
    740.0   0.14159
    745.0   0.14146
    750.0   0.14133
    755.0   0.14120
    760.0   0.14167
    765.0   0.14106
    770.0   0.14064
    775.0   0.14048
    780.0   0.14011
    785.0   0.13960
    790.0   0.13890
    795.0   0.13862
    800.0   0.13797
    805.0   0.13729
    810.0   0.13630
    815.0   0.13574
    820.0   0.13466
    825.0   0.13407
    830.0   0.13361
    835.0   0.13260
    840.0   0.13143
    845.0   0.13034
    850.0   0.12969
    855.0   0.12880
    860.0   0.12800
    865.0   0.12843
    870.0   0.12681
    875.0   0.12659
    880.0   0.12574
    885.0   0.12516
    890.0   0.12411
    895.0   0.12404
    900.0   0.12389
    905.0   0.12401
    910.0   0.12335
    915.0   0.12315
    920.0   0.12215
    925.0   0.12254
    930.0   0.12237
    935.0   0.12235
    940.0   0.12217
    945.0   0.12226
    950.0   0.12241
    955.0   0.12254
    960.0   0.12236
    965.0   0.12264
    970.0   0.12308
    975.0   0.12330
    980.0   0.12348
    985.0   0.12413
    990.0   0.12414
    995.0   0.12430
   1000.0   0.12464
   1005.0   0.12527
   1010.0   0.12535
   1015.0   0.12577
   1020.0   0.12632
   1025.0   0.12700
   1030.0   0.12760
   1035.0   0.12790
   1040.0   0.12858
   1045.0   0.12927
   1050.0   0.12991
   1055.0   0.13022
   1060.0   0.13043
   1065.0   0.13134
   1070.0   0.13166
   1075.0   0.13217
   1080.0   0.13275
   1085.0   0.13337
   1090.0   0.13387
   1095.0   0.13452
   1100.0   0.13489
   1105.0   0.13563
   1110.0   0.13640
   1115.0   0.13699
   1120.0   0.13762
   1125.0   0.13793
   1130.0   0.13811
   1135.0   0.13898
   1140.0   0.13913
   1145.0   0.13959
   1150.0   0.14022
   1155.0   0.14056
   1160.0   0.14069
   1165.0   0.14139
   1170.0   0.14159
   1175.0   0.14179
   1180.0   0.14213
   1185.0   0.14247
   1190.0   0.14276
   1195.0   0.14289
   1200.0   0.14346
   1205.0   0.14340
   1210.0   0.14385
   1215.0   0.14367
   1220.0   0.14395
   1225.0   0.14406
   1230.0   0.14473
   1235.0   0.14436
   1240.0   0.14482
   1245.0   0.14482
   1250.0   0.14507
   1255.0   0.14529
   1260.0   0.14543
   1265.0   0.14579
   1270.0   0.14618
   1275.0   0.14600
   1280.0   0.14622
   1285.0   0.14642
   1290.0   0.14690
   1295.0   0.14713
   1300.0   0.14717
   1305.0   0.14803
   1310.0   0.14804
   1315.0   0.14843
   1320.0   0.14859
   1325.0   0.14915
   1330.0   0.14928
   1335.0   0.14966
   1340.0   0.15017
   1345.0   0.15032
   1350.0   0.15038
   1355.0   0.15082
   1360.0   0.15143
   1365.0   0.15133
   1370.0   0.15172
   1375.0   0.15177
   1380.0   0.15263
   1385.0   0.15246
   1390.0   0.15274
   1395.0   0.15334
   1400.0   0.15332
   1405.0   0.15388
   1410.0   0.15401
   1415.0   0.15437
   1420.0   0.15475
   1425.0   0.15490
   1430.0   0.15521
   1435.0   0.15550
   1440.0   0.15595
   1445.0   0.15601
   1450.0   0.15617
   1455.0   0.15636
   1460.0   0.15661
   1465.0   0.15705
   1470.0   0.15740
   1475.0   0.15744
   1480.0   0.15748
   1485.0   0.15767
   1490.0   0.15788
   1495.0   0.15776
   1500.0   0.15790
   1505.0   0.15772
   1510.0   0.15794
   1515.0   0.15775
   1520.0   0.15806
   1525.0   0.15791
   1530.0   0.15783
   1535.0   0.15801
   1540.0   0.15791
   1545.0   0.15803
   1550.0   0.15795
   1555.0   0.15812
   1560.0   0.15808
   1565.0   0.15822
   1570.0   0.15780
   1575.0   0.15782
   1580.0   0.15762
   1585.0   0.15782
   1590.0   0.15766
   1595.0   0.15779
   1600.0   0.15735
   1605.0   0.15752
   1610.0   0.15762
   1615.0   0.15738
   1620.0   0.15724
   1625.0   0.15706
   1630.0   0.15700
   1635.0   0.15686
   1640.0   0.15611
   1645.0   0.15534
   1650.0   0.15583
   1655.0   0.15556
   1660.0   0.15512
   1665.0   0.15466
   1670.0   0.15473
   1675.0   0.15452
   1680.0   0.15402
   1685.0   0.15396
   1690.0   0.15418
   1695.0   0.15379
   1700.0   0.15383
   1705.0   0.15353
   1710.0   0.15337
   1715.0   0.15324
   1720.0   0.15294
   1725.0   0.15282
   1730.0   0.15270
   1735.0   0.15248
   1740.0   0.15223
   1745.0   0.15197
   1750.0   0.15215
   1755.0   0.15121
   1760.0   0.15143
   1765.0   0.15099
   1770.0   0.15117
   1775.0   0.15082
   1780.0   0.15075
   1785.0   0.15061
   1790.0   0.15063
   1795.0   0.15053
   1800.0   0.15013
   1805.0   0.15082
   1810.0   0.15067
   1815.0   0.15058
   1820.0   0.15043
   1825.0   0.15036
   1830.0   0.15018
   1835.0   0.15051
   1840.0   0.15028
   1845.0   0.15053
   1850.0   0.15021
   1855.0   0.14971
   1860.0   0.14957
   1865.0   0.14971
   1870.0   0.14980
   1875.0   0.14979
   1880.0   0.14930
   1885.0   0.14923
   1890.0   0.14928
   1895.0   0.14914
   1900.0   0.14944
   1905.0   0.14896
   1910.0   0.14898
   1915.0   0.14883
   1920.0   0.14891
   1925.0   0.14901
   1930.0   0.14885
   1935.0   0.14878
   1940.0   0.14876
   1945.0   0.14884
   1950.0   0.14881
   1955.0   0.14891
   1960.0   0.14886
   1965.0   0.14903
   1970.0   0.14889
   1975.0   0.14910
   1980.0   0.14923
   1985.0   0.14950
   1990.0   0.14926
   1995.0   0.14946
   2000.0   0.14979
   2005.0   0.14994
   2010.0   0.14980
   2015.0   0.14970
   2020.0   0.15005
   2025.0   0.15025
   2030.0   0.15019
   2035.0   0.15031
   2040.0   0.15052
   2045.0   0.15049
   2050.0   0.15090
   2055.0   0.15118
   2060.0   0.15121
   2065.0   0.15104
   2070.0   0.15134
   2075.0   0.15140
   2080.0   0.15136
   2085.0   0.15160
   2090.0   0.15207
   2095.0   0.15250
   2100.0   0.15264
   2105.0   0.15276
   2110.0   0.15296
   2115.0   0.15308
   2120.0   0.15343
   2125.0   0.15371
   2130.0   0.15380
   2135.0   0.15398
   2140.0   0.15403
   2145.0   0.15411
   2150.0   0.15429
   2155.0   0.15394
   2160.0   0.15423
   2165.0   0.15427
   2170.0   0.15473
   2175.0   0.15493
   2180.0   0.15555
   2185.0   0.15575
   2190.0   0.15617
   2195.0   0.15621
   2200.0   0.15661
   2205.0   0.15669
   2210.0   0.15685
   2215.0   0.15689
   2220.0   0.15729
   2225.0   0.15736
   2230.0   0.15757
   2235.0   0.15798
   2240.0   0.15834
   2245.0   0.15862
   2250.0   0.15914
   2255.0   0.15943
   2260.0   0.15950
   2265.0   0.15957
   2270.0   0.15995
   2275.0   0.16009
   2280.0   0.16029
   2285.0   0.16071
   2290.0   0.16103
   2295.0   0.16141
   2300.0   0.16190
   2305.0   0.16180
   2310.0   0.16215
   2315.0   0.16209
   2320.0   0.16224
   2325.0   0.16274
   2330.0   0.16297
   2335.0   0.16291
   2340.0   0.16305
   2345.0   0.16346
   2350.0   0.16343
   2355.0   0.16369
   2360.0   0.16416
   2365.0   0.16421
   2370.0   0.16447
   2375.0   0.16478
   2380.0   0.16475
   2385.0   0.16477
   2390.0   0.16507
   2395.0   0.16533
   2400.0   0.16581
   2405.0   0.16579
   2410.0   0.16646
   2415.0   0.16651
   2420.0   0.16704
   2425.0   0.16715
   2430.0   0.16701
   2435.0   0.16773
   2440.0   0.16769
   2445.0   0.16818
   2450.0   0.16880
   2455.0   0.16887
   2460.0   0.16898
   2465.0   0.16937
   2470.0   0.16969
   2475.0   0.17005
   2480.0   0.17031
   2485.0   0.17051
   2490.0   0.17069
   2495.0   0.17109
   2500.0   0.17110
   2505.0   0.17128
   2510.0   0.17151
   2515.0   0.17210
   2520.0   0.17322
   2525.0   0.17400
   2530.0   0.17389
   2535.0   0.17396
   2540.0   0.17415
   2545.0   0.17440
   2550.0   0.17471
   2555.0   0.17548
   2560.0   0.17665
   2565.0   0.17690
   2570.0   0.17537
   2575.0   0.17458
   2580.0   0.17687
   2585.0   0.17850
   2590.0   0.17794
   2595.0   0.17691
   2600.0   0.17764



 C3LU07              .ASC                        

 LU-CMP-007-3                                                            
 SUBSAMPLE 23-R  LOW OR NON AGGLUTINATE  100-250 UM                      
 RATIOS ADJUSTED USING NBS HALON CALIBRATION TABLE                       

 Source Ang: 30.00   Detect Ang:  0.00  Volt: 0.222
 Date: 10-AUG-94   Time: 13:21:54
