   451
    350.0   0.13382
    355.0   0.13683
    360.0   0.14002
    365.0   0.14160
    370.0   0.14365
    375.0   0.14677
    380.0   0.14817
    385.0   0.14971
    390.0   0.15276
    395.0   0.15439
    400.0   0.15288
    405.0   0.15530
    410.0   0.15670
    415.0   0.15861
    420.0   0.15894
    425.0   0.15940
    430.0   0.15937
    435.0   0.15984
    440.0   0.15996
    445.0   0.16062
    450.0   0.15995
    455.0   0.15983
    460.0   0.15967
    465.0   0.15952
    470.0   0.16012
    475.0   0.15924
    480.0   0.15963
    485.0   0.15964
    490.0   0.15918
    495.0   0.15937
    500.0   0.15844
    505.0   0.15920
    510.0   0.15971
    515.0   0.15838
    520.0   0.15902
    525.0   0.15898
    530.0   0.15888
    535.0   0.15910
    540.0   0.15857
    545.0   0.15886
    550.0   0.15896
    555.0   0.15973
    560.0   0.15970
    565.0   0.15954
    570.0   0.15985
    575.0   0.16005
    580.0   0.16073
    585.0   0.16102
    590.0   0.16109
    595.0   0.16196
    600.0   0.16260
    605.0   0.16257
    610.0   0.16347
    615.0   0.16416
    620.0   0.16400
    625.0   0.16452
    630.0   0.16562
    635.0   0.16558
    640.0   0.16722
    645.0   0.16832
    650.0   0.16936
    655.0   0.16980
    660.0   0.17049
    665.0   0.17141
    670.0   0.17192
    675.0   0.17298
    680.0   0.17375
    685.0   0.17436
    690.0   0.17492
    695.0   0.17608
    700.0   0.17686
    705.0   0.17804
    710.0   0.17887
    715.0   0.17966
    720.0   0.18077
    725.0   0.18152
    730.0   0.18206
    735.0   0.18241
    740.0   0.18309
    745.0   0.18417
    750.0   0.18538
    755.0   0.18700
    760.0   0.18662
    765.0   0.18860
    770.0   0.18967
    775.0   0.19041
    780.0   0.19169
    785.0   0.19184
    790.0   0.19210
    795.0   0.19434
    800.0   0.19153
    805.0   0.19695
    810.0   0.19208
    815.0   0.19512
    820.0   0.19413
    825.0   0.19467
    830.0   0.19253
    835.0   0.19387
    840.0   0.19575
    845.0   0.19554
    850.0   0.19239
    855.0   0.19266
    860.0   0.19375
    865.0   0.19037
    870.0   0.18878
    875.0   0.18944
    880.0   0.18815
    885.0   0.19028
    890.0   0.19042
    895.0   0.19009
    900.0   0.18947
    905.0   0.18714
    910.0   0.18742
    915.0   0.18694
    920.0   0.18625
    925.0   0.18577
    930.0   0.18486
    935.0   0.18673
    940.0   0.18782
    945.0   0.18399
    950.0   0.18425
    955.0   0.18213
    960.0   0.18353
    965.0   0.18344
    970.0   0.18347
    975.0   0.18202
    980.0   0.18209
    985.0   0.18004
    990.0   0.18019
    995.0   0.17986
   1000.0   0.17958
   1005.0   0.18048
   1010.0   0.17750
   1015.0   0.17882
   1020.0   0.18200
   1025.0   0.18171
   1030.0   0.18022
   1035.0   0.18042
   1040.0   0.18151
   1045.0   0.18311
   1050.0   0.18280
   1055.0   0.18296
   1060.0   0.18378
   1065.0   0.18437
   1070.0   0.18650
   1075.0   0.18593
   1080.0   0.18567
   1085.0   0.18624
   1090.0   0.18785
   1095.0   0.18684
   1100.0   0.18751
   1105.0   0.18820
   1110.0   0.18837
   1115.0   0.19041
   1120.0   0.18915
   1125.0   0.19062
   1130.0   0.19071
   1135.0   0.19162
   1140.0   0.19014
   1145.0   0.19130
   1150.0   0.19271
   1155.0   0.19151
   1160.0   0.19259
   1165.0   0.19220
   1170.0   0.19230
   1175.0   0.19284
   1180.0   0.19233
   1185.0   0.19262
   1190.0   0.19391
   1195.0   0.19383
   1200.0   0.19380
   1205.0   0.19437
   1210.0   0.19452
   1215.0   0.19342
   1220.0   0.19438
   1225.0   0.19355
   1230.0   0.19399
   1235.0   0.19501
   1240.0   0.19504
   1245.0   0.19522
   1250.0   0.19559
   1255.0   0.19534
   1260.0   0.19517
   1265.0   0.19581
   1270.0   0.19492
   1275.0   0.19568
   1280.0   0.19506
   1285.0   0.19527
   1290.0   0.19636
   1295.0   0.19633
   1300.0   0.19670
   1305.0   0.19657
   1310.0   0.19675
   1315.0   0.19782
   1320.0   0.19892
   1325.0   0.19807
   1330.0   0.19852
   1335.0   0.19891
   1340.0   0.19905
   1345.0   0.19903
   1350.0   0.19940
   1355.0   0.20099
   1360.0   0.19904
   1365.0   0.19981
   1370.0   0.20021
   1375.0   0.20073
   1380.0   0.20053
   1385.0   0.20261
   1390.0   0.20247
   1395.0   0.20209
   1400.0   0.20197
   1405.0   0.20435
   1410.0   0.20248
   1415.0   0.20320
   1420.0   0.20414
   1425.0   0.20368
   1430.0   0.20561
   1435.0   0.20546
   1440.0   0.20716
   1445.0   0.20579
   1450.0   0.20759
   1455.0   0.20756
   1460.0   0.20698
   1465.0   0.20832
   1470.0   0.20708
   1475.0   0.20858
   1480.0   0.20798
   1485.0   0.20890
   1490.0   0.20907
   1495.0   0.20968
   1500.0   0.20943
   1505.0   0.20920
   1510.0   0.20930
   1515.0   0.20976
   1520.0   0.21040
   1525.0   0.21004
   1530.0   0.21043
   1535.0   0.21095
   1540.0   0.21095
   1545.0   0.20913
   1550.0   0.21009
   1555.0   0.21126
   1560.0   0.21070
   1565.0   0.20976
   1570.0   0.21088
   1575.0   0.20956
   1580.0   0.21101
   1585.0   0.21049
   1590.0   0.21006
   1595.0   0.21008
   1600.0   0.21037
   1605.0   0.20914
   1610.0   0.21014
   1615.0   0.21023
   1620.0   0.21028
   1625.0   0.21028
   1630.0   0.21030
   1635.0   0.20891
   1640.0   0.20903
   1645.0   0.20890
   1650.0   0.20959
   1655.0   0.20899
   1660.0   0.20927
   1665.0   0.20771
   1670.0   0.20919
   1675.0   0.20944
   1680.0   0.20701
   1685.0   0.20821
   1690.0   0.20844
   1695.0   0.20726
   1700.0   0.20672
   1705.0   0.20561
   1710.0   0.20728
   1715.0   0.20736
   1720.0   0.20814
   1725.0   0.20794
   1730.0   0.20679
   1735.0   0.20746
   1740.0   0.20707
   1745.0   0.20673
   1750.0   0.20605
   1755.0   0.20567
   1760.0   0.20576
   1765.0   0.20624
   1770.0   0.20601
   1775.0   0.20649
   1780.0   0.20598
   1785.0   0.20548
   1790.0   0.20609
   1795.0   0.20559
   1800.0   0.20496
   1805.0   0.20490
   1810.0   0.20539
   1815.0   0.20490
   1820.0   0.20510
   1825.0   0.20404
   1830.0   0.20439
   1835.0   0.20503
   1840.0   0.20349
   1845.0   0.20372
   1850.0   0.20400
   1855.0   0.20391
   1860.0   0.20309
   1865.0   0.20303
   1870.0   0.20256
   1875.0   0.20152
   1880.0   0.20218
   1885.0   0.20129
   1890.0   0.20147
   1895.0   0.20196
   1900.0   0.20182
   1905.0   0.20072
   1910.0   0.20019
   1915.0   0.20051
   1920.0   0.19964
   1925.0   0.19998
   1930.0   0.19981
   1935.0   0.19926
   1940.0   0.19994
   1945.0   0.19922
   1950.0   0.19822
   1955.0   0.19802
   1960.0   0.19887
   1965.0   0.19805
   1970.0   0.19716
   1975.0   0.19761
   1980.0   0.19734
   1985.0   0.19785
   1990.0   0.19817
   1995.0   0.19730
   2000.0   0.19688
   2005.0   0.19708
   2010.0   0.19574
   2015.0   0.19674
   2020.0   0.19732
   2025.0   0.19585
   2030.0   0.19678
   2035.0   0.19655
   2040.0   0.19659
   2045.0   0.19662
   2050.0   0.19684
   2055.0   0.19618
   2060.0   0.19682
   2065.0   0.19632
   2070.0   0.19543
   2075.0   0.19567
   2080.0   0.19504
   2085.0   0.19517
   2090.0   0.19599
   2095.0   0.19567
   2100.0   0.19480
   2105.0   0.19540
   2110.0   0.19597
   2115.0   0.19549
   2120.0   0.19518
   2125.0   0.19467
   2130.0   0.19446
   2135.0   0.19607
   2140.0   0.19500
   2145.0   0.19503
   2150.0   0.19499
   2155.0   0.19567
   2160.0   0.19556
   2165.0   0.19586
   2170.0   0.19575
   2175.0   0.19462
   2180.0   0.19571
   2185.0   0.19523
   2190.0   0.19532
   2195.0   0.19478
   2200.0   0.19529
   2205.0   0.19611
   2210.0   0.19552
   2215.0   0.19601
   2220.0   0.19573
   2225.0   0.19577
   2230.0   0.19505
   2235.0   0.19581
   2240.0   0.19598
   2245.0   0.19581
   2250.0   0.19671
   2255.0   0.19554
   2260.0   0.19628
   2265.0   0.19653
   2270.0   0.19648
   2275.0   0.19633
   2280.0   0.19710
   2285.0   0.19588
   2290.0   0.19627
   2295.0   0.19622
   2300.0   0.19643
   2305.0   0.19668
   2310.0   0.19618
   2315.0   0.19691
   2320.0   0.19739
   2325.0   0.19685
   2330.0   0.19779
   2335.0   0.19856
   2340.0   0.19823
   2345.0   0.19778
   2350.0   0.19798
   2355.0   0.19875
   2360.0   0.19997
   2365.0   0.19973
   2370.0   0.20007
   2375.0   0.19994
   2380.0   0.20085
   2385.0   0.20015
   2390.0   0.20059
   2395.0   0.20108
   2400.0   0.20092
   2405.0   0.20107
   2410.0   0.20112
   2415.0   0.20104
   2420.0   0.20227
   2425.0   0.20315
   2430.0   0.20281
   2435.0   0.20303
   2440.0   0.20362
   2445.0   0.20362
   2450.0   0.20181
   2455.0   0.20331
   2460.0   0.20232
   2465.0   0.20364
   2470.0   0.20414
   2475.0   0.20323
   2480.0   0.20514
   2485.0   0.20488
   2490.0   0.20555
   2495.0   0.20624
   2500.0   0.20544
   2505.0   0.20725
   2510.0   0.20629
   2515.0   0.20718
   2520.0   0.20816
   2525.0   0.20682
   2530.0   0.20889
   2535.0   0.20886
   2540.0   0.20905
   2545.0   0.20753
   2550.0   0.20543
   2555.0   0.20645
   2560.0   0.20927
   2565.0   0.20525
   2570.0   0.20516
   2575.0   0.20670
   2580.0   0.20655
   2585.0   0.20525
   2590.0   0.20362
   2595.0   0.20331
   2600.0   0.20473



 C5LS15      .ASC                        

 LS-CMP-015-G5                                                           
 RERUN OF G5 FROM TOP OF MATRIX                                          
 FIRST POINTS DEL                                                        
 RATIOS ADJUSTED USING NBS HALON CALIBRATION TABLE                       

 Source Ang: 30.00   Detect Ang:  0.00  Volt: 0.777
 Date:  9-OCT-87   Time: 18:12:47
