   481
    300.0   0.07364
    305.0   0.07318
    310.0   0.07821
    315.0   0.08029
    320.0   0.08334
    325.0   0.08674
    330.0   0.08948
    335.0   0.09289
    340.0   0.09840
    345.0   0.10420
    350.0   0.10953
    355.0   0.11476
    360.0   0.12147
    365.0   0.12806
    370.0   0.13385
    375.0   0.14053
    380.0   0.14600
    385.0   0.15205
    390.0   0.15715
    395.0   0.16181
    400.0   0.16662
    405.0   0.16987
    410.0   0.17433
    415.0   0.17743
    420.0   0.18089
    425.0   0.18353
    430.0   0.18542
    435.0   0.18744
    440.0   0.18930
    445.0   0.19107
    450.0   0.19243
    455.0   0.19363
    460.0   0.19551
    465.0   0.19874
    470.0   0.20059
    475.0   0.20265
    480.0   0.20465
    485.0   0.20622
    490.0   0.20715
    495.0   0.20861
    500.0   0.20951
    505.0   0.20972
    510.0   0.21095
    515.0   0.21402
    520.0   0.21617
    525.0   0.21675
    530.0   0.21804
    535.0   0.21914
    540.0   0.22042
    545.0   0.22111
    550.0   0.22224
    555.0   0.22318
    560.0   0.22436
    565.0   0.22578
    570.0   0.22661
    575.0   0.22723
    580.0   0.22795
    585.0   0.22866
    590.0   0.22935
    595.0   0.23027
    600.0   0.23050
    605.0   0.23113
    610.0   0.23231
    615.0   0.23332
    620.0   0.23425
    625.0   0.23455
    630.0   0.23564
    635.0   0.23677
    640.0   0.23719
    645.0   0.23779
    650.0   0.23839
    655.0   0.23875
    660.0   0.23933
    665.0   0.24047
    670.0   0.24066
    675.0   0.24126
    680.0   0.24228
    685.0   0.24279
    690.0   0.24394
    695.0   0.24455
    700.0   0.24546
    705.0   0.24612
    710.0   0.24713
    715.0   0.24793
    720.0   0.24845
    725.0   0.24839
    730.0   0.24841
    735.0   0.24935
    740.0   0.24924
    745.0   0.24955
    750.0   0.24985
    755.0   0.25013
    760.0   0.24977
    765.0   0.24940
    770.0   0.24918
    775.0   0.24890
    780.0   0.24745
    785.0   0.24740
    790.0   0.24563
    795.0   0.24466
    800.0   0.24331
    805.0   0.24152
    810.0   0.23975
    815.0   0.23795
    820.0   0.23655
    825.0   0.23385
    830.0   0.23199
    835.0   0.22913
    840.0   0.22666
    845.0   0.22423
    850.0   0.22179
    855.0   0.21888
    860.0   0.21687
    865.0   0.21404
    870.0   0.21124
    875.0   0.20894
    880.0   0.20685
    885.0   0.20369
    890.0   0.20110
    895.0   0.19897
    900.0   0.19651
    905.0   0.19539
    910.0   0.19344
    915.0   0.19154
    920.0   0.18889
    925.0   0.18826
    930.0   0.18643
    935.0   0.18549
    940.0   0.18500
    945.0   0.18358
    950.0   0.18305
    955.0   0.18297
    960.0   0.18272
    965.0   0.18264
    970.0   0.18286
    975.0   0.18267
    980.0   0.18269
    985.0   0.18369
    990.0   0.18402
    995.0   0.18518
   1000.0   0.18596
   1005.0   0.18748
   1010.0   0.18847
   1015.0   0.18983
   1020.0   0.19082
   1025.0   0.19297
   1030.0   0.19458
   1035.0   0.19695
   1040.0   0.19866
   1045.0   0.20078
   1050.0   0.20277
   1055.0   0.20500
   1060.0   0.20717
   1065.0   0.20999
   1070.0   0.21288
   1075.0   0.21508
   1080.0   0.21758
   1085.0   0.21978
   1090.0   0.22217
   1095.0   0.22449
   1100.0   0.22703
   1105.0   0.22916
   1110.0   0.23131
   1115.0   0.23334
   1120.0   0.23561
   1125.0   0.23763
   1130.0   0.23966
   1135.0   0.24166
   1140.0   0.24344
   1145.0   0.24526
   1150.0   0.24652
   1155.0   0.24758
   1160.0   0.24924
   1165.0   0.25012
   1170.0   0.25101
   1175.0   0.25210
   1180.0   0.25284
   1185.0   0.25375
   1190.0   0.25467
   1195.0   0.25591
   1200.0   0.25646
   1205.0   0.25714
   1210.0   0.25798
   1215.0   0.25838
   1220.0   0.25895
   1225.0   0.25987
   1230.0   0.26051
   1235.0   0.26170
   1240.0   0.26294
   1245.0   0.26311
   1250.0   0.26366
   1255.0   0.26379
   1260.0   0.26408
   1265.0   0.26513
   1270.0   0.26577
   1275.0   0.26638
   1280.0   0.26747
   1285.0   0.26828
   1290.0   0.26857
   1295.0   0.26954
   1300.0   0.27006
   1305.0   0.27048
   1310.0   0.27078
   1315.0   0.27163
   1320.0   0.27194
   1325.0   0.27294
   1330.0   0.27385
   1335.0   0.27507
   1340.0   0.27588
   1345.0   0.27726
   1350.0   0.27794
   1355.0   0.27887
   1360.0   0.27951
   1365.0   0.27935
   1370.0   0.27977
   1375.0   0.27978
   1380.0   0.28283
   1385.0   0.28117
   1390.0   0.28302
   1395.0   0.28392
   1400.0   0.28458
   1405.0   0.28521
   1410.0   0.28552
   1415.0   0.28656
   1420.0   0.28734
   1425.0   0.28727
   1430.0   0.28832
   1435.0   0.28803
   1440.0   0.28893
   1445.0   0.28959
   1450.0   0.29035
   1455.0   0.29111
   1460.0   0.29127
   1465.0   0.29197
   1470.0   0.29284
   1475.0   0.29334
   1480.0   0.29323
   1485.0   0.29392
   1490.0   0.29406
   1495.0   0.29402
   1500.0   0.29424
   1505.0   0.29465
   1510.0   0.29539
   1515.0   0.29577
   1520.0   0.29560
   1525.0   0.29577
   1530.0   0.29683
   1535.0   0.29614
   1540.0   0.29604
   1545.0   0.29584
   1550.0   0.29676
   1555.0   0.29668
   1560.0   0.29631
   1565.0   0.29616
   1570.0   0.29596
   1575.0   0.29653
   1580.0   0.29661
   1585.0   0.29579
   1590.0   0.29611
   1595.0   0.29543
   1600.0   0.29559
   1605.0   0.29517
   1610.0   0.29517
   1615.0   0.29492
   1620.0   0.29434
   1625.0   0.29441
   1630.0   0.29290
   1635.0   0.29294
   1640.0   0.29252
   1645.0   0.29220
   1650.0   0.29166
   1655.0   0.29118
   1660.0   0.29035
   1665.0   0.28990
   1670.0   0.28911
   1675.0   0.28936
   1680.0   0.28821
   1685.0   0.28762
   1690.0   0.28707
   1695.0   0.28665
   1700.0   0.28648
   1705.0   0.28580
   1710.0   0.28488
   1715.0   0.28418
   1720.0   0.28354
   1725.0   0.28366
   1730.0   0.28274
   1735.0   0.28200
   1740.0   0.28135
   1745.0   0.28060
   1750.0   0.27988
   1755.0   0.27970
   1760.0   0.27920
   1765.0   0.27809
   1770.0   0.27692
   1775.0   0.27649
   1780.0   0.27600
   1785.0   0.27545
   1790.0   0.27471
   1795.0   0.27438
   1800.0   0.27435
   1805.0   0.27378
   1810.0   0.27307
   1815.0   0.27228
   1820.0   0.27163
   1825.0   0.27100
   1830.0   0.27072
   1835.0   0.27046
   1840.0   0.26965
   1845.0   0.26890
   1850.0   0.26845
   1855.0   0.26786
   1860.0   0.26695
   1865.0   0.26749
   1870.0   0.26736
   1875.0   0.26477
   1880.0   0.26464
   1885.0   0.26386
   1890.0   0.26385
   1895.0   0.26325
   1900.0   0.26382
   1905.0   0.26263
   1910.0   0.26189
   1915.0   0.26173
   1920.0   0.26111
   1925.0   0.26057
   1930.0   0.26030
   1935.0   0.25963
   1940.0   0.25934
   1945.0   0.25802
   1950.0   0.25800
   1955.0   0.25747
   1960.0   0.25773
   1965.0   0.25697
   1970.0   0.25689
   1975.0   0.25685
   1980.0   0.25719
   1985.0   0.25624
   1990.0   0.25547
   1995.0   0.25558
   2000.0   0.25533
   2005.0   0.25477
   2010.0   0.25468
   2015.0   0.25467
   2020.0   0.25449
   2025.0   0.25445
   2030.0   0.25456
   2035.0   0.25386
   2040.0   0.25388
   2045.0   0.25394
   2050.0   0.25395
   2055.0   0.25322
   2060.0   0.25278
   2065.0   0.25299
   2070.0   0.25246
   2075.0   0.25282
   2080.0   0.25247
   2085.0   0.25252
   2090.0   0.25283
   2095.0   0.25294
   2100.0   0.25242
   2105.0   0.25255
   2110.0   0.25202
   2115.0   0.25176
   2120.0   0.25172
   2125.0   0.25257
   2130.0   0.25238
   2135.0   0.25219
   2140.0   0.25271
   2145.0   0.25216
   2150.0   0.25249
   2155.0   0.25232
   2160.0   0.25266
   2165.0   0.25275
   2170.0   0.25244
   2175.0   0.25321
   2180.0   0.25293
   2185.0   0.25369
   2190.0   0.25322
   2195.0   0.25369
   2200.0   0.25402
   2205.0   0.25450
   2210.0   0.25470
   2215.0   0.25542
   2220.0   0.25553
   2225.0   0.25585
   2230.0   0.25582
   2235.0   0.25614
   2240.0   0.25611
   2245.0   0.25663
   2250.0   0.25654
   2255.0   0.25781
   2260.0   0.25787
   2265.0   0.25829
   2270.0   0.25909
   2275.0   0.25943
   2280.0   0.25955
   2285.0   0.25979
   2290.0   0.26034
   2295.0   0.26096
   2300.0   0.26112
   2305.0   0.26142
   2310.0   0.26194
   2315.0   0.26197
   2320.0   0.26274
   2325.0   0.26360
   2330.0   0.26361
   2335.0   0.26421
   2340.0   0.26332
   2345.0   0.26364
   2350.0   0.26408
   2355.0   0.26417
   2360.0   0.26501
   2365.0   0.26587
   2370.0   0.26583
   2375.0   0.26630
   2380.0   0.26760
   2385.0   0.26825
   2390.0   0.26876
   2395.0   0.27006
   2400.0   0.27071
   2405.0   0.27049
   2410.0   0.27132
   2415.0   0.27170
   2420.0   0.27267
   2425.0   0.27280
   2430.0   0.27381
   2435.0   0.27476
   2440.0   0.27480
   2445.0   0.27537
   2450.0   0.27583
   2455.0   0.27729
   2460.0   0.27760
   2465.0   0.27790
   2470.0   0.27855
   2475.0   0.27986
   2480.0   0.28111
   2485.0   0.28180
   2490.0   0.28180
   2495.0   0.28325
   2500.0   0.28401
   2505.0   0.28430
   2510.0   0.28527
   2515.0   0.28563
   2520.0   0.28593
   2525.0   0.28661
   2530.0   0.28789
   2535.0   0.28904
   2540.0   0.28976
   2545.0   0.29129
   2550.0   0.29060
   2555.0   0.29131
   2560.0   0.29681
   2565.0   0.29302
   2570.0   0.29308
   2575.0   0.29408
   2580.0   0.29625
   2585.0   0.29480
   2590.0   0.29571
   2595.0   0.29748
   2600.0   0.29674
   2605.0   0.29796
   2610.0   0.29585
   2615.0   0.29876
   2620.0   0.29374
   2625.0   0.29868
   2630.0   0.29852
   2635.0   0.29492
   2640.0   0.29867
   2645.0   0.29870
   2650.0   0.30050
   2655.0   0.30164
   2660.0   0.30301
   2665.0   0.30715
   2670.0   0.30035
   2675.0   0.30040
   2680.0   0.29582
   2685.0   0.29644
   2690.0   0.29760
   2695.0   0.29839
   2700.0   0.29745



 C6LS02      .ASC                        

 LS-CMP-002                                                              
 15555,799  SAW FINES                                                    
 RATIOS ADJUSTED USING NBS HALON CALIBRATION TABLE                       

 Source Ang: 30.00   Detect Ang:  0.00  Volt: 0.222
 Date: 18-APR-91   Time: 14:08:32
