   461
    300.0   0.05266
    305.0   0.05102
    310.0   0.05330
    315.0   0.05392
    320.0   0.05577
    325.0   0.05655
    330.0   0.05800
    335.0   0.05944
    340.0   0.06086
    345.0   0.06162
    350.0   0.06276
    355.0   0.06384
    360.0   0.06545
    365.0   0.06641
    370.0   0.06787
    375.0   0.06875
    380.0   0.06984
    385.0   0.07109
    390.0   0.07261
    395.0   0.07365
    400.0   0.07551
    405.0   0.07637
    410.0   0.07717
    415.0   0.07829
    420.0   0.07955
    425.0   0.08087
    430.0   0.08185
    435.0   0.08307
    440.0   0.08407
    445.0   0.08540
    450.0   0.08643
    455.0   0.08738
    460.0   0.08850
    465.0   0.08946
    470.0   0.09054
    475.0   0.09180
    480.0   0.09331
    485.0   0.09420
    490.0   0.09531
    495.0   0.09616
    500.0   0.09728
    505.0   0.09834
    510.0   0.09923
    515.0   0.10061
    520.0   0.10162
    525.0   0.10258
    530.0   0.10368
    535.0   0.10471
    540.0   0.10567
    545.0   0.10652
    550.0   0.10757
    555.0   0.10847
    560.0   0.10937
    565.0   0.11029
    570.0   0.11114
    575.0   0.11203
    580.0   0.11281
    585.0   0.11388
    590.0   0.11468
    595.0   0.11548
    600.0   0.11643
    605.0   0.11728
    610.0   0.11838
    615.0   0.11911
    620.0   0.12017
    625.0   0.12099
    630.0   0.12193
    635.0   0.12271
    640.0   0.12358
    645.0   0.12444
    650.0   0.12526
    655.0   0.12590
    660.0   0.12676
    665.0   0.12761
    670.0   0.12841
    675.0   0.12926
    680.0   0.12990
    685.0   0.13066
    690.0   0.13149
    695.0   0.13231
    700.0   0.13285
    705.0   0.13372
    710.0   0.13446
    715.0   0.13493
    720.0   0.13587
    725.0   0.13636
    730.0   0.13675
    735.0   0.13738
    740.0   0.13823
    745.0   0.13895
    750.0   0.13863
    755.0   0.14026
    760.0   0.14025
    765.0   0.14096
    770.0   0.14235
    775.0   0.14215
    780.0   0.14257
    785.0   0.14285
    790.0   0.14299
    795.0   0.14406
    800.0   0.14531
    805.0   0.14572
    810.0   0.14611
    815.0   0.14591
    820.0   0.14736
    825.0   0.14651
    830.0   0.14708
    835.0   0.14750
    840.0   0.14728
    845.0   0.14743
    850.0   0.14767
    855.0   0.14917
    860.0   0.14839
    865.0   0.14911
    870.0   0.14839
    875.0   0.14909
    880.0   0.14923
    885.0   0.14940
    890.0   0.14988
    895.0   0.15025
    900.0   0.14893
    905.0   0.14959
    910.0   0.15059
    915.0   0.14967
    920.0   0.15030
    925.0   0.15041
    930.0   0.15107
    935.0   0.15169
    940.0   0.15185
    945.0   0.15298
    950.0   0.15335
    955.0   0.15389
    960.0   0.15431
    965.0   0.15513
    970.0   0.15594
    975.0   0.15619
    980.0   0.15699
    985.0   0.15808
    990.0   0.15895
    995.0   0.15983
   1000.0   0.15998
   1005.0   0.16143
   1010.0   0.16149
   1015.0   0.16263
   1020.0   0.16376
   1025.0   0.16429
   1030.0   0.16516
   1035.0   0.16660
   1040.0   0.16765
   1045.0   0.16833
   1050.0   0.16906
   1055.0   0.16981
   1060.0   0.17073
   1065.0   0.17142
   1070.0   0.17246
   1075.0   0.17306
   1080.0   0.17405
   1085.0   0.17498
   1090.0   0.17551
   1095.0   0.17668
   1100.0   0.17702
   1105.0   0.17763
   1110.0   0.17864
   1115.0   0.17951
   1120.0   0.18010
   1125.0   0.18101
   1130.0   0.18121
   1135.0   0.18211
   1140.0   0.18327
   1145.0   0.18368
   1150.0   0.18454
   1155.0   0.18516
   1160.0   0.18581
   1165.0   0.18657
   1170.0   0.18698
   1175.0   0.18789
   1180.0   0.18814
   1185.0   0.18884
   1190.0   0.18977
   1195.0   0.19017
   1200.0   0.19119
   1205.0   0.19239
   1210.0   0.19245
   1215.0   0.19322
   1220.0   0.19403
   1225.0   0.19470
   1230.0   0.19478
   1235.0   0.19523
   1240.0   0.19646
   1245.0   0.19688
   1250.0   0.19757
   1255.0   0.19787
   1260.0   0.19817
   1265.0   0.19919
   1270.0   0.19976
   1275.0   0.20010
   1280.0   0.20064
   1285.0   0.20108
   1290.0   0.20158
   1295.0   0.20255
   1300.0   0.20302
   1305.0   0.20361
   1310.0   0.20435
   1315.0   0.20512
   1320.0   0.20564
   1325.0   0.20624
   1330.0   0.20713
   1335.0   0.20766
   1340.0   0.20825
   1345.0   0.20932
   1350.0   0.21003
   1355.0   0.21044
   1360.0   0.21042
   1365.0   0.21006
   1370.0   0.21070
   1375.0   0.21124
   1380.0   0.21301
   1385.0   0.21211
   1390.0   0.21367
   1395.0   0.21440
   1400.0   0.21515
   1405.0   0.21578
   1410.0   0.21595
   1415.0   0.21656
   1420.0   0.21683
   1425.0   0.21833
   1430.0   0.21850
   1435.0   0.21938
   1440.0   0.21959
   1445.0   0.22102
   1450.0   0.22160
   1455.0   0.22208
   1460.0   0.22314
   1465.0   0.22350
   1470.0   0.22464
   1475.0   0.22430
   1480.0   0.22481
   1485.0   0.22545
   1490.0   0.22615
   1495.0   0.22666
   1500.0   0.22699
   1505.0   0.22779
   1510.0   0.22826
   1515.0   0.22885
   1520.0   0.22885
   1525.0   0.22906
   1530.0   0.22954
   1535.0   0.23009
   1540.0   0.23061
   1545.0   0.23094
   1550.0   0.23202
   1555.0   0.23181
   1560.0   0.23246
   1565.0   0.23295
   1570.0   0.23324
   1575.0   0.23341
   1580.0   0.23366
   1585.0   0.23419
   1590.0   0.23492
   1595.0   0.23543
   1600.0   0.23592
   1605.0   0.23586
   1610.0   0.23623
   1615.0   0.23666
   1620.0   0.23690
   1625.0   0.23741
   1630.0   0.23764
   1635.0   0.23751
   1640.0   0.23822
   1645.0   0.23805
   1650.0   0.24012
   1655.0   0.23942
   1660.0   0.23988
   1665.0   0.24043
   1670.0   0.24002
   1675.0   0.24024
   1680.0   0.24089
   1685.0   0.24116
   1690.0   0.24166
   1695.0   0.24158
   1700.0   0.24216
   1705.0   0.24239
   1710.0   0.24262
   1715.0   0.24263
   1720.0   0.24332
   1725.0   0.24355
   1730.0   0.24338
   1735.0   0.24396
   1740.0   0.24458
   1745.0   0.24454
   1750.0   0.24492
   1755.0   0.24482
   1760.0   0.24518
   1765.0   0.24531
   1770.0   0.24547
   1775.0   0.24598
   1780.0   0.24616
   1785.0   0.24651
   1790.0   0.24636
   1795.0   0.24678
   1800.0   0.24736
   1805.0   0.24786
   1810.0   0.24862
   1815.0   0.24955
   1820.0   0.24924
   1825.0   0.24939
   1830.0   0.25019
   1835.0   0.25032
   1840.0   0.24957
   1845.0   0.24998
   1850.0   0.24938
   1855.0   0.25021
   1860.0   0.24971
   1865.0   0.25209
   1870.0   0.25276
   1875.0   0.25043
   1880.0   0.25104
   1885.0   0.25177
   1890.0   0.25209
   1895.0   0.25269
   1900.0   0.25345
   1905.0   0.25331
   1910.0   0.25428
   1915.0   0.25403
   1920.0   0.25447
   1925.0   0.25454
   1930.0   0.25506
   1935.0   0.25506
   1940.0   0.25525
   1945.0   0.25556
   1950.0   0.25579
   1955.0   0.25641
   1960.0   0.25653
   1965.0   0.25680
   1970.0   0.25733
   1975.0   0.25771
   1980.0   0.25756
   1985.0   0.25841
   1990.0   0.25867
   1995.0   0.25886
   2000.0   0.25969
   2005.0   0.25976
   2010.0   0.26041
   2015.0   0.26073
   2020.0   0.26121
   2025.0   0.26152
   2030.0   0.26180
   2035.0   0.26212
   2040.0   0.26275
   2045.0   0.26315
   2050.0   0.26348
   2055.0   0.26317
   2060.0   0.26420
   2065.0   0.26435
   2070.0   0.26499
   2075.0   0.26607
   2080.0   0.26615
   2085.0   0.26599
   2090.0   0.26703
   2095.0   0.26751
   2100.0   0.26766
   2105.0   0.26814
   2110.0   0.26859
   2115.0   0.26926
   2120.0   0.26981
   2125.0   0.27013
   2130.0   0.27063
   2135.0   0.27066
   2140.0   0.27117
   2145.0   0.27131
   2150.0   0.27187
   2155.0   0.27251
   2160.0   0.27278
   2165.0   0.27305
   2170.0   0.27371
   2175.0   0.27428
   2180.0   0.27515
   2185.0   0.27522
   2190.0   0.27613
   2195.0   0.27650
   2200.0   0.27689
   2205.0   0.27766
   2210.0   0.27821
   2215.0   0.27881
   2220.0   0.27913
   2225.0   0.27892
   2230.0   0.27969
   2235.0   0.28057
   2240.0   0.28134
   2245.0   0.28204
   2250.0   0.28244
   2255.0   0.28289
   2260.0   0.28335
   2265.0   0.28392
   2270.0   0.28435
   2275.0   0.28515
   2280.0   0.28558
   2285.0   0.28573
   2290.0   0.28644
   2295.0   0.28639
   2300.0   0.28757
   2305.0   0.28850
   2310.0   0.28896
   2315.0   0.28905
   2320.0   0.28941
   2325.0   0.28990
   2330.0   0.29015
   2335.0   0.29064
   2340.0   0.29107
   2345.0   0.29171
   2350.0   0.29172
   2355.0   0.29198
   2360.0   0.29254
   2365.0   0.29257
   2370.0   0.29330
   2375.0   0.29387
   2380.0   0.29465
   2385.0   0.29432
   2390.0   0.29465
   2395.0   0.29546
   2400.0   0.29624
   2405.0   0.29604
   2410.0   0.29707
   2415.0   0.29756
   2420.0   0.29815
   2425.0   0.29856
   2430.0   0.29936
   2435.0   0.29980
   2440.0   0.30038
   2445.0   0.30112
   2450.0   0.30085
   2455.0   0.30141
   2460.0   0.30203
   2465.0   0.30214
   2470.0   0.30320
   2475.0   0.30356
   2480.0   0.30497
   2485.0   0.30454
   2490.0   0.30524
   2495.0   0.30613
   2500.0   0.30671
   2505.0   0.30705
   2510.0   0.30744
   2515.0   0.30797
   2520.0   0.30797
   2525.0   0.30865
   2530.0   0.30880
   2535.0   0.30845
   2540.0   0.30966
   2545.0   0.30867
   2550.0   0.30820
   2555.0   0.31032
   2560.0   0.31431
   2565.0   0.30617
   2570.0   0.30892
   2575.0   0.30895
   2580.0   0.31178
   2585.0   0.30814
   2590.0   0.30984
   2595.0   0.30865
   2600.0   0.31231



 CALR08      .ASC                        

 LR-CMP-008                                                              
 LUNAR SOIL 72321 BULK <1000 MICRONS                                     
 PREPARED BY EMF                                                         
 RATIOS ADJUSTED USING NBS HALON CALIBRATION TABLE                       

 Source Ang: 30.00   Detect Ang:  0.00  Volt: 0.222
 Date: 13-SEP-94   Time: 11:46:23
