   461
    300.0   0.07123
    305.0   0.06949
    310.0   0.06824
    315.0   0.06983
    320.0   0.07269
    325.0   0.07478
    330.0   0.07699
    335.0   0.07783
    340.0   0.08093
    345.0   0.08254
    350.0   0.08410
    355.0   0.08752
    360.0   0.08995
    365.0   0.09116
    370.0   0.09424
    375.0   0.09671
    380.0   0.09850
    385.0   0.10076
    390.0   0.10266
    395.0   0.10433
    400.0   0.10597
    405.0   0.10844
    410.0   0.10948
    415.0   0.11068
    420.0   0.11193
    425.0   0.11308
    430.0   0.11437
    435.0   0.11560
    440.0   0.11640
    445.0   0.11735
    450.0   0.11825
    455.0   0.11917
    460.0   0.12010
    465.0   0.12097
    470.0   0.12198
    475.0   0.12306
    480.0   0.12370
    485.0   0.12450
    490.0   0.12545
    495.0   0.12622
    500.0   0.12719
    505.0   0.12792
    510.0   0.12877
    515.0   0.12964
    520.0   0.13080
    525.0   0.13166
    530.0   0.13274
    535.0   0.13356
    540.0   0.13425
    545.0   0.13511
    550.0   0.13610
    555.0   0.13655
    560.0   0.13709
    565.0   0.13812
    570.0   0.13900
    575.0   0.13966
    580.0   0.14042
    585.0   0.14104
    590.0   0.14178
    595.0   0.14246
    600.0   0.14312
    605.0   0.14388
    610.0   0.14468
    615.0   0.14540
    620.0   0.14650
    625.0   0.14743
    630.0   0.14788
    635.0   0.14886
    640.0   0.14951
    645.0   0.15024
    650.0   0.15133
    655.0   0.15196
    660.0   0.15262
    665.0   0.15318
    670.0   0.15401
    675.0   0.15473
    680.0   0.15543
    685.0   0.15617
    690.0   0.15657
    695.0   0.15735
    700.0   0.15849
    705.0   0.15905
    710.0   0.16014
    715.0   0.16079
    720.0   0.16169
    725.0   0.16250
    730.0   0.16327
    735.0   0.16415
    740.0   0.16469
    745.0   0.16541
    750.0   0.16514
    755.0   0.16601
    760.0   0.16614
    765.0   0.16666
    770.0   0.16696
    775.0   0.16785
    780.0   0.16758
    785.0   0.16800
    790.0   0.16805
    795.0   0.16832
    800.0   0.16791
    805.0   0.16777
    810.0   0.16814
    815.0   0.16766
    820.0   0.16666
    825.0   0.16600
    830.0   0.16608
    835.0   0.16564
    840.0   0.16587
    845.0   0.16413
    850.0   0.16358
    855.0   0.16285
    860.0   0.16148
    865.0   0.16047
    870.0   0.16088
    875.0   0.15903
    880.0   0.15873
    885.0   0.15741
    890.0   0.15699
    895.0   0.15685
    900.0   0.15580
    905.0   0.15561
    910.0   0.15516
    915.0   0.15353
    920.0   0.15343
    925.0   0.15313
    930.0   0.15331
    935.0   0.15334
    940.0   0.15275
    945.0   0.15300
    950.0   0.15314
    955.0   0.15316
    960.0   0.15339
    965.0   0.15393
    970.0   0.15454
    975.0   0.15464
    980.0   0.15579
    985.0   0.15620
    990.0   0.15687
    995.0   0.15782
   1000.0   0.15876
   1005.0   0.15936
   1010.0   0.16064
   1015.0   0.16144
   1020.0   0.16301
   1025.0   0.16401
   1030.0   0.16482
   1035.0   0.16548
   1040.0   0.16688
   1045.0   0.16819
   1050.0   0.16937
   1055.0   0.17067
   1060.0   0.17185
   1065.0   0.17314
   1070.0   0.17471
   1075.0   0.17611
   1080.0   0.17753
   1085.0   0.17855
   1090.0   0.17927
   1095.0   0.18064
   1100.0   0.18185
   1105.0   0.18249
   1110.0   0.18390
   1115.0   0.18496
   1120.0   0.18620
   1125.0   0.18684
   1130.0   0.18774
   1135.0   0.18845
   1140.0   0.18974
   1145.0   0.19025
   1150.0   0.19107
   1155.0   0.19128
   1160.0   0.19215
   1165.0   0.19283
   1170.0   0.19327
   1175.0   0.19366
   1180.0   0.19412
   1185.0   0.19541
   1190.0   0.19559
   1195.0   0.19605
   1200.0   0.19680
   1205.0   0.19709
   1210.0   0.19720
   1215.0   0.19764
   1220.0   0.19842
   1225.0   0.19867
   1230.0   0.19966
   1235.0   0.19987
   1240.0   0.20038
   1245.0   0.20105
   1250.0   0.20090
   1255.0   0.20179
   1260.0   0.20238
   1265.0   0.20252
   1270.0   0.20322
   1275.0   0.20378
   1280.0   0.20344
   1285.0   0.20402
   1290.0   0.20470
   1295.0   0.20500
   1300.0   0.20577
   1305.0   0.20633
   1310.0   0.20664
   1315.0   0.20699
   1320.0   0.20808
   1325.0   0.20862
   1330.0   0.20919
   1335.0   0.20938
   1340.0   0.21022
   1345.0   0.21087
   1350.0   0.21146
   1355.0   0.21179
   1360.0   0.21243
   1365.0   0.21209
   1370.0   0.21297
   1375.0   0.21401
   1380.0   0.21580
   1385.0   0.21451
   1390.0   0.21557
   1395.0   0.21572
   1400.0   0.21728
   1405.0   0.21774
   1410.0   0.21755
   1415.0   0.21782
   1420.0   0.21879
   1425.0   0.21972
   1430.0   0.22052
   1435.0   0.22040
   1440.0   0.22132
   1445.0   0.22199
   1450.0   0.22264
   1455.0   0.22249
   1460.0   0.22293
   1465.0   0.22376
   1470.0   0.22426
   1475.0   0.22446
   1480.0   0.22481
   1485.0   0.22500
   1490.0   0.22612
   1495.0   0.22599
   1500.0   0.22638
   1505.0   0.22675
   1510.0   0.22722
   1515.0   0.22767
   1520.0   0.22773
   1525.0   0.22849
   1530.0   0.22802
   1535.0   0.22859
   1540.0   0.22893
   1545.0   0.22908
   1550.0   0.22906
   1555.0   0.22904
   1560.0   0.22931
   1565.0   0.22974
   1570.0   0.23035
   1575.0   0.22998
   1580.0   0.23002
   1585.0   0.23039
   1590.0   0.23089
   1595.0   0.23009
   1600.0   0.23090
   1605.0   0.23026
   1610.0   0.23079
   1615.0   0.23111
   1620.0   0.23154
   1625.0   0.23111
   1630.0   0.23082
   1635.0   0.23067
   1640.0   0.23118
   1645.0   0.23136
   1650.0   0.23158
   1655.0   0.23131
   1660.0   0.23134
   1665.0   0.23149
   1670.0   0.23127
   1675.0   0.23128
   1680.0   0.23142
   1685.0   0.23179
   1690.0   0.23125
   1695.0   0.23122
   1700.0   0.23142
   1705.0   0.23189
   1710.0   0.23147
   1715.0   0.23151
   1720.0   0.23174
   1725.0   0.23209
   1730.0   0.23167
   1735.0   0.23133
   1740.0   0.23122
   1745.0   0.23132
   1750.0   0.23130
   1755.0   0.23112
   1760.0   0.23129
   1765.0   0.23102
   1770.0   0.23111
   1775.0   0.23124
   1780.0   0.23111
   1785.0   0.23178
   1790.0   0.23110
   1795.0   0.23100
   1800.0   0.23129
   1805.0   0.23127
   1810.0   0.23124
   1815.0   0.23094
   1820.0   0.23136
   1825.0   0.23100
   1830.0   0.23110
   1835.0   0.23071
   1840.0   0.23067
   1845.0   0.23000
   1850.0   0.23024
   1855.0   0.22987
   1860.0   0.23020
   1865.0   0.23059
   1870.0   0.23106
   1875.0   0.23012
   1880.0   0.23073
   1885.0   0.23053
   1890.0   0.23081
   1895.0   0.23135
   1900.0   0.23083
   1905.0   0.23008
   1910.0   0.23081
   1915.0   0.23110
   1920.0   0.23090
   1925.0   0.23084
   1930.0   0.23123
   1935.0   0.23181
   1940.0   0.23147
   1945.0   0.23188
   1950.0   0.23173
   1955.0   0.23203
   1960.0   0.23174
   1965.0   0.23158
   1970.0   0.23193
   1975.0   0.23175
   1980.0   0.23251
   1985.0   0.23265
   1990.0   0.23275
   1995.0   0.23298
   2000.0   0.23337
   2005.0   0.23327
   2010.0   0.23310
   2015.0   0.23339
   2020.0   0.23303
   2025.0   0.23334
   2030.0   0.23395
   2035.0   0.23423
   2040.0   0.23414
   2045.0   0.23448
   2050.0   0.23420
   2055.0   0.23478
   2060.0   0.23460
   2065.0   0.23472
   2070.0   0.23529
   2075.0   0.23521
   2080.0   0.23561
   2085.0   0.23590
   2090.0   0.23628
   2095.0   0.23626
   2100.0   0.23672
   2105.0   0.23674
   2110.0   0.23729
   2115.0   0.23752
   2120.0   0.23805
   2125.0   0.23850
   2130.0   0.23852
   2135.0   0.23869
   2140.0   0.23868
   2145.0   0.23941
   2150.0   0.23966
   2155.0   0.23986
   2160.0   0.24022
   2165.0   0.24089
   2170.0   0.24104
   2175.0   0.24131
   2180.0   0.24206
   2185.0   0.24212
   2190.0   0.24248
   2195.0   0.24285
   2200.0   0.24343
   2205.0   0.24422
   2210.0   0.24450
   2215.0   0.24551
   2220.0   0.24580
   2225.0   0.24626
   2230.0   0.24662
   2235.0   0.24642
   2240.0   0.24747
   2245.0   0.24811
   2250.0   0.24849
   2255.0   0.24851
   2260.0   0.24968
   2265.0   0.24989
   2270.0   0.25037
   2275.0   0.25067
   2280.0   0.25143
   2285.0   0.25154
   2290.0   0.25227
   2295.0   0.25291
   2300.0   0.25421
   2305.0   0.25482
   2310.0   0.25465
   2315.0   0.25503
   2320.0   0.25509
   2325.0   0.25545
   2330.0   0.25637
   2335.0   0.25619
   2340.0   0.25705
   2345.0   0.25791
   2350.0   0.25816
   2355.0   0.25864
   2360.0   0.25967
   2365.0   0.25959
   2370.0   0.26042
   2375.0   0.26046
   2380.0   0.26184
   2385.0   0.26203
   2390.0   0.26227
   2395.0   0.26341
   2400.0   0.26325
   2405.0   0.26418
   2410.0   0.26466
   2415.0   0.26512
   2420.0   0.26631
   2425.0   0.26711
   2430.0   0.26779
   2435.0   0.26799
   2440.0   0.26911
   2445.0   0.26944
   2450.0   0.26950
   2455.0   0.27062
   2460.0   0.27104
   2465.0   0.27168
   2470.0   0.27259
   2475.0   0.27384
   2480.0   0.27368
   2485.0   0.27452
   2490.0   0.27548
   2495.0   0.27619
   2500.0   0.27713
   2505.0   0.27695
   2510.0   0.27744
   2515.0   0.27837
   2520.0   0.27891
   2525.0   0.27941
   2530.0   0.28007
   2535.0   0.28050
   2540.0   0.28118
   2545.0   0.28127
   2550.0   0.28207
   2555.0   0.28358
   2560.0   0.28350
   2565.0   0.28181
   2570.0   0.28264
   2575.0   0.28285
   2580.0   0.28445
   2585.0   0.28303
   2590.0   0.28468
   2595.0   0.28348
   2600.0   0.28589



 CALS76      .ASC                        

 LS-CMP-076                                                              
 LUNAR SOIL 12030 BULK <1000 MICRONS                                     
 PREPARED BY EMF                                                         
 RATIOS ADJUSTED USING NBS HALON CALIBRATION TABLE                       

 Source Ang: 30.00   Detect Ang:  0.00  Volt: 0.222
 Date: 12-SEP-94   Time: 15:27:22
