   461
    300.0   0.07479
    305.0   0.07809
    310.0   0.07815
    315.0   0.08091
    320.0   0.08412
    325.0   0.08770
    330.0   0.09094
    335.0   0.09576
    340.0   0.09921
    345.0   0.10272
    350.0   0.10717
    355.0   0.11052
    360.0   0.11434
    365.0   0.11779
    370.0   0.12090
    375.0   0.12420
    380.0   0.12771
    385.0   0.13062
    390.0   0.13386
    395.0   0.13664
    400.0   0.13964
    405.0   0.14366
    410.0   0.14567
    415.0   0.14823
    420.0   0.15051
    425.0   0.15251
    430.0   0.15415
    435.0   0.15601
    440.0   0.15810
    445.0   0.16024
    450.0   0.16185
    455.0   0.16372
    460.0   0.16564
    465.0   0.16737
    470.0   0.16977
    475.0   0.17143
    480.0   0.17317
    485.0   0.17483
    490.0   0.17621
    495.0   0.17775
    500.0   0.17952
    505.0   0.18095
    510.0   0.18273
    515.0   0.18452
    520.0   0.18566
    525.0   0.18740
    530.0   0.18878
    535.0   0.19016
    540.0   0.19155
    545.0   0.19293
    550.0   0.19472
    555.0   0.19592
    560.0   0.19721
    565.0   0.19790
    570.0   0.19908
    575.0   0.20052
    580.0   0.20104
    585.0   0.20104
    590.0   0.20239
    595.0   0.20237
    600.0   0.20202
    605.0   0.20228
    610.0   0.20293
    615.0   0.20332
    620.0   0.20409
    625.0   0.20498
    630.0   0.20488
    635.0   0.20589
    640.0   0.20514
    645.0   0.20559
    650.0   0.20541
    655.0   0.20544
    660.0   0.20562
    665.0   0.20514
    670.0   0.20560
    675.0   0.20473
    680.0   0.20533
    685.0   0.20510
    690.0   0.20486
    695.0   0.20463
    700.0   0.20475
    705.0   0.20438
    710.0   0.20402
    715.0   0.20367
    720.0   0.20301
    725.0   0.20258
    730.0   0.20244
    735.0   0.20183
    740.0   0.20132
    745.0   0.20066
    750.0   0.20015
    755.0   0.19914
    760.0   0.19909
    765.0   0.19820
    770.0   0.19803
    775.0   0.19729
    780.0   0.19601
    785.0   0.19572
    790.0   0.19410
    795.0   0.19252
    800.0   0.19106
    805.0   0.18981
    810.0   0.18911
    815.0   0.18798
    820.0   0.18674
    825.0   0.18588
    830.0   0.18463
    835.0   0.18359
    840.0   0.18241
    845.0   0.18118
    850.0   0.18008
    855.0   0.17945
    860.0   0.17883
    865.0   0.17673
    870.0   0.17667
    875.0   0.17522
    880.0   0.17411
    885.0   0.17343
    890.0   0.17225
    895.0   0.17139
    900.0   0.17075
    905.0   0.16988
    910.0   0.16929
    915.0   0.16869
    920.0   0.16840
    925.0   0.16789
    930.0   0.16769
    935.0   0.16739
    940.0   0.16729
    945.0   0.16651
    950.0   0.16650
    955.0   0.16656
    960.0   0.16658
    965.0   0.16661
    970.0   0.16673
    975.0   0.16667
    980.0   0.16683
    985.0   0.16720
    990.0   0.16711
    995.0   0.16701
   1000.0   0.16721
   1005.0   0.16740
   1010.0   0.16778
   1015.0   0.16860
   1020.0   0.16860
   1025.0   0.16885
   1030.0   0.16921
   1035.0   0.16973
   1040.0   0.17007
   1045.0   0.17007
   1050.0   0.17053
   1055.0   0.17075
   1060.0   0.17115
   1065.0   0.17111
   1070.0   0.17200
   1075.0   0.17288
   1080.0   0.17337
   1085.0   0.17374
   1090.0   0.17387
   1095.0   0.17470
   1100.0   0.17537
   1105.0   0.17560
   1110.0   0.17599
   1115.0   0.17622
   1120.0   0.17690
   1125.0   0.17724
   1130.0   0.17756
   1135.0   0.17801
   1140.0   0.17840
   1145.0   0.17870
   1150.0   0.17900
   1155.0   0.17964
   1160.0   0.18018
   1165.0   0.18040
   1170.0   0.18099
   1175.0   0.18130
   1180.0   0.18159
   1185.0   0.18243
   1190.0   0.18282
   1195.0   0.18324
   1200.0   0.18348
   1205.0   0.18423
   1210.0   0.18498
   1215.0   0.18563
   1220.0   0.18577
   1225.0   0.18681
   1230.0   0.18702
   1235.0   0.18754
   1240.0   0.18789
   1245.0   0.18829
   1250.0   0.18893
   1255.0   0.18975
   1260.0   0.19025
   1265.0   0.19077
   1270.0   0.19120
   1275.0   0.19140
   1280.0   0.19182
   1285.0   0.19263
   1290.0   0.19339
   1295.0   0.19421
   1300.0   0.19461
   1305.0   0.19505
   1310.0   0.19560
   1315.0   0.19633
   1320.0   0.19721
   1325.0   0.19803
   1330.0   0.19869
   1335.0   0.19905
   1340.0   0.19996
   1345.0   0.20029
   1350.0   0.20120
   1355.0   0.20176
   1360.0   0.20231
   1365.0   0.20210
   1370.0   0.20314
   1375.0   0.20339
   1380.0   0.20507
   1385.0   0.20481
   1390.0   0.20567
   1395.0   0.20701
   1400.0   0.20740
   1405.0   0.20812
   1410.0   0.20866
   1415.0   0.20948
   1420.0   0.20996
   1425.0   0.21067
   1430.0   0.21110
   1435.0   0.21123
   1440.0   0.21191
   1445.0   0.21283
   1450.0   0.21323
   1455.0   0.21387
   1460.0   0.21424
   1465.0   0.21477
   1470.0   0.21562
   1475.0   0.21555
   1480.0   0.21619
   1485.0   0.21683
   1490.0   0.21778
   1495.0   0.21732
   1500.0   0.21806
   1505.0   0.21902
   1510.0   0.21912
   1515.0   0.21920
   1520.0   0.21990
   1525.0   0.22023
   1530.0   0.22034
   1535.0   0.22084
   1540.0   0.22076
   1545.0   0.22132
   1550.0   0.22177
   1555.0   0.22280
   1560.0   0.22280
   1565.0   0.22334
   1570.0   0.22365
   1575.0   0.22400
   1580.0   0.22402
   1585.0   0.22450
   1590.0   0.22451
   1595.0   0.22500
   1600.0   0.22478
   1605.0   0.22524
   1610.0   0.22504
   1615.0   0.22606
   1620.0   0.22595
   1625.0   0.22591
   1630.0   0.22598
   1635.0   0.22583
   1640.0   0.22620
   1645.0   0.22637
   1650.0   0.22654
   1655.0   0.22673
   1660.0   0.22688
   1665.0   0.22692
   1670.0   0.22717
   1675.0   0.22740
   1680.0   0.22754
   1685.0   0.22708
   1690.0   0.22728
   1695.0   0.22717
   1700.0   0.22712
   1705.0   0.22725
   1710.0   0.22768
   1715.0   0.22764
   1720.0   0.22765
   1725.0   0.22770
   1730.0   0.22768
   1735.0   0.22749
   1740.0   0.22776
   1745.0   0.22747
   1750.0   0.22742
   1755.0   0.22738
   1760.0   0.22723
   1765.0   0.22735
   1770.0   0.22791
   1775.0   0.22808
   1780.0   0.22887
   1785.0   0.22796
   1790.0   0.22919
   1795.0   0.22873
   1800.0   0.22847
   1805.0   0.22905
   1810.0   0.22891
   1815.0   0.23020
   1820.0   0.22990
   1825.0   0.22956
   1830.0   0.22937
   1835.0   0.22959
   1840.0   0.23026
   1845.0   0.22969
   1850.0   0.22958
   1855.0   0.22930
   1860.0   0.23035
   1865.0   0.22964
   1870.0   0.23043
   1875.0   0.23042
   1880.0   0.23108
   1885.0   0.23046
   1890.0   0.23129
   1895.0   0.23065
   1900.0   0.23159
   1905.0   0.23162
   1910.0   0.23090
   1915.0   0.23196
   1920.0   0.23145
   1925.0   0.23175
   1930.0   0.23230
   1935.0   0.23230
   1940.0   0.23256
   1945.0   0.23253
   1950.0   0.23302
   1955.0   0.23325
   1960.0   0.23343
   1965.0   0.23368
   1970.0   0.23413
   1975.0   0.23423
   1980.0   0.23470
   1985.0   0.23517
   1990.0   0.23499
   1995.0   0.23498
   2000.0   0.23494
   2005.0   0.23472
   2010.0   0.23567
   2015.0   0.23566
   2020.0   0.23640
   2025.0   0.23586
   2030.0   0.23655
   2035.0   0.23637
   2040.0   0.23616
   2045.0   0.23682
   2050.0   0.23680
   2055.0   0.23699
   2060.0   0.23795
   2065.0   0.23804
   2070.0   0.23855
   2075.0   0.23866
   2080.0   0.23938
   2085.0   0.23972
   2090.0   0.24062
   2095.0   0.24079
   2100.0   0.24146
   2105.0   0.24154
   2110.0   0.24192
   2115.0   0.24212
   2120.0   0.24286
   2125.0   0.24324
   2130.0   0.24326
   2135.0   0.24319
   2140.0   0.24352
   2145.0   0.24404
   2150.0   0.24447
   2155.0   0.24494
   2160.0   0.24586
   2165.0   0.24623
   2170.0   0.24669
   2175.0   0.24738
   2180.0   0.24788
   2185.0   0.24837
   2190.0   0.24896
   2195.0   0.24897
   2200.0   0.24981
   2205.0   0.25046
   2210.0   0.25094
   2215.0   0.25177
   2220.0   0.25179
   2225.0   0.25213
   2230.0   0.25278
   2235.0   0.25335
   2240.0   0.25391
   2245.0   0.25444
   2250.0   0.25522
   2255.0   0.25553
   2260.0   0.25599
   2265.0   0.25633
   2270.0   0.25688
   2275.0   0.25681
   2280.0   0.25790
   2285.0   0.25810
   2290.0   0.25874
   2295.0   0.25939
   2300.0   0.25992
   2305.0   0.26091
   2310.0   0.26158
   2315.0   0.26196
   2320.0   0.26251
   2325.0   0.26242
   2330.0   0.26282
   2335.0   0.26401
   2340.0   0.26332
   2345.0   0.26381
   2350.0   0.26391
   2355.0   0.26524
   2360.0   0.26499
   2365.0   0.26601
   2370.0   0.26616
   2375.0   0.26590
   2380.0   0.26682
   2385.0   0.26748
   2390.0   0.26759
   2395.0   0.26880
   2400.0   0.26885
   2405.0   0.26984
   2410.0   0.27009
   2415.0   0.27048
   2420.0   0.27089
   2425.0   0.27165
   2430.0   0.27150
   2435.0   0.27230
   2440.0   0.27274
   2445.0   0.27319
   2450.0   0.27333
   2455.0   0.27403
   2460.0   0.27483
   2465.0   0.27505
   2470.0   0.27522
   2475.0   0.27537
   2480.0   0.27605
   2485.0   0.27699
   2490.0   0.27711
   2495.0   0.27713
   2500.0   0.27739
   2505.0   0.27806
   2510.0   0.27838
   2515.0   0.27976
   2520.0   0.27910
   2525.0   0.28017
   2530.0   0.27994
   2535.0   0.27974
   2540.0   0.27879
   2545.0   0.28216
   2550.0   0.27843
   2555.0   0.27965
   2560.0   0.28417
   2565.0   0.28652
   2570.0   0.28056
   2575.0   0.28584
   2580.0   0.28113
   2585.0   0.28835
   2590.0   0.27886
   2595.0   0.28649
   2600.0   0.27319



 CCLS97      .ASC                        

 LS-CMP-097-C                                                            
 64455,128 25-45 um (wet)                                                
 RATIOS ADJUSTED USING NBS HALON CALIBRATION TABLE                       

 Source Ang: 30.00   Detect Ang:  0.00  Volt: 0.222
 Date: 13-AUG-96   Time: 12:12:39
