   621
    300.0   0.10961
    305.0   0.11334
    310.0   0.11740
    315.0   0.11851
    320.0   0.12017
    325.0   0.12353
    330.0   0.12725
    335.0   0.12902
    340.0   0.13213
    345.0   0.13485
    350.0   0.13737
    355.0   0.13943
    360.0   0.14270
    365.0   0.14478
    370.0   0.14755
    375.0   0.14891
    380.0   0.15080
    385.0   0.15260
    390.0   0.15412
    395.0   0.15501
    400.0   0.15767
    405.0   0.15811
    410.0   0.15899
    415.0   0.15960
    420.0   0.16057
    425.0   0.16135
    430.0   0.16185
    435.0   0.16270
    440.0   0.16312
    445.0   0.16402
    450.0   0.16426
    455.0   0.16485
    460.0   0.16551
    465.0   0.16572
    470.0   0.16597
    475.0   0.16674
    480.0   0.16679
    485.0   0.16728
    490.0   0.16768
    495.0   0.16868
    500.0   0.16830
    505.0   0.16879
    510.0   0.16960
    515.0   0.17038
    520.0   0.17085
    525.0   0.17160
    530.0   0.17250
    535.0   0.17242
    540.0   0.17264
    545.0   0.17287
    550.0   0.17331
    555.0   0.17404
    560.0   0.17441
    565.0   0.17510
    570.0   0.17574
    575.0   0.17613
    580.0   0.17670
    585.0   0.17708
    590.0   0.17753
    595.0   0.17823
    600.0   0.17844
    605.0   0.17884
    610.0   0.17986
    615.0   0.17925
    620.0   0.17979
    625.0   0.17999
    630.0   0.18112
    635.0   0.18138
    640.0   0.18152
    645.0   0.18205
    650.0   0.18214
    655.0   0.18330
    660.0   0.18386
    665.0   0.18509
    670.0   0.18562
    675.0   0.18605
    680.0   0.18704
    685.0   0.18720
    690.0   0.18848
    695.0   0.18865
    700.0   0.18963
    705.0   0.18961
    710.0   0.19031
    715.0   0.19039
    720.0   0.19162
    725.0   0.19137
    730.0   0.19282
    735.0   0.19284
    740.0   0.19393
    745.0   0.19458
    750.0   0.19465
    755.0   0.19570
    760.0   0.19541
    765.0   0.19626
    770.0   0.19648
    775.0   0.19629
    780.0   0.19665
    785.0   0.19830
    790.0   0.19764
    795.0   0.19770
    800.0   0.19791
    805.0   0.19744
    810.0   0.19728
    815.0   0.19693
    820.0   0.19697
    825.0   0.19675
    830.0   0.19617
    835.0   0.19546
    840.0   0.19591
    845.0   0.19660
    850.0   0.19455
    855.0   0.19325
    860.0   0.19326
    865.0   0.19283
    870.0   0.19231
    875.0   0.19142
    880.0   0.19138
    885.0   0.18977
    890.0   0.18994
    895.0   0.18980
    900.0   0.18884
    905.0   0.19039
    910.0   0.18898
    915.0   0.18857
    920.0   0.18906
    925.0   0.18839
    930.0   0.18736
    935.0   0.18826
    940.0   0.18848
    945.0   0.18888
    950.0   0.18906
    955.0   0.18939
    960.0   0.18835
    965.0   0.19067
    970.0   0.19131
    975.0   0.19080
    980.0   0.19099
    985.0   0.19210
    990.0   0.19358
    995.0   0.19651
   1000.0   0.19424
   1005.0   0.19629
   1010.0   0.19722
   1015.0   0.19774
   1020.0   0.19971
   1025.0   0.20031
   1030.0   0.20164
   1035.0   0.20065
   1040.0   0.20308
   1045.0   0.20242
   1050.0   0.20400
   1055.0   0.20512
   1060.0   0.20533
   1065.0   0.20651
   1070.0   0.20735
   1075.0   0.20775
   1080.0   0.20918
   1085.0   0.20909
   1090.0   0.20950
   1095.0   0.21004
   1100.0   0.21081
   1105.0   0.21084
   1110.0   0.21171
   1115.0   0.21243
   1120.0   0.21374
   1125.0   0.21260
   1130.0   0.21427
   1135.0   0.21408
   1140.0   0.21484
   1145.0   0.21477
   1150.0   0.21529
   1155.0   0.21554
   1160.0   0.21606
   1165.0   0.21576
   1170.0   0.21702
   1175.0   0.21625
   1180.0   0.21800
   1185.0   0.21711
   1190.0   0.21819
   1195.0   0.21718
   1200.0   0.21794
   1205.0   0.21778
   1210.0   0.21905
   1215.0   0.21905
   1220.0   0.21961
   1225.0   0.21926
   1230.0   0.21916
   1235.0   0.21963
   1240.0   0.22027
   1245.0   0.22039
   1250.0   0.22000
   1255.0   0.22084
   1260.0   0.22071
   1265.0   0.22159
   1270.0   0.22151
   1275.0   0.22170
   1280.0   0.22228
   1285.0   0.22263
   1290.0   0.22305
   1295.0   0.22295
   1300.0   0.22387
   1305.0   0.22325
   1310.0   0.22407
   1315.0   0.22496
   1320.0   0.22507
   1325.0   0.22456
   1330.0   0.22562
   1335.0   0.22655
   1340.0   0.22699
   1345.0   0.22784
   1350.0   0.22712
   1355.0   0.22760
   1360.0   0.22849
   1365.0   0.22833
   1370.0   0.22947
   1375.0   0.22918
   1380.0   0.22937
   1385.0   0.23114
   1390.0   0.23153
   1395.0   0.23067
   1400.0   0.23129
   1405.0   0.23155
   1410.0   0.23258
   1415.0   0.23426
   1420.0   0.23280
   1425.0   0.23303
   1430.0   0.23427
   1435.0   0.23444
   1440.0   0.23432
   1445.0   0.23439
   1450.0   0.23525
   1455.0   0.23475
   1460.0   0.23526
   1465.0   0.23560
   1470.0   0.23561
   1475.0   0.23608
   1480.0   0.23620
   1485.0   0.23761
   1490.0   0.23749
   1495.0   0.23830
   1500.0   0.23768
   1505.0   0.23864
   1510.0   0.23899
   1515.0   0.23838
   1520.0   0.23949
   1525.0   0.23925
   1530.0   0.23920
   1535.0   0.23910
   1540.0   0.24014
   1545.0   0.24076
   1550.0   0.23998
   1555.0   0.24116
   1560.0   0.24129
   1565.0   0.24080
   1570.0   0.24151
   1575.0   0.24250
   1580.0   0.24149
   1585.0   0.24100
   1590.0   0.24306
   1595.0   0.24343
   1600.0   0.24256
   1605.0   0.24330
   1610.0   0.24277
   1615.0   0.24415
   1620.0   0.24182
   1625.0   0.24216
   1630.0   0.24299
   1635.0   0.24373
   1640.0   0.24312
   1645.0   0.24431
   1650.0   0.24438
   1655.0   0.24350
   1660.0   0.24466
   1665.0   0.24499
   1670.0   0.24366
   1675.0   0.24380
   1680.0   0.24518
   1685.0   0.24315
   1690.0   0.24510
   1695.0   0.24607
   1700.0   0.24438
   1705.0   0.24509
   1710.0   0.24566
   1715.0   0.24523
   1720.0   0.24396
   1725.0   0.24511
   1730.0   0.24510
   1735.0   0.24435
   1740.0   0.24471
   1745.0   0.24617
   1750.0   0.24536
   1755.0   0.24512
   1760.0   0.24663
   1765.0   0.24620
   1770.0   0.24660
   1775.0   0.24507
   1780.0   0.24629
   1785.0   0.24531
   1790.0   0.24464
   1795.0   0.24463
   1800.0   0.24559
   1805.0   0.24591
   1810.0   0.24486
   1815.0   0.24570
   1820.0   0.24555
   1825.0   0.24633
   1830.0   0.24644
   1835.0   0.24531
   1840.0   0.24595
   1845.0   0.24604
   1850.0   0.24556
   1855.0   0.24645
   1860.0   0.24711
   1865.0   0.24693
   1870.0   0.24442
   1875.0   0.24648
   1880.0   0.24900
   1885.0   0.24817
   1890.0   0.24743
   1895.0   0.24723
   1900.0   0.24572
   1905.0   0.24717
   1910.0   0.24698
   1915.0   0.24758
   1920.0   0.24752
   1925.0   0.24691
   1930.0   0.24868
   1935.0   0.24759
   1940.0   0.24876
   1945.0   0.24902
   1950.0   0.25003
   1955.0   0.25014
   1960.0   0.25015
   1965.0   0.24953
   1970.0   0.24887
   1975.0   0.25034
   1980.0   0.25029
   1985.0   0.25018
   1990.0   0.25085
   1995.0   0.25128
   2000.0   0.25105
   2005.0   0.25179
   2010.0   0.25226
   2015.0   0.25142
   2020.0   0.25337
   2025.0   0.25261
   2030.0   0.25340
   2035.0   0.25360
   2040.0   0.25355
   2045.0   0.25414
   2050.0   0.25504
   2055.0   0.25436
   2060.0   0.25403
   2065.0   0.25508
   2070.0   0.25557
   2075.0   0.25558
   2080.0   0.25630
   2085.0   0.25750
   2090.0   0.25649
   2095.0   0.25725
   2100.0   0.25826
   2105.0   0.25773
   2110.0   0.25939
   2115.0   0.26065
   2120.0   0.25975
   2125.0   0.25912
   2130.0   0.25925
   2135.0   0.26091
   2140.0   0.26029
   2145.0   0.25995
   2150.0   0.26158
   2155.0   0.26172
   2160.0   0.26211
   2165.0   0.26201
   2170.0   0.26339
   2175.0   0.26283
   2180.0   0.26180
   2185.0   0.26352
   2190.0   0.26260
   2195.0   0.26419
   2200.0   0.26385
   2205.0   0.26407
   2210.0   0.26432
   2215.0   0.26488
   2220.0   0.26432
   2225.0   0.26426
   2230.0   0.26450
   2235.0   0.26533
   2240.0   0.26531
   2245.0   0.26565
   2250.0   0.26611
   2255.0   0.26632
   2260.0   0.26657
   2265.0   0.26670
   2270.0   0.26563
   2275.0   0.26622
   2280.0   0.26705
   2285.0   0.26768
   2290.0   0.26888
   2295.0   0.26965
   2300.0   0.26944
   2305.0   0.26930
   2310.0   0.26965
   2315.0   0.27067
   2320.0   0.27037
   2325.0   0.27117
   2330.0   0.27115
   2335.0   0.27367
   2340.0   0.27384
   2345.0   0.27289
   2350.0   0.27551
   2355.0   0.27464
   2360.0   0.27486
   2365.0   0.27646
   2370.0   0.27588
   2375.0   0.27607
   2380.0   0.27624
   2385.0   0.27670
   2390.0   0.27700
   2395.0   0.27673
   2400.0   0.27785
   2405.0   0.27732
   2410.0   0.27785
   2415.0   0.27901
   2420.0   0.27801
   2425.0   0.27966
   2430.0   0.28048
   2435.0   0.27932
   2440.0   0.28086
   2445.0   0.27975
   2450.0   0.28362
   2455.0   0.28170
   2460.0   0.28247
   2465.0   0.28247
   2470.0   0.28081
   2475.0   0.28182
   2480.0   0.28342
   2485.0   0.28349
   2490.0   0.28435
   2495.0   0.28308
   2500.0   0.28494
   2505.0   0.28533
   2510.0   0.28582
   2515.0   0.28587
   2520.0   0.28713
   2525.0   0.28748
   2530.0   0.28721
   2535.0   0.28990
   2540.0   0.28950
   2545.0   0.29109
   2550.0   0.28925
   2555.0   0.29232
   2560.0   0.28961
   2565.0   0.28775
   2570.0   0.29152
   2575.0   0.28900
   2580.0   0.29323
   2585.0   0.28815
   2590.0   0.29414
   2595.0   0.29010
   2600.0   0.29621
   2605.0   0.29092
   2610.0   0.29576
   2615.0   0.29402
   2620.0   0.29510
   2625.0   0.29804
   2630.0   0.29042
   2635.0   0.29731
   2640.0   0.29525
   2645.0   0.29177
   2650.0   0.29391
   2655.0   0.29395
   2660.0   0.29565
   2665.0   0.28957
   2670.0   0.29494
   2675.0   0.29525
   2680.0   0.29481
   2685.0   0.29802
   2690.0   0.29800
   2695.0   0.29086
   2700.0   0.29724
   2705.0   0.29100
   2710.0   0.28586
   2715.0   0.29816
   2720.0   0.28520
   2725.0   0.29241
   2730.0   0.29420
   2735.0   0.27599
   2740.0   0.28433
   2745.0   0.27443
   2750.0   0.27730
   2755.0   0.25774
   2760.0   0.33607
   2765.0   0.21496
   2770.0   0.26798
   2775.0   0.22522
   2780.0   0.23109
   2785.0   0.21389
   2790.0   0.35088
   2795.0   0.24368
   2800.0   0.25271
   2805.0   0.21023
   2810.0   0.26760
   2815.0   0.28962
   2820.0   0.29129
   2825.0   0.26955
   2830.0   0.24564
   2835.0   0.26302
   2840.0   0.27525
   2845.0   0.23562
   2850.0   0.27160
   2855.0   0.28126
   2860.0   0.23163
   2865.0   0.24204
   2870.0   0.22743
   2875.0   0.23117
   2880.0   0.30030
   2885.0   0.26286
   2890.0   0.23054
   2895.0   0.24501
   2900.0   0.22333
   2905.0   0.21970
   2910.0   0.24341
   2915.0   0.25211
   2920.0   0.26643
   2925.0   0.29727
   2930.0   0.26724
   2935.0   0.24602
   2940.0   0.26835
   2945.0   0.23708
   2950.0   0.28328
   2955.0   0.24014
   2960.0   0.25817
   2965.0   0.25711
   2970.0   0.24402
   2975.0   0.24909
   2980.0   0.27423
   2985.0   0.24435
   2990.0   0.28145
   2995.0   0.25484
   3000.0   0.27926
   3005.0   0.25291
   3010.0   0.24550
   3015.0   0.24986
   3020.0   0.27604
   3025.0   0.28505
   3030.0   0.26894
   3035.0   0.27380
   3040.0   0.28398
   3045.0   0.27543
   3050.0   0.26492
   3055.0   0.30322
   3060.0   0.27674
   3065.0   0.30146
   3070.0   0.30666
   3075.0   0.30449
   3080.0   0.28163
   3085.0   0.29582
   3090.0   0.30375
   3095.0   0.27379
   3100.0   0.28138
   3105.0   0.30493
   3110.0   0.26043
   3115.0   0.28925
   3120.0   0.25975
   3125.0   0.31362
   3130.0   0.27826
   3135.0   0.27956
   3140.0   0.26458
   3145.0   0.27872
   3150.0   0.28413
   3155.0   0.29735
   3160.0   0.30921
   3165.0   0.32195
   3170.0   0.29717
   3175.0   0.28311
   3180.0   0.27669
   3185.0   0.30165
   3190.0   0.27157
   3195.0   0.29347
   3200.0   0.31370
   3205.0   0.30143
   3210.0   0.32146
   3215.0   0.29122
   3220.0   0.28177
   3225.0   0.27665
   3230.0   0.28838
   3235.0   0.28302
   3240.0   0.31005
   3245.0   0.30485
   3250.0   0.28651
   3255.0   0.33195
   3260.0   0.31978
   3265.0   0.29934
   3270.0   0.29459
   3275.0   0.34048
   3280.0   0.27832
   3285.0   0.27524
   3290.0   0.33091
   3295.0   0.30993
   3300.0   0.28017
   3305.0   0.27353
   3310.0   0.36141
   3315.0   0.32856
   3320.0   0.33471
   3325.0   0.32746
   3330.0   0.31465
   3335.0   0.31591
   3340.0   0.29997
   3345.0   0.33360
   3350.0   0.30534
   3355.0   0.30284
   3360.0   0.33026
   3365.0   0.32140
   3370.0   0.33870
   3375.0   0.36731
   3380.0   0.31325
   3385.0   0.27455
   3390.0   0.32935
   3395.0   0.28798
   3400.0   0.30409



 CL15P2      .ASC                        

 LS-CMP-015-P2                                                           
 60019,215,37  POWDER #2 FROM CHIP #37 RUN SPUN EXCEPT FOR FAR IR        
 RATIOS ADJUSTED USING NBS HALON CALIBRATION TABLE                       

 Source Ang: 25.00   Detect Ang:  0.00  Volt: 0.777
 Date:  1-MAR-88   Time: 18:40:14
