   453
    340.0   0.32000
    345.0   0.34821
    350.0   0.36482
    355.0   0.38797
    360.0   0.40587
    365.0   0.42250
    370.0   0.42910
    375.0   0.44108
    380.0   0.44683
    385.0   0.45178
    390.0   0.46389
    395.0   0.47236
    400.0   0.47267
    405.0   0.47959
    410.0   0.48891
    415.0   0.49693
    420.0   0.50274
    425.0   0.50904
    430.0   0.51293
    435.0   0.52068
    440.0   0.52415
    445.0   0.52577
    450.0   0.52776
    455.0   0.52889
    460.0   0.53339
    465.0   0.53854
    470.0   0.54023
    475.0   0.54450
    480.0   0.54884
    485.0   0.54944
    490.0   0.55415
    495.0   0.55489
    500.0   0.55995
    505.0   0.56268
    510.0   0.56923
    515.0   0.56994
    520.0   0.57017
    525.0   0.57429
    530.0   0.57478
    535.0   0.58044
    540.0   0.57994
    545.0   0.58077
    550.0   0.58172
    555.0   0.58326
    560.0   0.58357
    565.0   0.58289
    570.0   0.58765
    575.0   0.58891
    580.0   0.58767
    585.0   0.59002
    590.0   0.59094
    595.0   0.59224
    600.0   0.59538
    605.0   0.59569
    610.0   0.59959
    615.0   0.60125
    620.0   0.60115
    625.0   0.60247
    630.0   0.60468
    635.0   0.60522
    640.0   0.60816
    645.0   0.60780
    650.0   0.60940
    655.0   0.61044
    660.0   0.61283
    665.0   0.61364
    670.0   0.61372
    675.0   0.61720
    680.0   0.61697
    685.0   0.61708
    690.0   0.61638
    695.0   0.61754
    700.0   0.61846
    705.0   0.61833
    710.0   0.61720
    715.0   0.61822
    720.0   0.61999
    725.0   0.61942
    730.0   0.61888
    735.0   0.61955
    740.0   0.61785
    745.0   0.61734
    750.0   0.61526
    755.0   0.61436
    760.0   0.61418
    765.0   0.61403
    770.0   0.61090
    775.0   0.61007
    780.0   0.60957
    785.0   0.60526
    790.0   0.60617
    795.0   0.60635
    800.0   0.60459
    805.0   0.60065
    810.0   0.59971
    815.0   0.59687
    820.0   0.59950
    825.0   0.59757
    830.0   0.59138
    835.0   0.59483
    840.0   0.59342
    845.0   0.59091
    850.0   0.59124
    855.0   0.59655
    860.0   0.58848
    865.0   0.58896
    870.0   0.58956
    875.0   0.58595
    880.0   0.58583
    885.0   0.58765
    890.0   0.58030
    895.0   0.58527
    900.0   0.58228
    905.0   0.57819
    910.0   0.58372
    915.0   0.57917
    920.0   0.57857
    925.0   0.57521
    930.0   0.57683
    935.0   0.56487
    940.0   0.56613
    945.0   0.56385
    950.0   0.56000
    955.0   0.56023
    960.0   0.55605
    965.0   0.55096
    970.0   0.54755
    975.0   0.54083
    980.0   0.53916
    985.0   0.53433
    990.0   0.53290
    995.0   0.52702
   1000.0   0.52790
   1005.0   0.52286
   1010.0   0.52112
   1015.0   0.51713
   1020.0   0.51675
   1025.0   0.51377
   1030.0   0.51192
   1035.0   0.51056
   1040.0   0.50935
   1045.0   0.50907
   1050.0   0.50659
   1055.0   0.51261
   1060.0   0.51029
   1065.0   0.51198
   1070.0   0.51115
   1075.0   0.51400
   1080.0   0.51791
   1085.0   0.51785
   1090.0   0.52276
   1095.0   0.52626
   1100.0   0.52963
   1105.0   0.53451
   1110.0   0.53917
   1115.0   0.53951
   1120.0   0.54577
   1125.0   0.54678
   1130.0   0.55099
   1135.0   0.55195
   1140.0   0.55709
   1145.0   0.55972
   1150.0   0.56174
   1155.0   0.56588
   1160.0   0.56812
   1165.0   0.56942
   1170.0   0.57086
   1175.0   0.57410
   1180.0   0.57545
   1185.0   0.57879
   1190.0   0.58131
   1195.0   0.58084
   1200.0   0.58045
   1205.0   0.58081
   1210.0   0.58384
   1215.0   0.58776
   1220.0   0.58706
   1225.0   0.58577
   1230.0   0.58871
   1235.0   0.58986
   1240.0   0.59141
   1245.0   0.59346
   1250.0   0.59500
   1255.0   0.59792
   1260.0   0.59914
   1265.0   0.60334
   1270.0   0.60188
   1275.0   0.60345
   1280.0   0.60467
   1285.0   0.60656
   1290.0   0.60788
   1295.0   0.61403
   1300.0   0.61289
   1305.0   0.61296
   1310.0   0.61924
   1315.0   0.62279
   1320.0   0.62544
   1325.0   0.62764
   1330.0   0.62727
   1335.0   0.62999
   1340.0   0.63259
   1345.0   0.63623
   1350.0   0.64000
   1355.0   0.63630
   1360.0   0.63873
   1365.0   0.63917
   1370.0   0.64177
   1375.0   0.64744
   1380.0   0.65240
   1385.0   0.64553
   1390.0   0.65715
   1395.0   0.65332
   1400.0   0.66259
   1405.0   0.66317
   1410.0   0.65925
   1415.0   0.66636
   1420.0   0.66909
   1425.0   0.66997
   1430.0   0.67224
   1435.0   0.67351
   1440.0   0.67750
   1445.0   0.67669
   1450.0   0.68143
   1455.0   0.68656
   1460.0   0.68630
   1465.0   0.68747
   1470.0   0.68746
   1475.0   0.68904
   1480.0   0.69365
   1485.0   0.69583
   1490.0   0.69745
   1495.0   0.69803
   1500.0   0.70328
   1505.0   0.70053
   1510.0   0.69997
   1515.0   0.70479
   1520.0   0.70739
   1525.0   0.70352
   1530.0   0.70809
   1535.0   0.70599
   1540.0   0.70866
   1545.0   0.70775
   1550.0   0.71089
   1555.0   0.71416
   1560.0   0.70925
   1565.0   0.71091
   1570.0   0.71314
   1575.0   0.70994
   1580.0   0.71193
   1585.0   0.70910
   1590.0   0.71665
   1595.0   0.71208
   1600.0   0.71774
   1605.0   0.71797
   1610.0   0.72059
   1615.0   0.72297
   1620.0   0.72565
   1625.0   0.72104
   1630.0   0.72090
   1635.0   0.71911
   1640.0   0.71787
   1645.0   0.72143
   1650.0   0.72423
   1655.0   0.71988
   1660.0   0.72291
   1665.0   0.73169
   1670.0   0.72702
   1675.0   0.72647
   1680.0   0.72949
   1685.0   0.72309
   1690.0   0.72408
   1695.0   0.72661
   1700.0   0.72516
   1705.0   0.72326
   1710.0   0.72277
   1715.0   0.72635
   1720.0   0.72659
   1725.0   0.72662
   1730.0   0.72498
   1735.0   0.72399
   1740.0   0.72095
   1745.0   0.72027
   1750.0   0.72191
   1755.0   0.72461
   1760.0   0.72631
   1765.0   0.72766
   1770.0   0.72563
   1775.0   0.72587
   1780.0   0.72525
   1785.0   0.72682
   1790.0   0.72391
   1795.0   0.72213
   1800.0   0.72462
   1805.0   0.72370
   1810.0   0.72441
   1815.0   0.72382
   1820.0   0.72686
   1825.0   0.72488
   1830.0   0.72668
   1835.0   0.72724
   1840.0   0.72384
   1845.0   0.72605
   1850.0   0.72017
   1855.0   0.72559
   1860.0   0.72728
   1865.0   0.72550
   1870.0   0.72650
   1875.0   0.72260
   1880.0   0.72387
   1885.0   0.72618
   1890.0   0.72341
   1895.0   0.72431
   1900.0   0.72422
   1905.0   0.72496
   1910.0   0.71910
   1915.0   0.72499
   1920.0   0.72559
   1925.0   0.72364
   1930.0   0.72471
   1935.0   0.72634
   1940.0   0.72538
   1945.0   0.72570
   1950.0   0.72494
   1955.0   0.72430
   1960.0   0.72645
   1965.0   0.72673
   1970.0   0.72665
   1975.0   0.72389
   1980.0   0.72644
   1985.0   0.73016
   1990.0   0.72715
   1995.0   0.73067
   2000.0   0.73113
   2005.0   0.73043
   2010.0   0.73056
   2015.0   0.73055
   2020.0   0.73468
   2025.0   0.73354
   2030.0   0.73406
   2035.0   0.73594
   2040.0   0.73470
   2045.0   0.73422
   2050.0   0.73168
   2055.0   0.73079
   2060.0   0.72863
   2065.0   0.72885
   2070.0   0.73347
   2075.0   0.73141
   2080.0   0.73110
   2085.0   0.72847
   2090.0   0.72818
   2095.0   0.72832
   2100.0   0.73047
   2105.0   0.73151
   2110.0   0.72983
   2115.0   0.72896
   2120.0   0.72986
   2125.0   0.73080
   2130.0   0.72974
   2135.0   0.73169
   2140.0   0.73401
   2145.0   0.73366
   2150.0   0.73324
   2155.0   0.73080
   2160.0   0.73133
   2165.0   0.73122
   2170.0   0.73470
   2175.0   0.73623
   2180.0   0.73900
   2185.0   0.74201
   2190.0   0.74245
   2195.0   0.74380
   2200.0   0.74225
   2205.0   0.74396
   2210.0   0.74473
   2215.0   0.74091
   2220.0   0.73830
   2225.0   0.73822
   2230.0   0.74170
   2235.0   0.73981
   2240.0   0.73837
   2245.0   0.74347
   2250.0   0.74224
   2255.0   0.73865
   2260.0   0.73810
   2265.0   0.74064
   2270.0   0.74623
   2275.0   0.74788
   2280.0   0.74023
   2285.0   0.74206
   2290.0   0.74231
   2295.0   0.74020
   2300.0   0.74117
   2305.0   0.74127
   2310.0   0.74038
   2315.0   0.74446
   2320.0   0.74533
   2325.0   0.73880
   2330.0   0.74717
   2335.0   0.74993
   2340.0   0.74975
   2345.0   0.75372
   2350.0   0.75229
   2355.0   0.75216
   2360.0   0.75266
   2365.0   0.75280
   2370.0   0.75502
   2375.0   0.75293
   2380.0   0.75037
   2385.0   0.74665
   2390.0   0.74756
   2395.0   0.74981
   2400.0   0.74924
   2405.0   0.74831
   2410.0   0.75177
   2415.0   0.75253
   2420.0   0.75547
   2425.0   0.75212
   2430.0   0.75307
   2435.0   0.75136
   2440.0   0.75255
   2445.0   0.75555
   2450.0   0.75797
   2455.0   0.75763
   2460.0   0.75870
   2465.0   0.75753
   2470.0   0.74884
   2475.0   0.75556
   2480.0   0.75981
   2485.0   0.75823
   2490.0   0.75641
   2495.0   0.75801
   2500.0   0.76060
   2505.0   0.76108
   2510.0   0.75827
   2515.0   0.75625
   2520.0   0.75937
   2525.0   0.76731
   2530.0   0.76596
   2535.0   0.76057
   2540.0   0.77063
   2545.0   0.77012
   2550.0   0.75306
   2555.0   0.75961
   2560.0   0.75634
   2565.0   0.75707
   2570.0   0.75287
   2575.0   0.76103
   2580.0   0.75669
   2585.0   0.75261
   2590.0   0.76020
   2595.0   0.76152
   2600.0   0.75902



 COLS13      .ASC                        

 LS-CMP-013   OLIVINE AREA ADJACENT TO SPINEL AREA OF 72415 THIN SECTION 
 APERTURE 1  FINAL DATA IS CLLS13/GLUE13 ^ .40                           

 Source Ang: 30.00   Detect Ang:  0.00  Volt: 0.777
 Date:  9-SEP-88   Time: 15:19:12
