   451
    350.0   0.07875
    355.0   0.08035
    360.0   0.08101
    365.0   0.08190
    370.0   0.08376
    375.0   0.08576
    380.0   0.08812
    385.0   0.09069
    390.0   0.09328
    395.0   0.09580
    400.0   0.09825
    405.0   0.10079
    410.0   0.10355
    415.0   0.10603
    420.0   0.10807
    425.0   0.10950
    430.0   0.11074
    435.0   0.11209
    440.0   0.11331
    445.0   0.11436
    450.0   0.11513
    455.0   0.11617
    460.0   0.11756
    465.0   0.11904
    470.0   0.12057
    475.0   0.12221
    480.0   0.12394
    485.0   0.12558
    490.0   0.12699
    495.0   0.12800
    500.0   0.12892
    505.0   0.13008
    510.0   0.13231
    515.0   0.13573
    520.0   0.13875
    525.0   0.14117
    530.0   0.14322
    535.0   0.14491
    540.0   0.14628
    545.0   0.14771
    550.0   0.14941
    555.0   0.15166
    560.0   0.15385
    565.0   0.15586
    570.0   0.15748
    575.0   0.15880
    580.0   0.16001
    585.0   0.16100
    590.0   0.16202
    595.0   0.16306
    600.0   0.16431
    605.0   0.16506
    610.0   0.16575
    615.0   0.16661
    620.0   0.16741
    625.0   0.16830
    630.0   0.16953
    635.0   0.17082
    640.0   0.17236
    645.0   0.17404
    650.0   0.17568
    655.0   0.17726
    660.0   0.17889
    665.0   0.18080
    670.0   0.18269
    675.0   0.18459
    680.0   0.18645
    685.0   0.18814
    690.0   0.18958
    695.0   0.19122
    700.0   0.19303
    705.0   0.19480
    710.0   0.19649
    715.0   0.19775
    720.0   0.19885
    725.0   0.19954
    730.0   0.19998
    735.0   0.19981
    740.0   0.19928
    745.0   0.19825
    750.0   0.19672
    755.0   0.19478
    760.0   0.19220
    765.0   0.18869
    770.0   0.18485
    775.0   0.18042
    780.0   0.17569
    785.0   0.17066
    790.0   0.16535
    795.0   0.15998
    800.0   0.15443
    805.0   0.14902
    810.0   0.14348
    815.0   0.13847
    820.0   0.13350
    825.0   0.12874
    830.0   0.12441
    835.0   0.12029
    840.0   0.11635
    845.0   0.11285
    850.0   0.10936
    855.0   0.10649
    860.0   0.10348
    865.0   0.10088
    870.0   0.09840
    875.0   0.09683
    880.0   0.09556
    885.0   0.09406
    890.0   0.09263
    895.0   0.09130
    900.0   0.08998
    905.0   0.08872
    910.0   0.08747
    915.0   0.08665
    920.0   0.08568
    925.0   0.08473
    930.0   0.08394
    935.0   0.08319
    940.0   0.08242
    945.0   0.08189
    950.0   0.08138
    955.0   0.08094
    960.0   0.08060
    965.0   0.08035
    970.0   0.08015
    975.0   0.07996
    980.0   0.07977
    985.0   0.07969
    990.0   0.07963
    995.0   0.07959
   1000.0   0.07979
   1005.0   0.08002
   1010.0   0.08039
   1015.0   0.08066
   1020.0   0.08093
   1025.0   0.08124
   1030.0   0.08180
   1035.0   0.08221
   1040.0   0.08286
   1045.0   0.08344
   1050.0   0.08426
   1055.0   0.08513
   1060.0   0.08624
   1065.0   0.08727
   1070.0   0.08853
   1075.0   0.09000
   1080.0   0.09146
   1085.0   0.09302
   1090.0   0.09479
   1095.0   0.09658
   1100.0   0.09840
   1105.0   0.10014
   1110.0   0.10199
   1115.0   0.10401
   1120.0   0.10592
   1125.0   0.10808
   1130.0   0.11014
   1135.0   0.11202
   1140.0   0.11420
   1145.0   0.11612
   1150.0   0.11820
   1155.0   0.12016
   1160.0   0.12191
   1165.0   0.12359
   1170.0   0.12527
   1175.0   0.12682
   1180.0   0.12833
   1185.0   0.12967
   1190.0   0.13078
   1195.0   0.13194
   1200.0   0.13304
   1205.0   0.13430
   1210.0   0.13538
   1215.0   0.13626
   1220.0   0.13711
   1225.0   0.13807
   1230.0   0.13905
   1235.0   0.14009
   1240.0   0.14127
   1245.0   0.14222
   1250.0   0.14323
   1255.0   0.14427
   1260.0   0.14529
   1265.0   0.14639
   1270.0   0.14766
   1275.0   0.14865
   1280.0   0.14964
   1285.0   0.15076
   1290.0   0.15191
   1295.0   0.15284
   1300.0   0.15396
   1305.0   0.15502
   1310.0   0.15621
   1315.0   0.15739
   1320.0   0.15854
   1325.0   0.15984
   1330.0   0.16094
   1335.0   0.16209
   1340.0   0.16315
   1345.0   0.16437
   1350.0   0.16557
   1355.0   0.16647
   1360.0   0.16750
   1365.0   0.16898
   1370.0   0.17013
   1375.0   0.17126
   1380.0   0.17235
   1385.0   0.17395
   1390.0   0.17542
   1395.0   0.17616
   1400.0   0.17727
   1405.0   0.17876
   1410.0   0.17973
   1415.0   0.18077
   1420.0   0.18186
   1425.0   0.18282
   1430.0   0.18368
   1435.0   0.18439
   1440.0   0.18537
   1445.0   0.18614
   1450.0   0.18686
   1455.0   0.18758
   1460.0   0.18805
   1465.0   0.18874
   1470.0   0.18905
   1475.0   0.18908
   1480.0   0.18937
   1485.0   0.18973
   1490.0   0.18995
   1495.0   0.19022
   1500.0   0.19036
   1505.0   0.19013
   1510.0   0.19015
   1515.0   0.18997
   1520.0   0.18981
   1525.0   0.18972
   1530.0   0.18949
   1535.0   0.18916
   1540.0   0.18863
   1545.0   0.18823
   1550.0   0.18782
   1555.0   0.18741
   1560.0   0.18676
   1565.0   0.18594
   1570.0   0.18538
   1575.0   0.18459
   1580.0   0.18376
   1585.0   0.18311
   1590.0   0.18229
   1595.0   0.18146
   1600.0   0.18070
   1605.0   0.17985
   1610.0   0.17881
   1615.0   0.17796
   1620.0   0.17670
   1625.0   0.17524
   1630.0   0.17387
   1635.0   0.17265
   1640.0   0.17169
   1645.0   0.17043
   1650.0   0.16930
   1655.0   0.16821
   1660.0   0.16690
   1665.0   0.16568
   1670.0   0.16452
   1675.0   0.16325
   1680.0   0.16189
   1685.0   0.16036
   1690.0   0.15913
   1695.0   0.15776
   1700.0   0.15631
   1705.0   0.15515
   1710.0   0.15383
   1715.0   0.15250
   1720.0   0.15122
   1725.0   0.15011
   1730.0   0.14900
   1735.0   0.14797
   1740.0   0.14682
   1745.0   0.14563
   1750.0   0.14444
   1755.0   0.14330
   1760.0   0.14215
   1765.0   0.14110
   1770.0   0.14011
   1775.0   0.13896
   1780.0   0.13798
   1785.0   0.13711
   1790.0   0.13632
   1795.0   0.13535
   1800.0   0.13415
   1805.0   0.13334
   1810.0   0.13245
   1815.0   0.13176
   1820.0   0.13114
   1825.0   0.13044
   1830.0   0.12986
   1835.0   0.12923
   1840.0   0.12862
   1845.0   0.12802
   1850.0   0.12724
   1855.0   0.12644
   1860.0   0.12591
   1865.0   0.12530
   1870.0   0.12486
   1875.0   0.12419
   1880.0   0.12340
   1885.0   0.12267
   1890.0   0.12215
   1895.0   0.12160
   1900.0   0.12105
   1905.0   0.12072
   1910.0   0.12052
   1915.0   0.11993
   1920.0   0.11952
   1925.0   0.11904
   1930.0   0.11862
   1935.0   0.11826
   1940.0   0.11763
   1945.0   0.11705
   1950.0   0.11660
   1955.0   0.11610
   1960.0   0.11585
   1965.0   0.11562
   1970.0   0.11560
   1975.0   0.11522
   1980.0   0.11474
   1985.0   0.11454
   1990.0   0.11425
   1995.0   0.11391
   2000.0   0.11372
   2005.0   0.11328
   2010.0   0.11317
   2015.0   0.11313
   2020.0   0.11280
   2025.0   0.11254
   2030.0   0.11238
   2035.0   0.11218
   2040.0   0.11213
   2045.0   0.11210
   2050.0   0.11214
   2055.0   0.11221
   2060.0   0.11200
   2065.0   0.11187
   2070.0   0.11194
   2075.0   0.11192
   2080.0   0.11164
   2085.0   0.11154
   2090.0   0.11174
   2095.0   0.11160
   2100.0   0.11179
   2105.0   0.11187
   2110.0   0.11200
   2115.0   0.11226
   2120.0   0.11228
   2125.0   0.11219
   2130.0   0.11217
   2135.0   0.11216
   2140.0   0.11234
   2145.0   0.11267
   2150.0   0.11300
   2155.0   0.11357
   2160.0   0.11390
   2165.0   0.11380
   2170.0   0.11381
   2175.0   0.11355
   2180.0   0.11328
   2185.0   0.11336
   2190.0   0.11360
   2195.0   0.11364
   2200.0   0.11401
   2205.0   0.11426
   2210.0   0.11436
   2215.0   0.11440
   2220.0   0.11495
   2225.0   0.11533
   2230.0   0.11572
   2235.0   0.11604
   2240.0   0.11627
   2245.0   0.11637
   2250.0   0.11655
   2255.0   0.11704
   2260.0   0.11731
   2265.0   0.11733
   2270.0   0.11774
   2275.0   0.11796
   2280.0   0.11834
   2285.0   0.11851
   2290.0   0.11903
   2295.0   0.11965
   2300.0   0.12026
   2305.0   0.12084
   2310.0   0.12139
   2315.0   0.12205
   2320.0   0.12241
   2325.0   0.12298
   2330.0   0.12319
   2335.0   0.12360
   2340.0   0.12439
   2345.0   0.12513
   2350.0   0.12595
   2355.0   0.12676
   2360.0   0.12725
   2365.0   0.12771
   2370.0   0.12803
   2375.0   0.12873
   2380.0   0.12943
   2385.0   0.12996
   2390.0   0.13065
   2395.0   0.13129
   2400.0   0.13225
   2405.0   0.13283
   2410.0   0.13362
   2415.0   0.13445
   2420.0   0.13556
   2425.0   0.13625
   2430.0   0.13689
   2435.0   0.13769
   2440.0   0.13878
   2445.0   0.13962
   2450.0   0.14068
   2455.0   0.14173
   2460.0   0.14289
   2465.0   0.14395
   2470.0   0.14531
   2475.0   0.14668
   2480.0   0.14761
   2485.0   0.14888
   2490.0   0.15011
   2495.0   0.15158
   2500.0   0.15298
   2505.0   0.15400
   2510.0   0.15485
   2515.0   0.15584
   2520.0   0.15708
   2525.0   0.15837
   2530.0   0.15949
   2535.0   0.16079
   2540.0   0.16225
   2545.0   0.16304
   2550.0   0.16335
   2555.0   0.16375
   2560.0   0.16413
   2565.0   0.16587
   2570.0   0.16668
   2575.0   0.16776
   2580.0   0.16869
   2585.0   0.17055
   2590.0   0.17224
   2595.0   0.17373
   2600.0   0.17379



 S2LS01      .ASC                        

 LS-CMP-001                                                              
 APOLLO BASALT 15555,798                                                 
 THIS FILE CONTAINS ONLY PL055B IN UPPER IR                              
 RATIOS ADJUSTED USING NBS HALON CALIBRATION TABLE                       

 Source Ang: 30.00   Detect Ang:  0.00  Volt: 0.777
 Date: 05-DEC-85   Time: 14:17:29
