   611
    350.0   0.31837
    355.0   0.33068
    360.0   0.34093
    365.0   0.35166
    370.0   0.36245
    375.0   0.37268
    380.0   0.38036
    385.0   0.38723
    390.0   0.39398
    395.0   0.39908
    400.0   0.40382
    405.0   0.40763
    410.0   0.41330
    415.0   0.41679
    420.0   0.41983
    425.0   0.42313
    430.0   0.42627
    435.0   0.42953
    440.0   0.43242
    445.0   0.43432
    450.0   0.43556
    455.0   0.43646
    460.0   0.43882
    465.0   0.44082
    470.0   0.44273
    475.0   0.44454
    480.0   0.44645
    485.0   0.44772
    490.0   0.44851
    495.0   0.44939
    500.0   0.44924
    505.0   0.44957
    510.0   0.45185
    515.0   0.45434
    520.0   0.45593
    525.0   0.45712
    530.0   0.45777
    535.0   0.45863
    540.0   0.45946
    545.0   0.46008
    550.0   0.46104
    555.0   0.46205
    560.0   0.46317
    565.0   0.46401
    570.0   0.46476
    575.0   0.46540
    580.0   0.46609
    585.0   0.46704
    590.0   0.46804
    595.0   0.46931
    600.0   0.47051
    605.0   0.47180
    610.0   0.47273
    615.0   0.47378
    620.0   0.47469
    625.0   0.47579
    630.0   0.47716
    635.0   0.47881
    640.0   0.48040
    645.0   0.48236
    650.0   0.48414
    655.0   0.48654
    660.0   0.48826
    665.0   0.49059
    670.0   0.49238
    675.0   0.49416
    680.0   0.49586
    685.0   0.49762
    690.0   0.49957
    695.0   0.50131
    700.0   0.50318
    705.0   0.50510
    710.0   0.50676
    715.0   0.50856
    720.0   0.51019
    725.0   0.51169
    730.0   0.51308
    735.0   0.51409
    740.0   0.51526
    745.0   0.51624
    750.0   0.51684
    755.0   0.51757
    760.0   0.51760
    765.0   0.51771
    770.0   0.51669
    775.0   0.51573
    780.0   0.51486
    785.0   0.51393
    790.0   0.51247
    795.0   0.50991
    800.0   0.50736
    805.0   0.50450
    810.0   0.50180
    815.0   0.49790
    820.0   0.49381
    825.0   0.48961
    830.0   0.48592
    835.0   0.48247
    840.0   0.47833
    845.0   0.47404
    850.0   0.46879
    855.0   0.46438
    860.0   0.45978
    865.0   0.45591
    870.0   0.45166
    875.0   0.44791
    880.0   0.44392
    885.0   0.44064
    890.0   0.43715
    895.0   0.43475
    900.0   0.43240
    905.0   0.43069
    910.0   0.42876
    915.0   0.42718
    920.0   0.42589
    925.0   0.42500
    930.0   0.42466
    935.0   0.42441
    940.0   0.42457
    945.0   0.42484
    950.0   0.42566
    955.0   0.42655
    960.0   0.42753
    965.0   0.42905
    970.0   0.43097
    975.0   0.43304
    980.0   0.43520
    985.0   0.43774
    990.0   0.43990
    995.0   0.44213
   1000.0   0.44420
   1005.0   0.44652
   1010.0   0.44891
   1015.0   0.45126
   1020.0   0.45330
   1025.0   0.45536
   1030.0   0.45718
   1035.0   0.45904
   1040.0   0.46116
   1045.0   0.46340
   1050.0   0.46570
   1055.0   0.46807
   1060.0   0.47039
   1065.0   0.47288
   1070.0   0.47538
   1075.0   0.47818
   1080.0   0.48094
   1085.0   0.48386
   1090.0   0.48648
   1095.0   0.48941
   1100.0   0.49241
   1105.0   0.49570
   1110.0   0.49862
   1115.0   0.50138
   1120.0   0.50414
   1125.0   0.50655
   1130.0   0.50860
   1135.0   0.51056
   1140.0   0.51261
   1145.0   0.51433
   1150.0   0.51598
   1155.0   0.51731
   1160.0   0.51869
   1165.0   0.51985
   1170.0   0.52087
   1175.0   0.52149
   1180.0   0.52218
   1185.0   0.52279
   1190.0   0.52363
   1195.0   0.52446
   1200.0   0.52544
   1205.0   0.52616
   1210.0   0.52678
   1215.0   0.52721
   1220.0   0.52753
   1225.0   0.52766
   1230.0   0.52794
   1235.0   0.52812
   1240.0   0.52836
   1245.0   0.52892
   1250.0   0.52946
   1255.0   0.53012
   1260.0   0.53092
   1265.0   0.53182
   1270.0   0.53266
   1275.0   0.53374
   1280.0   0.53452
   1285.0   0.53551
   1290.0   0.53643
   1295.0   0.53713
   1300.0   0.53805
   1305.0   0.53927
   1310.0   0.54067
   1315.0   0.54189
   1320.0   0.54293
   1325.0   0.54411
   1330.0   0.54519
   1335.0   0.54625
   1340.0   0.54718
   1345.0   0.54762
   1350.0   0.54866
   1355.0   0.55001
   1360.0   0.55114
   1365.0   0.55200
   1370.0   0.55352
   1375.0   0.55499
   1380.0   0.55672
   1385.0   0.55797
   1390.0   0.55904
   1395.0   0.56053
   1400.0   0.56219
   1405.0   0.56323
   1410.0   0.56412
   1415.0   0.56516
   1420.0   0.56640
   1425.0   0.56769
   1430.0   0.56855
   1435.0   0.56935
   1440.0   0.57003
   1445.0   0.57107
   1450.0   0.57198
   1455.0   0.57261
   1460.0   0.57309
   1465.0   0.57388
   1470.0   0.57476
   1475.0   0.57544
   1480.0   0.57589
   1485.0   0.57634
   1490.0   0.57700
   1495.0   0.57745
   1500.0   0.57781
   1505.0   0.57797
   1510.0   0.57840
   1515.0   0.57882
   1520.0   0.57932
   1525.0   0.57923
   1530.0   0.57924
   1535.0   0.57928
   1540.0   0.57939
   1545.0   0.57935
   1550.0   0.57940
   1555.0   0.57907
   1560.0   0.57882
   1565.0   0.57890
   1570.0   0.57868
   1575.0   0.57840
   1580.0   0.57813
   1585.0   0.57757
   1590.0   0.57715
   1595.0   0.57686
   1600.0   0.57608
   1605.0   0.57540
   1610.0   0.57469
   1615.0   0.57388
   1620.0   0.57288
   1625.0   0.57177
   1630.0   0.57076
   1635.0   0.56991
   1640.0   0.56882
   1645.0   0.56763
   1650.0   0.56663
   1655.0   0.56586
   1660.0   0.56512
   1665.0   0.56405
   1670.0   0.56277
   1675.0   0.56150
   1680.0   0.56040
   1685.0   0.55906
   1690.0   0.55776
   1695.0   0.55637
   1700.0   0.55491
   1705.0   0.55377
   1710.0   0.55260
   1715.0   0.55129
   1720.0   0.54999
   1725.0   0.54874
   1730.0   0.54761
   1735.0   0.54652
   1740.0   0.54543
   1745.0   0.54456
   1750.0   0.54351
   1755.0   0.54259
   1760.0   0.54190
   1765.0   0.54100
   1770.0   0.53998
   1775.0   0.53887
   1780.0   0.53769
   1785.0   0.53652
   1790.0   0.53519
   1795.0   0.53407
   1800.0   0.53289
   1805.0   0.53152
   1810.0   0.53018
   1815.0   0.52893
   1820.0   0.52766
   1825.0   0.52651
   1830.0   0.52567
   1835.0   0.52476
   1840.0   0.52346
   1845.0   0.52222
   1850.0   0.52119
   1855.0   0.52047
   1860.0   0.52001
   1865.0   0.51964
   1870.0   0.51919
   1875.0   0.51866
   1880.0   0.51814
   1885.0   0.51778
   1890.0   0.51767
   1895.0   0.51753
   1900.0   0.51748
   1905.0   0.51721
   1910.0   0.51687
   1915.0   0.51656
   1920.0   0.51615
   1925.0   0.51612
   1930.0   0.51625
   1935.0   0.51622
   1940.0   0.51626
   1945.0   0.51594
   1950.0   0.51553
   1955.0   0.51514
   1960.0   0.51494
   1965.0   0.51490
   1970.0   0.51476
   1975.0   0.51454
   1980.0   0.51445
   1985.0   0.51449
   1990.0   0.51460
   1995.0   0.51501
   2000.0   0.51581
   2005.0   0.51643
   2010.0   0.51697
   2015.0   0.51733
   2020.0   0.51776
   2025.0   0.51825
   2030.0   0.51858
   2035.0   0.51914
   2040.0   0.51958
   2045.0   0.52000
   2050.0   0.52058
   2055.0   0.52131
   2060.0   0.52225
   2065.0   0.52325
   2070.0   0.52394
   2075.0   0.52466
   2080.0   0.52561
   2085.0   0.52669
   2090.0   0.52788
   2095.0   0.52898
   2100.0   0.53017
   2105.0   0.53116
   2110.0   0.53190
   2115.0   0.53274
   2120.0   0.53366
   2125.0   0.53453
   2130.0   0.53548
   2135.0   0.53649
   2140.0   0.53724
   2145.0   0.53788
   2150.0   0.53851
   2155.0   0.53904
   2160.0   0.53973
   2165.0   0.54079
   2170.0   0.54186
   2175.0   0.54294
   2180.0   0.54402
   2185.0   0.54499
   2190.0   0.54587
   2195.0   0.54688
   2200.0   0.54803
   2205.0   0.54904
   2210.0   0.55032
   2215.0   0.55152
   2220.0   0.55253
   2225.0   0.55330
   2230.0   0.55420
   2235.0   0.55517
   2240.0   0.55623
   2245.0   0.55737
   2250.0   0.55849
   2255.0   0.55951
   2260.0   0.56063
   2265.0   0.56146
   2270.0   0.56236
   2275.0   0.56313
   2280.0   0.56411
   2285.0   0.56503
   2290.0   0.56606
   2295.0   0.56711
   2300.0   0.56811
   2305.0   0.56890
   2310.0   0.56979
   2315.0   0.57078
   2320.0   0.57185
   2325.0   0.57311
   2330.0   0.57450
   2335.0   0.57575
   2340.0   0.57682
   2345.0   0.57779
   2350.0   0.57873
   2355.0   0.57949
   2360.0   0.58089
   2365.0   0.58232
   2370.0   0.58371
   2375.0   0.58533
   2380.0   0.58642
   2385.0   0.58763
   2390.0   0.58900
   2395.0   0.59082
   2400.0   0.59274
   2405.0   0.59447
   2410.0   0.59617
   2415.0   0.59754
   2420.0   0.59885
   2425.0   0.60015
   2430.0   0.60105
   2435.0   0.60210
   2440.0   0.60305
   2445.0   0.60389
   2450.0   0.60449
   2455.0   0.60522
   2460.0   0.60618
   2465.0   0.60733
   2470.0   0.60850
   2475.0   0.60966
   2480.0   0.61081
   2485.0   0.61192
   2490.0   0.61325
   2495.0   0.61483
   2500.0   0.61641
   2505.0   0.61816
   2510.0   0.61990
   2515.0   0.62137
   2520.0   0.62264
   2525.0   0.62369
   2530.0   0.62464
   2535.0   0.62580
   2540.0   0.62682
   2545.0   0.62782
   2550.0   0.62870
   2555.0   0.62944
   2560.0   0.63015
   2565.0   0.63109
   2570.0   0.63204
   2575.0   0.63249
   2580.0   0.63307
   2585.0   0.63391
   2590.0   0.63491
   2595.0   0.63598
   2600.0   0.63680
   2605.0   0.63757
   2610.0   0.63835
   2615.0   0.63902
   2620.0   0.63967
   2625.0   0.64034
   2630.0   0.64072
   2635.0   0.64061
   2640.0   0.64108
   2645.0   0.64163
   2650.0   0.64219
   2655.0   0.64238
   2660.0   0.64265
   2665.0   0.64291
   2670.0   0.64320
   2675.0   0.64333
   2680.0   0.64345
   2685.0   0.64335
   2690.0   0.64282
   2695.0   0.64197
   2700.0   0.64110
   2705.0   0.64001
   2710.0   0.63867
   2715.0   0.63625
   2720.0   0.63372
   2725.0   0.63019
   2730.0   0.62641
   2735.0   0.62290
   2740.0   0.61926
   2745.0   0.61454
   2750.0   0.61028
   2755.0   0.60615
   2760.0   0.60153
   2765.0   0.59745
   2770.0   0.59254
   2775.0   0.58829
   2780.0   0.58470
   2785.0   0.58168
   2790.0   0.57943
   2795.0   0.57714
   2800.0   0.57394
   2805.0   0.57111
   2810.0   0.56909
   2815.0   0.56665
   2820.0   0.56368
   2825.0   0.56190
   2830.0   0.55952
   2835.0   0.55843
   2840.0   0.55752
   2845.0   0.55591
   2850.0   0.55431
   2855.0   0.55194
   2860.0   0.55016
   2865.0   0.54900
   2870.0   0.54810
   2875.0   0.54683
   2880.0   0.54642
   2885.0   0.54552
   2890.0   0.54466
   2895.0   0.54355
   2900.0   0.54293
   2905.0   0.54210
   2910.0   0.54112
   2915.0   0.54032
   2920.0   0.54004
   2925.0   0.54002
   2930.0   0.54009
   2935.0   0.53992
   2940.0   0.53975
   2945.0   0.53964
   2950.0   0.53950
   2955.0   0.53898
   2960.0   0.53933
   2965.0   0.54034
   2970.0   0.54119
   2975.0   0.54227
   2980.0   0.54336
   2985.0   0.54434
   2990.0   0.54517
   2995.0   0.54611
   3000.0   0.54677
   3005.0   0.54787
   3010.0   0.54888
   3015.0   0.54941
   3020.0   0.55014
   3025.0   0.55141
   3030.0   0.55254
   3035.0   0.55350
   3040.0   0.55435
   3045.0   0.55576
   3050.0   0.55678
   3055.0   0.55761
   3060.0   0.55845
   3065.0   0.55943
   3070.0   0.56016
   3075.0   0.56103
   3080.0   0.56185
   3085.0   0.56301
   3090.0   0.56403
   3095.0   0.56536
   3100.0   0.56648
   3105.0   0.56762
   3110.0   0.56841
   3115.0   0.56935
   3120.0   0.56960
   3125.0   0.56984
   3130.0   0.57030
   3135.0   0.57106
   3140.0   0.57190
   3145.0   0.57252
   3150.0   0.57364
   3155.0   0.57506
   3160.0   0.57587
   3165.0   0.57685
   3170.0   0.57698
   3175.0   0.57779
   3180.0   0.57865
   3185.0   0.57981
   3190.0   0.58084
   3195.0   0.58205
   3200.0   0.58327
   3205.0   0.58456
   3210.0   0.58592
   3215.0   0.58746
   3220.0   0.58853
   3225.0   0.59009
   3230.0   0.59132
   3235.0   0.59186
   3240.0   0.59292
   3245.0   0.59376
   3250.0   0.59541
   3255.0   0.59643
   3260.0   0.59759
   3265.0   0.59875
   3270.0   0.59964
   3275.0   0.60050
   3280.0   0.60133
   3285.0   0.60214
   3290.0   0.60230
   3295.0   0.60256
   3300.0   0.60253
   3305.0   0.60250
   3310.0   0.60235
   3315.0   0.60249
   3320.0   0.60287
   3325.0   0.60301
   3330.0   0.60365
   3335.0   0.60376
   3340.0   0.60399
   3345.0   0.60435
   3350.0   0.60483
   3355.0   0.60591
   3360.0   0.60658
   3365.0   0.60723
   3370.0   0.60775
   3375.0   0.60854
   3380.0   0.60936
   3385.0   0.61010
   3390.0   0.61116
   3395.0   0.61203
   3400.0   0.61256



 S3LS10      .ASC                        

 LS-CMP-010                                                              
 C1LS10 TO 1650 SPLICED WITH UPPER IR RUNS                               
 SSMOOTHED WITH S=0 E=8                                                  

 Source Ang: 30.00   Detect Ang:  0.00  Volt: 0.777
 Date: 17-FEB-88   Time: 17:57:10
