   457
    320.0   0.15792
    325.0   0.16078
    330.0   0.16617
    335.0   0.17056
    340.0   0.17721
    345.0   0.18375
    350.0   0.19098
    355.0   0.19626
    360.0   0.20231
    365.0   0.20797
    370.0   0.21446
    375.0   0.21942
    380.0   0.22400
    385.0   0.22832
    390.0   0.23165
    395.0   0.23390
    400.0   0.23693
    405.0   0.24039
    410.0   0.24474
    415.0   0.24746
    420.0   0.24944
    425.0   0.25100
    430.0   0.25253
    435.0   0.25456
    440.0   0.25537
    445.0   0.25583
    450.0   0.25592
    455.0   0.25629
    460.0   0.25675
    465.0   0.25689
    470.0   0.25726
    475.0   0.25779
    480.0   0.25852
    485.0   0.25934
    490.0   0.25990
    495.0   0.26032
    500.0   0.26102
    505.0   0.26167
    510.0   0.26240
    515.0   0.26311
    520.0   0.26383
    525.0   0.26411
    530.0   0.26456
    535.0   0.26472
    540.0   0.26499
    545.0   0.26515
    550.0   0.26543
    555.0   0.26534
    560.0   0.26525
    565.0   0.26521
    570.0   0.26511
    575.0   0.26484
    580.0   0.26451
    585.0   0.26420
    590.0   0.26374
    595.0   0.26324
    600.0   0.26266
    605.0   0.26227
    610.0   0.26183
    615.0   0.26134
    620.0   0.26089
    625.0   0.26033
    630.0   0.25982
    635.0   0.25911
    640.0   0.25865
    645.0   0.25815
    650.0   0.25771
    655.0   0.25731
    660.0   0.25683
    665.0   0.25629
    670.0   0.25594
    675.0   0.25557
    680.0   0.25503
    685.0   0.25489
    690.0   0.25452
    695.0   0.25402
    700.0   0.25340
    705.0   0.25251
    710.0   0.25153
    715.0   0.25080
    720.0   0.24977
    725.0   0.24865
    730.0   0.24747
    735.0   0.24627
    740.0   0.24496
    745.0   0.24368
    750.0   0.24248
    755.0   0.24149
    760.0   0.24033
    765.0   0.23903
    770.0   0.23774
    775.0   0.23618
    780.0   0.23422
    785.0   0.23279
    790.0   0.23087
    795.0   0.22968
    800.0   0.22813
    805.0   0.22679
    810.0   0.22622
    815.0   0.22372
    820.0   0.22207
    825.0   0.21965
    830.0   0.21737
    835.0   0.21608
    840.0   0.21353
    845.0   0.21170
    850.0   0.20978
    855.0   0.20764
    860.0   0.20586
    865.0   0.20395
    870.0   0.20168
    875.0   0.19919
    880.0   0.19684
    885.0   0.19498
    890.0   0.19341
    895.0   0.19215
    900.0   0.19134
    905.0   0.19000
    910.0   0.18938
    915.0   0.18912
    920.0   0.18882
    925.0   0.18850
    930.0   0.18800
    935.0   0.18784
    940.0   0.18794
    945.0   0.18790
    950.0   0.18814
    955.0   0.18838
    960.0   0.18866
    965.0   0.18896
    970.0   0.18937
    975.0   0.18951
    980.0   0.18975
    985.0   0.19021
    990.0   0.19048
    995.0   0.19080
   1000.0   0.19122
   1005.0   0.19121
   1010.0   0.19159
   1015.0   0.19225
   1020.0   0.19247
   1025.0   0.19285
   1030.0   0.19312
   1035.0   0.19334
   1040.0   0.19402
   1045.0   0.19431
   1050.0   0.19453
   1055.0   0.19491
   1060.0   0.19544
   1065.0   0.19606
   1070.0   0.19673
   1075.0   0.19713
   1080.0   0.19783
   1085.0   0.19836
   1090.0   0.19885
   1095.0   0.19923
   1100.0   0.19961
   1105.0   0.19993
   1110.0   0.20020
   1115.0   0.20046
   1120.0   0.20074
   1125.0   0.20098
   1130.0   0.20125
   1135.0   0.20153
   1140.0   0.20172
   1145.0   0.20190
   1150.0   0.20225
   1155.0   0.20241
   1160.0   0.20261
   1165.0   0.20273
   1170.0   0.20287
   1175.0   0.20287
   1180.0   0.20273
   1185.0   0.20267
   1190.0   0.20249
   1195.0   0.20225
   1200.0   0.20204
   1205.0   0.20193
   1210.0   0.20186
   1215.0   0.20161
   1220.0   0.20147
   1225.0   0.20150
   1230.0   0.20160
   1235.0   0.20163
   1240.0   0.20153
   1245.0   0.20157
   1250.0   0.20143
   1255.0   0.20133
   1260.0   0.20135
   1265.0   0.20129
   1270.0   0.20121
   1275.0   0.20120
   1280.0   0.20121
   1285.0   0.20130
   1290.0   0.20136
   1295.0   0.20135
   1300.0   0.20130
   1305.0   0.20144
   1310.0   0.20152
   1315.0   0.20167
   1320.0   0.20162
   1325.0   0.20153
   1330.0   0.20147
   1335.0   0.20145
   1340.0   0.20139
   1345.0   0.20127
   1350.0   0.20111
   1355.0   0.20099
   1360.0   0.20075
   1365.0   0.20050
   1370.0   0.20045
   1375.0   0.20040
   1380.0   0.20037
   1385.0   0.20038
   1390.0   0.20046
   1395.0   0.20043
   1400.0   0.20039
   1405.0   0.20045
   1410.0   0.20059
   1415.0   0.20054
   1420.0   0.20062
   1425.0   0.20055
   1430.0   0.20061
   1435.0   0.20058
   1440.0   0.20050
   1445.0   0.20056
   1450.0   0.20041
   1455.0   0.20030
   1460.0   0.20032
   1465.0   0.20019
   1470.0   0.20002
   1475.0   0.19990
   1480.0   0.19964
   1485.0   0.19949
   1490.0   0.19925
   1495.0   0.19892
   1500.0   0.19876
   1505.0   0.19859
   1510.0   0.19827
   1515.0   0.19807
   1520.0   0.19780
   1525.0   0.19762
   1530.0   0.19741
   1535.0   0.19726
   1540.0   0.19704
   1545.0   0.19694
   1550.0   0.19673
   1555.0   0.19658
   1560.0   0.19624
   1565.0   0.19600
   1570.0   0.19569
   1575.0   0.19537
   1580.0   0.19493
   1585.0   0.19468
   1590.0   0.19430
   1595.0   0.19387
   1600.0   0.19339
   1605.0   0.19299
   1610.0   0.19239
   1615.0   0.19204
   1620.0   0.19170
   1625.0   0.19120
   1630.0   0.19091
   1635.0   0.19050
   1640.0   0.18979
   1645.0   0.18948
   1650.0   0.18912
   1655.0   0.18863
   1660.0   0.18839
   1665.0   0.18801
   1670.0   0.18759
   1675.0   0.18716
   1680.0   0.18677
   1685.0   0.18635
   1690.0   0.18594
   1695.0   0.18570
   1700.0   0.18513
   1705.0   0.18469
   1710.0   0.18438
   1715.0   0.18388
   1720.0   0.18354
   1725.0   0.18308
   1730.0   0.18260
   1735.0   0.18224
   1740.0   0.18180
   1745.0   0.18145
   1750.0   0.18103
   1755.0   0.18056
   1760.0   0.18015
   1765.0   0.17974
   1770.0   0.17931
   1775.0   0.17898
   1780.0   0.17866
   1785.0   0.17841
   1790.0   0.17803
   1795.0   0.17763
   1800.0   0.17723
   1805.0   0.17693
   1810.0   0.17663
   1815.0   0.17638
   1820.0   0.17612
   1825.0   0.17587
   1830.0   0.17558
   1835.0   0.17521
   1840.0   0.17497
   1845.0   0.17467
   1850.0   0.17442
   1855.0   0.17421
   1860.0   0.17405
   1865.0   0.17386
   1870.0   0.17359
   1875.0   0.17335
   1880.0   0.17316
   1885.0   0.17295
   1890.0   0.17277
   1895.0   0.17259
   1900.0   0.17243
   1905.0   0.17231
   1910.0   0.17225
   1915.0   0.17222
   1920.0   0.17213
   1925.0   0.17198
   1930.0   0.17189
   1935.0   0.17179
   1940.0   0.17172
   1945.0   0.17165
   1950.0   0.17160
   1955.0   0.17151
   1960.0   0.17152
   1965.0   0.17162
   1970.0   0.17150
   1975.0   0.17143
   1980.0   0.17134
   1985.0   0.17125
   1990.0   0.17127
   1995.0   0.17125
   2000.0   0.17129
   2005.0   0.17132
   2010.0   0.17135
   2015.0   0.17135
   2020.0   0.17142
   2025.0   0.17144
   2030.0   0.17138
   2035.0   0.17144
   2040.0   0.17151
   2045.0   0.17159
   2050.0   0.17165
   2055.0   0.17170
   2060.0   0.17183
   2065.0   0.17194
   2070.0   0.17203
   2075.0   0.17208
   2080.0   0.17212
   2085.0   0.17212
   2090.0   0.17210
   2095.0   0.17219
   2100.0   0.17219
   2105.0   0.17223
   2110.0   0.17222
   2115.0   0.17215
   2120.0   0.17221
   2125.0   0.17217
   2130.0   0.17208
   2135.0   0.17204
   2140.0   0.17198
   2145.0   0.17197
   2150.0   0.17199
   2155.0   0.17192
   2160.0   0.17196
   2165.0   0.17189
   2170.0   0.17189
   2175.0   0.17177
   2180.0   0.17166
   2185.0   0.17168
   2190.0   0.17164
   2195.0   0.17147
   2200.0   0.17143
   2205.0   0.17135
   2210.0   0.17128
   2215.0   0.17122
   2220.0   0.17110
   2225.0   0.17101
   2230.0   0.17094
   2235.0   0.17077
   2240.0   0.17062
   2245.0   0.17050
   2250.0   0.17038
   2255.0   0.17028
   2260.0   0.17004
   2265.0   0.16997
   2270.0   0.16995
   2275.0   0.16982
   2280.0   0.16976
   2285.0   0.16966
   2290.0   0.16964
   2295.0   0.16965
   2300.0   0.16955
   2305.0   0.16952
   2310.0   0.16946
   2315.0   0.16942
   2320.0   0.16938
   2325.0   0.16943
   2330.0   0.16944
   2335.0   0.16947
   2340.0   0.16944
   2345.0   0.16937
   2350.0   0.16936
   2355.0   0.16931
   2360.0   0.16923
   2365.0   0.16908
   2370.0   0.16892
   2375.0   0.16886
   2380.0   0.16882
   2385.0   0.16886
   2390.0   0.16892
   2395.0   0.16894
   2400.0   0.16895
   2405.0   0.16898
   2410.0   0.16893
   2415.0   0.16887
   2420.0   0.16877
   2425.0   0.16866
   2430.0   0.16858
   2435.0   0.16839
   2440.0   0.16820
   2445.0   0.16792
   2450.0   0.16782
   2455.0   0.16780
   2460.0   0.16768
   2465.0   0.16750
   2470.0   0.16734
   2475.0   0.16715
   2480.0   0.16695
   2485.0   0.16679
   2490.0   0.16671
   2495.0   0.16667
   2500.0   0.16668
   2505.0   0.16676
   2510.0   0.16660
   2515.0   0.16664
   2520.0   0.16678
   2525.0   0.16655
   2530.0   0.16653
   2535.0   0.16641
   2540.0   0.16624
   2545.0   0.16605
   2550.0   0.16577
   2555.0   0.16535
   2560.0   0.16513
   2565.0   0.16491
   2570.0   0.16470
   2575.0   0.16443
   2580.0   0.16417
   2585.0   0.16390
   2590.0   0.16358
   2595.0   0.16347
   2600.0   0.16326



 SG4L15      .ASC                        

 LS-CMP-015-G4                                                           
 CLAST G4 RUN SPUN  HEART SHAPED NEAR EDGE                               
 RATIOS ADJUSTED USING NBS HALON CALIBRATION TABLE                       
 SSMOOTHED S=1 E=8                                                       

 Source Ang: 30.00   Detect Ang:  0.00  Volt: 0.777
 Date: 09-OCT-87   Time: 15:37:34
