   481
    300.0   0.06150
    305.0   0.06538
    310.0   0.06988
    315.0   0.07405
    320.0   0.07622
    325.0   0.07803
    330.0   0.07898
    335.0   0.08021
    340.0   0.08180
    345.0   0.08288
    350.0   0.08404
    355.0   0.08531
    360.0   0.08736
    365.0   0.08917
    370.0   0.09075
    375.0   0.09284
    380.0   0.09435
    385.0   0.09605
    390.0   0.09732
    395.0   0.09866
    400.0   0.09935
    405.0   0.09997
    410.0   0.10051
    415.0   0.10128
    420.0   0.10183
    425.0   0.10240
    430.0   0.10280
    435.0   0.10320
    440.0   0.10335
    445.0   0.10351
    450.0   0.10391
    455.0   0.10433
    460.0   0.10463
    465.0   0.10469
    470.0   0.10483
    475.0   0.10506
    480.0   0.10535
    485.0   0.10555
    490.0   0.10574
    495.0   0.10591
    500.0   0.10599
    505.0   0.10609
    510.0   0.10627
    515.0   0.10646
    520.0   0.10663
    525.0   0.10681
    530.0   0.10699
    535.0   0.10718
    540.0   0.10745
    545.0   0.10771
    550.0   0.10809
    555.0   0.10856
    560.0   0.10905
    565.0   0.10958
    570.0   0.11019
    575.0   0.11082
    580.0   0.11144
    585.0   0.11209
    590.0   0.11270
    595.0   0.11347
    600.0   0.11422
    605.0   0.11495
    610.0   0.11569
    615.0   0.11645
    620.0   0.11717
    625.0   0.11784
    630.0   0.11863
    635.0   0.11948
    640.0   0.12027
    645.0   0.12118
    650.0   0.12215
    655.0   0.12316
    660.0   0.12414
    665.0   0.12529
    670.0   0.12644
    675.0   0.12769
    680.0   0.12896
    685.0   0.13035
    690.0   0.13169
    695.0   0.13296
    700.0   0.13420
    705.0   0.13541
    710.0   0.13661
    715.0   0.13784
    720.0   0.13911
    725.0   0.14049
    730.0   0.14176
    735.0   0.14314
    740.0   0.14438
    745.0   0.14588
    750.0   0.14710
    755.0   0.14845
    760.0   0.14960
    765.0   0.15089
    770.0   0.15186
    775.0   0.15305
    780.0   0.15408
    785.0   0.15514
    790.0   0.15610
    795.0   0.15710
    800.0   0.15798
    805.0   0.15891
    810.0   0.15960
    815.0   0.16021
    820.0   0.16068
    825.0   0.16122
    830.0   0.16152
    835.0   0.16171
    840.0   0.16212
    845.0   0.16254
    850.0   0.16256
    855.0   0.16270
    860.0   0.16257
    865.0   0.16264
    870.0   0.16242
    875.0   0.16205
    880.0   0.16188
    885.0   0.16184
    890.0   0.16164
    895.0   0.16176
    900.0   0.16171
    905.0   0.16175
    910.0   0.16184
    915.0   0.16146
    920.0   0.16124
    925.0   0.16106
    930.0   0.16058
    935.0   0.16014
    940.0   0.15988
    945.0   0.15948
    950.0   0.15931
    955.0   0.15907
    960.0   0.15887
    965.0   0.15862
    970.0   0.15847
    975.0   0.15837
    980.0   0.15823
    985.0   0.15812
    990.0   0.15798
    995.0   0.15791
   1000.0   0.15802
   1005.0   0.15808
   1010.0   0.15821
   1015.0   0.15841
   1020.0   0.15860
   1025.0   0.15889
   1030.0   0.15921
   1035.0   0.15958
   1040.0   0.16002
   1045.0   0.16037
   1050.0   0.16075
   1055.0   0.16121
   1060.0   0.16172
   1065.0   0.16244
   1070.0   0.16310
   1075.0   0.16385
   1080.0   0.16458
   1085.0   0.16550
   1090.0   0.16626
   1095.0   0.16713
   1100.0   0.16773
   1105.0   0.16843
   1110.0   0.16905
   1115.0   0.16974
   1120.0   0.17030
   1125.0   0.17110
   1130.0   0.17167
   1135.0   0.17223
   1140.0   0.17278
   1145.0   0.17327
   1150.0   0.17382
   1155.0   0.17437
   1160.0   0.17468
   1165.0   0.17508
   1170.0   0.17552
   1175.0   0.17600
   1180.0   0.17635
   1185.0   0.17674
   1190.0   0.17708
   1195.0   0.17728
   1200.0   0.17767
   1205.0   0.17795
   1210.0   0.17820
   1215.0   0.17847
   1220.0   0.17872
   1225.0   0.17905
   1230.0   0.17935
   1235.0   0.17968
   1240.0   0.18003
   1245.0   0.18038
   1250.0   0.18084
   1255.0   0.18117
   1260.0   0.18145
   1265.0   0.18189
   1270.0   0.18226
   1275.0   0.18263
   1280.0   0.18299
   1285.0   0.18353
   1290.0   0.18389
   1295.0   0.18421
   1300.0   0.18469
   1305.0   0.18529
   1310.0   0.18576
   1315.0   0.18618
   1320.0   0.18668
   1325.0   0.18711
   1330.0   0.18759
   1335.0   0.18814
   1340.0   0.18886
   1345.0   0.18950
   1350.0   0.19005
   1355.0   0.19057
   1360.0   0.19123
   1365.0   0.19184
   1370.0   0.19261
   1375.0   0.19317
   1380.0   0.19361
   1385.0   0.19410
   1390.0   0.19460
   1395.0   0.19520
   1400.0   0.19580
   1405.0   0.19626
   1410.0   0.19689
   1415.0   0.19732
   1420.0   0.19783
   1425.0   0.19854
   1430.0   0.19912
   1435.0   0.19970
   1440.0   0.20024
   1445.0   0.20089
   1450.0   0.20151
   1455.0   0.20179
   1460.0   0.20233
   1465.0   0.20284
   1470.0   0.20332
   1475.0   0.20379
   1480.0   0.20445
   1485.0   0.20494
   1490.0   0.20538
   1495.0   0.20616
   1500.0   0.20699
   1505.0   0.20742
   1510.0   0.20795
   1515.0   0.20865
   1520.0   0.20914
   1525.0   0.20960
   1530.0   0.20992
   1535.0   0.21039
   1540.0   0.21070
   1545.0   0.21096
   1550.0   0.21128
   1555.0   0.21162
   1560.0   0.21190
   1565.0   0.21227
   1570.0   0.21234
   1575.0   0.21266
   1580.0   0.21299
   1585.0   0.21329
   1590.0   0.21354
   1595.0   0.21389
   1600.0   0.21410
   1605.0   0.21436
   1610.0   0.21460
   1615.0   0.21504
   1620.0   0.21521
   1625.0   0.21540
   1630.0   0.21554
   1635.0   0.21563
   1640.0   0.21586
   1645.0   0.21609
   1650.0   0.21635
   1655.0   0.21645
   1660.0   0.21662
   1665.0   0.21697
   1670.0   0.21704
   1675.0   0.21725
   1680.0   0.21758
   1685.0   0.21797
   1690.0   0.21817
   1695.0   0.21825
   1700.0   0.21839
   1705.0   0.21846
   1710.0   0.21876
   1715.0   0.21889
   1720.0   0.21892
   1725.0   0.21898
   1730.0   0.21909
   1735.0   0.21924
   1740.0   0.21929
   1745.0   0.21949
   1750.0   0.21963
   1755.0   0.21973
   1760.0   0.21981
   1765.0   0.21988
   1770.0   0.21998
   1775.0   0.22009
   1780.0   0.22029
   1785.0   0.22046
   1790.0   0.22061
   1795.0   0.22074
   1800.0   0.22096
   1805.0   0.22106
   1810.0   0.22112
   1815.0   0.22125
   1820.0   0.22135
   1825.0   0.22138
   1830.0   0.22148
   1835.0   0.22156
   1840.0   0.22160
   1845.0   0.22159
   1850.0   0.22175
   1855.0   0.22180
   1860.0   0.22180
   1865.0   0.22193
   1870.0   0.22209
   1875.0   0.22218
   1880.0   0.22232
   1885.0   0.22242
   1890.0   0.22238
   1895.0   0.22241
   1900.0   0.22242
   1905.0   0.22250
   1910.0   0.22255
   1915.0   0.22250
   1920.0   0.22255
   1925.0   0.22264
   1930.0   0.22274
   1935.0   0.22282
   1940.0   0.22296
   1945.0   0.22302
   1950.0   0.22313
   1955.0   0.22333
   1960.0   0.22346
   1965.0   0.22359
   1970.0   0.22373
   1975.0   0.22391
   1980.0   0.22407
   1985.0   0.22426
   1990.0   0.22438
   1995.0   0.22451
   2000.0   0.22467
   2005.0   0.22481
   2010.0   0.22496
   2015.0   0.22517
   2020.0   0.22541
   2025.0   0.22553
   2030.0   0.22575
   2035.0   0.22591
   2040.0   0.22608
   2045.0   0.22627
   2050.0   0.22648
   2055.0   0.22678
   2060.0   0.22697
   2065.0   0.22719
   2070.0   0.22747
   2075.0   0.22768
   2080.0   0.22799
   2085.0   0.22824
   2090.0   0.22858
   2095.0   0.22899
   2100.0   0.22940
   2105.0   0.22978
   2110.0   0.23023
   2115.0   0.23059
   2120.0   0.23082
   2125.0   0.23115
   2130.0   0.23142
   2135.0   0.23168
   2140.0   0.23197
   2145.0   0.23222
   2150.0   0.23248
   2155.0   0.23266
   2160.0   0.23276
   2165.0   0.23287
   2170.0   0.23302
   2175.0   0.23307
   2180.0   0.23315
   2185.0   0.23343
   2190.0   0.23368
   2195.0   0.23391
   2200.0   0.23418
   2205.0   0.23441
   2210.0   0.23471
   2215.0   0.23495
   2220.0   0.23522
   2225.0   0.23556
   2230.0   0.23592
   2235.0   0.23626
   2240.0   0.23662
   2245.0   0.23698
   2250.0   0.23735
   2255.0   0.23763
   2260.0   0.23798
   2265.0   0.23832
   2270.0   0.23866
   2275.0   0.23895
   2280.0   0.23930
   2285.0   0.23960
   2290.0   0.23991
   2295.0   0.24023
   2300.0   0.24058
   2305.0   0.24087
   2310.0   0.24120
   2315.0   0.24154
   2320.0   0.24186
   2325.0   0.24224
   2330.0   0.24265
   2335.0   0.24305
   2340.0   0.24342
   2345.0   0.24380
   2350.0   0.24417
   2355.0   0.24458
   2360.0   0.24507
   2365.0   0.24555
   2370.0   0.24597
   2375.0   0.24625
   2380.0   0.24670
   2385.0   0.24712
   2390.0   0.24751
   2395.0   0.24794
   2400.0   0.24828
   2405.0   0.24862
   2410.0   0.24907
   2415.0   0.24936
   2420.0   0.24971
   2425.0   0.25012
   2430.0   0.25040
   2435.0   0.25088
   2440.0   0.25125
   2445.0   0.25165
   2450.0   0.25218
   2455.0   0.25262
   2460.0   0.25310
   2465.0   0.25352
   2470.0   0.25403
   2475.0   0.25450
   2480.0   0.25508
   2485.0   0.25546
   2490.0   0.25601
   2495.0   0.25642
   2500.0   0.25679
   2505.0   0.25731
   2510.0   0.25765
   2515.0   0.25805
   2520.0   0.25858
   2525.0   0.25920
   2530.0   0.25963
   2535.0   0.26011
   2540.0   0.26044
   2545.0   0.26109
   2550.0   0.26165
   2555.0   0.26223
   2560.0   0.26271
   2565.0   0.26337
   2570.0   0.26382
   2575.0   0.26434
   2580.0   0.26492
   2585.0   0.26551
   2590.0   0.26611
   2595.0   0.26632
   2600.0   0.26657
   2605.0   0.26670
   2610.0   0.26699
   2615.0   0.26727
   2620.0   0.26761
   2625.0   0.26842
   2630.0   0.26870
   2635.0   0.26900
   2640.0   0.26919
   2645.0   0.26946
   2650.0   0.26972
   2655.0   0.27011
   2660.0   0.27048
   2665.0   0.27081
   2670.0   0.27102
   2675.0   0.27115
   2680.0   0.27170
   2685.0   0.27207
   2690.0   0.27245
   2695.0   0.27279
   2700.0   0.27310



 SL15P1      .ASC                        

 LS-CMP-015-P1                                                           
 60019,215,312 FRAGMENTS 21,32 FROM 60019,215,3 GROUND UP RUN SPUN       
 RATIOS ADJUSTED USING NBS HALON CALIBRATION TABLE                       
 SMOOTHED S=1 E=8                                                       

 Source Ang: 30.00   Detect Ang:  0.00  Volt: 0.777
 Date: 24-FEB-88   Time: 15:58:35
