Brown University Keck/NASA Relab Spectrum LS-JBA-223/CLS005
Wavelength(micron)	Reflectance
0.351	0.056000
0.354	0.057000
0.357	0.057667
0.36	0.059000
0.363	0.059000
0.366	0.059000
0.369	0.059000
0.372	0.059333
0.375	0.060000
0.378	0.060667
0.381	0.061000
0.384	0.062000
0.387	0.062333
0.39	0.063000
0.393	0.063667
0.396	0.064000
0.399	0.065000
0.402	0.065333
0.405	0.066000
0.408	0.066000
0.411	0.066000
0.414	0.066000
0.417	0.066333
0.42	0.067000
0.423	0.067000
0.426	0.067000
0.429	0.067000
0.432	0.067333
0.435	0.068000
0.438	0.068000
0.441	0.068000
0.444	0.068000
0.447	0.068000
0.45	0.068000
0.453	0.068000
0.456	0.068000
0.459	0.068000
0.462	0.068333
0.465	0.069000
0.468	0.069000
0.471	0.069000
0.474	0.069000
0.477	0.069000
0.48	0.069000
0.483	0.069000
0.486	0.069000
0.489	0.070000
0.492	0.070000
0.495	0.070000
0.498	0.070000
0.501	0.070000
0.504	0.070000
0.507	0.070000
0.51	0.070000
0.513	0.070000
0.517	0.070000
0.52	0.070000
0.523	0.070000
0.526	0.070000
0.529	0.070667
0.532	0.071000
0.535	0.073000
0.538	0.073000
0.541	0.073000
0.544	0.073000
0.547	0.073000
0.55	0.073000
0.553	0.073000
0.556	0.073000
0.559	0.073000
0.562	0.073000
0.565	0.073000
0.568	0.073000
0.571	0.073000
0.574	0.073667
0.577	0.074000
0.58	0.075000
0.583	0.075000
0.586	0.075000
0.589	0.075000
0.593	0.075000
0.596	0.076000
0.599	0.076333
0.602	0.077000
0.605	0.077000
0.608	0.077000
0.611	0.077400
0.614	0.077758
0.617	0.078475
0.62	0.079192
0.623	0.079550
0.626	0.080625
0.629	0.080983
0.632	0.081700
0.636	0.081700
0.639	0.081700
0.642	0.082775
0.645	0.082775
0.648	0.082775
0.651	0.084208
0.654	0.084925
0.657	0.086000
0.66	0.086358
0.664	0.087075
0.667	0.087792
0.67	0.088150
0.673	0.089225
0.676	0.089225
0.679	0.089225
0.683	0.089942
0.686	0.090300
0.689	0.092450
0.692	0.092450
0.695	0.092450
0.698	0.093883
0.702	0.094600
0.705	0.095675
0.708	0.096392
0.711	0.097825
0.714	0.099258
0.718	0.099975
0.721	0.101050
0.724	0.101408
0.727	0.102125
0.73	0.102842
0.734	0.103200
0.737	0.104275
0.74	0.105350
0.743	0.107500
0.746	0.108933
0.75	0.109650
0.753	0.110725
0.756	0.111442
0.759	0.112875
0.762	0.113592
0.766	0.113950
0.769	0.117175
0.772	0.117892
0.775	0.119325
0.778	0.120042
0.781	0.120400
0.785	0.122550
0.788	0.122908
0.791	0.123625
0.794	0.125775
0.797	0.126850
0.8	0.129000
0.803	0.129717
0.807	0.131150
0.81	0.132583
0.813	0.133300
0.816	0.135450
0.819	0.136525
0.822	0.138675
0.825	0.140108
0.828	0.140825
0.831	0.142975
0.834	0.143692
0.838	0.145125
0.841	0.146558
0.844	0.147275
0.847	0.150500
0.85	0.150858
0.853	0.151575
0.856	0.153725
0.859	0.154800
0.862	0.156950
0.865	0.157667
0.868	0.159100
0.871	0.161250
0.874	0.162325
0.877	0.165550
0.88	0.166267
0.883	0.167700
0.887	0.169133
0.89	0.169850
0.893	0.172000
0.896	0.172717
0.899	0.174150
0.902	0.175583
0.905	0.176300
0.908	0.178450
0.911	0.179167
0.914	0.180600
0.917	0.182033
0.92	0.182750
0.923	0.182750
0.926	0.183467
0.929	0.184900
0.932	0.186333
0.935	0.187050
0.938	0.189200
0.941	0.189558
0.944	0.190275
0.947	0.190992
0.95	0.191350
0.953	0.192425
0.956	0.192783
0.959	0.193500
0.962	0.194217
0.965	0.194575
0.968	0.196725
0.971	0.196725
0.974	0.196725
0.978	0.196725
0.981	0.196725
0.984	0.197800
0.987	0.198517
0.99	0.199950
0.993	0.199950
0.996	0.199950
0.999	0.199950
1.002	0.199950
1.005	0.199950
1.008	0.199950
1.011	0.199950
1.014	0.199950
1.017	0.199950
1.02	0.199950
1.023	0.199950
1.026	0.199950
1.029	0.199950
1.032	0.199592
1.035	0.198875
1.038	0.198875
1.041	0.198875
1.044	0.198875
1.047	0.198875
1.05	0.198875
1.053	0.198875
1.056	0.198875
1.059	0.198875
1.062	0.198875
1.065	0.198875
1.068	0.198875
1.071	0.198875
1.074	0.197800
1.077	0.197800
1.08	0.197800
1.083	0.197800
1.086	0.197800
1.089	0.197800
1.092	0.197800
1.095	0.197800
1.098	0.197800
1.101	0.197800
1.104	0.197800
1.107	0.197800
1.11	0.197800
1.113	0.197800
1.116	0.197800
1.119	0.197800
1.122	0.197800
1.125	0.197800
1.128	0.197800
1.131	0.197800
1.134	0.197800
1.137	0.197800
1.14	0.197800
1.143	0.197800
1.146	0.197800
1.149	0.197800
1.152	0.197800
1.155	0.197800
1.158	0.197800
1.161	0.197800
1.164	0.197800
1.167	0.197800
1.17	0.197800
1.173	0.197800
1.176	0.197800
1.179	0.197800
1.182	0.197800
1.185	0.197800
1.188	0.197800
1.191	0.197800
1.194	0.197800
1.197	0.197800
1.2	0.197800
1.203	0.197800
1.206	0.197800
1.209	0.197800
1.212	0.197800
1.215	0.197800
1.218	0.197800
1.221	0.197800
1.224	0.197800
1.227	0.197800
1.23	0.197800
1.233	0.197800
1.236	0.197800
1.239	0.198875
1.242	0.199233
1.245	0.199950
1.248	0.199950
1.251	0.199950
1.254	0.199950
1.257	0.199950
1.26	0.199950
1.263	0.200667
1.266	0.201025
1.269	0.201025
1.272	0.201025
1.276	0.201025
1.279	0.201025
1.282	0.201025
1.285	0.202100
1.288	0.202100
1.291	0.202100
1.294	0.202100
1.297	0.202100
1.3	0.203175
1.303	0.203533
1.306	0.204250
1.309	0.204967
1.312	0.205325
1.315	0.206400
1.318	0.206758
1.321	0.207475
1.324	0.208192
1.327	0.208550
1.33	0.209625
1.333	0.209625
1.336	0.209625
1.339	0.210342
1.342	0.210700
1.345	0.210700
1.348	0.211058
1.351	0.211775
1.354	0.212492
1.357	0.212850
1.36	0.213925
1.363	0.213925
1.366	0.213925
1.369	0.214642
1.372	0.215000
1.375	0.215000
1.378	0.215358
1.381	0.216075
1.384	0.216792
1.387	0.217150
1.39	0.218225
1.393	0.218583
1.396	0.219300
1.399	0.219300
1.402	0.219300
1.405	0.220375
1.408	0.220733
1.411	0.221450
1.414	0.222167
1.417	0.222525
1.42	0.222525
1.423	0.222883
1.426	0.223600
1.429	0.224317
1.432	0.224675
1.435	0.225750
1.438	0.226108
1.441	0.226825
1.444	0.227542
1.447	0.227900
1.45	0.228975
1.453	0.228975
1.456	0.228975
1.459	0.228975
1.462	0.228975
1.465	0.230050
1.468	0.230408
1.471	0.231125
1.474	0.231125
1.477	0.231125
1.48	0.232200
1.483	0.232200
1.486	0.232200
1.489	0.232917
1.492	0.233275
1.495	0.234350
1.498	0.234708
1.501	0.235425
1.504	0.235425
1.507	0.235425
1.51	0.236500
1.513	0.236858
1.516	0.237575
1.519	0.237575
1.522	0.237575
1.525	0.237575
1.528	0.237933
1.531	0.238650
1.534	0.238650
1.537	0.238650
1.54	0.239725
1.543	0.240083
1.546	0.240800
1.549	0.240800
1.552	0.240800
1.555	0.240800
1.558	0.241158
1.561	0.241875
1.564	0.242592
1.567	0.242950
1.57	0.242950
1.573	0.242950
1.576	0.242950
1.579	0.243667
1.582	0.244025
1.585	0.244025
1.588	0.244383
1.591	0.245100
1.594	0.245100
1.597	0.245100
1.6	0.246175
1.603	0.246533
1.606	0.247250
1.609	0.247250
1.612	0.247250
1.615	0.247250
1.618	0.247608
1.621	0.248325
1.624	0.249042
1.627	0.249400
1.63	0.249400
1.633	0.249758
1.636	0.250475
1.639	0.250475
1.642	0.250475
1.645	0.250475
1.648	0.250833
1.651	0.251550
1.654	0.252267
1.657	0.252625
1.66	0.252625
1.663	0.252983
1.666	0.253700
1.669	0.253700
1.672	0.253700
1.675	0.253700
1.678	0.254417
1.681	0.255850
1.684	0.255850
1.687	0.255850
1.69	0.256925
1.693	0.257283
1.696	0.258000
1.699	0.258000
1.702	0.258000
1.705	0.258000
1.708	0.258358
1.711	0.259075
1.714	0.259075
1.717	0.259075
1.72	0.259075
1.723	0.259433
1.726	0.260150
1.729	0.260150
1.732	0.260150
1.735	0.261225
1.738	0.261583
1.741	0.262300
1.744	0.263017
1.747	0.263375
1.75	0.263375
1.753	0.263733
1.756	0.264450
1.759	0.265167
1.762	0.265525
1.765	0.266600
1.768	0.266600
1.771	0.266600
1.774	0.267317
1.777	0.267675
1.78	0.267675
1.783	0.267675
1.786	0.267675
1.789	0.269108
1.792	0.269825
1.795	0.269825
1.798	0.269825
1.801	0.269825
1.804	0.270542
1.807	0.270900
1.81	0.270900
1.813	0.271258
1.816	0.271975
1.819	0.271975
1.822	0.271975
1.825	0.273050
1.828	0.273408
1.831	0.274125
1.834	0.274125
1.837	0.274125
1.84	0.274125
1.843	0.274483
1.846	0.275200
1.849	0.275200
1.852	0.275200
1.855	0.276275
1.858	0.276633
1.861	0.277350
1.864	0.277350
1.867	0.277350
1.87	0.277350
1.873	0.277708
1.876	0.278425
1.879	0.278425
1.882	0.278425
1.885	0.279500
1.888	0.279500
1.891	0.279500
1.894	0.280217
1.897	0.280575
1.9	0.280575
1.903	0.280575
1.906	0.280575
1.909	0.280575
1.912	0.280575
1.915	0.281650
1.918	0.281650
1.921	0.281650
1.924	0.281650
1.927	0.281650
1.93	0.282725
1.933	0.282725
1.936	0.282725
1.939	0.282725
1.942	0.282725
1.945	0.282725
1.948	0.283083
1.951	0.283800
1.954	0.283800
1.957	0.283800
1.96	0.284875
1.963	0.284875
1.966	0.284875
1.969	0.285592
1.972	0.285950
1.975	0.285950
1.978	0.285950
1.981	0.285950
1.984	0.285950
1.987	0.285950
1.99	0.287025
1.993	0.287025
1.996	0.287025
1.999	0.287742
2.002	0.288100
2.005	0.288100
2.008	0.288100
2.011	0.288100
2.014	0.288100
2.017	0.288100
2.02	0.289175
2.023	0.289175
2.026	0.289175
2.029	0.289175
2.032	0.289175
2.035	0.290250
2.038	0.290250
2.041	0.290250
2.044	0.290250
2.047	0.290250
2.05	0.291325
2.053	0.291325
2.056	0.291325
2.059	0.291325
2.062	0.291325
2.065	0.291325
2.068	0.291683
2.071	0.292400
2.074	0.293117
2.077	0.293475
2.08	0.293475
2.083	0.293475
2.086	0.293475
2.089	0.293475
2.092	0.293475
2.095	0.293475
2.098	0.293833
2.101	0.294550
2.104	0.294550
2.107	0.294550
2.11	0.295625
2.113	0.295625
2.116	0.295625
2.119	0.295625
2.122	0.295625
2.125	0.296700
2.128	0.296700
2.131	0.296700
2.134	0.296700
2.137	0.296700
2.14	0.297775
2.143	0.298133
2.146	0.298850
2.149	0.298850
2.152	0.298850
2.155	0.298850
2.158	0.299208
2.161	0.299925
2.164	0.299925
2.167	0.299925
2.17	0.299925
2.173	0.300283
2.176	0.301000
2.179	0.301000
2.182	0.301000
2.185	0.301000
2.188	0.301358
2.191	0.302075
2.194	0.302075
2.197	0.302075
2.2	0.302075
2.203	0.302075
2.206	0.302075
2.209	0.302075
2.212	0.302075
2.215	0.303150
2.218	0.303150
2.221	0.303150
2.224	0.303867
2.227	0.304225
2.23	0.304225
2.233	0.304225
2.236	0.304225
2.239	0.304942
2.242	0.305300
2.245	0.305300
2.248	0.305658
2.251	0.306375
2.254	0.307092
2.257	0.307450
2.26	0.307450
2.263	0.307808
2.266	0.308525
2.269	0.308525
2.272	0.308525
2.275	0.308525
2.278	0.308883
2.281	0.309600
2.284	0.309600
2.287	0.309600
2.29	0.309600
2.293	0.309958
2.296	0.310675
2.299	0.310675
2.302	0.310675
2.305	0.310675
2.308	0.310675
2.311	0.310675
2.314	0.311392
2.317	0.311750
2.32	0.311750
2.323	0.311750
2.326	0.311750
2.329	0.312467
2.332	0.312825
2.335	0.313900
2.338	0.313900
2.341	0.313900
2.344	0.313900
2.347	0.313900
2.35	0.314975
2.353	0.314975
2.356	0.314975
2.359	0.315692
2.362	0.316050
2.365	0.317125
2.368	0.317125
2.371	0.317125
2.374	0.317842
2.377	0.318200
2.38	0.318200
2.383	0.318200
2.386	0.318200
2.389	0.318200
2.392	0.318200
2.395	0.319275
2.398	0.319275
2.401	0.319275
2.404	0.319275
2.407	0.319275
2.41	0.320350
2.413	0.320350
2.416	0.320350
2.419	0.320350
2.422	0.320350
2.425	0.320350
2.428	0.320708
2.431	0.321425
2.434	0.322142
2.437	0.322500
2.44	0.322500
2.443	0.322500
2.446	0.322500
2.449	0.322500
2.452	0.322500
2.455	0.323575
2.458	0.323933
2.461	0.324650
2.464	0.324650
2.467	0.324650
2.47	0.325725
2.473	0.325725
2.476	0.325725
2.479	0.325725
2.482	0.325725
2.485	0.325725
2.488	0.325725
2.491	0.325725
2.494	0.325725
2.497	0.325725
2.5	0.325725
2.503	0.325725
2.506	0.325725
2.509	0.325008
2.512	0.324650
2.515	0.322500
