Brown University Keck/NASA Relab Spectrum LS-JBA-220-N2/CLS058
Wavelength(micron)	Reflectance
0.351	0.166000
0.354	0.169000
0.357	0.170667
0.36	0.174000
0.363	0.176000
0.366	0.177000
0.369	0.179000
0.372	0.180000
0.375	0.182000
0.378	0.184000
0.381	0.185000
0.384	0.187000
0.387	0.188000
0.39	0.190000
0.393	0.192000
0.396	0.193000
0.399	0.195000
0.402	0.196333
0.405	0.199000
0.408	0.201000
0.411	0.202000
0.414	0.203000
0.417	0.203667
0.42	0.205000
0.423	0.207000
0.426	0.208000
0.429	0.210000
0.432	0.210667
0.435	0.212000
0.438	0.213333
0.441	0.214000
0.444	0.217000
0.447	0.217667
0.45	0.219000
0.453	0.220333
0.456	0.221000
0.459	0.222000
0.462	0.222333
0.465	0.223000
0.468	0.224333
0.471	0.225000
0.474	0.228000
0.477	0.228333
0.48	0.229000
0.483	0.229667
0.486	0.230000
0.489	0.231000
0.492	0.231000
0.495	0.231000
0.498	0.233000
0.501	0.234000
0.504	0.236000
0.507	0.236667
0.51	0.238000
0.513	0.238667
0.517	0.239000
0.52	0.239000
0.523	0.239667
0.526	0.241000
0.529	0.241667
0.532	0.242000
0.535	0.243000
0.538	0.243667
0.541	0.245000
0.544	0.246333
0.547	0.247000
0.55	0.248000
0.553	0.248667
0.556	0.250000
0.559	0.250667
0.562	0.251000
0.565	0.252000
0.568	0.252333
0.571	0.253000
0.574	0.253667
0.577	0.254000
0.58	0.256000
0.583	0.256333
0.586	0.257000
0.589	0.258333
0.593	0.259000
0.596	0.260000
0.599	0.260667
0.602	0.262000
0.605	0.262667
0.608	0.263000
0.611	0.267000
0.614	0.267667
0.617	0.269000
0.62	0.269667
0.623	0.270000
0.626	0.271000
0.629	0.271333
0.632	0.272000
0.636	0.273333
0.639	0.274000
0.642	0.275000
0.645	0.275333
0.648	0.276000
0.651	0.277333
0.654	0.278000
0.657	0.279000
0.66	0.279333
0.664	0.280000
0.667	0.281333
0.67	0.282000
0.673	0.283000
0.676	0.283667
0.679	0.285000
0.683	0.286333
0.686	0.287000
0.689	0.288000
0.692	0.288000
0.695	0.288000
0.698	0.288667
0.702	0.289000
0.705	0.291000
0.708	0.291333
0.711	0.292000
0.714	0.293333
0.718	0.294000
0.721	0.295000
0.724	0.295333
0.727	0.296000
0.73	0.296667
0.734	0.297000
0.737	0.298000
0.74	0.298333
0.743	0.299000
0.746	0.299667
0.75	0.300000
0.753	0.301000
0.756	0.301667
0.759	0.303000
0.762	0.303667
0.766	0.304000
0.769	0.305000
0.772	0.305000
0.775	0.305000
0.778	0.305000
0.781	0.305000
0.785	0.306000
0.788	0.306000
0.791	0.306000
0.794	0.306000
0.797	0.306000
0.8	0.306000
0.803	0.306000
0.807	0.306000
0.81	0.306000
0.813	0.306000
0.816	0.306000
0.819	0.306000
0.822	0.306000
0.825	0.306000
0.828	0.306000
0.831	0.306000
0.834	0.306000
0.838	0.306000
0.841	0.306000
0.844	0.306000
0.847	0.306000
0.85	0.306000
0.853	0.306000
0.856	0.306000
0.859	0.306000
0.862	0.305000
0.865	0.305000
0.868	0.305000
0.871	0.305000
0.874	0.305000
0.877	0.305000
0.88	0.305333
0.883	0.306000
0.887	0.306000
0.89	0.306000
0.893	0.306000
0.896	0.306000
0.899	0.306000
0.902	0.306000
0.905	0.306000
0.908	0.306000
0.911	0.306000
0.914	0.306000
0.917	0.306667
0.92	0.307000
0.923	0.308000
0.926	0.308000
0.929	0.308000
0.932	0.308667
0.935	0.309000
0.938	0.310000
0.941	0.310333
0.944	0.311000
0.947	0.312333
0.95	0.313000
0.953	0.314000
0.956	0.314000
0.959	0.314000
0.962	0.314667
0.965	0.315000
0.968	0.316000
0.971	0.316333
0.974	0.317000
0.978	0.317667
0.981	0.318000
0.984	0.320000
0.987	0.320667
0.99	0.322000
0.993	0.322667
0.996	0.323000
0.999	0.323000
1.002	0.323667
1.005	0.325000
1.008	0.325667
1.011	0.326000
1.014	0.327000
1.017	0.327667
1.02	0.329000
1.023	0.330333
1.026	0.331000
1.029	0.332000
1.032	0.332333
1.035	0.333000
1.038	0.333667
1.041	0.334000
1.044	0.335000
1.047	0.335333
1.05	0.336000
1.053	0.337333
1.056	0.338000
1.059	0.340000
1.062	0.340333
1.065	0.341000
1.068	0.341667
1.071	0.342000
1.074	0.343000
1.077	0.343333
1.08	0.344000
1.083	0.344000
1.086	0.344000
1.089	0.346000
1.092	0.346333
1.095	0.347000
1.098	0.347667
1.101	0.348000
1.104	0.349000
1.107	0.349667
1.11	0.351000
1.113	0.351000
1.116	0.351000
1.119	0.352000
1.122	0.352000
1.125	0.352000
1.128	0.352667
1.131	0.353000
1.134	0.354000
1.137	0.354667
1.14	0.356000
1.143	0.356667
1.146	0.357000
1.149	0.358000
1.152	0.358000
1.155	0.358000
1.158	0.359333
1.161	0.360000
1.164	0.360000
1.167	0.360000
1.17	0.360000
1.173	0.360667
1.176	0.361000
1.179	0.361000
1.182	0.361333
1.185	0.362000
1.188	0.362667
1.191	0.363000
1.194	0.363000
1.197	0.363667
1.2	0.365000
1.203	0.365667
1.206	0.366000
1.209	0.366000
1.212	0.366000
1.215	0.366000
1.218	0.366667
1.221	0.367000
1.224	0.368000
1.227	0.368333
1.23	0.369000
1.233	0.369000
1.236	0.369000
1.239	0.370000
1.242	0.370333
1.245	0.371000
1.248	0.371000
1.251	0.371000
1.254	0.372000
1.257	0.372333
1.26	0.373000
1.263	0.373667
1.266	0.374000
1.269	0.374000
1.272	0.374000
1.276	0.374000
1.279	0.375333
1.282	0.376000
1.285	0.377000
1.288	0.377000
1.291	0.377000
1.294	0.377000
1.297	0.377000
1.3	0.378000
1.303	0.378667
1.306	0.380000
1.309	0.380000
1.312	0.380000
1.315	0.381000
1.318	0.381333
1.321	0.382000
1.324	0.382667
1.327	0.383000
1.33	0.383000
1.333	0.383333
1.336	0.384000
1.339	0.385333
1.342	0.386000
1.345	0.386000
1.348	0.386333
1.351	0.387000
1.354	0.387667
1.357	0.388000
1.36	0.389000
1.363	0.389333
1.366	0.390000
1.369	0.390000
1.372	0.390000
1.375	0.391000
1.378	0.391000
1.381	0.391000
1.384	0.391667
1.387	0.392000
1.39	0.392000
1.393	0.392667
1.396	0.394000
1.399	0.394000
1.402	0.394000
1.405	0.396000
1.408	0.396667
1.411	0.398000
1.414	0.398000
1.417	0.398000
1.42	0.399000
1.423	0.399000
1.426	0.399000
1.429	0.399667
1.432	0.400000
1.435	0.400000
1.438	0.400333
1.441	0.401000
1.444	0.401667
1.447	0.402000
1.45	0.403000
1.453	0.403000
1.456	0.403000
1.459	0.404333
1.462	0.405000
1.465	0.406000
1.468	0.406000
1.471	0.406000
1.474	0.406667
1.477	0.407000
1.48	0.407000
1.483	0.407333
1.486	0.408000
1.489	0.408000
1.492	0.408000
1.495	0.408000
1.498	0.408000
1.501	0.408000
1.504	0.408000
1.507	0.408000
1.51	0.409000
1.513	0.409000
1.516	0.409000
1.519	0.409000
1.522	0.409000
1.525	0.410000
1.528	0.410000
1.531	0.410000
1.534	0.410667
1.537	0.411000
1.54	0.411000
1.543	0.411000
1.546	0.411000
1.549	0.411667
1.552	0.412000
1.555	0.412000
1.558	0.412000
1.561	0.412000
1.564	0.412667
1.567	0.413000
1.57	0.414000
1.573	0.414000
1.576	0.414000
1.579	0.414667
1.582	0.415000
1.585	0.415000
1.588	0.415000
1.591	0.415000
1.594	0.415667
1.597	0.416000
1.6	0.416000
1.603	0.416000
1.606	0.416000
1.609	0.416000
1.612	0.416000
1.615	0.416000
1.618	0.416000
1.621	0.416000
1.624	0.416667
1.627	0.417000
1.63	0.417000
1.633	0.417000
1.636	0.417000
1.639	0.417000
1.642	0.417000
1.645	0.417000
1.648	0.417000
1.651	0.417000
1.654	0.417000
1.657	0.417000
1.66	0.418000
1.663	0.418000
1.666	0.418000
1.669	0.418000
1.672	0.418000
1.675	0.418000
1.678	0.418000
1.681	0.418000
1.684	0.418667
1.687	0.419000
1.69	0.419000
1.693	0.419000
1.696	0.419000
1.699	0.419000
1.702	0.419000
1.705	0.419000
1.708	0.419000
1.711	0.419000
1.714	0.419667
1.717	0.420000
1.72	0.420000
1.723	0.420000
1.726	0.420000
1.729	0.420000
1.732	0.420000
1.735	0.420000
1.738	0.420000
1.741	0.420000
1.744	0.420000
1.747	0.420000
1.75	0.420000
1.753	0.420333
1.756	0.421000
1.759	0.421667
1.762	0.422000
1.765	0.422000
1.768	0.422000
1.771	0.422000
1.774	0.422000
1.777	0.422000
1.78	0.422000
1.783	0.422000
1.786	0.422000
1.789	0.422000
1.792	0.422000
1.795	0.423000
1.798	0.423000
1.801	0.423000
1.804	0.423000
1.807	0.423000
1.81	0.423000
1.813	0.423000
1.816	0.423000
1.819	0.424333
1.822	0.425000
1.825	0.425000
1.828	0.425000
1.831	0.425000
1.834	0.425000
1.837	0.425000
1.84	0.425000
1.843	0.425000
1.846	0.425000
1.849	0.425000
1.852	0.425000
1.855	0.426000
1.858	0.426000
1.861	0.426000
1.864	0.426667
1.867	0.427000
1.87	0.427000
1.873	0.427333
1.876	0.428000
1.879	0.428000
1.882	0.428000
1.885	0.428000
1.888	0.428333
1.891	0.429000
1.894	0.429000
1.897	0.429000
1.9	0.429000
1.903	0.429000
1.906	0.429000
1.909	0.430333
1.912	0.431000
1.915	0.431000
1.918	0.431000
1.921	0.431000
1.924	0.431667
1.927	0.432000
1.93	0.433000
1.933	0.433000
1.936	0.433000
1.939	0.433000
1.942	0.433000
1.945	0.433000
1.948	0.433000
1.951	0.433000
1.954	0.433000
1.957	0.433000
1.96	0.434000
1.963	0.434000
1.966	0.434000
1.969	0.434000
1.972	0.434000
1.975	0.435000
1.978	0.435000
1.981	0.435000
1.984	0.435667
1.987	0.436000
1.99	0.436000
1.993	0.436000
1.996	0.436000
1.999	0.436000
2.002	0.436000
2.005	0.437000
2.008	0.437000
2.011	0.437000
2.014	0.437000
2.017	0.437000
2.02	0.437000
2.023	0.437667
2.026	0.439000
2.029	0.439000
2.032	0.439000
2.035	0.439000
2.038	0.439333
2.041	0.440000
2.044	0.440000
2.047	0.440000
2.05	0.441000
2.053	0.441333
2.056	0.442000
2.059	0.442000
2.062	0.442000
2.065	0.443000
2.068	0.443333
2.071	0.444000
2.074	0.444000
2.077	0.444000
2.08	0.445000
2.083	0.445000
2.086	0.445000
2.089	0.445000
2.092	0.445000
2.095	0.445000
2.098	0.445333
2.101	0.446000
2.104	0.446000
2.107	0.446000
2.11	0.448000
2.113	0.448333
2.116	0.449000
2.119	0.449667
2.122	0.450000
2.125	0.450000
2.128	0.450000
2.131	0.450000
2.134	0.450667
2.137	0.451000
2.14	0.451000
2.143	0.451333
2.146	0.452000
2.149	0.452667
2.152	0.453000
2.155	0.453000
2.158	0.453333
2.161	0.454000
2.164	0.454000
2.167	0.454000
2.17	0.455000
2.173	0.455333
2.176	0.456000
2.179	0.456000
2.182	0.456000
2.185	0.457000
2.188	0.457333
2.191	0.458000
2.194	0.458000
2.197	0.458000
2.2	0.459000
2.203	0.459667
2.206	0.461000
2.209	0.461000
2.212	0.461000
2.215	0.461000
2.218	0.461333
2.221	0.462000
2.224	0.462000
2.227	0.462000
2.23	0.462000
2.233	0.462333
2.236	0.463000
2.239	0.463667
2.242	0.464000
2.245	0.465000
2.248	0.465333
2.251	0.466000
2.254	0.466667
2.257	0.467000
2.26	0.468000
2.263	0.468000
2.266	0.468000
2.269	0.468667
2.272	0.469000
2.275	0.470000
2.278	0.470333
2.281	0.471000
2.284	0.471000
2.287	0.471000
2.29	0.472000
2.293	0.472333
2.296	0.473000
2.299	0.473667
2.302	0.474000
2.305	0.474000
2.308	0.474667
2.311	0.476000
2.314	0.476667
2.317	0.477000
2.32	0.478000
2.323	0.478000
2.326	0.478000
2.329	0.478667
2.332	0.479000
2.335	0.480000
2.338	0.480333
2.341	0.481000
2.344	0.481000
2.347	0.481000
2.35	0.482000
2.353	0.482333
2.356	0.483000
2.359	0.483000
2.362	0.483000
2.365	0.484000
2.368	0.484000
2.371	0.484000
2.374	0.484667
2.377	0.485000
2.38	0.486000
2.383	0.486000
2.386	0.486000
2.389	0.486667
2.392	0.487000
2.395	0.487000
2.398	0.487000
2.401	0.487000
2.404	0.487667
2.407	0.488000
2.41	0.489000
2.413	0.489000
2.416	0.489000
2.419	0.489667
2.422	0.490000
2.425	0.491000
2.428	0.491000
2.431	0.491000
2.434	0.491667
2.437	0.492000
2.44	0.492000
2.443	0.492333
2.446	0.493000
2.449	0.493667
2.452	0.494000
2.455	0.495000
2.458	0.495333
2.461	0.496000
2.464	0.496000
2.467	0.496000
2.47	0.496000
2.473	0.496667
2.476	0.498000
2.479	0.498667
2.482	0.499000
2.485	0.499000
2.488	0.499667
2.491	0.501000
2.494	0.501000
2.497	0.501000
2.5	0.501000
2.503	0.501000
2.506	0.501000
2.509	0.501000
2.512	0.501000
2.515	0.501000
