Brown University Keck/NASA Relab Spectrum LS-JBA-218-N2/CLS050
Wavelength(micron)	Reflectance
0.351	0.101000
0.354	0.103000
0.357	0.103667
0.36	0.105000
0.363	0.106333
0.366	0.107000
0.369	0.109000
0.372	0.109667
0.375	0.111000
0.378	0.111667
0.381	0.112000
0.384	0.113000
0.387	0.113667
0.39	0.115000
0.393	0.117000
0.396	0.118000
0.399	0.120000
0.402	0.120333
0.405	0.121000
0.408	0.122333
0.411	0.123000
0.414	0.125000
0.417	0.125667
0.42	0.127000
0.423	0.128333
0.426	0.129000
0.429	0.130000
0.432	0.130667
0.435	0.132000
0.438	0.133333
0.441	0.134000
0.444	0.136000
0.447	0.136333
0.45	0.137000
0.453	0.137667
0.456	0.138000
0.459	0.140000
0.462	0.140667
0.465	0.142000
0.468	0.142667
0.471	0.143000
0.474	0.144000
0.477	0.144667
0.48	0.146000
0.483	0.147333
0.486	0.148000
0.489	0.150000
0.492	0.150333
0.495	0.151000
0.498	0.151667
0.501	0.152000
0.504	0.155000
0.507	0.155333
0.51	0.156000
0.513	0.156667
0.517	0.157000
0.52	0.159000
0.523	0.159333
0.526	0.160000
0.529	0.162000
0.532	0.163000
0.535	0.165000
0.538	0.165333
0.541	0.166000
0.544	0.166667
0.547	0.167000
0.55	0.168000
0.553	0.168333
0.556	0.169000
0.559	0.169667
0.562	0.170000
0.565	0.172000
0.568	0.172667
0.571	0.174000
0.574	0.175333
0.577	0.176000
0.58	0.177000
0.583	0.177333
0.586	0.178000
0.589	0.179333
0.593	0.180000
0.596	0.182000
0.599	0.182333
0.602	0.183000
0.605	0.183667
0.608	0.184000
0.611	0.186000
0.614	0.186333
0.617	0.187000
0.62	0.188333
0.623	0.189000
0.626	0.190000
0.629	0.190667
0.632	0.192000
0.636	0.192667
0.639	0.193000
0.642	0.194000
0.645	0.194333
0.648	0.195000
0.651	0.196333
0.654	0.197000
0.657	0.198000
0.66	0.198667
0.664	0.200000
0.667	0.200667
0.67	0.201000
0.673	0.203000
0.676	0.203000
0.679	0.203000
0.683	0.203667
0.686	0.204000
0.689	0.206000
0.692	0.206000
0.695	0.206000
0.698	0.206667
0.702	0.207000
0.705	0.208000
0.708	0.208667
0.711	0.210000
0.714	0.210667
0.718	0.211000
0.721	0.212000
0.724	0.212333
0.727	0.213000
0.73	0.213667
0.734	0.214000
0.737	0.215000
0.74	0.215333
0.743	0.216000
0.746	0.217333
0.75	0.218000
0.753	0.219000
0.756	0.219333
0.759	0.220000
0.762	0.220667
0.766	0.221000
0.769	0.221000
0.772	0.221667
0.775	0.223000
0.778	0.223000
0.781	0.223000
0.785	0.224000
0.788	0.224000
0.791	0.224000
0.794	0.224667
0.797	0.225000
0.8	0.226000
0.803	0.226000
0.807	0.226000
0.81	0.227333
0.813	0.228000
0.816	0.229000
0.819	0.229000
0.822	0.229000
0.825	0.229000
0.828	0.229000
0.831	0.230000
0.834	0.230333
0.838	0.231000
0.841	0.231000
0.844	0.231000
0.847	0.232000
0.85	0.232333
0.853	0.233000
0.856	0.232333
0.859	0.232000
0.862	0.233000
0.865	0.233000
0.868	0.233000
0.871	0.233000
0.874	0.233000
0.877	0.233000
0.88	0.233333
0.883	0.234000
0.887	0.234000
0.89	0.234000
0.893	0.235000
0.896	0.235333
0.899	0.236000
0.902	0.236000
0.905	0.236000
0.908	0.237000
0.911	0.237333
0.914	0.238000
0.917	0.238667
0.92	0.239000
0.923	0.240000
0.926	0.240000
0.929	0.240000
0.932	0.240000
0.935	0.240000
0.938	0.241000
0.941	0.241000
0.944	0.241000
0.947	0.242333
0.95	0.243000
0.953	0.244000
0.956	0.244667
0.959	0.246000
0.962	0.246000
0.965	0.246000
0.968	0.248000
0.971	0.248333
0.974	0.249000
0.978	0.249000
0.981	0.249000
0.984	0.251000
0.987	0.251333
0.99	0.252000
0.993	0.252667
0.996	0.253000
0.999	0.255000
1.002	0.255333
1.005	0.256000
1.008	0.256667
1.011	0.257000
1.014	0.258000
1.017	0.258333
1.02	0.259000
1.023	0.260333
1.026	0.261000
1.029	0.262000
1.032	0.262333
1.035	0.263000
1.038	0.263667
1.041	0.264000
1.044	0.266000
1.047	0.266000
1.05	0.266000
1.053	0.267333
1.056	0.268000
1.059	0.269000
1.062	0.269333
1.065	0.270000
1.068	0.270667
1.071	0.271000
1.074	0.272000
1.077	0.272333
1.08	0.273000
1.083	0.273667
1.086	0.274000
1.089	0.275000
1.092	0.275000
1.095	0.275000
1.098	0.276333
1.101	0.277000
1.104	0.278000
1.107	0.278333
1.11	0.279000
1.113	0.279667
1.116	0.280000
1.119	0.280000
1.122	0.280667
1.125	0.282000
1.128	0.282667
1.131	0.283000
1.134	0.284000
1.137	0.284333
1.14	0.285000
1.143	0.285667
1.146	0.286000
1.149	0.287000
1.152	0.287333
1.155	0.288000
1.158	0.288667
1.161	0.289000
1.164	0.289000
1.167	0.289333
1.17	0.290000
1.173	0.290667
1.176	0.291000
1.179	0.292000
1.182	0.292333
1.185	0.293000
1.188	0.294333
1.191	0.295000
1.194	0.295000
1.197	0.295333
1.2	0.296000
1.203	0.296667
1.206	0.297000
1.209	0.297000
1.212	0.297333
1.215	0.298000
1.218	0.299333
1.221	0.300000
1.224	0.300000
1.227	0.300333
1.23	0.301000
1.233	0.302333
1.236	0.303000
1.239	0.303000
1.242	0.303333
1.245	0.304000
1.248	0.304667
1.251	0.305000
1.254	0.305000
1.257	0.305333
1.26	0.306000
1.263	0.306667
1.266	0.307000
1.269	0.308000
1.272	0.308000
1.276	0.308000
1.279	0.308667
1.282	0.309000
1.285	0.310000
1.288	0.310333
1.291	0.311000
1.294	0.311667
1.297	0.312000
1.3	0.313000
1.303	0.313333
1.306	0.314000
1.309	0.314000
1.312	0.314000
1.315	0.315000
1.318	0.315333
1.321	0.316000
1.324	0.316667
1.327	0.317000
1.33	0.317000
1.333	0.317667
1.336	0.319000
1.339	0.319667
1.342	0.320000
1.345	0.322000
1.348	0.322000
1.351	0.322000
1.354	0.322667
1.357	0.323000
1.36	0.323000
1.363	0.323333
1.366	0.324000
1.369	0.324667
1.372	0.325000
1.375	0.325000
1.378	0.325333
1.381	0.326000
1.384	0.326667
1.387	0.327000
1.39	0.328000
1.393	0.328667
1.396	0.330000
1.399	0.330667
1.402	0.331000
1.405	0.331000
1.408	0.331333
1.411	0.332000
1.414	0.332667
1.417	0.333000
1.42	0.334000
1.423	0.334000
1.426	0.334000
1.429	0.334000
1.432	0.334000
1.435	0.335000
1.438	0.335333
1.441	0.336000
1.444	0.336667
1.447	0.337000
1.45	0.338000
1.453	0.338333
1.456	0.339000
1.459	0.339667
1.462	0.340000
1.465	0.340000
1.468	0.340333
1.471	0.341000
1.474	0.341667
1.477	0.342000
1.48	0.343000
1.483	0.343000
1.486	0.343000
1.489	0.343000
1.492	0.343000
1.495	0.343000
1.498	0.343333
1.501	0.344000
1.504	0.344000
1.507	0.344000
1.51	0.346000
1.513	0.346000
1.516	0.346000
1.519	0.346667
1.522	0.347000
1.525	0.348000
1.528	0.348000
1.531	0.348000
1.534	0.348667
1.537	0.349000
1.54	0.350000
1.543	0.350333
1.546	0.351000
1.549	0.351000
1.552	0.351000
1.555	0.352000
1.558	0.352000
1.561	0.352000
1.564	0.352000
1.567	0.352000
1.57	0.352000
1.573	0.352000
1.576	0.352000
1.579	0.352667
1.582	0.353000
1.585	0.354000
1.588	0.354333
1.591	0.355000
1.594	0.355000
1.597	0.355000
1.6	0.356000
1.603	0.356333
1.606	0.357000
1.609	0.357000
1.612	0.357000
1.615	0.357000
1.618	0.357333
1.621	0.358000
1.624	0.358000
1.627	0.358000
1.63	0.359000
1.633	0.359333
1.636	0.360000
1.639	0.360000
1.642	0.360000
1.645	0.360000
1.648	0.360000
1.651	0.360000
1.654	0.360667
1.657	0.361000
1.66	0.361000
1.663	0.361000
1.666	0.361000
1.669	0.361000
1.672	0.361000
1.675	0.362000
1.678	0.362000
1.681	0.362000
1.684	0.362667
1.687	0.363000
1.69	0.363000
1.693	0.363000
1.696	0.363000
1.699	0.363667
1.702	0.364000
1.705	0.365000
1.708	0.365000
1.711	0.365000
1.714	0.365000
1.717	0.365000
1.72	0.366000
1.723	0.366000
1.726	0.366000
1.729	0.366000
1.732	0.366000
1.735	0.366000
1.738	0.366333
1.741	0.367000
1.744	0.367667
1.747	0.368000
1.75	0.368000
1.753	0.368333
1.756	0.369000
1.759	0.369000
1.762	0.369000
1.765	0.369000
1.768	0.369333
1.771	0.370000
1.774	0.370000
1.777	0.370000
1.78	0.370000
1.783	0.370333
1.786	0.371000
1.789	0.371000
1.792	0.371000
1.795	0.372000
1.798	0.372000
1.801	0.372000
1.804	0.372000
1.807	0.372000
1.81	0.372000
1.813	0.372333
1.816	0.373000
1.819	0.373000
1.822	0.373000
1.825	0.374000
1.828	0.374000
1.831	0.374000
1.834	0.374000
1.837	0.374000
1.84	0.376000
1.843	0.376000
1.846	0.376000
1.849	0.376667
1.852	0.377000
1.855	0.377000
1.858	0.377333
1.861	0.378000
1.864	0.378667
1.867	0.379000
1.87	0.381000
1.873	0.381000
1.876	0.381000
1.879	0.381000
1.882	0.381000
1.885	0.381000
1.888	0.381333
1.891	0.382000
1.894	0.382667
1.897	0.383000
1.9	0.383000
1.903	0.383000
1.906	0.383000
1.909	0.383000
1.912	0.383000
1.915	0.385000
1.918	0.385000
1.921	0.385000
1.924	0.385667
1.927	0.386000
1.93	0.386000
1.933	0.386000
1.936	0.386000
1.939	0.386000
1.942	0.386000
1.945	0.387000
1.948	0.387333
1.951	0.388000
1.954	0.388667
1.957	0.389000
1.96	0.389000
1.963	0.389000
1.966	0.389000
1.969	0.389000
1.972	0.389000
1.975	0.390000
1.978	0.390000
1.981	0.390000
1.984	0.390000
1.987	0.390000
1.99	0.391000
1.993	0.391000
1.996	0.391000
1.999	0.391000
2.002	0.391000
2.005	0.392000
2.008	0.392000
2.011	0.392000
2.014	0.392000
2.017	0.392000
2.02	0.393000
2.023	0.393000
2.026	0.393000
2.029	0.393667
2.032	0.394000
2.035	0.395000
2.038	0.395333
2.041	0.396000
2.044	0.396667
2.047	0.397000
2.05	0.397000
2.053	0.397333
2.056	0.398000
2.059	0.398000
2.062	0.398000
2.065	0.399000
2.068	0.399000
2.071	0.399000
2.074	0.399000
2.077	0.399000
2.08	0.400000
2.083	0.400000
2.086	0.400000
2.089	0.400667
2.092	0.401000
2.095	0.402000
2.098	0.402333
2.101	0.403000
2.104	0.403000
2.107	0.403000
2.11	0.403000
2.113	0.403333
2.116	0.404000
2.119	0.404667
2.122	0.405000
2.125	0.406000
2.128	0.406000
2.131	0.406000
2.134	0.406667
2.137	0.407000
2.14	0.407000
2.143	0.407333
2.146	0.408000
2.149	0.408000
2.152	0.408000
2.155	0.408000
2.158	0.408333
2.161	0.409000
2.164	0.409000
2.167	0.409000
2.17	0.410000
2.173	0.410333
2.176	0.411000
2.179	0.411000
2.182	0.411000
2.185	0.413000
2.188	0.413333
2.191	0.414000
2.194	0.414000
2.197	0.414000
2.2	0.415000
2.203	0.415333
2.206	0.416000
2.209	0.416000
2.212	0.416000
2.215	0.416000
2.218	0.416333
2.221	0.417000
2.224	0.417667
2.227	0.418000
2.23	0.419000
2.233	0.419000
2.236	0.419000
2.239	0.419667
2.242	0.420000
2.245	0.421000
2.248	0.421333
2.251	0.422000
2.254	0.422000
2.257	0.422000
2.26	0.423000
2.263	0.423333
2.266	0.424000
2.269	0.424667
2.272	0.425000
2.275	0.425000
2.278	0.425333
2.281	0.426000
2.284	0.426000
2.287	0.426000
2.29	0.428000
2.293	0.428000
2.296	0.428000
2.299	0.428000
2.302	0.428000
2.305	0.429000
2.308	0.429667
2.311	0.431000
2.314	0.431667
2.317	0.432000
2.32	0.433000
2.323	0.433000
2.326	0.433000
2.329	0.433000
2.332	0.433000
2.335	0.434000
2.338	0.434333
2.341	0.435000
2.344	0.435667
2.347	0.436000
2.35	0.436000
2.353	0.436333
2.356	0.437000
2.359	0.437667
2.362	0.438000
2.365	0.439000
2.368	0.439000
2.371	0.439000
2.374	0.439667
2.377	0.440000
2.38	0.441000
2.383	0.441000
2.386	0.441000
2.389	0.441667
2.392	0.442000
2.395	0.442000
2.398	0.442333
2.401	0.443000
2.404	0.443667
2.407	0.444000
2.41	0.444000
2.413	0.444333
2.416	0.445000
2.419	0.445000
2.422	0.445000
2.425	0.446000
2.428	0.446000
2.431	0.446000
2.434	0.446667
2.437	0.447000
2.44	0.448000
2.443	0.448333
2.446	0.449000
2.449	0.449667
2.452	0.450000
2.455	0.450000
2.458	0.450333
2.461	0.451000
2.464	0.451667
2.467	0.452000
2.47	0.453000
2.473	0.453000
2.476	0.453000
2.479	0.453000
2.482	0.453000
2.485	0.453000
2.488	0.453333
2.491	0.454000
2.494	0.454667
2.497	0.455000
2.5	0.456000
2.503	0.456333
2.506	0.457000
2.509	0.457667
2.512	0.458000
2.515	0.458000
