Brown University Keck/NASA Relab Spectrum LS-JBA-217-M1/CLS084
Wavelength(micron)	Reflectance
0.351	0.122700
0.354	0.123200
0.357	0.123933
0.36	0.124500
0.363	0.123933
0.366	0.123967
0.369	0.124300
0.372	0.124167
0.375	0.124533
0.378	0.124833
0.381	0.125067
0.384	0.126700
0.387	0.127000
0.39	0.127200
0.393	0.127700
0.396	0.127300
0.399	0.126867
0.402	0.128333
0.405	0.127367
0.408	0.126900
0.411	0.127100
0.414	0.128200
0.417	0.128800
0.42	0.129067
0.423	0.129633
0.426	0.131633
0.429	0.132333
0.432	0.132233
0.435	0.132900
0.438	0.133233
0.441	0.132800
0.444	0.132633
0.447	0.133067
0.45	0.133033
0.453	0.133500
0.456	0.134633
0.459	0.136467
0.462	0.136500
0.465	0.135767
0.468	0.137000
0.471	0.137633
0.474	0.137767
0.477	0.137800
0.48	0.138467
0.483	0.138500
0.486	0.139033
0.489	0.139833
0.492	0.139567
0.495	0.141200
0.498	0.141500
0.501	0.142067
0.504	0.141533
0.507	0.140867
0.51	0.142000
0.513	0.142167
0.517	0.143500
0.52	0.144600
0.523	0.144333
0.526	0.145867
0.529	0.146133
0.532	0.145833
0.535	0.146667
0.538	0.147700
0.541	0.147500
0.544	0.148367
0.547	0.149067
0.55	0.148700
0.553	0.147500
0.556	0.149067
0.559	0.150233
0.562	0.150533
0.565	0.151100
0.568	0.151400
0.571	0.151633
0.574	0.151800
0.577	0.152100
0.58	0.154100
0.583	0.154367
0.586	0.154533
0.589	0.153500
0.593	0.153200
0.596	0.153700
0.599	0.155033
0.602	0.156900
0.605	0.156667
0.608	0.155933
0.611	0.156900
0.614	0.156467
0.617	0.157600
0.62	0.159867
0.623	0.159867
0.626	0.159533
0.629	0.159400
0.632	0.160200
0.636	0.159767
0.639	0.160300
0.642	0.161033
0.645	0.162867
0.648	0.165200
0.651	0.165133
0.654	0.163800
0.657	0.162000
0.66	0.163800
0.664	0.163400
0.667	0.163667
0.67	0.166867
0.673	0.167367
0.676	0.166500
0.679	0.165633
0.683	0.164833
0.686	0.164233
0.689	0.166833
0.692	0.165600
0.695	0.166300
0.698	0.167867
0.702	0.166067
0.705	0.166333
0.708	0.166500
0.711	0.168233
0.714	0.169167
0.718	0.170533
0.721	0.171900
0.724	0.171933
0.727	0.172767
0.73	0.170233
0.734	0.169400
0.737	0.172567
0.74	0.172333
0.743	0.173467
0.746	0.176200
0.75	0.176500
0.753	0.176633
0.756	0.176767
0.759	0.177100
0.762	0.173900
0.766	0.175267
0.769	0.178433
0.772	0.178000
0.775	0.179400
0.778	0.179400
0.781	0.180133
0.785	0.180333
0.788	0.180933
0.791	0.181567
0.794	0.179133
0.797	0.177233
0.8	0.178767
0.803	0.180133
0.807	0.179600
0.81	0.180500
0.813	0.184000
0.816	0.183333
0.819	0.181700
0.822	0.181000
0.825	0.180667
0.828	0.181667
0.831	0.183200
0.834	0.181000
0.838	0.181333
0.841	0.182833
0.844	0.183000
0.847	0.182300
0.85	0.183367
0.853	0.184200
0.856	0.182767
0.859	0.182233
0.862	0.183433
0.865	0.182233
0.868	0.179333
0.871	0.182333
0.874	0.184233
0.877	0.185933
0.88	0.187700
0.883	0.186967
0.887	0.184967
0.89	0.184333
0.893	0.185100
0.896	0.184700
0.899	0.185267
0.902	0.185300
0.905	0.184667
0.908	0.186400
0.911	0.188567
0.914	0.188767
0.917	0.188167
0.92	0.187933
0.923	0.186467
0.926	0.185967
0.929	0.185033
0.932	0.183400
0.935	0.183967
0.938	0.184233
0.941	0.186267
0.944	0.186967
0.947	0.188400
0.95	0.189800
0.953	0.189900
0.956	0.188767
0.959	0.189400
0.962	0.190233
0.965	0.191200
0.968	0.190333
0.971	0.191233
0.974	0.195400
0.978	0.195667
0.981	0.194900
0.984	0.194333
0.987	0.195867
0.99	0.196700
0.993	0.195667
0.996	0.197167
0.999	0.197667
1.002	0.197667
1.005	0.197500
1.008	0.196733
1.011	0.197933
1.014	0.194967
1.017	0.195867
1.02	0.199367
1.023	0.202467
1.026	0.203167
1.029	0.202233
1.032	0.201800
1.035	0.199600
1.038	0.200633
1.041	0.201500
1.044	0.204133
1.047	0.204833
1.05	0.204000
1.053	0.203933
1.056	0.205267
1.059	0.204833
1.062	0.205200
1.065	0.204767
1.068	0.205333
1.071	0.206200
1.074	0.206200
1.077	0.210767
1.08	0.212367
1.083	0.213133
1.086	0.212567
1.089	0.211367
1.092	0.211433
1.095	0.211200
1.098	0.212867
1.101	0.213600
1.104	0.214033
1.107	0.213267
1.11	0.213500
1.113	0.214867
1.116	0.216067
1.119	0.216400
1.122	0.215833
1.125	0.215800
1.128	0.215567
1.131	0.215367
1.134	0.217433
1.137	0.219433
1.14	0.220333
1.143	0.221967
1.146	0.219333
1.149	0.217533
1.152	0.217500
1.155	0.219167
1.158	0.220433
1.161	0.221633
1.164	0.221567
1.167	0.221200
1.17	0.220300
1.173	0.221400
1.176	0.223500
1.179	0.224233
1.182	0.223433
1.185	0.224233
1.188	0.222733
1.191	0.222133
1.194	0.222600
1.197	0.221600
1.2	0.224733
1.203	0.226200
1.206	0.226767
1.209	0.227367
1.212	0.227667
1.215	0.228667
1.218	0.229500
1.221	0.228300
1.224	0.226400
1.227	0.226667
1.23	0.227000
1.233	0.228733
1.236	0.230667
1.239	0.228167
1.242	0.227567
1.245	0.228800
1.248	0.230233
1.251	0.234800
1.254	0.235167
1.257	0.234267
1.26	0.234133
1.263	0.234600
1.266	0.233700
1.269	0.231367
1.272	0.232667
1.276	0.235200
1.279	0.237600
1.282	0.238167
1.285	0.236367
1.288	0.233900
1.291	0.235133
1.294	0.236100
1.297	0.236733
1.3	0.235367
1.303	0.234833
1.306	0.236833
1.309	0.237800
1.312	0.238133
1.315	0.241467
1.318	0.242700
1.321	0.242500
1.324	0.242967
1.327	0.244000
1.33	0.245267
1.333	0.244567
1.336	0.244767
1.339	0.243833
1.342	0.242900
1.345	0.243700
1.348	0.243200
1.351	0.241967
1.354	0.242067
1.357	0.240533
1.36	0.243400
1.363	0.244900
1.366	0.245967
1.369	0.246833
1.372	0.248400
1.375	0.249467
1.378	0.250833
1.381	0.248800
1.384	0.249467
1.387	0.251967
1.39	0.250533
1.393	0.250433
1.396	0.252467
1.399	0.254367
1.402	0.252933
1.405	0.255800
1.408	0.256500
1.411	0.256500
1.414	0.256333
1.417	0.254767
1.42	0.255133
1.423	0.253833
1.426	0.253967
1.429	0.253467
1.432	0.253633
1.435	0.251967
1.438	0.254500
1.441	0.256300
1.444	0.257467
1.447	0.258500
1.45	0.258433
1.453	0.257433
1.456	0.257700
1.459	0.258333
1.462	0.256933
1.465	0.258267
1.468	0.260400
1.471	0.263667
1.474	0.264167
1.477	0.263800
1.48	0.264000
1.483	0.266200
1.486	0.266967
1.489	0.265067
1.492	0.264400
1.495	0.265500
1.498	0.264567
1.501	0.262833
1.504	0.265167
1.507	0.265300
1.51	0.264333
1.513	0.265633
1.516	0.267733
1.519	0.267600
1.522	0.265600
1.525	0.267100
1.528	0.267567
1.531	0.267100
1.534	0.267433
1.537	0.268800
1.54	0.270100
1.543	0.271867
1.546	0.271600
1.549	0.270200
1.552	0.268167
1.555	0.270200
1.558	0.270867
1.561	0.273300
1.564	0.273200
1.567	0.272200
1.57	0.272967
1.573	0.273800
1.576	0.272433
1.579	0.272967
1.582	0.274433
1.585	0.275067
1.588	0.274467
1.591	0.274333
1.594	0.273867
1.597	0.271500
1.6	0.271033
1.603	0.273200
1.606	0.274533
1.609	0.275333
1.612	0.278000
1.615	0.278700
1.618	0.278733
1.621	0.278833
1.624	0.278600
1.627	0.278067
1.63	0.276767
1.633	0.275267
1.636	0.275133
1.639	0.276233
1.642	0.278600
1.645	0.280167
1.648	0.280400
1.651	0.281200
1.654	0.281833
1.657	0.282400
1.66	0.281733
1.663	0.282033
1.666	0.281667
1.669	0.283033
1.672	0.283667
1.675	0.283100
1.678	0.282733
1.681	0.282367
1.684	0.283367
1.687	0.286633
1.69	0.284667
1.693	0.283700
1.696	0.285800
1.699	0.287133
1.702	0.286767
1.705	0.285233
1.708	0.285033
1.711	0.284467
1.714	0.284500
1.717	0.282600
1.72	0.282567
1.723	0.286233
1.726	0.284900
1.729	0.285333
1.732	0.285533
1.735	0.286800
1.738	0.288267
1.741	0.287800
1.744	0.285600
1.747	0.285100
1.75	0.285733
1.753	0.286933
1.756	0.287833
1.759	0.289867
1.762	0.291700
1.765	0.291833
1.768	0.291633
1.771	0.290233
1.774	0.286333
1.777	0.285267
1.78	0.287367
1.783	0.292133
1.786	0.293000
1.789	0.290967
1.792	0.292233
1.795	0.291933
1.798	0.292533
1.801	0.291367
1.804	0.292200
1.807	0.292967
1.81	0.291500
1.813	0.292367
1.816	0.294900
1.819	0.295533
1.822	0.296300
1.825	0.294400
1.828	0.292467
1.831	0.293300
1.834	0.295667
1.837	0.296133
1.84	0.295567
1.843	0.295367
1.846	0.296967
1.849	0.298467
1.852	0.298200
1.855	0.298100
1.858	0.297067
1.861	0.296133
1.864	0.295133
1.867	0.297967
1.87	0.298400
1.873	0.297533
1.876	0.301533
1.879	0.301333
1.882	0.298233
1.885	0.297767
1.888	0.301300
1.891	0.302067
1.894	0.301000
1.897	0.301133
1.9	0.303067
1.903	0.303333
1.906	0.303233
1.909	0.303533
1.912	0.305233
1.915	0.305033
1.918	0.304000
1.921	0.301767
1.924	0.303167
1.927	0.303967
1.93	0.303800
1.933	0.303567
1.936	0.305600
1.939	0.306867
1.942	0.305967
1.945	0.304800
1.948	0.307100
1.951	0.307700
1.954	0.308167
1.957	0.309200
1.96	0.310000
1.963	0.310000
1.966	0.308667
1.969	0.309900
1.972	0.309767
1.975	0.307733
1.978	0.309933
1.981	0.310467
1.984	0.311267
1.987	0.308700
1.99	0.310967
1.993	0.312700
1.996	0.311867
1.999	0.311533
2.002	0.312467
2.005	0.313267
2.008	0.312800
2.011	0.313267
2.014	0.313800
2.017	0.313767
2.02	0.315933
2.023	0.316433
2.026	0.317267
2.029	0.317633
2.032	0.317700
2.035	0.318033
2.038	0.317367
2.041	0.318333
2.044	0.320067
2.047	0.319767
2.05	0.319633
2.053	0.321333
2.056	0.322333
2.059	0.323200
2.062	0.321533
2.065	0.319067
2.068	0.319233
2.071	0.323033
2.074	0.325133
2.077	0.325433
2.08	0.326133
2.083	0.327467
2.086	0.326333
2.089	0.325533
2.092	0.326267
2.095	0.326433
2.098	0.326000
2.101	0.325100
2.104	0.325533
2.107	0.326567
2.11	0.326800
2.113	0.329033
2.116	0.331133
2.119	0.329867
2.122	0.328600
2.125	0.328167
2.128	0.329967
2.131	0.330633
2.134	0.330000
2.137	0.329867
2.14	0.331433
2.143	0.331067
2.146	0.332100
2.149	0.333133
2.152	0.333967
2.155	0.334900
2.158	0.334467
2.161	0.336633
2.164	0.336467
2.167	0.335467
2.17	0.333367
2.173	0.335233
2.176	0.334533
2.179	0.333667
2.182	0.334300
2.185	0.334600
2.188	0.333633
2.191	0.334767
2.194	0.335167
2.197	0.337567
2.2	0.338467
2.203	0.338133
2.206	0.339567
2.209	0.339967
2.212	0.339133
2.215	0.342500
2.218	0.343567
2.221	0.343700
2.224	0.348167
2.227	0.347200
2.23	0.344600
2.233	0.343367
2.236	0.345467
2.239	0.347067
2.242	0.345533
2.245	0.344867
2.248	0.347100
2.251	0.349833
2.254	0.350900
2.257	0.349167
2.26	0.349933
2.263	0.350167
2.266	0.349233
2.269	0.349600
2.272	0.351233
2.275	0.351533
2.278	0.351533
2.281	0.350033
2.284	0.350933
2.287	0.352700
2.29	0.354000
2.293	0.354667
2.296	0.352767
2.299	0.352933
2.302	0.353467
2.305	0.352900
2.308	0.353400
2.311	0.352967
2.314	0.353867
2.317	0.354300
2.32	0.355433
2.323	0.356267
2.326	0.357300
2.329	0.357933
2.332	0.359800
2.335	0.360267
2.338	0.361100
2.341	0.361033
2.344	0.360500
2.347	0.361067
2.35	0.361100
2.353	0.359400
2.356	0.362400
2.359	0.359500
2.362	0.359833
2.365	0.362933
2.368	0.363233
2.371	0.363133
2.374	0.364367
2.377	0.361900
2.38	0.364533
2.383	0.364800
2.386	0.365167
2.389	0.366600
2.392	0.367567
2.395	0.366500
2.398	0.366667
2.401	0.365267
2.404	0.366100
2.407	0.367600
2.41	0.368033
2.413	0.372400
2.416	0.375000
2.419	0.373400
2.422	0.373000
2.425	0.372800
2.428	0.373467
2.431	0.372433
2.434	0.373733
2.437	0.373667
2.44	0.375733
2.443	0.375567
2.446	0.375600
2.449	0.373567
2.452	0.375967
2.455	0.377200
2.458	0.375133
2.461	0.374333
2.464	0.373633
2.467	0.374500
2.47	0.375933
2.473	0.378233
2.476	0.380000
2.479	0.380367
2.482	0.382800
2.485	0.382467
2.488	0.382733
2.491	0.384500
2.494	0.383000
2.497	0.382433
2.5	0.381000
2.503	0.381667
2.506	0.382867
2.509	0.384567
2.512	0.383933
2.515	0.384233
