Brown University Keck/NASA Relab Spectrum LS-JBA-044-P2/CLS099
Wavelength(micron)	Reflectance
0.351	0.005000
0.354	0.005000
0.357	0.005333
0.36	0.006000
0.363	0.007333
0.366	0.008000
0.369	0.013000
0.372	0.016667
0.375	0.024000
0.378	0.030000
0.381	0.033000
0.384	0.042000
0.387	0.045000
0.39	0.051000
0.393	0.052333
0.396	0.053000
0.399	0.060000
0.402	0.062667
0.405	0.068000
0.408	0.070000
0.411	0.071000
0.414	0.078000
0.417	0.078667
0.42	0.080000
0.423	0.082000
0.426	0.083000
0.429	0.086000
0.432	0.086667
0.435	0.088000
0.438	0.089333
0.441	0.090000
0.444	0.092000
0.447	0.093000
0.45	0.095000
0.453	0.095667
0.456	0.096000
0.459	0.098000
0.462	0.098333
0.465	0.099000
0.468	0.099667
0.471	0.100000
0.474	0.101000
0.477	0.101333
0.48	0.102000
0.483	0.103333
0.486	0.104000
0.489	0.105000
0.492	0.105000
0.495	0.105000
0.498	0.105667
0.501	0.106000
0.504	0.107000
0.507	0.107333
0.51	0.108000
0.513	0.108000
0.517	0.108000
0.52	0.109000
0.523	0.109333
0.526	0.110000
0.529	0.110667
0.532	0.111000
0.535	0.111000
0.538	0.111333
0.541	0.112000
0.544	0.112667
0.547	0.113000
0.55	0.113000
0.553	0.113333
0.556	0.114000
0.559	0.114667
0.562	0.115000
0.565	0.116000
0.568	0.116000
0.571	0.116000
0.574	0.116667
0.577	0.117000
0.58	0.117000
0.583	0.117000
0.586	0.117000
0.589	0.118333
0.593	0.119000
0.596	0.119000
0.599	0.119333
0.602	0.120000
0.605	0.120000
0.608	0.120000
0.611	0.121000
0.614	0.121333
0.617	0.122000
0.62	0.122667
0.623	0.123000
0.626	0.123000
0.629	0.123000
0.632	0.123000
0.636	0.125000
0.639	0.126000
0.642	0.126000
0.645	0.126000
0.648	0.126000
0.651	0.126000
0.654	0.126000
0.657	0.127000
0.66	0.127333
0.664	0.128000
0.667	0.128667
0.67	0.129000
0.673	0.130000
0.676	0.130333
0.679	0.131000
0.683	0.131667
0.686	0.132000
0.689	0.133000
0.692	0.133333
0.695	0.134000
0.698	0.134000
0.702	0.134000
0.705	0.135000
0.708	0.135333
0.711	0.136000
0.714	0.136000
0.718	0.136000
0.721	0.136000
0.724	0.136333
0.727	0.137000
0.73	0.137667
0.734	0.138000
0.737	0.138000
0.74	0.138000
0.743	0.138000
0.746	0.138667
0.75	0.139000
0.753	0.139000
0.756	0.138667
0.759	0.138000
0.762	0.137333
0.766	0.137000
0.769	0.137000
0.772	0.137000
0.775	0.137000
0.778	0.135667
0.781	0.135000
0.785	0.134000
0.788	0.133667
0.791	0.133000
0.794	0.132333
0.797	0.132000
0.8	0.131000
0.803	0.130000
0.807	0.128000
0.81	0.126667
0.813	0.126000
0.816	0.124000
0.819	0.123333
0.822	0.122000
0.825	0.120000
0.828	0.119000
0.831	0.117000
0.834	0.116333
0.838	0.115000
0.841	0.113667
0.844	0.113000
0.847	0.110000
0.85	0.109333
0.853	0.108000
0.856	0.106000
0.859	0.105000
0.862	0.104000
0.865	0.103333
0.868	0.102000
0.871	0.100000
0.874	0.099000
0.877	0.097000
0.88	0.096667
0.883	0.096000
0.887	0.095333
0.89	0.095000
0.893	0.093000
0.896	0.092667
0.899	0.092000
0.902	0.090667
0.905	0.090000
0.908	0.089000
0.911	0.088667
0.914	0.088000
0.917	0.086667
0.92	0.086000
0.923	0.086000
0.926	0.085667
0.929	0.085000
0.932	0.084333
0.935	0.084000
0.938	0.084000
0.941	0.083667
0.944	0.083000
0.947	0.082333
0.95	0.082000
0.953	0.081000
0.956	0.081000
0.959	0.081000
0.962	0.081000
0.965	0.081000
0.968	0.081000
0.971	0.081000
0.974	0.081000
0.978	0.081000
0.981	0.081000
0.984	0.080000
0.987	0.080000
0.99	0.080000
0.993	0.080000
0.996	0.080000
0.999	0.081000
1.002	0.081000
1.005	0.081000
1.008	0.081000
1.011	0.081000
1.014	0.082000
1.017	0.082000
1.02	0.082000
1.023	0.082667
1.026	0.083000
1.029	0.084000
1.032	0.084000
1.035	0.084000
1.038	0.084667
1.041	0.085000
1.044	0.086000
1.047	0.086667
1.05	0.088000
1.053	0.088000
1.056	0.088000
1.059	0.090000
1.062	0.090000
1.065	0.090000
1.068	0.090667
1.071	0.091000
1.074	0.093000
1.077	0.093333
1.08	0.094000
1.083	0.095333
1.086	0.096000
1.089	0.098000
1.092	0.098000
1.095	0.098000
1.098	0.098667
1.101	0.099000
1.104	0.100000
1.107	0.100667
1.11	0.102000
1.113	0.103333
1.116	0.104000
1.119	0.105000
1.122	0.105667
1.125	0.107000
1.128	0.107667
1.131	0.108000
1.134	0.109000
1.137	0.109333
1.14	0.110000
1.143	0.110667
1.146	0.111000
1.149	0.113000
1.152	0.113333
1.155	0.114000
1.158	0.114667
1.161	0.115000
1.164	0.116000
1.167	0.116333
1.17	0.117000
1.173	0.117000
1.176	0.117000
1.179	0.118000
1.182	0.118000
1.185	0.118000
1.188	0.118667
1.191	0.119000
1.194	0.119000
1.197	0.119333
1.2	0.120000
1.203	0.120000
1.206	0.120000
1.209	0.121000
1.212	0.121000
1.215	0.121000
1.218	0.121000
1.221	0.121000
1.224	0.122000
1.227	0.122000
1.23	0.122000
1.233	0.122667
1.236	0.123000
1.239	0.123000
1.242	0.123000
1.245	0.123000
1.248	0.123667
1.251	0.124000
1.254	0.124000
1.257	0.124667
1.26	0.126000
1.263	0.126000
1.266	0.126000
1.269	0.126000
1.272	0.126000
1.276	0.126000
1.279	0.126000
1.282	0.126000
1.285	0.126000
1.288	0.126000
1.291	0.126000
1.294	0.126000
1.297	0.126000
1.3	0.126000
1.303	0.126333
1.306	0.127000
1.309	0.127667
1.312	0.128000
1.315	0.128000
1.318	0.128000
1.321	0.128000
1.324	0.128667
1.327	0.129000
1.33	0.129000
1.333	0.129333
1.336	0.130000
1.339	0.130000
1.342	0.130000
1.345	0.131000
1.348	0.131000
1.351	0.131000
1.354	0.131667
1.357	0.132000
1.36	0.133000
1.363	0.133000
1.366	0.133000
1.369	0.133667
1.372	0.134000
1.375	0.135000
1.378	0.135000
1.381	0.135000
1.384	0.135000
1.387	0.135000
1.39	0.136000
1.393	0.136000
1.396	0.136000
1.399	0.136667
1.402	0.137000
1.405	0.137000
1.408	0.137000
1.411	0.137000
1.414	0.137667
1.417	0.138000
1.42	0.138000
1.423	0.138000
1.426	0.138000
1.429	0.138667
1.432	0.139000
1.435	0.139000
1.438	0.139333
1.441	0.140000
1.444	0.140000
1.447	0.140000
1.45	0.140000
1.453	0.140000
1.456	0.140000
1.459	0.140667
1.462	0.141000
1.465	0.141000
1.468	0.141000
1.471	0.141000
1.474	0.141000
1.477	0.141000
1.48	0.141000
1.483	0.141000
1.486	0.141000
1.489	0.141000
1.492	0.141000
1.495	0.141000
1.498	0.141000
1.501	0.141000
1.504	0.141000
1.507	0.141000
1.51	0.141000
1.513	0.141000
1.516	0.141000
1.519	0.141000
1.522	0.141000
1.525	0.141000
1.528	0.141000
1.531	0.141000
1.534	0.141000
1.537	0.141000
1.54	0.141000
1.543	0.141000
1.546	0.141000
1.549	0.141000
1.552	0.141000
1.555	0.140000
1.558	0.140000
1.561	0.140000
1.564	0.140000
1.567	0.140000
1.57	0.140000
1.573	0.140000
1.576	0.140000
1.579	0.140000
1.582	0.140000
1.585	0.139000
1.588	0.139000
1.591	0.139000
1.594	0.138333
1.597	0.138000
1.6	0.138000
1.603	0.138000
1.606	0.138000
1.609	0.137333
1.612	0.137000
1.615	0.137000
1.618	0.137000
1.621	0.137000
1.624	0.137000
1.627	0.137000
1.63	0.136000
1.633	0.136000
1.636	0.136000
1.639	0.135333
1.642	0.135000
1.645	0.135000
1.648	0.134667
1.651	0.134000
1.654	0.133333
1.657	0.133000
1.66	0.132000
1.663	0.132000
1.666	0.132000
1.669	0.132000
1.672	0.132000
1.675	0.131000
1.678	0.131000
1.681	0.131000
1.684	0.131000
1.687	0.131000
1.69	0.130000
1.693	0.129667
1.696	0.129000
1.699	0.128333
1.702	0.128000
1.705	0.128000
1.708	0.128000
1.711	0.128000
1.714	0.127333
1.717	0.127000
1.72	0.126000
1.723	0.126000
1.726	0.126000
1.729	0.126000
1.732	0.126000
1.735	0.126000
1.738	0.125333
1.741	0.124000
1.744	0.124000
1.747	0.124000
1.75	0.123000
1.753	0.123000
1.756	0.123000
1.759	0.122333
1.762	0.122000
1.765	0.122000
1.768	0.121667
1.771	0.121000
1.774	0.121000
1.777	0.121000
1.78	0.121000
1.783	0.120667
1.786	0.120000
1.789	0.119333
1.792	0.119000
1.795	0.119000
1.798	0.119000
1.801	0.119000
1.804	0.118333
1.807	0.118000
1.81	0.117000
1.813	0.116667
1.816	0.116000
1.819	0.116000
1.822	0.116000
1.825	0.115000
1.828	0.115000
1.831	0.115000
1.834	0.114333
1.837	0.114000
1.84	0.114000
1.843	0.114000
1.846	0.114000
1.849	0.113333
1.852	0.113000
1.855	0.113000
1.858	0.112667
1.861	0.112000
1.864	0.111333
1.867	0.111000
1.87	0.111000
1.873	0.111000
1.876	0.111000
1.879	0.110333
1.882	0.110000
1.885	0.110000
1.888	0.110000
1.891	0.110000
1.894	0.109333
1.897	0.109000
1.9	0.109000
1.903	0.109000
1.906	0.109000
1.909	0.108333
1.912	0.108000
1.915	0.107000
1.918	0.107000
1.921	0.107000
1.924	0.107000
1.927	0.107000
1.93	0.107000
1.933	0.106667
1.936	0.106000
1.939	0.106000
1.942	0.106000
1.945	0.105000
1.948	0.105000
1.951	0.105000
1.954	0.105000
1.957	0.105000
1.96	0.104000
1.963	0.104000
1.966	0.104000
1.969	0.104000
1.972	0.104000
1.975	0.103000
1.978	0.102667
1.981	0.102000
1.984	0.102000
1.987	0.102000
1.99	0.102000
1.993	0.102000
1.996	0.102000
1.999	0.102000
2.002	0.102000
2.005	0.101000
2.008	0.100667
2.011	0.100000
2.014	0.100667
2.017	0.101000
2.02	0.100000
2.023	0.099667
2.026	0.099000
2.029	0.099000
2.032	0.099000
2.035	0.098000
2.038	0.098000
2.041	0.098000
2.044	0.098000
2.047	0.098000
2.05	0.098000
2.053	0.098000
2.056	0.098000
2.059	0.098000
2.062	0.098000
2.065	0.098000
2.068	0.097667
2.071	0.097000
2.074	0.097000
2.077	0.097000
2.08	0.097000
2.083	0.097000
2.086	0.097000
2.089	0.096333
2.092	0.096000
2.095	0.096000
2.098	0.096000
2.101	0.096000
2.104	0.096000
2.107	0.096000
2.11	0.096000
2.113	0.096000
2.116	0.096000
2.119	0.095333
2.122	0.095000
2.125	0.095000
2.128	0.095000
2.131	0.095000
2.134	0.095000
2.137	0.095000
2.14	0.095000
2.143	0.095000
2.146	0.095000
2.149	0.095000
2.152	0.095000
2.155	0.095000
2.158	0.095000
2.161	0.095000
2.164	0.094333
2.167	0.094000
2.17	0.095000
2.173	0.095000
2.176	0.095000
2.179	0.095000
2.182	0.095000
2.185	0.095000
2.188	0.094667
2.191	0.094000
2.194	0.094000
2.197	0.094000
2.2	0.095000
2.203	0.094667
2.206	0.094000
2.209	0.094000
2.212	0.094000
2.215	0.094000
2.218	0.094000
2.221	0.094000
2.224	0.094000
2.227	0.094000
2.23	0.094000
2.233	0.094333
2.236	0.095000
2.239	0.094333
2.242	0.094000
2.245	0.095000
2.248	0.095000
2.251	0.095000
2.254	0.095000
2.257	0.095000
2.26	0.095000
2.263	0.095000
2.266	0.095000
2.269	0.095667
2.272	0.096000
2.275	0.096000
2.278	0.096000
2.281	0.096000
2.284	0.096000
2.287	0.096000
2.29	0.096000
2.293	0.096000
2.296	0.096000
2.299	0.096000
2.302	0.096000
2.305	0.097000
2.308	0.097000
2.311	0.097000
2.314	0.097000
2.317	0.097000
2.32	0.098000
2.323	0.098000
2.326	0.098000
2.329	0.098000
2.332	0.098000
2.335	0.098000
2.338	0.098000
2.341	0.098000
2.344	0.098000
2.347	0.098000
2.35	0.098000
2.353	0.098000
2.356	0.098000
2.359	0.098667
2.362	0.099000
2.365	0.099000
2.368	0.099000
2.371	0.099000
2.374	0.099667
2.377	0.100000
2.38	0.100000
2.383	0.100000
2.386	0.100000
2.389	0.100667
2.392	0.101000
2.395	0.101000
2.398	0.101333
2.401	0.102000
2.404	0.102000
2.407	0.102000
2.41	0.102000
2.413	0.102333
2.416	0.103000
2.419	0.103000
2.422	0.103000
2.425	0.103000
2.428	0.103333
2.431	0.104000
2.434	0.104000
2.437	0.104000
2.44	0.105000
2.443	0.105000
2.446	0.105000
2.449	0.105000
2.452	0.105000
2.455	0.106000
2.458	0.106000
2.461	0.106000
2.464	0.106667
2.467	0.107000
2.47	0.107000
2.473	0.107000
2.476	0.107000
2.479	0.107667
2.482	0.108000
2.485	0.108000
2.488	0.108333
2.491	0.109000
2.494	0.109000
2.497	0.109000
2.5	0.110000
2.503	0.110000
2.506	0.110000
2.509	0.110667
2.512	0.111000
2.515	0.111000
