Brown University Keck/NASA Relab Spectrum LS-JBA-113/CLS087
Wavelength(micron)	Reflectance
0.351	0.060000
0.354	0.061000
0.357	0.061333
0.36	0.062000
0.363	0.063333
0.366	0.064000
0.369	0.065000
0.372	0.065000
0.375	0.065000
0.378	0.067000
0.381	0.068000
0.384	0.069000
0.387	0.069333
0.39	0.070000
0.393	0.070667
0.396	0.071000
0.399	0.071000
0.402	0.072000
0.405	0.074000
0.408	0.074667
0.411	0.075000
0.414	0.076000
0.417	0.076667
0.42	0.078000
0.423	0.078667
0.426	0.079000
0.429	0.081000
0.432	0.081333
0.435	0.082000
0.438	0.082667
0.441	0.083000
0.444	0.085000
0.447	0.085333
0.45	0.086000
0.453	0.086667
0.456	0.087000
0.459	0.088000
0.462	0.088333
0.465	0.089000
0.468	0.089667
0.471	0.090000
0.474	0.092000
0.477	0.092333
0.48	0.093000
0.483	0.093667
0.486	0.094000
0.489	0.096000
0.492	0.096333
0.495	0.097000
0.498	0.098333
0.501	0.099000
0.504	0.099000
0.507	0.099333
0.51	0.100000
0.513	0.100667
0.517	0.101000
0.52	0.103000
0.523	0.103333
0.526	0.104000
0.529	0.104667
0.532	0.105000
0.535	0.107000
0.538	0.107333
0.541	0.108000
0.544	0.108667
0.547	0.109000
0.55	0.110000
0.553	0.110333
0.556	0.111000
0.559	0.111667
0.562	0.112000
0.565	0.114000
0.568	0.114000
0.571	0.114000
0.574	0.114667
0.577	0.115000
0.58	0.117000
0.583	0.117000
0.586	0.117000
0.589	0.117667
0.593	0.118000
0.596	0.118000
0.599	0.118667
0.602	0.120000
0.605	0.121333
0.608	0.122000
0.611	0.122800
0.614	0.123488
0.617	0.124864
0.62	0.125552
0.623	0.125896
0.626	0.126928
0.629	0.126928
0.632	0.126928
0.636	0.128992
0.639	0.130024
0.642	0.130024
0.645	0.130367
0.648	0.131055
0.651	0.131055
0.654	0.131055
0.657	0.132087
0.66	0.132775
0.664	0.134151
0.667	0.134839
0.67	0.135183
0.673	0.135183
0.676	0.135183
0.679	0.135183
0.683	0.136559
0.686	0.137247
0.689	0.138279
0.692	0.138623
0.695	0.139311
0.698	0.139311
0.702	0.139311
0.705	0.140343
0.708	0.140687
0.711	0.141375
0.714	0.142063
0.718	0.142407
0.721	0.143439
0.724	0.143439
0.727	0.143439
0.73	0.144127
0.734	0.144471
0.737	0.145503
0.74	0.145846
0.743	0.146534
0.746	0.147222
0.75	0.147566
0.753	0.147566
0.756	0.147910
0.759	0.148598
0.762	0.149286
0.766	0.149630
0.769	0.150662
0.772	0.150662
0.775	0.150662
0.778	0.151350
0.781	0.151694
0.785	0.151694
0.788	0.152038
0.791	0.152726
0.794	0.152726
0.797	0.152726
0.8	0.152726
0.803	0.152726
0.807	0.152726
0.81	0.152726
0.813	0.152726
0.816	0.153758
0.819	0.153758
0.822	0.153758
0.825	0.153758
0.828	0.153758
0.831	0.153758
0.834	0.154102
0.838	0.154790
0.841	0.154790
0.844	0.154790
0.847	0.154790
0.85	0.154790
0.853	0.154790
0.856	0.155478
0.859	0.155822
0.862	0.155822
0.865	0.155822
0.868	0.155822
0.871	0.155822
0.874	0.155822
0.877	0.155822
0.88	0.155822
0.883	0.155822
0.887	0.155822
0.89	0.155822
0.893	0.155822
0.896	0.156166
0.899	0.156854
0.902	0.156854
0.905	0.156854
0.908	0.157886
0.911	0.157886
0.914	0.157886
0.917	0.158574
0.92	0.158918
0.923	0.158918
0.926	0.158918
0.929	0.158918
0.932	0.158918
0.935	0.158918
0.938	0.159950
0.941	0.159950
0.944	0.159950
0.947	0.159950
0.95	0.159950
0.953	0.160982
0.956	0.161325
0.959	0.162013
0.962	0.162013
0.965	0.162013
0.968	0.163045
0.971	0.163045
0.974	0.163045
0.978	0.164421
0.981	0.165109
0.984	0.165109
0.987	0.165453
0.99	0.166141
0.993	0.166829
0.996	0.167173
0.999	0.169237
1.002	0.169581
1.005	0.170269
1.008	0.170269
1.011	0.170269
1.014	0.170269
1.017	0.170613
1.02	0.171301
1.023	0.172677
1.026	0.173365
1.029	0.173365
1.032	0.173709
1.035	0.174397
1.038	0.175085
1.041	0.175429
1.044	0.177492
1.047	0.177492
1.05	0.177492
1.053	0.178180
1.056	0.178524
1.059	0.179556
1.062	0.179900
1.065	0.180588
1.068	0.181276
1.071	0.181620
1.074	0.182652
1.077	0.182996
1.08	0.183684
1.083	0.184372
1.086	0.184716
1.089	0.185748
1.092	0.185748
1.095	0.185748
1.098	0.186436
1.101	0.186780
1.104	0.186780
1.107	0.187468
1.11	0.188844
1.113	0.188844
1.116	0.188844
1.119	0.189876
1.122	0.190220
1.125	0.190908
1.128	0.191596
1.131	0.191939
1.134	0.192971
1.137	0.193315
1.14	0.194003
1.143	0.194003
1.146	0.194003
1.149	0.195035
1.152	0.195379
1.155	0.196067
1.158	0.196755
1.161	0.197099
1.164	0.197099
1.167	0.197443
1.17	0.198131
1.173	0.198819
1.176	0.199163
1.179	0.200195
1.182	0.200195
1.185	0.200195
1.188	0.200195
1.191	0.200195
1.194	0.201227
1.197	0.201571
1.2	0.202259
1.203	0.202947
1.206	0.203291
1.209	0.203291
1.212	0.203635
1.215	0.204323
1.218	0.205011
1.221	0.205355
1.224	0.206387
1.227	0.206387
1.23	0.206387
1.233	0.206387
1.236	0.206387
1.239	0.207418
1.242	0.207762
1.245	0.208450
1.248	0.209138
1.251	0.209482
1.254	0.209482
1.257	0.209826
1.26	0.210514
1.263	0.211202
1.266	0.211546
1.269	0.212578
1.272	0.212578
1.276	0.212578
1.279	0.213266
1.282	0.213610
1.285	0.214642
1.288	0.214986
1.291	0.215674
1.294	0.216362
1.297	0.216706
1.3	0.216706
1.303	0.217050
1.306	0.217738
1.309	0.219114
1.312	0.219802
1.315	0.219802
1.318	0.219802
1.321	0.219802
1.324	0.219802
1.327	0.219802
1.33	0.220834
1.333	0.221178
1.336	0.221866
1.339	0.222553
1.342	0.222897
1.345	0.222897
1.348	0.223241
1.351	0.223929
1.354	0.224617
1.357	0.224961
1.36	0.225993
1.363	0.225993
1.366	0.225993
1.369	0.225993
1.372	0.225993
1.375	0.227025
1.378	0.227025
1.381	0.227025
1.384	0.228401
1.387	0.229089
1.39	0.229089
1.393	0.229433
1.396	0.230121
1.399	0.230121
1.402	0.230121
1.405	0.231153
1.408	0.231497
1.411	0.232185
1.414	0.232185
1.417	0.232185
1.42	0.233217
1.423	0.233905
1.426	0.235281
1.429	0.235281
1.432	0.235281
1.435	0.235281
1.438	0.235625
1.441	0.236313
1.444	0.237001
1.447	0.237345
1.45	0.239408
1.453	0.239408
1.456	0.239408
1.459	0.240096
1.462	0.240440
1.465	0.239408
1.468	0.239752
1.471	0.240440
1.474	0.241128
1.477	0.241472
1.48	0.241472
1.483	0.241816
1.486	0.242504
1.489	0.242504
1.492	0.242504
1.495	0.243536
1.498	0.243536
1.501	0.243536
1.504	0.243536
1.507	0.243536
1.51	0.243536
1.513	0.244224
1.516	0.245600
1.519	0.246288
1.522	0.246632
1.525	0.246632
1.528	0.246632
1.531	0.246632
1.534	0.246632
1.537	0.246632
1.54	0.247664
1.543	0.248008
1.546	0.248696
1.549	0.248696
1.552	0.248696
1.555	0.248696
1.558	0.249728
1.561	0.251792
1.564	0.251104
1.567	0.250760
1.57	0.251792
1.573	0.251792
1.576	0.251792
1.579	0.251792
1.582	0.251792
1.585	0.252824
1.588	0.252824
1.591	0.252824
1.594	0.253511
1.597	0.253855
1.6	0.253855
1.603	0.253855
1.606	0.253855
1.609	0.254543
1.612	0.254887
1.615	0.254887
1.618	0.254887
1.621	0.254887
1.624	0.254887
1.627	0.254887
1.63	0.254887
1.633	0.255231
1.636	0.255919
1.639	0.255919
1.642	0.255919
1.645	0.255919
1.648	0.255919
1.651	0.255919
1.654	0.256607
1.657	0.256951
1.66	0.256951
1.663	0.256951
1.666	0.256951
1.669	0.256951
1.672	0.256951
1.675	0.259015
1.678	0.259015
1.681	0.259015
1.684	0.259015
1.687	0.259015
1.69	0.259015
1.693	0.259015
1.696	0.259015
1.699	0.259015
1.702	0.259015
1.705	0.259015
1.708	0.259015
1.711	0.259015
1.714	0.259015
1.717	0.259015
1.72	0.260047
1.723	0.260047
1.726	0.260047
1.729	0.260735
1.732	0.261079
1.735	0.261079
1.738	0.261079
1.741	0.261079
1.744	0.261079
1.747	0.261079
1.75	0.262111
1.753	0.262111
1.756	0.262111
1.759	0.262111
1.762	0.262111
1.765	0.262111
1.768	0.262455
1.771	0.263143
1.774	0.263143
1.777	0.263143
1.78	0.264175
1.783	0.264175
1.786	0.264175
1.789	0.264175
1.792	0.264175
1.795	0.264175
1.798	0.264175
1.801	0.264175
1.804	0.264863
1.807	0.265207
1.81	0.265207
1.813	0.265551
1.816	0.266239
1.819	0.266239
1.822	0.266239
1.825	0.266239
1.828	0.266239
1.831	0.266239
1.834	0.266239
1.837	0.266239
1.84	0.266239
1.843	0.266583
1.846	0.267271
1.849	0.267271
1.852	0.267271
1.855	0.267271
1.858	0.267271
1.861	0.267271
1.864	0.267959
1.867	0.268303
1.87	0.269334
1.873	0.269334
1.876	0.269334
1.879	0.269334
1.882	0.269334
1.885	0.270366
1.888	0.270366
1.891	0.270366
1.894	0.271054
1.897	0.271398
1.9	0.271398
1.903	0.271742
1.906	0.272430
1.909	0.273118
1.912	0.273462
1.915	0.273462
1.918	0.273462
1.921	0.273462
1.924	0.273462
1.927	0.273462
1.93	0.274494
1.933	0.274494
1.936	0.274494
1.939	0.274494
1.942	0.274494
1.945	0.274494
1.948	0.274494
1.951	0.274494
1.954	0.275182
1.957	0.275526
1.96	0.275526
1.963	0.275526
1.966	0.275526
1.969	0.276214
1.972	0.276558
1.975	0.277590
1.978	0.277590
1.981	0.277590
1.984	0.277590
1.987	0.277590
1.99	0.277590
1.993	0.277590
1.996	0.277590
1.999	0.278278
2.002	0.278622
2.005	0.278622
2.008	0.278622
2.011	0.278622
2.014	0.279310
2.017	0.279654
2.02	0.279654
2.023	0.279998
2.026	0.280686
2.029	0.280686
2.032	0.280686
2.035	0.280686
2.038	0.281030
2.041	0.281718
2.044	0.282406
2.047	0.282750
2.05	0.282750
2.053	0.282750
2.056	0.282750
2.059	0.282750
2.062	0.282750
2.065	0.283781
2.068	0.284125
2.071	0.284813
2.074	0.284813
2.077	0.284813
2.08	0.284813
2.083	0.284813
2.086	0.284813
2.089	0.285501
2.092	0.285845
2.095	0.286877
2.098	0.286877
2.101	0.286877
2.104	0.286877
2.107	0.286877
2.11	0.286877
2.113	0.287565
2.116	0.288941
2.119	0.288941
2.122	0.288941
2.125	0.288941
2.128	0.289285
2.131	0.289973
2.134	0.289973
2.137	0.289973
2.14	0.291005
2.143	0.291005
2.146	0.291005
2.149	0.291005
2.152	0.291005
2.155	0.292037
2.158	0.292381
2.161	0.293069
2.164	0.293069
2.167	0.293069
2.17	0.293069
2.173	0.293413
2.176	0.294101
2.179	0.294101
2.182	0.294101
2.185	0.295133
2.188	0.295133
2.191	0.295133
2.194	0.295821
2.197	0.296165
2.2	0.297197
2.203	0.297541
2.206	0.298229
2.209	0.298229
2.212	0.298229
2.215	0.298229
2.218	0.298573
2.221	0.299260
2.224	0.299948
2.227	0.300292
2.23	0.300292
2.233	0.300292
2.236	0.300292
2.239	0.300980
2.242	0.301324
2.245	0.302356
2.248	0.302356
2.251	0.302356
2.254	0.302356
2.257	0.302356
2.26	0.302356
2.263	0.303044
2.266	0.304420
2.269	0.305108
2.272	0.305452
2.275	0.305452
2.278	0.305452
2.281	0.305452
2.284	0.306140
2.287	0.306484
2.29	0.308548
2.293	0.308548
2.296	0.308548
2.299	0.308548
2.302	0.308548
2.305	0.309580
2.308	0.309924
2.311	0.310612
2.314	0.310612
2.317	0.310612
2.32	0.311644
2.323	0.311644
2.326	0.311644
2.329	0.312332
2.332	0.312676
2.335	0.313708
2.338	0.313708
2.341	0.313708
2.344	0.314395
2.347	0.314739
2.35	0.314739
2.353	0.315083
2.356	0.315771
2.359	0.316459
2.362	0.316803
2.365	0.316803
2.368	0.317147
2.371	0.317835
2.374	0.317835
2.377	0.317835
2.38	0.318867
2.383	0.318867
2.386	0.318867
2.389	0.319555
2.392	0.319899
2.395	0.319899
2.398	0.319899
2.401	0.319899
2.404	0.320587
2.407	0.320931
2.41	0.321963
2.413	0.321963
2.416	0.321963
2.419	0.322651
2.422	0.322995
2.425	0.322995
2.428	0.323339
2.431	0.324027
2.434	0.324715
2.437	0.325059
2.44	0.326091
2.443	0.326091
2.446	0.326091
2.449	0.327467
2.452	0.328155
2.455	0.328155
2.458	0.328155
2.461	0.328155
2.464	0.328843
2.467	0.329187
2.47	0.329187
2.473	0.329874
2.476	0.331250
2.479	0.330562
2.482	0.330218
2.485	0.331250
2.488	0.331594
2.491	0.332282
2.494	0.332282
2.497	0.332282
2.5	0.333314
2.503	0.333314
2.506	0.333314
2.509	0.334002
2.512	0.334346
2.515	0.334346
