Brown University Keck/NASA Relab Spectrum LS-JBA-222-N/CLS191
Wavelength(micron)	Reflectance
0.351	0.203000
0.354	0.206000
0.357	0.207667
0.36	0.211000
0.363	0.212333
0.366	0.213000
0.369	0.217000
0.372	0.218000
0.375	0.220000
0.378	0.220667
0.381	0.221000
0.384	0.223000
0.387	0.224000
0.39	0.226000
0.393	0.228667
0.396	0.230000
0.399	0.231000
0.402	0.231667
0.405	0.233000
0.408	0.234333
0.411	0.235000
0.414	0.238000
0.417	0.238333
0.42	0.239000
0.423	0.239667
0.426	0.240000
0.429	0.242000
0.432	0.243000
0.435	0.245000
0.438	0.246333
0.441	0.247000
0.444	0.248000
0.447	0.248667
0.45	0.250000
0.453	0.251333
0.456	0.252000
0.459	0.252000
0.462	0.252667
0.465	0.254000
0.468	0.254667
0.471	0.255000
0.474	0.257000
0.477	0.257333
0.48	0.258000
0.483	0.258667
0.486	0.259000
0.489	0.261000
0.492	0.261000
0.495	0.261000
0.498	0.261667
0.501	0.262000
0.504	0.263000
0.507	0.263667
0.51	0.265000
0.513	0.265667
0.517	0.266000
0.52	0.268000
0.523	0.268667
0.526	0.270000
0.529	0.270667
0.532	0.271000
0.535	0.273000
0.538	0.273333
0.541	0.274000
0.544	0.274667
0.547	0.275000
0.55	0.277000
0.553	0.277333
0.556	0.278000
0.559	0.278667
0.562	0.279000
0.565	0.279000
0.568	0.279333
0.571	0.280000
0.574	0.281333
0.577	0.282000
0.58	0.284000
0.583	0.284667
0.586	0.286000
0.589	0.286000
0.593	0.286000
0.596	0.287000
0.599	0.287333
0.602	0.288000
0.605	0.288667
0.608	0.289000
0.611	0.289600
0.614	0.289938
0.617	0.290613
0.62	0.291288
0.623	0.291625
0.626	0.292638
0.629	0.292975
0.632	0.293650
0.636	0.295000
0.639	0.295676
0.642	0.296688
0.645	0.297363
0.648	0.298713
0.651	0.299388
0.654	0.299726
0.657	0.300738
0.66	0.301076
0.664	0.301751
0.667	0.302426
0.67	0.302764
0.673	0.303776
0.676	0.304451
0.679	0.305801
0.683	0.307152
0.686	0.307827
0.689	0.308839
0.692	0.309177
0.695	0.309852
0.698	0.309852
0.702	0.309852
0.705	0.311877
0.708	0.312214
0.711	0.312889
0.714	0.314240
0.718	0.314915
0.721	0.315927
0.724	0.316602
0.727	0.317952
0.73	0.317952
0.734	0.317952
0.737	0.318965
0.74	0.319640
0.743	0.320990
0.746	0.320990
0.75	0.320990
0.753	0.322003
0.756	0.322340
0.759	0.323015
0.762	0.324365
0.766	0.325041
0.769	0.326053
0.772	0.326053
0.775	0.326053
0.778	0.326053
0.781	0.326053
0.785	0.326053
0.788	0.326053
0.791	0.326053
0.794	0.326053
0.797	0.326053
0.8	0.326053
0.803	0.326053
0.807	0.326053
0.81	0.326053
0.813	0.326053
0.816	0.326053
0.819	0.326053
0.822	0.326053
0.825	0.326053
0.828	0.326053
0.831	0.325041
0.834	0.325041
0.838	0.325041
0.841	0.325041
0.844	0.325041
0.847	0.324028
0.85	0.324028
0.853	0.324028
0.856	0.324028
0.859	0.324028
0.862	0.324028
0.865	0.324028
0.868	0.324028
0.871	0.324028
0.874	0.324028
0.877	0.324028
0.88	0.323690
0.883	0.323015
0.887	0.322340
0.89	0.322003
0.893	0.323015
0.896	0.323353
0.899	0.324028
0.902	0.324028
0.905	0.324028
0.908	0.324028
0.911	0.324365
0.914	0.325041
0.917	0.325041
0.92	0.325041
0.923	0.326053
0.926	0.326391
0.929	0.327066
0.932	0.327066
0.935	0.327066
0.938	0.327066
0.941	0.327066
0.944	0.327066
0.947	0.327741
0.95	0.328078
0.953	0.329091
0.956	0.329428
0.959	0.330104
0.962	0.330104
0.965	0.330104
0.968	0.333141
0.971	0.333479
0.974	0.334154
0.978	0.335504
0.981	0.336179
0.984	0.336179
0.987	0.336517
0.99	0.337192
0.993	0.337867
0.996	0.338204
0.999	0.339217
1.002	0.339217
1.005	0.339217
1.008	0.340567
1.011	0.341242
1.014	0.343267
1.017	0.343605
1.02	0.344280
1.023	0.344955
1.026	0.345292
1.029	0.346305
1.032	0.346642
1.035	0.347317
1.038	0.347993
1.041	0.348330
1.044	0.349343
1.047	0.349680
1.05	0.350355
1.053	0.351705
1.056	0.352380
1.059	0.353393
1.062	0.353393
1.065	0.353393
1.068	0.354743
1.071	0.355418
1.074	0.356431
1.077	0.356431
1.08	0.356431
1.083	0.356431
1.086	0.356431
1.089	0.357443
1.092	0.357443
1.095	0.357443
1.098	0.358793
1.101	0.359469
1.104	0.361494
1.107	0.361831
1.11	0.362506
1.113	0.363181
1.116	0.363519
1.119	0.364531
1.122	0.364531
1.125	0.364531
1.128	0.365207
1.131	0.365544
1.134	0.365544
1.137	0.365882
1.14	0.366557
1.143	0.367232
1.146	0.367569
1.149	0.368582
1.152	0.368919
1.155	0.369594
1.158	0.370269
1.161	0.370607
1.164	0.371620
1.167	0.371620
1.17	0.371620
1.173	0.372295
1.176	0.372632
1.179	0.373645
1.182	0.373645
1.185	0.373645
1.188	0.373645
1.191	0.373645
1.194	0.374657
1.197	0.374657
1.2	0.374657
1.203	0.375332
1.206	0.375670
1.209	0.375670
1.212	0.376007
1.215	0.376683
1.218	0.376683
1.221	0.376683
1.224	0.377695
1.227	0.377695
1.23	0.377695
1.233	0.378370
1.236	0.378708
1.239	0.380733
1.242	0.380733
1.245	0.380733
1.248	0.380733
1.251	0.380733
1.254	0.380733
1.257	0.381070
1.26	0.381745
1.263	0.381745
1.266	0.381745
1.269	0.382758
1.272	0.382758
1.276	0.382758
1.279	0.383433
1.282	0.383771
1.285	0.383771
1.288	0.384108
1.291	0.384783
1.294	0.384783
1.297	0.384783
1.3	0.385796
1.303	0.386133
1.306	0.386808
1.309	0.386808
1.312	0.386808
1.315	0.387821
1.318	0.387821
1.321	0.387821
1.324	0.388496
1.327	0.388834
1.33	0.389846
1.333	0.390184
1.336	0.390859
1.339	0.390859
1.342	0.390859
1.345	0.391871
1.348	0.392209
1.351	0.392884
1.354	0.393559
1.357	0.393897
1.36	0.394909
1.363	0.394909
1.366	0.394909
1.369	0.394909
1.372	0.394909
1.375	0.395922
1.378	0.395922
1.381	0.395922
1.384	0.395922
1.387	0.395922
1.39	0.396934
1.393	0.396934
1.396	0.396934
1.399	0.396934
1.402	0.396934
1.405	0.398959
1.408	0.398959
1.411	0.398959
1.414	0.399635
1.417	0.399972
1.42	0.400985
1.423	0.401322
1.426	0.401997
1.429	0.402672
1.432	0.403010
1.435	0.404022
1.438	0.404022
1.441	0.404022
1.444	0.404022
1.447	0.404022
1.45	0.405035
1.453	0.405035
1.456	0.405035
1.459	0.405035
1.462	0.405035
1.465	0.406048
1.468	0.406048
1.471	0.406048
1.474	0.406048
1.477	0.406048
1.48	0.407060
1.483	0.407398
1.486	0.408073
1.489	0.408073
1.492	0.408073
1.495	0.408073
1.498	0.408073
1.501	0.408073
1.504	0.408073
1.507	0.408073
1.51	0.409085
1.513	0.409423
1.516	0.410098
1.519	0.410773
1.522	0.411110
1.525	0.411110
1.528	0.411110
1.531	0.411110
1.534	0.411786
1.537	0.412123
1.54	0.412123
1.543	0.412123
1.546	0.412123
1.549	0.412798
1.552	0.413136
1.555	0.413136
1.558	0.413136
1.561	0.413136
1.564	0.413136
1.567	0.413136
1.57	0.413136
1.573	0.413136
1.576	0.413136
1.579	0.413136
1.582	0.413136
1.585	0.413136
1.588	0.413136
1.591	0.413136
1.594	0.413136
1.597	0.413136
1.6	0.413136
1.603	0.413473
1.606	0.414148
1.609	0.414148
1.612	0.414148
1.615	0.414148
1.618	0.414148
1.621	0.414148
1.624	0.414148
1.627	0.414148
1.63	0.414148
1.633	0.414148
1.636	0.414148
1.639	0.414148
1.642	0.414148
1.645	0.414148
1.648	0.414486
1.651	0.415161
1.654	0.415161
1.657	0.415161
1.66	0.415161
1.663	0.415161
1.666	0.415161
1.669	0.415161
1.672	0.415161
1.675	0.415161
1.678	0.415161
1.681	0.415161
1.684	0.415161
1.687	0.415161
1.69	0.415161
1.693	0.415161
1.696	0.415161
1.699	0.415161
1.702	0.415161
1.705	0.415161
1.708	0.415161
1.711	0.415161
1.714	0.415161
1.717	0.415161
1.72	0.416173
1.723	0.416173
1.726	0.416173
1.729	0.416173
1.732	0.416173
1.735	0.416173
1.738	0.416173
1.741	0.416173
1.744	0.416173
1.747	0.416173
1.75	0.416173
1.753	0.416173
1.756	0.416173
1.759	0.416173
1.762	0.416173
1.765	0.416173
1.768	0.416173
1.771	0.416173
1.774	0.416848
1.777	0.417186
1.78	0.417186
1.783	0.417186
1.786	0.417186
1.789	0.417186
1.792	0.417186
1.795	0.417186
1.798	0.417186
1.801	0.417186
1.804	0.417186
1.807	0.417186
1.81	0.418199
1.813	0.418199
1.816	0.418199
1.819	0.418874
1.822	0.419211
1.825	0.419211
1.828	0.419549
1.831	0.420224
1.834	0.420224
1.837	0.420224
1.84	0.420224
1.843	0.420224
1.846	0.420224
1.849	0.420224
1.852	0.420224
1.855	0.420224
1.858	0.420224
1.861	0.420224
1.864	0.420224
1.867	0.420224
1.87	0.421236
1.873	0.421236
1.876	0.421236
1.879	0.421236
1.882	0.421236
1.885	0.421236
1.888	0.421236
1.891	0.421236
1.894	0.421236
1.897	0.421236
1.9	0.422249
1.903	0.422249
1.906	0.422249
1.909	0.422249
1.912	0.422249
1.915	0.422249
1.918	0.422249
1.921	0.422249
1.924	0.422249
1.927	0.422249
1.93	0.423262
1.933	0.423262
1.936	0.423262
1.939	0.423262
1.942	0.423262
1.945	0.424274
1.948	0.424274
1.951	0.424274
1.954	0.424274
1.957	0.424274
1.96	0.424274
1.963	0.424274
1.966	0.424274
1.969	0.424949
1.972	0.425287
1.975	0.425287
1.978	0.425287
1.981	0.425287
1.984	0.425287
1.987	0.425287
1.99	0.425287
1.993	0.425287
1.996	0.425287
1.999	0.425962
2.002	0.426299
2.005	0.427312
2.008	0.427649
2.011	0.428324
2.014	0.428324
2.017	0.428324
2.02	0.428324
2.023	0.428662
2.026	0.429337
2.029	0.429337
2.032	0.429337
2.035	0.430350
2.038	0.430350
2.041	0.430350
2.044	0.430350
2.047	0.430350
2.05	0.430350
2.053	0.430350
2.056	0.430350
2.059	0.431025
2.062	0.431362
2.065	0.431362
2.068	0.431700
2.071	0.432375
2.074	0.433050
2.077	0.433387
2.08	0.433387
2.083	0.433387
2.086	0.433387
2.089	0.433387
2.092	0.433387
2.095	0.433387
2.098	0.433725
2.101	0.434400
2.104	0.434400
2.107	0.434400
2.11	0.436425
2.113	0.436425
2.116	0.436425
2.119	0.436425
2.122	0.436425
2.125	0.437438
2.128	0.437775
2.131	0.438450
2.134	0.438450
2.137	0.438450
2.14	0.439463
2.143	0.439463
2.146	0.439463
2.149	0.440138
2.152	0.440476
2.155	0.440476
2.158	0.440813
2.161	0.441488
2.164	0.441488
2.167	0.441488
2.17	0.441488
2.173	0.441826
2.176	0.442501
2.179	0.442501
2.182	0.442501
2.185	0.443513
2.188	0.443851
2.191	0.444526
2.194	0.444526
2.197	0.444526
2.2	0.445538
2.203	0.445538
2.206	0.445538
2.209	0.446214
2.212	0.446551
2.215	0.447564
2.218	0.447564
2.221	0.447564
2.224	0.448239
2.227	0.448576
2.23	0.448576
2.233	0.448914
2.236	0.449589
2.239	0.449589
2.242	0.449589
2.245	0.450601
2.248	0.450601
2.251	0.450601
2.254	0.450601
2.257	0.450601
2.26	0.451614
2.263	0.451614
2.266	0.451614
2.269	0.452289
2.272	0.452627
2.275	0.453639
2.278	0.453977
2.281	0.454652
2.284	0.455327
2.287	0.455664
2.29	0.455664
2.293	0.456002
2.296	0.456677
2.299	0.456677
2.302	0.456677
2.305	0.458702
2.308	0.458702
2.311	0.458702
2.314	0.458702
2.317	0.458702
2.32	0.458702
2.323	0.459040
2.326	0.459715
2.329	0.459715
2.332	0.459715
2.335	0.460727
2.338	0.461065
2.341	0.461740
2.344	0.461740
2.347	0.461740
2.35	0.462752
2.353	0.463090
2.356	0.463765
2.359	0.464440
2.362	0.464778
2.365	0.464778
2.368	0.465115
2.371	0.465790
2.374	0.466465
2.377	0.466803
2.38	0.466803
2.383	0.466803
2.386	0.466803
2.389	0.467478
2.392	0.467815
2.395	0.467815
2.398	0.467815
2.401	0.467815
2.404	0.468490
2.407	0.468828
2.41	0.468828
2.413	0.469166
2.416	0.469841
2.419	0.470516
2.422	0.470853
2.425	0.471866
2.428	0.472203
2.431	0.472878
2.434	0.473553
2.437	0.473891
2.44	0.473891
2.443	0.474228
2.446	0.474904
2.449	0.475579
2.452	0.475916
2.455	0.475916
2.458	0.475916
2.461	0.475916
2.464	0.476591
2.467	0.476929
2.47	0.476929
2.473	0.476929
2.476	0.476929
2.479	0.477604
2.482	0.477941
2.485	0.477941
2.488	0.477941
2.491	0.477941
2.494	0.477941
2.497	0.477941
2.5	0.476929
2.503	0.476254
2.506	0.474904
2.509	0.474228
2.512	0.473891
2.515	0.472878
