Brown University Keck/NASA Relab Spectrum LS-JBA-158-M/CLS192
Wavelength(micron)	Reflectance
0.351	0.077000
0.354	0.079000
0.357	0.079333
0.36	0.080000
0.363	0.080667
0.366	0.081000
0.369	0.083000
0.372	0.083333
0.375	0.084000
0.378	0.084667
0.381	0.085000
0.384	0.086000
0.387	0.086333
0.39	0.087000
0.393	0.088333
0.396	0.089000
0.399	0.091000
0.402	0.091667
0.405	0.093000
0.408	0.093667
0.411	0.094000
0.414	0.094000
0.417	0.094667
0.42	0.096000
0.423	0.097333
0.426	0.098000
0.429	0.100000
0.432	0.100333
0.435	0.101000
0.438	0.102333
0.441	0.103000
0.444	0.104000
0.447	0.104333
0.45	0.105000
0.453	0.106333
0.456	0.107000
0.459	0.109000
0.462	0.109333
0.465	0.110000
0.468	0.110667
0.471	0.111000
0.474	0.112000
0.477	0.112333
0.48	0.113000
0.483	0.113667
0.486	0.114000
0.489	0.115000
0.492	0.115667
0.495	0.117000
0.498	0.118333
0.501	0.119000
0.504	0.120000
0.507	0.120333
0.51	0.121000
0.513	0.121667
0.517	0.122000
0.52	0.122000
0.523	0.122333
0.526	0.123000
0.529	0.124333
0.532	0.125000
0.535	0.127000
0.538	0.127333
0.541	0.128000
0.544	0.129333
0.547	0.130000
0.55	0.130000
0.553	0.130667
0.556	0.132000
0.559	0.132667
0.562	0.133000
0.565	0.134000
0.568	0.134000
0.571	0.134000
0.574	0.134667
0.577	0.135000
0.58	0.136000
0.583	0.137000
0.586	0.139000
0.589	0.139000
0.593	0.139000
0.596	0.141000
0.599	0.141000
0.602	0.141000
0.605	0.141667
0.608	0.142000
0.611	0.142600
0.614	0.142944
0.617	0.143633
0.62	0.144322
0.623	0.144667
0.626	0.145700
0.629	0.146044
0.632	0.146733
0.636	0.146733
0.639	0.146733
0.642	0.148800
0.645	0.149144
0.648	0.149833
0.651	0.150522
0.654	0.150867
0.657	0.152933
0.66	0.153278
0.664	0.153967
0.667	0.153967
0.67	0.153967
0.673	0.156033
0.676	0.156378
0.679	0.157067
0.683	0.158444
0.686	0.159133
0.689	0.159133
0.692	0.159133
0.695	0.159133
0.698	0.159822
0.702	0.160167
0.705	0.161200
0.708	0.161544
0.711	0.162233
0.714	0.163611
0.718	0.164300
0.721	0.165333
0.724	0.165333
0.727	0.165333
0.73	0.166022
0.734	0.166367
0.737	0.167400
0.74	0.167744
0.743	0.168433
0.746	0.169122
0.75	0.169467
0.753	0.170500
0.756	0.170500
0.759	0.170500
0.762	0.171189
0.766	0.171533
0.769	0.171533
0.772	0.172222
0.775	0.173600
0.778	0.174289
0.781	0.174633
0.785	0.174633
0.788	0.174633
0.791	0.174633
0.794	0.174633
0.797	0.174633
0.8	0.174633
0.803	0.174978
0.807	0.175667
0.81	0.175667
0.813	0.175667
0.816	0.176700
0.819	0.176700
0.822	0.176700
0.825	0.176700
0.828	0.176700
0.831	0.177733
0.834	0.177733
0.838	0.177733
0.841	0.177733
0.844	0.177733
0.847	0.177733
0.85	0.178078
0.853	0.178767
0.856	0.179456
0.859	0.179800
0.862	0.179800
0.865	0.179800
0.868	0.179800
0.871	0.180489
0.874	0.180833
0.877	0.180833
0.88	0.181178
0.883	0.181867
0.887	0.182556
0.89	0.182900
0.893	0.183933
0.896	0.183933
0.899	0.183933
0.902	0.184622
0.905	0.184967
0.908	0.186000
0.911	0.186000
0.914	0.186000
0.917	0.186689
0.92	0.187033
0.923	0.188067
0.926	0.188411
0.929	0.189100
0.932	0.189100
0.935	0.189100
0.938	0.189100
0.941	0.189444
0.944	0.190133
0.947	0.190822
0.95	0.191167
0.953	0.192200
0.956	0.192544
0.959	0.193233
0.962	0.193922
0.965	0.194267
0.968	0.194267
0.971	0.194611
0.974	0.195300
0.978	0.195989
0.981	0.196333
0.984	0.197367
0.987	0.197367
0.99	0.197367
0.993	0.198744
0.996	0.199433
0.999	0.200467
1.002	0.200811
1.005	0.201500
1.008	0.201500
1.011	0.201500
1.014	0.202533
1.017	0.202533
1.02	0.202533
1.023	0.203222
1.026	0.203567
1.029	0.204600
1.032	0.204944
1.035	0.205633
1.038	0.205633
1.041	0.205633
1.044	0.206667
1.047	0.207011
1.05	0.207700
1.053	0.208389
1.056	0.208733
1.059	0.209767
1.062	0.210111
1.065	0.210800
1.068	0.211489
1.071	0.211833
1.074	0.211833
1.077	0.212178
1.08	0.212867
1.083	0.213556
1.086	0.213900
1.089	0.213900
1.092	0.213900
1.095	0.213900
1.098	0.214589
1.101	0.214933
1.104	0.214933
1.107	0.215622
1.11	0.217000
1.113	0.217689
1.116	0.218033
1.119	0.218033
1.122	0.218722
1.125	0.220100
1.128	0.220789
1.131	0.221133
1.134	0.221133
1.137	0.221478
1.14	0.222167
1.143	0.222856
1.146	0.223200
1.149	0.223200
1.152	0.223544
1.155	0.224233
1.158	0.224922
1.161	0.225267
1.164	0.226300
1.167	0.226644
1.17	0.227333
1.173	0.228022
1.176	0.228367
1.179	0.229400
1.182	0.229744
1.185	0.230433
1.188	0.230433
1.191	0.230433
1.194	0.231467
1.197	0.231467
1.2	0.231467
1.203	0.232156
1.206	0.232500
1.209	0.232500
1.212	0.232500
1.215	0.232500
1.218	0.233878
1.221	0.234567
1.224	0.235600
1.227	0.235944
1.23	0.236633
1.233	0.237322
1.236	0.237667
1.239	0.237667
1.242	0.238011
1.245	0.238700
1.248	0.238700
1.251	0.238700
1.254	0.239733
1.257	0.240078
1.26	0.240767
1.263	0.240767
1.266	0.240767
1.269	0.241800
1.272	0.241800
1.276	0.241800
1.279	0.243178
1.282	0.243867
1.285	0.243867
1.288	0.244211
1.291	0.244900
1.294	0.245589
1.297	0.245933
1.3	0.245933
1.303	0.246278
1.306	0.246967
1.309	0.248344
1.312	0.249033
1.315	0.249033
1.318	0.249378
1.321	0.250067
1.324	0.250067
1.327	0.250067
1.33	0.251100
1.333	0.251100
1.336	0.251100
1.339	0.251789
1.342	0.252133
1.345	0.253167
1.348	0.253856
1.351	0.255233
1.354	0.255233
1.357	0.255233
1.36	0.255233
1.363	0.255233
1.366	0.255233
1.369	0.255233
1.372	0.255233
1.375	0.256267
1.378	0.256611
1.381	0.257300
1.384	0.258678
1.387	0.259367
1.39	0.259367
1.393	0.259367
1.396	0.259367
1.399	0.259367
1.402	0.259367
1.405	0.260400
1.408	0.260744
1.411	0.261433
1.414	0.262122
1.417	0.262467
1.42	0.263500
1.423	0.263500
1.426	0.263500
1.429	0.264189
1.432	0.264533
1.435	0.265567
1.438	0.265911
1.441	0.266600
1.444	0.266600
1.447	0.266600
1.45	0.267633
1.453	0.267633
1.456	0.267633
1.459	0.268322
1.462	0.268667
1.465	0.269700
1.468	0.269700
1.471	0.269700
1.474	0.270389
1.477	0.270733
1.48	0.271767
1.483	0.271767
1.486	0.271767
1.489	0.271767
1.492	0.271767
1.495	0.272800
1.498	0.272800
1.501	0.272800
1.504	0.273489
1.507	0.273833
1.51	0.274867
1.513	0.274867
1.516	0.274867
1.519	0.275556
1.522	0.275900
1.525	0.276933
1.528	0.276933
1.531	0.276933
1.534	0.277622
1.537	0.277967
1.54	0.277967
1.543	0.278311
1.546	0.279000
1.549	0.279000
1.552	0.279000
1.555	0.280033
1.558	0.280378
1.561	0.281067
1.564	0.281067
1.567	0.281067
1.57	0.281067
1.573	0.281756
1.576	0.283133
1.579	0.283133
1.582	0.283133
1.585	0.282100
1.588	0.282100
1.591	0.282100
1.594	0.282789
1.597	0.283133
1.6	0.284167
1.603	0.284167
1.606	0.284167
1.609	0.284856
1.612	0.285200
1.615	0.286233
1.618	0.286233
1.621	0.286233
1.624	0.286922
1.627	0.287267
1.63	0.287267
1.633	0.287611
1.636	0.288300
1.639	0.288300
1.642	0.288300
1.645	0.289333
1.648	0.289333
1.651	0.289333
1.654	0.289333
1.657	0.289333
1.66	0.290367
1.663	0.290367
1.666	0.290367
1.669	0.290367
1.672	0.290367
1.675	0.290367
1.678	0.290711
1.681	0.291400
1.684	0.292089
1.687	0.292433
1.69	0.292433
1.693	0.292433
1.696	0.292433
1.699	0.293122
1.702	0.293467
1.705	0.293467
1.708	0.293467
1.711	0.293467
1.714	0.294156
1.717	0.294500
1.72	0.294500
1.723	0.294844
1.726	0.295533
1.729	0.296222
1.732	0.296567
1.735	0.296567
1.738	0.296567
1.741	0.296567
1.744	0.297256
1.747	0.297600
1.75	0.297600
1.753	0.297944
1.756	0.298633
1.759	0.298633
1.762	0.298633
1.765	0.298633
1.768	0.298978
1.771	0.299667
1.774	0.299667
1.777	0.299667
1.78	0.299667
1.783	0.300011
1.786	0.300700
1.789	0.301389
1.792	0.301733
1.795	0.301733
1.798	0.301733
1.801	0.301733
1.804	0.301733
1.807	0.301733
1.81	0.302767
1.813	0.302767
1.816	0.302767
1.819	0.303456
1.822	0.303800
1.825	0.304833
1.828	0.304833
1.831	0.304833
1.834	0.305522
1.837	0.305867
1.84	0.306900
1.843	0.306900
1.846	0.306900
1.849	0.307589
1.852	0.307933
1.855	0.307933
1.858	0.307933
1.861	0.307933
1.864	0.307933
1.867	0.307933
1.87	0.307933
1.873	0.308278
1.876	0.308967
1.879	0.309656
1.882	0.310000
1.885	0.311033
1.888	0.311033
1.891	0.311033
1.894	0.311033
1.897	0.311033
1.9	0.312067
1.903	0.312067
1.906	0.312067
1.909	0.312756
1.912	0.313100
1.915	0.314133
1.918	0.314133
1.921	0.314133
1.924	0.314822
1.927	0.315167
1.93	0.315167
1.933	0.315511
1.936	0.316200
1.939	0.316200
1.942	0.316200
1.945	0.316200
1.948	0.316544
1.951	0.317233
1.954	0.317233
1.957	0.317233
1.96	0.318267
1.963	0.318267
1.966	0.318267
1.969	0.318267
1.972	0.318267
1.975	0.319300
1.978	0.319300
1.981	0.319300
1.984	0.319300
1.987	0.319300
1.99	0.320333
1.993	0.320333
1.996	0.320333
1.999	0.320333
2.002	0.320333
2.005	0.321367
2.008	0.321711
2.011	0.322400
2.014	0.323089
2.017	0.323433
2.02	0.323433
2.023	0.323433
2.026	0.323433
2.029	0.324122
2.032	0.324467
2.035	0.324467
2.038	0.324811
2.041	0.325500
2.044	0.325500
2.047	0.325500
2.05	0.325500
2.053	0.325844
2.056	0.326533
2.059	0.326533
2.062	0.326533
2.065	0.327567
2.068	0.327911
2.071	0.328600
2.074	0.328600
2.077	0.328600
2.08	0.328600
2.083	0.328944
2.086	0.329633
2.089	0.329633
2.092	0.329633
2.095	0.329633
2.098	0.330322
2.101	0.331700
2.104	0.331700
2.107	0.331700
2.11	0.332733
2.113	0.332733
2.116	0.332733
2.119	0.333422
2.122	0.333767
2.125	0.333767
2.128	0.334111
2.131	0.334800
2.134	0.334800
2.137	0.334800
2.14	0.334800
2.143	0.335144
2.146	0.335833
2.149	0.336522
2.152	0.336867
2.155	0.336867
2.158	0.336867
2.161	0.336867
2.164	0.336867
2.167	0.336867
2.17	0.337900
2.173	0.337900
2.176	0.337900
2.179	0.338589
2.182	0.338933
2.185	0.341000
2.188	0.341000
2.191	0.341000
2.194	0.341689
2.197	0.342033
2.2	0.342033
2.203	0.342378
2.206	0.343067
2.209	0.343067
2.212	0.343067
2.215	0.343067
2.218	0.343411
2.221	0.344100
2.224	0.344789
2.227	0.345133
2.23	0.345133
2.233	0.345478
2.236	0.346167
2.239	0.346167
2.242	0.346167
2.245	0.346167
2.248	0.346511
2.251	0.347200
2.254	0.347200
2.257	0.347200
2.26	0.349267
2.263	0.349267
2.266	0.349267
2.269	0.349267
2.272	0.349267
2.275	0.350300
2.278	0.350644
2.281	0.351333
2.284	0.352022
2.287	0.352367
2.29	0.352367
2.293	0.352711
2.296	0.353400
2.299	0.353400
2.302	0.353400
2.305	0.354433
2.308	0.354778
2.311	0.355467
2.314	0.355467
2.317	0.355467
2.32	0.355467
2.323	0.355811
2.326	0.356500
2.329	0.356500
2.332	0.356500
2.335	0.357533
2.338	0.357878
2.341	0.358567
2.344	0.358567
2.347	0.358567
2.35	0.359600
2.353	0.359944
2.356	0.360633
2.359	0.360633
2.362	0.360633
2.365	0.361667
2.368	0.361667
2.371	0.361667
2.374	0.362356
2.377	0.362700
2.38	0.363733
2.383	0.363733
2.386	0.363733
2.389	0.363733
2.392	0.363733
2.395	0.364767
2.398	0.364767
2.401	0.364767
2.404	0.364767
2.407	0.364767
2.41	0.365800
2.413	0.365800
2.416	0.365800
2.419	0.366489
2.422	0.366833
2.425	0.366833
2.428	0.367178
2.431	0.367867
2.434	0.368556
2.437	0.368900
2.44	0.369933
2.443	0.369933
2.446	0.369933
2.449	0.370622
2.452	0.370967
2.455	0.370967
2.458	0.370967
2.461	0.370967
2.464	0.371656
2.467	0.372000
2.47	0.373033
2.473	0.373033
2.476	0.373033
2.479	0.373033
2.482	0.373033
2.485	0.374067
2.488	0.374067
2.491	0.374067
2.494	0.374067
2.497	0.374067
2.5	0.375100
2.503	0.375444
2.506	0.376133
2.509	0.376822
2.512	0.377167
2.515	0.377167
