Brown University Keck/NASA Relab Spectrum LS-JBA-158-N/CLS189
Wavelength(micron)	Reflectance
0.351	0.148000
0.354	0.152000
0.357	0.153000
0.36	0.155000
0.363	0.156333
0.366	0.157000
0.369	0.160000
0.372	0.161000
0.375	0.163000
0.378	0.165000
0.381	0.166000
0.384	0.168000
0.387	0.168667
0.39	0.170000
0.393	0.171333
0.396	0.172000
0.399	0.175000
0.402	0.175667
0.405	0.177000
0.408	0.178333
0.411	0.179000
0.414	0.181000
0.417	0.182000
0.42	0.184000
0.423	0.185333
0.426	0.186000
0.429	0.189000
0.432	0.190333
0.435	0.193000
0.438	0.194333
0.441	0.195000
0.444	0.197000
0.447	0.198333
0.45	0.201000
0.453	0.202333
0.456	0.203000
0.459	0.204000
0.462	0.204667
0.465	0.206000
0.468	0.206667
0.471	0.207000
0.474	0.211000
0.477	0.211333
0.48	0.212000
0.483	0.213333
0.486	0.214000
0.489	0.216000
0.492	0.216667
0.495	0.218000
0.498	0.219333
0.501	0.220000
0.504	0.222000
0.507	0.222333
0.51	0.223000
0.513	0.224333
0.517	0.225000
0.52	0.227000
0.523	0.228000
0.526	0.230000
0.529	0.231333
0.532	0.232000
0.535	0.233000
0.538	0.234000
0.541	0.236000
0.544	0.238000
0.547	0.239000
0.55	0.240000
0.553	0.240333
0.556	0.241000
0.559	0.243000
0.562	0.244000
0.565	0.245000
0.568	0.245667
0.571	0.247000
0.574	0.247667
0.577	0.248000
0.58	0.250000
0.583	0.250667
0.586	0.252000
0.589	0.253333
0.593	0.254000
0.596	0.256000
0.599	0.256667
0.602	0.258000
0.605	0.258667
0.608	0.259000
0.611	0.260000
0.614	0.260682
0.617	0.262047
0.62	0.263412
0.623	0.264094
0.626	0.266142
0.629	0.266483
0.632	0.267165
0.636	0.268530
0.639	0.269213
0.642	0.271260
0.645	0.271601
0.648	0.272283
0.651	0.272966
0.654	0.273307
0.657	0.276378
0.66	0.277060
0.664	0.278425
0.667	0.278425
0.67	0.278425
0.673	0.280472
0.676	0.281155
0.679	0.282520
0.683	0.283884
0.686	0.284567
0.689	0.285591
0.692	0.285932
0.695	0.286614
0.698	0.287297
0.702	0.287638
0.705	0.289685
0.708	0.290026
0.711	0.290709
0.714	0.292073
0.718	0.292756
0.721	0.293779
0.724	0.294462
0.727	0.295827
0.73	0.295827
0.734	0.295827
0.737	0.296850
0.74	0.297192
0.743	0.297874
0.746	0.299239
0.75	0.299921
0.753	0.300945
0.756	0.301286
0.759	0.301968
0.762	0.303333
0.766	0.304016
0.769	0.304016
0.772	0.304357
0.775	0.305039
0.778	0.305039
0.781	0.305039
0.785	0.306063
0.788	0.306404
0.791	0.307087
0.794	0.307087
0.797	0.307087
0.8	0.308110
0.803	0.308110
0.807	0.308110
0.81	0.308110
0.813	0.308110
0.816	0.309134
0.819	0.309475
0.822	0.310157
0.825	0.310157
0.828	0.310157
0.831	0.311181
0.834	0.311181
0.838	0.311181
0.841	0.311181
0.844	0.311181
0.847	0.312205
0.85	0.312205
0.853	0.312205
0.856	0.312887
0.859	0.313228
0.862	0.313228
0.865	0.313228
0.868	0.313228
0.871	0.313911
0.874	0.314252
0.877	0.314252
0.88	0.314252
0.883	0.314252
0.887	0.314252
0.89	0.314252
0.893	0.315276
0.896	0.315617
0.899	0.316299
0.902	0.316299
0.905	0.316299
0.908	0.318346
0.911	0.318688
0.914	0.319370
0.917	0.320052
0.92	0.320394
0.923	0.321417
0.926	0.321758
0.929	0.322441
0.932	0.323123
0.935	0.323465
0.938	0.323465
0.941	0.323806
0.944	0.324488
0.947	0.325171
0.95	0.325512
0.953	0.325512
0.956	0.326194
0.959	0.327559
0.962	0.328924
0.965	0.329606
0.968	0.330630
0.971	0.330630
0.974	0.330630
0.978	0.331995
0.981	0.332677
0.984	0.333701
0.987	0.333701
0.99	0.333701
0.993	0.335066
0.996	0.335748
0.999	0.336772
1.002	0.337454
1.005	0.338819
1.008	0.339501
1.011	0.339842
1.014	0.340866
1.017	0.341207
1.02	0.341890
1.023	0.342572
1.026	0.342913
1.029	0.342913
1.032	0.343596
1.035	0.344961
1.038	0.345643
1.041	0.345984
1.044	0.348031
1.047	0.348373
1.05	0.349055
1.053	0.350420
1.056	0.351102
1.059	0.351102
1.062	0.351444
1.065	0.352126
1.068	0.352808
1.071	0.353150
1.074	0.354173
1.077	0.354856
1.08	0.356220
1.083	0.356903
1.086	0.357244
1.089	0.357244
1.092	0.357585
1.095	0.358268
1.098	0.358950
1.101	0.359291
1.104	0.360315
1.107	0.360315
1.11	0.360315
1.113	0.360997
1.116	0.361339
1.119	0.363386
1.122	0.363727
1.125	0.364409
1.128	0.365774
1.131	0.366457
1.134	0.366457
1.137	0.367139
1.14	0.368504
1.143	0.368504
1.146	0.368504
1.149	0.369528
1.152	0.369869
1.155	0.370551
1.158	0.371234
1.161	0.371575
1.164	0.372598
1.167	0.373281
1.17	0.374646
1.173	0.374646
1.176	0.374646
1.179	0.375669
1.182	0.376010
1.185	0.376693
1.188	0.377375
1.191	0.377716
1.194	0.378740
1.197	0.378740
1.2	0.378740
1.203	0.379423
1.206	0.379764
1.209	0.380787
1.212	0.381129
1.215	0.381811
1.218	0.382493
1.221	0.382835
1.224	0.384882
1.227	0.384882
1.23	0.384882
1.233	0.384882
1.236	0.384882
1.239	0.386929
1.242	0.386929
1.245	0.386929
1.248	0.387612
1.251	0.387953
1.254	0.388976
1.257	0.389318
1.26	0.390000
1.263	0.390682
1.266	0.391024
1.269	0.391024
1.272	0.391365
1.276	0.392047
1.279	0.392047
1.282	0.392047
1.285	0.394094
1.288	0.394094
1.291	0.394094
1.294	0.394777
1.297	0.395118
1.3	0.396142
1.303	0.396483
1.306	0.397165
1.309	0.397848
1.312	0.398189
1.315	0.399213
1.318	0.399554
1.321	0.400236
1.324	0.400919
1.327	0.401260
1.33	0.401260
1.333	0.401601
1.336	0.402283
1.339	0.402966
1.342	0.403307
1.345	0.404331
1.348	0.405354
1.351	0.407402
1.354	0.407402
1.357	0.407402
1.36	0.407402
1.363	0.407402
1.366	0.407402
1.369	0.408084
1.372	0.408425
1.375	0.409449
1.378	0.409449
1.381	0.409449
1.384	0.409449
1.387	0.409449
1.39	0.410472
1.393	0.410472
1.396	0.410472
1.399	0.411837
1.402	0.412520
1.405	0.413543
1.408	0.414226
1.411	0.415590
1.414	0.416273
1.417	0.416614
1.42	0.416614
1.423	0.416955
1.426	0.417638
1.429	0.418320
1.432	0.418661
1.435	0.418661
1.438	0.419344
1.441	0.420709
1.444	0.420709
1.447	0.420709
1.45	0.421732
1.453	0.422073
1.456	0.422756
1.459	0.423438
1.462	0.423779
1.465	0.424803
1.468	0.425144
1.471	0.425827
1.474	0.425827
1.477	0.425827
1.48	0.426850
1.483	0.426850
1.486	0.426850
1.489	0.427533
1.492	0.427874
1.495	0.427874
1.498	0.428215
1.501	0.428898
1.504	0.428898
1.507	0.428898
1.51	0.429921
1.513	0.429921
1.516	0.429921
1.519	0.430604
1.522	0.430945
1.525	0.430945
1.528	0.431286
1.531	0.431968
1.534	0.432651
1.537	0.432992
1.54	0.432992
1.543	0.432992
1.546	0.432992
1.549	0.433674
1.552	0.434016
1.555	0.435039
1.558	0.435381
1.561	0.436063
1.564	0.436063
1.567	0.436063
1.57	0.436063
1.573	0.436404
1.576	0.437087
1.579	0.437769
1.582	0.438110
1.585	0.438110
1.588	0.438110
1.591	0.438110
1.594	0.438110
1.597	0.438110
1.6	0.438110
1.603	0.438451
1.606	0.439134
1.609	0.439816
1.612	0.440157
1.615	0.441181
1.618	0.441181
1.621	0.441181
1.624	0.441863
1.627	0.442205
1.63	0.443228
1.633	0.443228
1.636	0.443228
1.639	0.443228
1.642	0.443228
1.645	0.444252
1.648	0.444252
1.651	0.444252
1.654	0.444252
1.657	0.444252
1.66	0.444252
1.663	0.444593
1.666	0.445276
1.669	0.445276
1.672	0.445276
1.675	0.446299
1.678	0.446299
1.681	0.446299
1.684	0.446299
1.687	0.446299
1.69	0.446299
1.693	0.446640
1.696	0.447323
1.699	0.447323
1.702	0.447323
1.705	0.447323
1.708	0.447664
1.711	0.448346
1.714	0.448346
1.717	0.448346
1.72	0.448346
1.723	0.448688
1.726	0.449370
1.729	0.450052
1.732	0.450394
1.735	0.450394
1.738	0.450735
1.741	0.451417
1.744	0.451417
1.747	0.451417
1.75	0.451417
1.753	0.451758
1.756	0.452441
1.759	0.453123
1.762	0.453465
1.765	0.453465
1.768	0.453465
1.771	0.453465
1.774	0.453465
1.777	0.453465
1.78	0.453465
1.783	0.453806
1.786	0.454488
1.789	0.454488
1.792	0.454488
1.795	0.455512
1.798	0.455512
1.801	0.455512
1.804	0.455512
1.807	0.455512
1.81	0.455512
1.813	0.455853
1.816	0.456535
1.819	0.456535
1.822	0.456535
1.825	0.456535
1.828	0.456535
1.831	0.456535
1.834	0.457218
1.837	0.457559
1.84	0.458583
1.843	0.458583
1.846	0.458583
1.849	0.459265
1.852	0.459606
1.855	0.459606
1.858	0.459947
1.861	0.460630
1.864	0.461312
1.867	0.461654
1.87	0.461654
1.873	0.461654
1.876	0.461654
1.879	0.462336
1.882	0.462677
1.885	0.462677
1.888	0.463018
1.891	0.463701
1.894	0.463701
1.897	0.463701
1.9	0.464724
1.903	0.464724
1.906	0.464724
1.909	0.464724
1.912	0.464724
1.915	0.464724
1.918	0.465066
1.921	0.465748
1.924	0.466430
1.927	0.466772
1.93	0.466772
1.933	0.466772
1.936	0.466772
1.939	0.467454
1.942	0.467795
1.945	0.468819
1.948	0.468819
1.951	0.468819
1.954	0.469501
1.957	0.469842
1.96	0.470866
1.963	0.470866
1.966	0.470866
1.969	0.471548
1.972	0.471890
1.975	0.471890
1.978	0.471890
1.981	0.471890
1.984	0.472572
1.987	0.472913
1.99	0.472913
1.993	0.473255
1.996	0.473937
1.999	0.473937
2.002	0.473937
2.005	0.473937
2.008	0.473937
2.011	0.473937
2.014	0.473937
2.017	0.473937
2.02	0.474961
2.023	0.475302
2.026	0.475984
2.029	0.475984
2.032	0.475984
2.035	0.477008
2.038	0.477349
2.041	0.478031
2.044	0.478031
2.047	0.478031
2.05	0.479055
2.053	0.479055
2.056	0.479055
2.059	0.479737
2.062	0.480079
2.065	0.481102
2.068	0.481444
2.071	0.482126
2.074	0.482126
2.077	0.482126
2.08	0.482126
2.083	0.482126
2.086	0.482126
2.089	0.482808
2.092	0.483150
2.095	0.484173
2.098	0.484514
2.101	0.485197
2.104	0.485197
2.107	0.485197
2.11	0.486220
2.113	0.486562
2.116	0.487244
2.119	0.487244
2.122	0.487244
2.125	0.487244
2.128	0.487244
2.131	0.487244
2.134	0.487926
2.137	0.488268
2.14	0.489291
2.143	0.489291
2.146	0.489291
2.149	0.489974
2.152	0.490315
2.155	0.491339
2.158	0.491339
2.161	0.491339
2.164	0.492021
2.167	0.492362
2.17	0.492362
2.173	0.492703
2.176	0.493386
2.179	0.494068
2.182	0.494409
2.185	0.494409
2.188	0.494751
2.191	0.495433
2.194	0.495433
2.197	0.495433
2.2	0.495433
2.203	0.495774
2.206	0.496457
2.209	0.497139
2.212	0.497480
2.215	0.498504
2.218	0.498504
2.221	0.498504
2.224	0.499186
2.227	0.499528
2.23	0.500551
2.233	0.500892
2.236	0.501575
2.239	0.501575
2.242	0.501575
2.245	0.502598
2.248	0.502940
2.251	0.503622
2.254	0.504304
2.257	0.504646
2.26	0.504646
2.263	0.504987
2.266	0.505669
2.269	0.506352
2.272	0.506693
2.275	0.507716
2.278	0.507716
2.281	0.507716
2.284	0.508399
2.287	0.508740
2.29	0.509764
2.293	0.510105
2.296	0.510787
2.299	0.512152
2.302	0.512835
2.305	0.512835
2.308	0.512835
2.311	0.512835
2.314	0.512835
2.317	0.512835
2.32	0.513858
2.323	0.514199
2.326	0.514882
2.329	0.515564
2.332	0.515905
2.335	0.515905
2.338	0.516247
2.341	0.516929
2.344	0.517612
2.347	0.517953
2.35	0.518976
2.353	0.519318
2.356	0.520000
2.359	0.520000
2.362	0.520000
2.365	0.520000
2.368	0.520341
2.371	0.521024
2.374	0.521706
2.377	0.522047
2.38	0.522047
2.383	0.522047
2.386	0.522047
2.389	0.522047
2.392	0.522047
2.395	0.523071
2.398	0.523412
2.401	0.524094
2.404	0.524094
2.407	0.524094
2.41	0.525118
2.413	0.525118
2.416	0.525118
2.419	0.525800
2.422	0.526142
2.425	0.527165
2.428	0.527507
2.431	0.528189
2.434	0.528189
2.437	0.528189
2.44	0.529213
2.443	0.529213
2.446	0.529213
2.449	0.529895
2.452	0.530236
2.455	0.530236
2.458	0.530577
2.461	0.531260
2.464	0.531260
2.467	0.531260
2.47	0.531260
2.473	0.531942
2.476	0.533307
2.479	0.533307
2.482	0.533307
2.485	0.533307
2.488	0.533648
2.491	0.534331
2.494	0.535013
2.497	0.535354
2.5	0.536378
2.503	0.536719
2.506	0.537401
2.509	0.537401
2.512	0.537401
2.515	0.537401
