Brown University Keck/NASA Relab Spectrum LS-JBA-006-P3/CLS137
Wavelength(micron)	Reflectance
0.351	0.108267
0.354	0.109667
0.357	0.109933
0.36	0.110533
0.363	0.110567
0.366	0.109800
0.369	0.110100
0.372	0.110100
0.375	0.110033
0.378	0.110267
0.381	0.110267
0.384	0.109467
0.387	0.109367
0.39	0.110067
0.393	0.109433
0.396	0.109267
0.399	0.109233
0.402	0.109100
0.405	0.108800
0.408	0.109033
0.411	0.109133
0.414	0.110367
0.417	0.110467
0.42	0.110867
0.423	0.111333
0.426	0.110900
0.429	0.111533
0.432	0.112500
0.435	0.112267
0.438	0.111633
0.441	0.111133
0.444	0.111200
0.447	0.111667
0.45	0.112133
0.453	0.112433
0.456	0.112367
0.459	0.112600
0.462	0.113833
0.465	0.114667
0.468	0.115233
0.471	0.115233
0.474	0.114733
0.477	0.115467
0.48	0.115900
0.483	0.115367
0.486	0.115167
0.489	0.115467
0.492	0.115567
0.495	0.115633
0.498	0.115633
0.501	0.115767
0.504	0.115700
0.507	0.116300
0.51	0.116400
0.513	0.117833
0.517	0.118767
0.52	0.118067
0.523	0.118000
0.526	0.116933
0.529	0.116800
0.532	0.117967
0.535	0.117733
0.538	0.118000
0.541	0.118400
0.544	0.119100
0.547	0.119600
0.55	0.119533
0.553	0.119667
0.556	0.120700
0.559	0.120900
0.562	0.120867
0.565	0.120800
0.568	0.121300
0.571	0.121167
0.574	0.121300
0.577	0.121467
0.58	0.122267
0.583	0.122700
0.586	0.122733
0.589	0.123100
0.593	0.123433
0.596	0.123533
0.599	0.123767
0.602	0.124133
0.605	0.123633
0.608	0.124633
0.611	0.124733
0.614	0.123733
0.617	0.123633
0.62	0.122567
0.623	0.123733
0.626	0.124100
0.629	0.124233
0.632	0.124733
0.636	0.125967
0.639	0.126433
0.642	0.125433
0.645	0.125167
0.648	0.124967
0.651	0.125733
0.654	0.127000
0.657	0.125700
0.66	0.126867
0.664	0.127633
0.667	0.127600
0.67	0.129233
0.673	0.129000
0.676	0.126700
0.679	0.125100
0.683	0.124867
0.686	0.125867
0.689	0.127000
0.692	0.131167
0.695	0.131733
0.698	0.132933
0.702	0.131733
0.705	0.131133
0.708	0.132500
0.711	0.134767
0.714	0.136433
0.718	0.135200
0.721	0.134933
0.724	0.136033
0.727	0.133200
0.73	0.133400
0.734	0.136133
0.737	0.137400
0.74	0.137400
0.743	0.134500
0.746	0.134600
0.75	0.136567
0.753	0.138633
0.756	0.136600
0.759	0.133367
0.762	0.132367
0.766	0.133200
0.769	0.133533
0.772	0.132033
0.775	0.132400
0.778	0.132933
0.781	0.133567
0.785	0.132133
0.788	0.133533
0.791	0.134900
0.794	0.137200
0.797	0.138567
0.8	0.139967
0.803	0.140300
0.807	0.142500
0.81	0.140367
0.813	0.139400
0.816	0.139000
0.819	0.137433
0.822	0.138567
0.825	0.139400
0.828	0.140433
0.831	0.141900
0.834	0.141133
0.838	0.139600
0.841	0.139467
0.844	0.139867
0.847	0.141900
0.85	0.143233
0.853	0.143933
0.856	0.144267
0.859	0.142533
0.862	0.142033
0.865	0.138267
0.868	0.138133
0.871	0.140300
0.874	0.140800
0.877	0.139100
0.88	0.135600
0.883	0.138167
0.887	0.141167
0.89	0.142700
0.893	0.141233
0.896	0.140200
0.899	0.140267
0.902	0.141133
0.905	0.143467
0.908	0.142733
0.911	0.140467
0.914	0.141733
0.917	0.141800
0.92	0.142967
0.923	0.142200
0.926	0.140133
0.929	0.137800
0.932	0.137400
0.935	0.138867
0.938	0.138733
0.941	0.138967
0.944	0.140200
0.947	0.144700
0.95	0.141400
0.953	0.141767
0.956	0.145333
0.959	0.146100
0.962	0.146800
0.965	0.144233
0.968	0.142933
0.971	0.141233
0.974	0.144700
0.978	0.145800
0.981	0.144967
0.984	0.145400
0.987	0.143900
0.99	0.143133
0.993	0.144433
0.996	0.144000
0.999	0.142900
1.002	0.143900
1.005	0.144300
1.008	0.144600
1.011	0.146733
1.014	0.149267
1.017	0.151033
1.02	0.149933
1.023	0.148867
1.026	0.150767
1.029	0.149867
1.032	0.149833
1.035	0.150467
1.038	0.149967
1.041	0.149167
1.044	0.149233
1.047	0.149633
1.05	0.149900
1.053	0.150533
1.056	0.147267
1.059	0.145667
1.062	0.147767
1.065	0.149133
1.068	0.150567
1.071	0.151333
1.074	0.152167
1.077	0.152967
1.08	0.153067
1.083	0.153100
1.086	0.151767
1.089	0.152733
1.092	0.153167
1.095	0.153633
1.098	0.155600
1.101	0.157900
1.104	0.158067
1.107	0.156167
1.11	0.155633
1.113	0.157000
1.116	0.156933
1.119	0.157533
1.122	0.159133
1.125	0.160300
1.128	0.156233
1.131	0.155000
1.134	0.155000
1.137	0.155800
1.14	0.158367
1.143	0.159167
1.146	0.155333
1.149	0.153700
1.152	0.154367
1.155	0.155433
1.158	0.156400
1.161	0.157100
1.164	0.156633
1.167	0.156533
1.17	0.157467
1.173	0.161967
1.176	0.162433
1.179	0.158667
1.182	0.157533
1.185	0.158300
1.188	0.159233
1.191	0.160433
1.194	0.162800
1.197	0.161700
1.2	0.160500
1.203	0.159567
1.206	0.158133
1.209	0.159500
1.212	0.161833
1.215	0.162733
1.218	0.163100
1.221	0.162100
1.224	0.162200
1.227	0.160867
1.23	0.159267
1.233	0.161467
1.236	0.163300
1.239	0.163933
1.242	0.164000
1.245	0.165067
1.248	0.164900
1.251	0.165567
1.254	0.163633
1.257	0.163767
1.26	0.166367
1.263	0.164400
1.266	0.165833
1.269	0.165833
1.272	0.165767
1.276	0.165067
1.279	0.166667
1.282	0.166567
1.285	0.165500
1.288	0.163667
1.291	0.163667
1.294	0.166600
1.297	0.166333
1.3	0.169300
1.303	0.171233
1.306	0.170867
1.309	0.169400
1.312	0.168500
1.315	0.168867
1.318	0.170567
1.321	0.171333
1.324	0.169933
1.327	0.168067
1.33	0.167433
1.333	0.167933
1.336	0.170667
1.339	0.170300
1.342	0.171267
1.345	0.170000
1.348	0.169933
1.351	0.170067
1.354	0.169467
1.357	0.172033
1.36	0.173733
1.363	0.174367
1.366	0.173533
1.369	0.173733
1.372	0.173367
1.375	0.173767
1.378	0.173233
1.381	0.172967
1.384	0.175167
1.387	0.176967
1.39	0.177267
1.393	0.178500
1.396	0.176767
1.399	0.175933
1.402	0.174000
1.405	0.174100
1.408	0.175467
1.411	0.175633
1.414	0.175967
1.417	0.176100
1.42	0.174567
1.423	0.173800
1.426	0.172133
1.429	0.171100
1.432	0.173967
1.435	0.176433
1.438	0.176400
1.441	0.176933
1.444	0.176200
1.447	0.174567
1.45	0.174967
1.453	0.177333
1.456	0.177600
1.459	0.177300
1.462	0.178433
1.465	0.180533
1.468	0.180500
1.471	0.177033
1.474	0.175433
1.477	0.178633
1.48	0.180700
1.483	0.180000
1.486	0.179933
1.489	0.179367
1.492	0.179567
1.495	0.181133
1.498	0.180933
1.501	0.179967
1.504	0.181433
1.507	0.181333
1.51	0.179000
1.513	0.180600
1.516	0.183967
1.519	0.186167
1.522	0.184033
1.525	0.182533
1.528	0.181500
1.531	0.179900
1.534	0.181100
1.537	0.183067
1.54	0.182633
1.543	0.182867
1.546	0.183300
1.549	0.183533
1.552	0.183933
1.555	0.183900
1.558	0.183300
1.561	0.184900
1.564	0.185733
1.567	0.186733
1.57	0.185800
1.573	0.185300
1.576	0.185733
1.579	0.186400
1.582	0.185600
1.585	0.185800
1.588	0.186567
1.591	0.188233
1.594	0.188200
1.597	0.186500
1.6	0.186400
1.603	0.188300
1.606	0.188767
1.609	0.188700
1.612	0.187300
1.615	0.187333
1.618	0.187567
1.621	0.187733
1.624	0.187600
1.627	0.188033
1.63	0.188767
1.633	0.190600
1.636	0.188600
1.639	0.186600
1.642	0.188033
1.645	0.187967
1.648	0.186767
1.651	0.188700
1.654	0.189900
1.657	0.189267
1.66	0.191033
1.663	0.190767
1.666	0.190867
1.669	0.188667
1.672	0.186733
1.675	0.187033
1.678	0.190367
1.681	0.192533
1.684	0.191833
1.687	0.192133
1.69	0.190300
1.693	0.190800
1.696	0.190800
1.699	0.191133
1.702	0.192167
1.705	0.192067
1.708	0.192833
1.711	0.193300
1.714	0.191133
1.717	0.189900
1.72	0.189567
1.723	0.191967
1.726	0.193300
1.729	0.192267
1.732	0.193533
1.735	0.191133
1.738	0.192900
1.741	0.192933
1.744	0.192367
1.747	0.193833
1.75	0.195767
1.753	0.195900
1.756	0.194933
1.759	0.193933
1.762	0.194067
1.765	0.194967
1.768	0.195333
1.771	0.195033
1.774	0.195167
1.777	0.195367
1.78	0.194900
1.783	0.194833
1.786	0.196033
1.789	0.196733
1.792	0.196933
1.795	0.196100
1.798	0.194400
1.801	0.195567
1.804	0.196700
1.807	0.197433
1.81	0.196267
1.813	0.195767
1.816	0.195933
1.819	0.196500
1.822	0.195167
1.825	0.195733
1.828	0.197533
1.831	0.200500
1.834	0.200867
1.837	0.200333
1.84	0.199900
1.843	0.198533
1.846	0.198567
1.849	0.199300
1.852	0.201767
1.855	0.202667
1.858	0.201600
1.861	0.201767
1.864	0.200833
1.867	0.200233
1.87	0.202233
1.873	0.201800
1.876	0.201300
1.879	0.199433
1.882	0.200400
1.885	0.203700
1.888	0.205600
1.891	0.203667
1.894	0.201900
1.897	0.202800
1.9	0.203833
1.903	0.204600
1.906	0.203067
1.909	0.203233
1.912	0.204267
1.915	0.204267
1.918	0.202800
1.921	0.201700
1.924	0.201633
1.927	0.201100
1.93	0.203267
1.933	0.206000
1.936	0.204533
1.939	0.203933
1.942	0.203833
1.945	0.206133
1.948	0.208600
1.951	0.208100
1.954	0.205600
1.957	0.204867
1.96	0.206667
1.963	0.207700
1.966	0.207400
1.969	0.206600
1.972	0.206833
1.975	0.206700
1.978	0.208700
1.981	0.210100
1.984	0.210267
1.987	0.209900
1.99	0.210533
1.993	0.210633
1.996	0.211400
1.999	0.212200
2.002	0.211400
2.005	0.209333
2.008	0.208467
2.011	0.207600
2.014	0.205867
2.017	0.206767
2.02	0.207833
2.023	0.208467
2.026	0.206967
2.029	0.209000
2.032	0.209700
2.035	0.209833
2.038	0.209300
2.041	0.209733
2.044	0.213100
2.047	0.214633
2.05	0.212900
2.053	0.209167
2.056	0.209733
2.059	0.211933
2.062	0.213867
2.065	0.215800
2.068	0.213833
2.071	0.215700
2.074	0.216433
2.077	0.216600
2.08	0.214667
2.083	0.214967
2.086	0.213167
2.089	0.211400
2.092	0.212133
2.095	0.213733
2.098	0.212367
2.101	0.213433
2.104	0.214233
2.107	0.213500
2.11	0.213333
2.113	0.214833
2.116	0.215500
2.119	0.216700
2.122	0.216933
2.125	0.216367
2.128	0.215300
2.131	0.215200
2.134	0.215833
2.137	0.217033
2.14	0.218400
2.143	0.218967
2.146	0.216233
2.149	0.215767
2.152	0.216800
2.155	0.216800
2.158	0.217433
2.161	0.215800
2.164	0.214267
2.167	0.213600
2.17	0.214033
2.173	0.215433
2.176	0.214300
2.179	0.212033
2.182	0.212800
2.185	0.211967
2.188	0.213167
2.191	0.214033
2.194	0.213400
2.197	0.214067
2.2	0.212167
2.203	0.212633
2.206	0.212200
2.209	0.213033
2.212	0.215200
2.215	0.214000
2.218	0.215433
2.221	0.216533
2.224	0.216700
2.227	0.217700
2.23	0.218867
2.233	0.219767
2.236	0.218933
2.239	0.217533
2.242	0.217800
2.245	0.217467
2.248	0.217400
2.251	0.220567
2.254	0.223033
2.257	0.221267
2.26	0.219500
2.263	0.219367
2.266	0.221400
2.269	0.223100
2.272	0.224067
2.275	0.223600
2.278	0.225033
2.281	0.226133
2.284	0.226733
2.287	0.225633
2.29	0.223200
2.293	0.224500
2.296	0.224833
2.299	0.224300
2.302	0.225133
2.305	0.225367
2.308	0.226167
2.311	0.227700
2.314	0.226067
2.317	0.224500
2.32	0.224533
2.323	0.226300
2.326	0.228600
2.329	0.227567
2.332	0.225367
2.335	0.226733
2.338	0.226100
2.341	0.225233
2.344	0.225500
2.347	0.227633
2.35	0.229500
2.353	0.230467
2.356	0.229467
2.359	0.227967
2.362	0.228267
2.365	0.227767
2.368	0.226533
2.371	0.225933
2.374	0.227067
2.377	0.229267
2.38	0.229533
2.383	0.228333
2.386	0.229333
2.389	0.229433
2.392	0.230600
2.395	0.232533
2.398	0.232133
2.401	0.232833
2.404	0.232000
2.407	0.231633
2.41	0.231500
2.413	0.233000
2.416	0.234400
2.419	0.232533
2.422	0.232467
2.425	0.233400
2.428	0.233867
2.431	0.233133
2.434	0.233500
2.437	0.233100
2.44	0.232200
2.443	0.231800
2.446	0.232633
2.449	0.233633
2.452	0.232967
2.455	0.230133
2.458	0.231100
2.461	0.230100
2.464	0.231567
2.467	0.234267
2.47	0.234633
2.473	0.236133
2.476	0.235133
2.479	0.235867
2.482	0.234367
2.485	0.235000
2.488	0.234667
2.491	0.236367
2.494	0.235467
2.497	0.235900
2.5	0.234067
2.503	0.232333
2.506	0.235267
2.509	0.236567
2.512	0.237033
2.515	0.235133
