Brown University Keck/NASA Relab Spectrum LS-JBA-232-P2/CLS195
Wavelength(micron)	Reflectance
0.351	0.050000
0.354	0.052000
0.357	0.052333
0.36	0.053000
0.363	0.053000
0.366	0.053000
0.369	0.054000
0.372	0.054333
0.375	0.055000
0.378	0.055667
0.381	0.056000
0.384	0.057000
0.387	0.057000
0.39	0.057000
0.393	0.057667
0.396	0.058000
0.399	0.058000
0.402	0.058333
0.405	0.059000
0.408	0.059000
0.411	0.059000
0.414	0.060000
0.417	0.060333
0.42	0.061000
0.423	0.061000
0.426	0.061000
0.429	0.062000
0.432	0.062000
0.435	0.062000
0.438	0.063333
0.441	0.064000
0.444	0.065000
0.447	0.065333
0.45	0.066000
0.453	0.066000
0.456	0.066000
0.459	0.067000
0.462	0.067000
0.465	0.067000
0.468	0.067667
0.471	0.068000
0.474	0.068000
0.477	0.068000
0.48	0.068000
0.483	0.068667
0.486	0.069000
0.489	0.070000
0.492	0.070000
0.495	0.070000
0.498	0.070000
0.501	0.070000
0.504	0.070000
0.507	0.070333
0.51	0.071000
0.513	0.071667
0.517	0.072000
0.52	0.073000
0.523	0.073333
0.526	0.074000
0.529	0.074000
0.532	0.074000
0.535	0.075000
0.538	0.075333
0.541	0.076000
0.544	0.076000
0.547	0.076000
0.55	0.076000
0.553	0.076000
0.556	0.076000
0.559	0.076667
0.562	0.077000
0.565	0.079000
0.568	0.079000
0.571	0.079000
0.574	0.078333
0.577	0.078000
0.58	0.078000
0.583	0.078000
0.586	0.078000
0.589	0.080667
0.593	0.082000
0.596	0.082000
0.599	0.082333
0.602	0.083000
0.605	0.083000
0.608	0.083000
0.611	0.083200
0.614	0.083556
0.617	0.084267
0.62	0.084978
0.623	0.085333
0.626	0.085333
0.629	0.085689
0.632	0.086400
0.636	0.087111
0.639	0.087467
0.642	0.088533
0.645	0.088889
0.648	0.089600
0.651	0.089600
0.654	0.089600
0.657	0.090667
0.66	0.090667
0.664	0.090667
0.667	0.090667
0.67	0.090667
0.673	0.091733
0.676	0.091733
0.679	0.091733
0.683	0.092444
0.686	0.092800
0.689	0.093867
0.692	0.093867
0.695	0.093867
0.698	0.094578
0.702	0.094933
0.705	0.096000
0.708	0.096356
0.711	0.097067
0.714	0.097778
0.718	0.098133
0.721	0.098133
0.724	0.098489
0.727	0.099200
0.73	0.099200
0.734	0.099200
0.737	0.100267
0.74	0.100267
0.743	0.100267
0.746	0.100267
0.75	0.100267
0.753	0.101333
0.756	0.101333
0.759	0.101333
0.762	0.102044
0.766	0.102400
0.769	0.102400
0.772	0.102400
0.775	0.102400
0.778	0.102400
0.781	0.102400
0.785	0.103467
0.788	0.103467
0.791	0.103467
0.794	0.104178
0.797	0.104533
0.8	0.104533
0.803	0.104533
0.807	0.104533
0.81	0.104533
0.813	0.104533
0.816	0.104533
0.819	0.104889
0.822	0.105600
0.825	0.105600
0.828	0.105600
0.831	0.105600
0.834	0.105600
0.838	0.105600
0.841	0.106311
0.844	0.106667
0.847	0.106667
0.85	0.106667
0.853	0.106667
0.856	0.107378
0.859	0.107733
0.862	0.107733
0.865	0.107733
0.868	0.107733
0.871	0.107733
0.874	0.107733
0.877	0.107733
0.88	0.108089
0.883	0.108800
0.887	0.108800
0.89	0.108800
0.893	0.109867
0.896	0.109867
0.899	0.109867
0.902	0.109867
0.905	0.109867
0.908	0.110933
0.911	0.110933
0.914	0.110933
0.917	0.110933
0.92	0.110933
0.923	0.112000
0.926	0.112000
0.929	0.112000
0.932	0.112000
0.935	0.112000
0.938	0.112000
0.941	0.112356
0.944	0.113067
0.947	0.113067
0.95	0.113067
0.953	0.113067
0.956	0.113422
0.959	0.114133
0.962	0.114844
0.965	0.115200
0.968	0.116267
0.971	0.116622
0.974	0.117333
0.978	0.117333
0.981	0.117333
0.984	0.118400
0.987	0.118400
0.99	0.118400
0.993	0.119111
0.996	0.119467
0.999	0.119467
1.002	0.119467
1.005	0.119467
1.008	0.120178
1.011	0.120533
1.014	0.121600
1.017	0.121600
1.02	0.121600
1.023	0.121600
1.026	0.121600
1.029	0.121600
1.032	0.121956
1.035	0.122667
1.038	0.122667
1.041	0.122667
1.044	0.123733
1.047	0.124089
1.05	0.124800
1.053	0.124800
1.056	0.124800
1.059	0.124800
1.062	0.125156
1.065	0.125867
1.068	0.126578
1.071	0.126933
1.074	0.128000
1.077	0.128000
1.08	0.128000
1.083	0.128711
1.086	0.129067
1.089	0.129067
1.092	0.129422
1.095	0.130133
1.098	0.130133
1.101	0.130133
1.104	0.130133
1.107	0.130489
1.11	0.131200
1.113	0.131200
1.116	0.131200
1.119	0.131200
1.122	0.131556
1.125	0.132267
1.128	0.133689
1.131	0.134400
1.134	0.134400
1.137	0.134400
1.14	0.134400
1.143	0.135111
1.146	0.135467
1.149	0.136533
1.152	0.136533
1.155	0.136533
1.158	0.137244
1.161	0.137600
1.164	0.137600
1.167	0.137956
1.17	0.138667
1.173	0.138667
1.176	0.138667
1.179	0.138667
1.182	0.139022
1.185	0.139733
1.188	0.139733
1.191	0.139733
1.194	0.139733
1.197	0.139733
1.2	0.139733
1.203	0.140444
1.206	0.140800
1.209	0.140800
1.212	0.141156
1.215	0.141867
1.218	0.141867
1.221	0.141867
1.224	0.142933
1.227	0.142933
1.23	0.142933
1.233	0.143644
1.236	0.144000
1.239	0.145067
1.242	0.145067
1.245	0.145067
1.248	0.145067
1.251	0.145067
1.254	0.146133
1.257	0.146133
1.26	0.146133
1.263	0.146844
1.266	0.147200
1.269	0.148267
1.272	0.148267
1.276	0.148267
1.279	0.148267
1.282	0.148267
1.285	0.149333
1.288	0.149333
1.291	0.149333
1.294	0.149333
1.297	0.149333
1.3	0.150400
1.303	0.150400
1.306	0.150400
1.309	0.150400
1.312	0.150400
1.315	0.151467
1.318	0.151467
1.321	0.151467
1.324	0.152178
1.327	0.152533
1.33	0.153600
1.333	0.153956
1.336	0.154667
1.339	0.154667
1.342	0.154667
1.345	0.154667
1.348	0.155022
1.351	0.155733
1.354	0.156444
1.357	0.156800
1.36	0.156800
1.363	0.157156
1.366	0.157867
1.369	0.157867
1.372	0.157867
1.375	0.157867
1.378	0.157867
1.381	0.157867
1.384	0.157867
1.387	0.157867
1.39	0.157867
1.393	0.158222
1.396	0.158933
1.399	0.158933
1.402	0.158933
1.405	0.160000
1.408	0.160000
1.411	0.160000
1.414	0.160711
1.417	0.161067
1.42	0.162133
1.423	0.162133
1.426	0.162133
1.429	0.162844
1.432	0.163200
1.435	0.163200
1.438	0.163556
1.441	0.164267
1.444	0.164267
1.447	0.164267
1.45	0.164267
1.453	0.164622
1.456	0.165333
1.459	0.165333
1.462	0.165333
1.465	0.166400
1.468	0.166400
1.471	0.166400
1.474	0.167111
1.477	0.167467
1.48	0.167467
1.483	0.167467
1.486	0.167467
1.489	0.167467
1.492	0.167467
1.495	0.167467
1.498	0.167822
1.501	0.168533
1.504	0.169244
1.507	0.169600
1.51	0.169600
1.513	0.169956
1.516	0.170667
1.519	0.170667
1.522	0.170667
1.525	0.170667
1.528	0.171022
1.531	0.171733
1.534	0.171733
1.537	0.171733
1.54	0.171733
1.543	0.171733
1.546	0.171733
1.549	0.172444
1.552	0.172800
1.555	0.172800
1.558	0.172800
1.561	0.172800
1.564	0.173511
1.567	0.173867
1.57	0.173867
1.573	0.174222
1.576	0.174933
1.579	0.175644
1.582	0.176000
1.585	0.176000
1.588	0.176000
1.591	0.176000
1.594	0.176000
1.597	0.176000
1.6	0.177067
1.603	0.177067
1.606	0.177067
1.609	0.177067
1.612	0.177067
1.615	0.177067
1.618	0.177067
1.621	0.177067
1.624	0.177778
1.627	0.178133
1.63	0.179200
1.633	0.179200
1.636	0.179200
1.639	0.179200
1.642	0.179200
1.645	0.180267
1.648	0.180267
1.651	0.180267
1.654	0.180267
1.657	0.180267
1.66	0.181333
1.663	0.181333
1.666	0.181333
1.669	0.181333
1.672	0.181333
1.675	0.181333
1.678	0.181333
1.681	0.181333
1.684	0.181333
1.687	0.181333
1.69	0.182400
1.693	0.182400
1.696	0.182400
1.699	0.182400
1.702	0.182400
1.705	0.183467
1.708	0.183467
1.711	0.183467
1.714	0.183467
1.717	0.183467
1.72	0.184533
1.723	0.184533
1.726	0.184533
1.729	0.184533
1.732	0.184533
1.735	0.184533
1.738	0.184889
1.741	0.185600
1.744	0.185600
1.747	0.185600
1.75	0.186667
1.753	0.186667
1.756	0.186667
1.759	0.186667
1.762	0.186667
1.765	0.187733
1.768	0.187733
1.771	0.187733
1.774	0.187733
1.777	0.187733
1.78	0.188800
1.783	0.188800
1.786	0.188800
1.789	0.189511
1.792	0.189867
1.795	0.189867
1.798	0.189867
1.801	0.189867
1.804	0.189867
1.807	0.189867
1.81	0.190933
1.813	0.190933
1.816	0.190933
1.819	0.190933
1.822	0.190933
1.825	0.190933
1.828	0.191289
1.831	0.192000
1.834	0.192000
1.837	0.192000
1.84	0.192000
1.843	0.192000
1.846	0.192000
1.849	0.192711
1.852	0.193067
1.855	0.193067
1.858	0.193067
1.861	0.193067
1.864	0.193067
1.867	0.193067
1.87	0.194133
1.873	0.194133
1.876	0.194133
1.879	0.194133
1.882	0.194133
1.885	0.194133
1.888	0.194489
1.891	0.195200
1.894	0.195911
1.897	0.196267
1.9	0.197333
1.903	0.197333
1.906	0.197333
1.909	0.197333
1.912	0.197333
1.915	0.197333
1.918	0.197333
1.921	0.197333
1.924	0.198044
1.927	0.198400
1.93	0.198400
1.933	0.198400
1.936	0.198400
1.939	0.199111
1.942	0.199467
1.945	0.199467
1.948	0.199467
1.951	0.199467
1.954	0.199467
1.957	0.199467
1.96	0.199467
1.963	0.199467
1.966	0.199467
1.969	0.199467
1.972	0.199467
1.975	0.199467
1.978	0.199822
1.981	0.200533
1.984	0.200533
1.987	0.200533
1.99	0.200533
1.993	0.200889
1.996	0.201600
1.999	0.201600
2.002	0.201600
2.005	0.202667
2.008	0.202667
2.011	0.202667
2.014	0.203378
2.017	0.203733
2.02	0.203733
2.023	0.203733
2.026	0.203733
2.029	0.203733
2.032	0.203733
2.035	0.204800
2.038	0.204800
2.041	0.204800
2.044	0.205511
2.047	0.205867
2.05	0.205867
2.053	0.206222
2.056	0.206933
2.059	0.206933
2.062	0.206933
2.065	0.208000
2.068	0.208000
2.071	0.208000
2.074	0.208000
2.077	0.208000
2.08	0.208000
2.083	0.208356
2.086	0.209067
2.089	0.209067
2.092	0.209067
2.095	0.209067
2.098	0.209067
2.101	0.209067
2.104	0.209067
2.107	0.209067
2.11	0.209067
2.113	0.209422
2.116	0.210133
2.119	0.210133
2.122	0.210133
2.125	0.211200
2.128	0.211200
2.131	0.211200
2.134	0.211200
2.137	0.211200
2.14	0.211200
2.143	0.211200
2.146	0.211200
2.149	0.211911
2.152	0.212267
2.155	0.212267
2.158	0.212267
2.161	0.212267
2.164	0.212978
2.167	0.213333
2.17	0.214400
2.173	0.214400
2.176	0.214400
2.179	0.215111
2.182	0.215467
2.185	0.215467
2.188	0.215467
2.191	0.215467
2.194	0.216178
2.197	0.216533
2.2	0.216533
2.203	0.216533
2.206	0.216533
2.209	0.217244
2.212	0.217600
2.215	0.217600
2.218	0.217600
2.221	0.217600
2.224	0.217600
2.227	0.217600
2.23	0.217600
2.233	0.217956
2.236	0.218667
2.239	0.219378
2.242	0.219733
2.245	0.219733
2.248	0.219733
2.251	0.219733
2.254	0.219733
2.257	0.219733
2.26	0.219733
2.263	0.220089
2.266	0.220800
2.269	0.220800
2.272	0.220800
2.275	0.220800
2.278	0.220800
2.281	0.220800
2.284	0.221511
2.287	0.221867
2.29	0.221867
2.293	0.222222
2.296	0.222933
2.299	0.222933
2.302	0.222933
2.305	0.224000
2.308	0.224000
2.311	0.224000
2.314	0.224000
2.317	0.224000
2.32	0.225067
2.323	0.225422
2.326	0.226133
2.329	0.226133
2.332	0.226133
2.335	0.227200
2.338	0.227200
2.341	0.227200
2.344	0.227200
2.347	0.227200
2.35	0.227200
2.353	0.227200
2.356	0.227200
2.359	0.227200
2.362	0.227200
2.365	0.228267
2.368	0.228267
2.371	0.228267
2.374	0.228978
2.377	0.229333
2.38	0.229333
2.383	0.229333
2.386	0.229333
2.389	0.229333
2.392	0.229333
2.395	0.230400
2.398	0.230400
2.401	0.230400
2.404	0.231111
2.407	0.231467
2.41	0.231467
2.413	0.231467
2.416	0.231467
2.419	0.232178
2.422	0.232533
2.425	0.232533
2.428	0.232533
2.431	0.232533
2.434	0.233244
2.437	0.233600
2.44	0.234667
2.443	0.234667
2.446	0.234667
2.449	0.235378
2.452	0.235733
2.455	0.235733
2.458	0.235733
2.461	0.235733
2.464	0.236444
2.467	0.236800
2.47	0.236800
2.473	0.236800
2.476	0.236800
2.479	0.237511
2.482	0.237867
2.485	0.237867
2.488	0.237867
2.491	0.237867
2.494	0.237867
2.497	0.237867
2.5	0.237867
2.503	0.237867
2.506	0.237867
2.509	0.237156
2.512	0.236800
2.515	0.235733
