Brown University Keck/NASA Relab Spectrum LS-JBA-117-P/CLS108
Wavelength(micron)	Reflectance
0.351	0.155100
0.354	0.155667
0.357	0.155800
0.36	0.155267
0.363	0.154967
0.366	0.154400
0.369	0.154967
0.372	0.156200
0.375	0.155733
0.378	0.156167
0.381	0.156133
0.384	0.156233
0.387	0.158033
0.39	0.158100
0.393	0.157200
0.396	0.158700
0.399	0.158867
0.402	0.159500
0.405	0.160100
0.408	0.160800
0.411	0.161633
0.414	0.162433
0.417	0.162333
0.42	0.163267
0.423	0.164200
0.426	0.165133
0.429	0.165900
0.432	0.165633
0.435	0.165500
0.438	0.166767
0.441	0.166333
0.444	0.166767
0.447	0.168333
0.45	0.170400
0.453	0.170167
0.456	0.171067
0.459	0.171200
0.462	0.171067
0.465	0.171367
0.468	0.171900
0.471	0.172900
0.474	0.173767
0.477	0.173567
0.48	0.174367
0.483	0.175267
0.486	0.175533
0.489	0.176533
0.492	0.177600
0.495	0.177800
0.498	0.177833
0.501	0.178767
0.504	0.179267
0.507	0.179433
0.51	0.180000
0.513	0.181800
0.517	0.182067
0.52	0.182400
0.523	0.183867
0.526	0.183567
0.529	0.184167
0.532	0.183467
0.535	0.184167
0.538	0.185667
0.541	0.185633
0.544	0.184900
0.547	0.185267
0.55	0.185867
0.553	0.186100
0.556	0.186800
0.559	0.188067
0.562	0.189500
0.565	0.190900
0.568	0.191700
0.571	0.192633
0.574	0.191333
0.577	0.191367
0.58	0.192467
0.583	0.193833
0.586	0.194167
0.589	0.194200
0.593	0.194067
0.596	0.194700
0.599	0.196000
0.602	0.197633
0.605	0.196400
0.608	0.196633
0.611	0.197967
0.614	0.198133
0.617	0.199100
0.62	0.198800
0.623	0.200533
0.626	0.201400
0.629	0.200733
0.632	0.202167
0.636	0.203233
0.639	0.202933
0.642	0.199667
0.645	0.199200
0.648	0.200267
0.651	0.202367
0.654	0.205500
0.657	0.206933
0.66	0.205333
0.664	0.204300
0.667	0.204200
0.67	0.204500
0.673	0.204767
0.676	0.206333
0.679	0.208133
0.683	0.209033
0.686	0.211500
0.689	0.210133
0.692	0.207400
0.695	0.209267
0.698	0.209633
0.702	0.210933
0.705	0.212700
0.708	0.213000
0.711	0.209100
0.714	0.210133
0.718	0.211800
0.721	0.212833
0.724	0.214667
0.727	0.216233
0.73	0.213567
0.734	0.212033
0.737	0.211133
0.74	0.212867
0.743	0.213367
0.746	0.210567
0.75	0.211400
0.753	0.210767
0.756	0.211967
0.759	0.213367
0.762	0.214333
0.766	0.213433
0.769	0.214333
0.772	0.215333
0.775	0.217967
0.778	0.218333
0.781	0.219567
0.785	0.219267
0.788	0.219233
0.791	0.218467
0.794	0.220300
0.797	0.219233
0.8	0.218833
0.803	0.220900
0.807	0.220133
0.81	0.219267
0.813	0.219700
0.816	0.221833
0.819	0.222467
0.822	0.220200
0.825	0.218067
0.828	0.220600
0.831	0.224833
0.834	0.225867
0.838	0.225800
0.841	0.222433
0.844	0.221733
0.847	0.223100
0.85	0.222467
0.853	0.220200
0.856	0.219767
0.859	0.220033
0.862	0.220867
0.865	0.219767
0.868	0.219500
0.871	0.220100
0.874	0.221400
0.877	0.221233
0.88	0.219967
0.883	0.221533
0.887	0.221833
0.89	0.223033
0.893	0.222167
0.896	0.219967
0.899	0.219567
0.902	0.220600
0.905	0.221433
0.908	0.221100
0.911	0.222933
0.914	0.222167
0.917	0.220600
0.92	0.220333
0.923	0.223000
0.926	0.223333
0.929	0.220500
0.932	0.221000
0.935	0.220933
0.938	0.221367
0.941	0.222900
0.944	0.222467
0.947	0.223300
0.95	0.225733
0.953	0.226600
0.956	0.223367
0.959	0.221300
0.962	0.222200
0.965	0.223167
0.968	0.224667
0.971	0.226333
0.974	0.227767
0.978	0.228000
0.981	0.224300
0.984	0.220900
0.987	0.220233
0.99	0.223133
0.993	0.226833
0.996	0.228433
0.999	0.228633
1.002	0.225067
1.005	0.226133
1.008	0.228700
1.011	0.229167
1.014	0.228833
1.017	0.227367
1.02	0.226933
1.023	0.226433
1.026	0.226333
1.029	0.226200
1.032	0.227667
1.035	0.227800
1.038	0.227833
1.041	0.232233
1.044	0.233600
1.047	0.234000
1.05	0.234933
1.053	0.236700
1.056	0.235033
1.059	0.235433
1.062	0.234533
1.065	0.233767
1.068	0.233700
1.071	0.235633
1.074	0.238100
1.077	0.239167
1.08	0.239967
1.083	0.240267
1.086	0.237900
1.089	0.239700
1.092	0.239500
1.095	0.239033
1.098	0.238367
1.101	0.238867
1.104	0.240800
1.107	0.241100
1.11	0.242133
1.113	0.242667
1.116	0.241567
1.119	0.243233
1.122	0.244367
1.125	0.244767
1.128	0.246033
1.131	0.247533
1.134	0.246800
1.137	0.248233
1.14	0.249667
1.143	0.252500
1.146	0.254467
1.149	0.257033
1.152	0.255700
1.155	0.253867
1.158	0.256667
1.161	0.258767
1.164	0.262600
1.167	0.261167
1.17	0.260233
1.173	0.261800
1.176	0.262300
1.179	0.264333
1.182	0.265967
1.185	0.267700
1.188	0.271067
1.191	0.271700
1.194	0.270867
1.197	0.271800
1.2	0.271233
1.203	0.271500
1.206	0.272100
1.209	0.273933
1.212	0.274600
1.215	0.276967
1.218	0.279000
1.221	0.278333
1.224	0.276333
1.227	0.277800
1.23	0.280367
1.233	0.279433
1.236	0.280300
1.239	0.281200
1.242	0.282667
1.245	0.283300
1.248	0.284333
1.251	0.284667
1.254	0.286067
1.257	0.286200
1.26	0.284700
1.263	0.287067
1.266	0.289833
1.269	0.290767
1.272	0.289733
1.276	0.289833
1.279	0.288467
1.282	0.287867
1.285	0.287767
1.288	0.289633
1.291	0.291533
1.294	0.290000
1.297	0.286333
1.3	0.284867
1.303	0.287400
1.306	0.288867
1.309	0.289900
1.312	0.287367
1.315	0.286633
1.318	0.287767
1.321	0.290700
1.324	0.289700
1.327	0.289200
1.33	0.292467
1.333	0.293833
1.336	0.294900
1.339	0.295367
1.342	0.294700
1.345	0.293733
1.348	0.294000
1.351	0.291667
1.354	0.291067
1.357	0.287000
1.36	0.284867
1.363	0.282767
1.366	0.278400
1.369	0.273767
1.372	0.273167
1.375	0.273767
1.378	0.273167
1.381	0.272100
1.384	0.273667
1.387	0.278233
1.39	0.280767
1.393	0.278833
1.396	0.280733
1.399	0.281767
1.402	0.282867
1.405	0.283700
1.408	0.279833
1.411	0.280533
1.414	0.282833
1.417	0.284133
1.42	0.283767
1.423	0.280800
1.426	0.280367
1.429	0.281333
1.432	0.281033
1.435	0.283233
1.438	0.288633
1.441	0.290000
1.444	0.287867
1.447	0.286033
1.45	0.285567
1.453	0.287400
1.456	0.287733
1.459	0.288100
1.462	0.287933
1.465	0.288167
1.468	0.289633
1.471	0.292133
1.474	0.290800
1.477	0.291267
1.48	0.290700
1.483	0.289167
1.486	0.290633
1.489	0.292733
1.492	0.292333
1.495	0.290300
1.498	0.290133
1.501	0.292467
1.504	0.290033
1.507	0.291433
1.51	0.294267
1.513	0.293767
1.516	0.292400
1.519	0.293967
1.522	0.296200
1.525	0.297167
1.528	0.296733
1.531	0.298633
1.534	0.299700
1.537	0.297667
1.54	0.297133
1.543	0.299133
1.546	0.300233
1.549	0.299900
1.552	0.300800
1.555	0.301000
1.558	0.298400
1.561	0.300533
1.564	0.300900
1.567	0.302700
1.57	0.301600
1.573	0.300500
1.576	0.302833
1.579	0.303167
1.582	0.302500
1.585	0.303533
1.588	0.305567
1.591	0.305800
1.594	0.304333
1.597	0.303867
1.6	0.303433
1.603	0.301867
1.606	0.300100
1.609	0.300800
1.612	0.303767
1.615	0.306633
1.618	0.305100
1.621	0.303800
1.624	0.303433
1.627	0.305100
1.63	0.307133
1.633	0.306700
1.636	0.308533
1.639	0.307367
1.642	0.306467
1.645	0.306567
1.648	0.308500
1.651	0.310967
1.654	0.307167
1.657	0.306733
1.66	0.306567
1.663	0.307467
1.666	0.308233
1.669	0.310500
1.672	0.310267
1.675	0.310533
1.678	0.308500
1.681	0.308100
1.684	0.308600
1.687	0.310400
1.69	0.311233
1.693	0.309600
1.696	0.308233
1.699	0.307700
1.702	0.308633
1.705	0.308833
1.708	0.309000
1.711	0.308567
1.714	0.306367
1.717	0.307700
1.72	0.310100
1.723	0.312233
1.726	0.314967
1.729	0.315300
1.732	0.314433
1.735	0.312200
1.738	0.312000
1.741	0.312900
1.744	0.311233
1.747	0.311300
1.75	0.311100
1.753	0.307167
1.756	0.309167
1.759	0.312633
1.762	0.312133
1.765	0.313933
1.768	0.318600
1.771	0.316667
1.774	0.315500
1.777	0.314267
1.78	0.311467
1.783	0.309267
1.786	0.310900
1.789	0.313433
1.792	0.311833
1.795	0.312967
1.798	0.314233
1.801	0.313700
1.804	0.314467
1.807	0.313467
1.81	0.314233
1.813	0.315333
1.816	0.317800
1.819	0.319800
1.822	0.317967
1.825	0.316500
1.828	0.316000
1.831	0.317133
1.834	0.315700
1.837	0.315300
1.84	0.316900
1.843	0.319167
1.846	0.318767
1.849	0.315433
1.852	0.315833
1.855	0.315633
1.858	0.315900
1.861	0.317933
1.864	0.318667
1.867	0.316867
1.87	0.316767
1.873	0.320233
1.876	0.320433
1.879	0.321833
1.882	0.322233
1.885	0.319700
1.888	0.318867
1.891	0.320133
1.894	0.322267
1.897	0.323267
1.9	0.321767
1.903	0.322367
1.906	0.323500
1.909	0.322267
1.912	0.323933
1.915	0.325967
1.918	0.325100
1.921	0.324233
1.924	0.325733
1.927	0.324833
1.93	0.324467
1.933	0.327300
1.936	0.325133
1.939	0.323533
1.942	0.323067
1.945	0.324000
1.948	0.326100
1.951	0.326500
1.954	0.326100
1.957	0.325900
1.96	0.327133
1.963	0.327033
1.966	0.326533
1.969	0.327467
1.972	0.329033
1.975	0.331333
1.978	0.331533
1.981	0.331633
1.984	0.328033
1.987	0.327000
1.99	0.328300
1.993	0.330933
1.996	0.334900
1.999	0.334700
2.002	0.331900
2.005	0.330833
2.008	0.332733
2.011	0.333200
2.014	0.331533
2.017	0.330100
2.02	0.331933
2.023	0.330400
2.026	0.334533
2.029	0.336900
2.032	0.337867
2.035	0.334767
2.038	0.332267
2.041	0.332367
2.044	0.331567
2.047	0.332433
2.05	0.332533
2.053	0.334300
2.056	0.336333
2.059	0.338000
2.062	0.339133
2.065	0.339867
2.068	0.338433
2.071	0.337067
2.074	0.338367
2.077	0.338667
2.08	0.340200
2.083	0.341300
2.086	0.341200
2.089	0.341367
2.092	0.342900
2.095	0.342600
2.098	0.340067
2.101	0.340567
2.104	0.342367
2.107	0.340700
2.11	0.339867
2.113	0.340700
2.116	0.344133
2.119	0.345467
2.122	0.345533
2.125	0.343567
2.128	0.341033
2.131	0.340567
2.134	0.341533
2.137	0.338933
2.14	0.339767
2.143	0.341267
2.146	0.342500
2.149	0.343000
2.152	0.342333
2.155	0.344367
2.158	0.343200
2.161	0.343800
2.164	0.346167
2.167	0.347100
2.17	0.344700
2.173	0.343200
2.176	0.344133
2.179	0.343967
2.182	0.344333
2.185	0.341900
2.188	0.341833
2.191	0.340467
2.194	0.340433
2.197	0.342933
2.2	0.342233
2.203	0.340800
2.206	0.344933
2.209	0.345533
2.212	0.343667
2.215	0.343667
2.218	0.345333
2.221	0.347967
2.224	0.347667
2.227	0.348967
2.23	0.350367
2.233	0.349767
2.236	0.350067
2.239	0.350433
2.242	0.350133
2.245	0.352300
2.248	0.351400
2.251	0.350867
2.254	0.352600
2.257	0.354767
2.26	0.355900
2.263	0.357433
2.266	0.357700
2.269	0.358067
2.272	0.357667
2.275	0.357333
2.278	0.355867
2.281	0.358767
2.284	0.359633
2.287	0.361567
2.29	0.362233
2.293	0.362400
2.296	0.361600
2.299	0.363967
2.302	0.364300
2.305	0.362533
2.308	0.361400
2.311	0.362633
2.314	0.364333
2.317	0.364800
2.32	0.367567
2.323	0.367533
2.326	0.366067
2.329	0.366767
2.332	0.367100
2.335	0.367067
2.338	0.367200
2.341	0.368367
2.344	0.368967
2.347	0.371267
2.35	0.372000
2.353	0.371800
2.356	0.371600
2.359	0.374500
2.362	0.373567
2.365	0.372933
2.368	0.374500
2.371	0.375000
2.374	0.372867
2.377	0.371633
2.38	0.375000
2.383	0.375167
2.386	0.373233
2.389	0.373633
2.392	0.375733
2.395	0.376567
2.398	0.379367
2.401	0.377567
2.404	0.374200
2.407	0.372967
2.41	0.373733
2.413	0.377267
2.416	0.376500
2.419	0.377233
2.422	0.379267
2.425	0.380067
2.428	0.381833
2.431	0.380167
2.434	0.378633
2.437	0.378267
2.44	0.380600
2.443	0.379733
2.446	0.379600
2.449	0.380867
2.452	0.380833
2.455	0.380200
2.458	0.383333
2.461	0.382200
2.464	0.381600
2.467	0.379233
2.47	0.380400
2.473	0.383367
2.476	0.384033
2.479	0.383433
2.482	0.383200
2.485	0.382933
2.488	0.381967
2.491	0.383300
2.494	0.384267
2.497	0.382767
2.5	0.383333
2.503	0.383633
2.506	0.380933
2.509	0.380700
2.512	0.380733
2.515	0.382567
