Brown University Keck/NASA Relab Spectrum LS-JBA-237/CLS197
Wavelength(micron)	Reflectance
0.351	0.063000
0.354	0.065000
0.357	0.065333
0.36	0.066000
0.363	0.066667
0.366	0.067000
0.369	0.067000
0.372	0.067333
0.375	0.068000
0.378	0.068667
0.381	0.069000
0.384	0.070000
0.387	0.070333
0.39	0.071000
0.393	0.071667
0.396	0.072000
0.399	0.073000
0.402	0.073667
0.405	0.075000
0.408	0.075000
0.411	0.075000
0.414	0.076000
0.417	0.076333
0.42	0.077000
0.423	0.077667
0.426	0.078000
0.429	0.079000
0.432	0.079333
0.435	0.080000
0.438	0.080667
0.441	0.081000
0.444	0.083000
0.447	0.083000
0.45	0.083000
0.453	0.083667
0.456	0.084000
0.459	0.084000
0.462	0.084333
0.465	0.085000
0.468	0.086333
0.471	0.087000
0.474	0.087000
0.477	0.087000
0.48	0.087000
0.483	0.087667
0.486	0.088000
0.489	0.089000
0.492	0.089333
0.495	0.090000
0.498	0.090667
0.501	0.091000
0.504	0.092000
0.507	0.092333
0.51	0.093000
0.513	0.093000
0.517	0.093000
0.52	0.094000
0.523	0.094000
0.526	0.094000
0.529	0.094667
0.532	0.095000
0.535	0.096000
0.538	0.096333
0.541	0.097000
0.544	0.097667
0.547	0.098000
0.55	0.099000
0.553	0.099333
0.556	0.100000
0.559	0.100667
0.562	0.101000
0.565	0.101000
0.568	0.101333
0.571	0.102000
0.574	0.102000
0.577	0.102000
0.58	0.103000
0.583	0.103333
0.586	0.104000
0.589	0.104667
0.593	0.105000
0.596	0.105000
0.599	0.105667
0.602	0.107000
0.605	0.107000
0.608	0.107000
0.611	0.107400
0.614	0.107741
0.617	0.108423
0.62	0.108423
0.623	0.108423
0.626	0.108423
0.629	0.109105
0.632	0.110469
0.636	0.111150
0.639	0.111491
0.642	0.112514
0.645	0.112855
0.648	0.113537
0.651	0.114219
0.654	0.114560
0.657	0.115583
0.66	0.115924
0.664	0.116606
0.667	0.116606
0.67	0.116606
0.673	0.116606
0.676	0.116947
0.679	0.117629
0.683	0.118310
0.686	0.118651
0.689	0.119674
0.692	0.120015
0.695	0.120697
0.698	0.121379
0.702	0.121720
0.705	0.121720
0.708	0.122061
0.711	0.122743
0.714	0.123425
0.718	0.123766
0.721	0.124789
0.724	0.124789
0.727	0.124789
0.73	0.125470
0.734	0.125811
0.737	0.125811
0.74	0.125811
0.743	0.125811
0.746	0.126493
0.75	0.126834
0.753	0.126834
0.756	0.127516
0.759	0.128880
0.762	0.128880
0.766	0.128880
0.769	0.128880
0.772	0.129221
0.775	0.129903
0.778	0.130585
0.781	0.130926
0.785	0.130926
0.788	0.131267
0.791	0.131949
0.794	0.132630
0.797	0.132971
0.8	0.132971
0.803	0.133312
0.807	0.133994
0.81	0.133994
0.813	0.133994
0.816	0.133994
0.819	0.133994
0.822	0.133994
0.825	0.133994
0.828	0.133994
0.831	0.133994
0.834	0.134335
0.838	0.135017
0.841	0.135017
0.844	0.135017
0.847	0.135017
0.85	0.135017
0.853	0.135017
0.856	0.135699
0.859	0.136040
0.862	0.136040
0.865	0.136040
0.868	0.136040
0.871	0.136722
0.874	0.137063
0.877	0.137063
0.88	0.137063
0.883	0.137063
0.887	0.137745
0.89	0.138086
0.893	0.138086
0.896	0.138427
0.899	0.139109
0.902	0.139109
0.905	0.139109
0.908	0.139109
0.911	0.139450
0.914	0.140131
0.917	0.140131
0.92	0.140131
0.923	0.141154
0.926	0.141495
0.929	0.142177
0.932	0.142177
0.935	0.142177
0.938	0.143200
0.941	0.143200
0.944	0.143200
0.947	0.143200
0.95	0.143200
0.953	0.143200
0.956	0.143541
0.959	0.144223
0.962	0.144223
0.965	0.144223
0.968	0.145246
0.971	0.145587
0.974	0.146269
0.978	0.146950
0.981	0.147291
0.984	0.148314
0.987	0.148314
0.99	0.148314
0.993	0.148996
0.996	0.149337
0.999	0.149337
1.002	0.149678
1.005	0.150360
1.008	0.151042
1.011	0.151383
1.014	0.151383
1.017	0.151383
1.02	0.151383
1.023	0.152065
1.026	0.152406
1.029	0.153429
1.032	0.153770
1.035	0.154451
1.038	0.155133
1.041	0.155474
1.044	0.155474
1.047	0.155815
1.05	0.156497
1.053	0.156497
1.056	0.156497
1.059	0.157520
1.062	0.157520
1.065	0.157520
1.068	0.158202
1.071	0.158543
1.074	0.159566
1.077	0.159907
1.08	0.160589
1.083	0.160589
1.086	0.160589
1.089	0.160589
1.092	0.160589
1.095	0.160589
1.098	0.161270
1.101	0.161611
1.104	0.162634
1.107	0.162975
1.11	0.163657
1.113	0.163657
1.116	0.163657
1.119	0.164680
1.122	0.164680
1.125	0.164680
1.128	0.165362
1.131	0.165703
1.134	0.166726
1.137	0.167067
1.14	0.167749
1.143	0.168430
1.146	0.168771
1.149	0.168771
1.152	0.169112
1.155	0.169794
1.158	0.169794
1.161	0.169794
1.164	0.170817
1.167	0.171158
1.17	0.171840
1.173	0.172522
1.176	0.172863
1.179	0.172863
1.182	0.172863
1.185	0.172863
1.188	0.173545
1.191	0.173886
1.194	0.173886
1.197	0.174227
1.2	0.174909
1.203	0.174909
1.206	0.174909
1.209	0.174909
1.212	0.175250
1.215	0.175931
1.218	0.176613
1.221	0.176954
1.224	0.176954
1.227	0.177295
1.23	0.177977
1.233	0.177977
1.236	0.177977
1.239	0.179000
1.242	0.179341
1.245	0.180023
1.248	0.180023
1.251	0.180023
1.254	0.181046
1.257	0.181046
1.26	0.181046
1.263	0.181728
1.266	0.182069
1.269	0.182069
1.272	0.182410
1.276	0.183091
1.279	0.183091
1.282	0.183091
1.285	0.184114
1.288	0.184114
1.291	0.184114
1.294	0.184114
1.297	0.184114
1.3	0.185137
1.303	0.185137
1.306	0.185137
1.309	0.185137
1.312	0.185137
1.315	0.186160
1.318	0.186501
1.321	0.187183
1.324	0.187183
1.327	0.187183
1.33	0.188206
1.333	0.188547
1.336	0.189229
1.339	0.189910
1.342	0.190251
1.345	0.190251
1.348	0.190592
1.351	0.191274
1.354	0.191274
1.357	0.191274
1.36	0.191274
1.363	0.191615
1.366	0.192297
1.369	0.192297
1.372	0.192297
1.375	0.192297
1.378	0.192638
1.381	0.193320
1.384	0.193320
1.387	0.193320
1.39	0.194343
1.393	0.194343
1.396	0.194343
1.399	0.194343
1.402	0.194343
1.405	0.195366
1.408	0.195366
1.411	0.195366
1.414	0.196048
1.417	0.196389
1.42	0.197411
1.423	0.197752
1.426	0.198434
1.429	0.198434
1.432	0.198434
1.435	0.199457
1.438	0.199457
1.441	0.199457
1.444	0.200139
1.447	0.200480
1.45	0.200480
1.453	0.200480
1.456	0.200480
1.459	0.200480
1.462	0.200480
1.465	0.201503
1.468	0.201844
1.471	0.202526
1.474	0.202526
1.477	0.202526
1.48	0.203549
1.483	0.203549
1.486	0.203549
1.489	0.203549
1.492	0.203549
1.495	0.204571
1.498	0.204912
1.501	0.205594
1.504	0.205594
1.507	0.205594
1.51	0.206617
1.513	0.206617
1.516	0.206617
1.519	0.207299
1.522	0.207640
1.525	0.207640
1.528	0.207981
1.531	0.208663
1.534	0.208663
1.537	0.208663
1.54	0.208663
1.543	0.208663
1.546	0.208663
1.549	0.208663
1.552	0.208663
1.555	0.209686
1.558	0.209686
1.561	0.209686
1.564	0.210368
1.567	0.210709
1.57	0.210709
1.573	0.211050
1.576	0.211731
1.579	0.211731
1.582	0.211731
1.585	0.211731
1.588	0.211731
1.591	0.211731
1.594	0.211731
1.597	0.211731
1.6	0.211731
1.603	0.212072
1.606	0.212754
1.609	0.212754
1.612	0.212754
1.615	0.212754
1.618	0.213436
1.621	0.214800
1.624	0.214800
1.627	0.214800
1.63	0.214800
1.633	0.215141
1.636	0.215823
1.639	0.215823
1.642	0.215823
1.645	0.215823
1.648	0.216164
1.651	0.216846
1.654	0.216846
1.657	0.216846
1.66	0.216846
1.663	0.217187
1.666	0.217869
1.669	0.217869
1.672	0.217869
1.675	0.217869
1.678	0.217869
1.681	0.217869
1.684	0.218550
1.687	0.218891
1.69	0.218891
1.693	0.218891
1.696	0.218891
1.699	0.218891
1.702	0.218891
1.705	0.219914
1.708	0.219914
1.711	0.219914
1.714	0.219914
1.717	0.219914
1.72	0.219914
1.723	0.220255
1.726	0.220937
1.729	0.220937
1.732	0.220937
1.735	0.220937
1.738	0.220937
1.741	0.220937
1.744	0.222301
1.747	0.222983
1.75	0.222983
1.753	0.222983
1.756	0.222983
1.759	0.223665
1.762	0.224006
1.765	0.224006
1.768	0.224006
1.771	0.224006
1.774	0.224006
1.777	0.224006
1.78	0.225029
1.783	0.225029
1.786	0.225029
1.789	0.225710
1.792	0.226051
1.795	0.226051
1.798	0.226051
1.801	0.226051
1.804	0.226051
1.807	0.226051
1.81	0.227074
1.813	0.227074
1.816	0.227074
1.819	0.227074
1.822	0.227074
1.825	0.228097
1.828	0.228097
1.831	0.228097
1.834	0.228097
1.837	0.228097
1.84	0.229120
1.843	0.229120
1.846	0.229120
1.849	0.229120
1.852	0.229120
1.855	0.229120
1.858	0.229120
1.861	0.229120
1.864	0.229120
1.867	0.229120
1.87	0.230143
1.873	0.230143
1.876	0.230143
1.879	0.230825
1.882	0.231166
1.885	0.231166
1.888	0.231166
1.891	0.231166
1.894	0.231848
1.897	0.232189
1.9	0.232189
1.903	0.232530
1.906	0.233211
1.909	0.233211
1.912	0.233211
1.915	0.234234
1.918	0.234234
1.921	0.234234
1.924	0.234234
1.927	0.234234
1.93	0.234234
1.933	0.234575
1.936	0.235257
1.939	0.235257
1.942	0.235257
1.945	0.235257
1.948	0.235598
1.951	0.236280
1.954	0.236280
1.957	0.236280
1.96	0.237303
1.963	0.237303
1.966	0.237303
1.969	0.237303
1.972	0.237303
1.975	0.237303
1.978	0.237303
1.981	0.237303
1.984	0.237303
1.987	0.237303
1.99	0.238326
1.993	0.238326
1.996	0.238326
1.999	0.238326
2.002	0.238326
2.005	0.238326
2.008	0.238667
2.011	0.239349
2.014	0.240030
2.017	0.240371
2.02	0.240371
2.023	0.240371
2.026	0.240371
2.029	0.240371
2.032	0.240371
2.035	0.241394
2.038	0.241394
2.041	0.241394
2.044	0.241394
2.047	0.241394
2.05	0.242417
2.053	0.242758
2.056	0.243440
2.059	0.243440
2.062	0.243440
2.065	0.243440
2.068	0.243781
2.071	0.244463
2.074	0.244463
2.077	0.244463
2.08	0.245486
2.083	0.245486
2.086	0.245486
2.089	0.246168
2.092	0.246509
2.095	0.246509
2.098	0.246509
2.101	0.246509
2.104	0.246509
2.107	0.246509
2.11	0.246509
2.113	0.246509
2.116	0.246509
2.119	0.247190
2.122	0.247531
2.125	0.247531
2.128	0.247531
2.131	0.247531
2.134	0.248213
2.137	0.248554
2.14	0.248554
2.143	0.248554
2.146	0.248554
2.149	0.248554
2.152	0.248554
2.155	0.249577
2.158	0.249918
2.161	0.250600
2.164	0.250600
2.167	0.250600
2.17	0.250600
2.173	0.250600
2.176	0.250600
2.179	0.251282
2.182	0.251623
2.185	0.251623
2.188	0.251623
2.191	0.251623
2.194	0.252305
2.197	0.252646
2.2	0.252646
2.203	0.252987
2.206	0.253669
2.209	0.253669
2.212	0.253669
2.215	0.253669
2.218	0.254010
2.221	0.254691
2.224	0.256055
2.227	0.256737
2.23	0.256737
2.233	0.256737
2.236	0.256737
2.239	0.256737
2.242	0.256737
2.245	0.256737
2.248	0.256737
2.251	0.256737
2.254	0.256737
2.257	0.256737
2.26	0.257760
2.263	0.257760
2.266	0.257760
2.269	0.258442
2.272	0.258783
2.275	0.258783
2.278	0.258783
2.281	0.258783
2.284	0.259465
2.287	0.259806
2.29	0.259806
2.293	0.260147
2.296	0.260829
2.299	0.260829
2.302	0.260829
2.305	0.260829
2.308	0.260829
2.311	0.260829
2.314	0.261510
2.317	0.261851
2.32	0.262874
2.323	0.262874
2.326	0.262874
2.329	0.263556
2.332	0.263897
2.335	0.263897
2.338	0.263897
2.341	0.263897
2.344	0.263897
2.347	0.263897
2.35	0.263897
2.353	0.264238
2.356	0.264920
2.359	0.264920
2.362	0.264920
2.365	0.265943
2.368	0.265943
2.371	0.265943
2.374	0.266625
2.377	0.266966
2.38	0.266966
2.383	0.266966
2.386	0.266966
2.389	0.267648
2.392	0.267989
2.395	0.267989
2.398	0.268330
2.401	0.269011
2.404	0.269011
2.407	0.269011
2.41	0.269011
2.413	0.269011
2.416	0.269011
2.419	0.269011
2.422	0.269011
2.425	0.270034
2.428	0.270034
2.431	0.270034
2.434	0.270716
2.437	0.271057
2.44	0.271057
2.443	0.271398
2.446	0.272080
2.449	0.272080
2.452	0.272080
2.455	0.272080
2.458	0.272080
2.461	0.272080
2.464	0.271398
2.467	0.271057
2.47	0.270034
2.473	0.270034
2.476	0.270034
2.479	0.269352
2.482	0.269011
2.485	0.267989
2.488	0.267648
2.491	0.266966
2.494	0.266284
2.497	0.265943
2.5	0.265943
2.503	0.265261
2.506	0.263897
2.509	0.263215
2.512	0.262874
2.515	0.261851
