Brown University Keck/NASA Relab Spectrum LS-JBA-151-N/CLS224
Wavelength(micron)	Reflectance
0.351	0.130000
0.354	0.132000
0.357	0.133000
0.36	0.135000
0.363	0.137000
0.366	0.138000
0.369	0.139000
0.372	0.140000
0.375	0.142000
0.378	0.143333
0.381	0.144000
0.384	0.147000
0.387	0.147667
0.39	0.149000
0.393	0.150333
0.396	0.151000
0.399	0.154000
0.402	0.154667
0.405	0.156000
0.408	0.158000
0.411	0.159000
0.414	0.162000
0.417	0.163000
0.42	0.165000
0.423	0.165667
0.426	0.166000
0.429	0.169000
0.432	0.169333
0.435	0.170000
0.438	0.172000
0.441	0.173000
0.444	0.176000
0.447	0.176667
0.45	0.178000
0.453	0.178667
0.456	0.179000
0.459	0.181000
0.462	0.181333
0.465	0.182000
0.468	0.184667
0.471	0.186000
0.474	0.187000
0.477	0.187667
0.48	0.189000
0.483	0.191000
0.486	0.192000
0.489	0.195000
0.492	0.195000
0.495	0.195000
0.498	0.196333
0.501	0.197000
0.504	0.199000
0.507	0.199667
0.51	0.201000
0.513	0.202333
0.517	0.203000
0.52	0.205000
0.523	0.205667
0.526	0.207000
0.529	0.209667
0.532	0.211000
0.535	0.212000
0.538	0.212333
0.541	0.213000
0.544	0.214333
0.547	0.215000
0.55	0.217000
0.553	0.218000
0.556	0.220000
0.559	0.221333
0.562	0.222000
0.565	0.223000
0.568	0.223000
0.571	0.223000
0.574	0.225000
0.577	0.226000
0.58	0.229000
0.583	0.229667
0.586	0.231000
0.589	0.231667
0.593	0.232000
0.596	0.233000
0.599	0.233667
0.602	0.235000
0.605	0.235667
0.608	0.236000
0.611	0.236800
0.614	0.236800
0.617	0.236800
0.62	0.238833
0.623	0.239849
0.626	0.240865
0.629	0.241543
0.632	0.242898
0.636	0.243575
0.639	0.243914
0.642	0.245947
0.645	0.246286
0.648	0.246963
0.651	0.248318
0.654	0.248996
0.657	0.250012
0.66	0.250690
0.664	0.252045
0.667	0.252722
0.67	0.253061
0.673	0.255094
0.676	0.255094
0.679	0.255094
0.683	0.256449
0.686	0.257126
0.689	0.259159
0.692	0.259498
0.695	0.260175
0.698	0.260853
0.702	0.261191
0.705	0.262208
0.708	0.262885
0.711	0.264240
0.714	0.264918
0.718	0.265257
0.721	0.267289
0.724	0.267628
0.727	0.268306
0.73	0.269661
0.734	0.270338
0.737	0.270338
0.74	0.270677
0.743	0.271354
0.746	0.272710
0.75	0.273387
0.753	0.274403
0.756	0.274742
0.759	0.275420
0.762	0.276097
0.766	0.276436
0.769	0.277452
0.772	0.277452
0.775	0.277452
0.778	0.278807
0.781	0.279485
0.785	0.279485
0.788	0.279824
0.791	0.280501
0.794	0.281179
0.797	0.281518
0.8	0.281518
0.803	0.281518
0.807	0.281518
0.81	0.282195
0.813	0.282534
0.816	0.282534
0.819	0.282873
0.822	0.283550
0.825	0.283550
0.828	0.283550
0.831	0.284567
0.834	0.284567
0.838	0.284567
0.841	0.284567
0.844	0.284567
0.847	0.284567
0.85	0.284567
0.853	0.284567
0.856	0.285244
0.859	0.285583
0.862	0.285583
0.865	0.285583
0.868	0.285583
0.871	0.285583
0.874	0.285583
0.877	0.285583
0.88	0.285583
0.883	0.285583
0.887	0.286260
0.89	0.286599
0.893	0.287615
0.896	0.287615
0.899	0.287615
0.902	0.287615
0.905	0.287615
0.908	0.287615
0.911	0.287954
0.914	0.288632
0.917	0.288632
0.92	0.288632
0.923	0.289648
0.926	0.289987
0.929	0.290664
0.932	0.291342
0.935	0.291681
0.938	0.292697
0.941	0.293036
0.944	0.293713
0.947	0.293713
0.95	0.293713
0.953	0.294730
0.956	0.295068
0.959	0.295746
0.962	0.296423
0.965	0.296762
0.968	0.297779
0.971	0.298456
0.974	0.299811
0.978	0.300489
0.981	0.300827
0.984	0.302860
0.987	0.302860
0.99	0.302860
0.993	0.304215
0.996	0.304893
0.999	0.305909
1.002	0.306587
1.005	0.307942
1.008	0.308619
1.011	0.308958
1.014	0.309974
1.017	0.310313
1.02	0.310991
1.023	0.311668
1.026	0.312007
1.029	0.313023
1.032	0.313362
1.035	0.314039
1.038	0.314717
1.041	0.315056
1.044	0.318105
1.047	0.318444
1.05	0.319121
1.053	0.319799
1.056	0.320137
1.059	0.321154
1.062	0.321492
1.065	0.322170
1.068	0.322848
1.071	0.323186
1.074	0.324203
1.077	0.324880
1.08	0.326235
1.083	0.326913
1.086	0.327251
1.089	0.328268
1.092	0.328268
1.095	0.328268
1.098	0.328945
1.101	0.329284
1.104	0.330300
1.107	0.330639
1.11	0.331317
1.113	0.331994
1.116	0.332333
1.119	0.333349
1.122	0.333688
1.125	0.334366
1.128	0.335721
1.131	0.336398
1.134	0.336398
1.137	0.337076
1.14	0.338431
1.143	0.339108
1.146	0.339447
1.149	0.340464
1.152	0.340464
1.155	0.340464
1.158	0.341141
1.161	0.341480
1.164	0.341480
1.167	0.342157
1.17	0.343512
1.173	0.344190
1.176	0.344529
1.179	0.346561
1.182	0.346561
1.185	0.346561
1.188	0.347239
1.191	0.347578
1.194	0.348594
1.197	0.348933
1.2	0.349610
1.203	0.349610
1.206	0.349610
1.209	0.349610
1.212	0.349949
1.215	0.350627
1.218	0.351304
1.221	0.351643
1.224	0.352659
1.227	0.352998
1.23	0.353676
1.233	0.354353
1.236	0.354692
1.239	0.355708
1.242	0.355708
1.245	0.355708
1.248	0.356386
1.251	0.356724
1.254	0.357741
1.257	0.358080
1.26	0.358757
1.263	0.358757
1.266	0.358757
1.269	0.359773
1.272	0.360112
1.276	0.360790
1.279	0.361467
1.282	0.361806
1.285	0.362822
1.288	0.363161
1.291	0.363839
1.294	0.364516
1.297	0.364855
1.3	0.365871
1.303	0.366210
1.306	0.366888
1.309	0.367565
1.312	0.367904
1.315	0.367904
1.318	0.368243
1.321	0.368920
1.324	0.369598
1.327	0.369936
1.33	0.371969
1.333	0.371969
1.336	0.371969
1.339	0.372647
1.342	0.372985
1.345	0.374002
1.348	0.374341
1.351	0.375018
1.354	0.375696
1.357	0.376034
1.36	0.377051
1.363	0.377389
1.366	0.378067
1.369	0.378067
1.372	0.378067
1.375	0.379083
1.378	0.379083
1.381	0.379083
1.384	0.379761
1.387	0.380100
1.39	0.382132
1.393	0.382132
1.396	0.382132
1.399	0.382132
1.402	0.382132
1.405	0.384165
1.408	0.384504
1.411	0.385181
1.414	0.385859
1.417	0.386197
1.42	0.387214
1.423	0.387552
1.426	0.388230
1.429	0.388908
1.432	0.389246
1.435	0.390263
1.438	0.390263
1.441	0.390263
1.444	0.390940
1.447	0.391279
1.45	0.392295
1.453	0.392295
1.456	0.392295
1.459	0.392973
1.462	0.393312
1.465	0.394328
1.468	0.394667
1.471	0.395344
1.474	0.396022
1.477	0.396361
1.48	0.396361
1.483	0.396699
1.486	0.397377
1.489	0.398054
1.492	0.398393
1.495	0.398393
1.498	0.398732
1.501	0.399409
1.504	0.400087
1.507	0.400426
1.51	0.400426
1.513	0.400765
1.516	0.401442
1.519	0.401442
1.522	0.401442
1.525	0.402458
1.528	0.402458
1.531	0.402458
1.534	0.403136
1.537	0.403475
1.54	0.404491
1.543	0.404491
1.546	0.404491
1.549	0.405169
1.552	0.405507
1.555	0.406524
1.558	0.406524
1.561	0.406524
1.564	0.407201
1.567	0.407540
1.57	0.407540
1.573	0.407540
1.576	0.407540
1.579	0.407540
1.582	0.407540
1.585	0.409573
1.588	0.409573
1.591	0.409573
1.594	0.409573
1.597	0.409573
1.6	0.409573
1.603	0.409911
1.606	0.410589
1.609	0.410589
1.612	0.410589
1.615	0.410589
1.618	0.410928
1.621	0.411605
1.624	0.412283
1.627	0.412621
1.63	0.413638
1.633	0.413638
1.636	0.413638
1.639	0.413638
1.642	0.413638
1.645	0.414654
1.648	0.414654
1.651	0.414654
1.654	0.414654
1.657	0.414654
1.66	0.414654
1.663	0.414993
1.666	0.415670
1.669	0.415670
1.672	0.415670
1.675	0.415670
1.678	0.415670
1.681	0.415670
1.684	0.416348
1.687	0.416687
1.69	0.417703
1.693	0.417703
1.696	0.417703
1.699	0.417703
1.702	0.417703
1.705	0.417703
1.708	0.417703
1.711	0.417703
1.714	0.418381
1.717	0.418719
1.72	0.418719
1.723	0.418719
1.726	0.418719
1.729	0.419397
1.732	0.419736
1.735	0.419736
1.738	0.420074
1.741	0.420752
1.744	0.420752
1.747	0.420752
1.75	0.421768
1.753	0.421768
1.756	0.421768
1.759	0.422446
1.762	0.422785
1.765	0.422785
1.768	0.422785
1.771	0.422785
1.774	0.422785
1.777	0.422785
1.78	0.423801
1.783	0.423801
1.786	0.423801
1.789	0.423801
1.792	0.423801
1.795	0.423801
1.798	0.424140
1.801	0.424817
1.804	0.424817
1.807	0.424817
1.81	0.424817
1.813	0.425156
1.816	0.425833
1.819	0.425833
1.822	0.425833
1.825	0.426850
1.828	0.426850
1.831	0.426850
1.834	0.427527
1.837	0.427866
1.84	0.427866
1.843	0.427866
1.846	0.427866
1.849	0.428544
1.852	0.428882
1.855	0.429899
1.858	0.429899
1.861	0.429899
1.864	0.430576
1.867	0.430915
1.87	0.431931
1.873	0.431931
1.876	0.431931
1.879	0.432609
1.882	0.432948
1.885	0.432948
1.888	0.432948
1.891	0.432948
1.894	0.433625
1.897	0.433964
1.9	0.433964
1.903	0.434303
1.906	0.434980
1.909	0.434980
1.912	0.434980
1.915	0.434980
1.918	0.435319
1.921	0.435997
1.924	0.435997
1.927	0.435997
1.93	0.437013
1.933	0.437352
1.936	0.438029
1.939	0.438029
1.942	0.438029
1.945	0.438029
1.948	0.438368
1.951	0.439046
1.954	0.439723
1.957	0.440062
1.96	0.441078
1.963	0.441078
1.966	0.441078
1.969	0.441756
1.972	0.442094
1.975	0.442094
1.978	0.442094
1.981	0.442094
1.984	0.442772
1.987	0.443111
1.99	0.443111
1.993	0.443111
1.996	0.443111
1.999	0.443788
2.002	0.444127
2.005	0.444127
2.008	0.444127
2.011	0.444127
2.014	0.444805
2.017	0.445143
2.02	0.445143
2.023	0.445482
2.026	0.446160
2.029	0.446160
2.032	0.446160
2.035	0.447176
2.038	0.447515
2.041	0.448192
2.044	0.448192
2.047	0.448192
2.05	0.449209
2.053	0.449547
2.056	0.450225
2.059	0.450225
2.062	0.450225
2.065	0.451241
2.068	0.451580
2.071	0.452258
2.074	0.452258
2.077	0.452258
2.08	0.453274
2.083	0.453274
2.086	0.453274
2.089	0.453274
2.092	0.453274
2.095	0.453274
2.098	0.453613
2.101	0.454290
2.104	0.454968
2.107	0.455306
2.11	0.455306
2.113	0.455645
2.116	0.456323
2.119	0.457000
2.122	0.457339
2.125	0.458355
2.128	0.458355
2.131	0.458355
2.134	0.459033
2.137	0.459372
2.14	0.460388
2.143	0.460388
2.146	0.460388
2.149	0.460388
2.152	0.460388
2.155	0.461404
2.158	0.461404
2.161	0.461404
2.164	0.462082
2.167	0.462421
2.17	0.463437
2.173	0.463437
2.176	0.463437
2.179	0.464114
2.182	0.464453
2.185	0.465470
2.188	0.465808
2.191	0.466486
2.194	0.466486
2.197	0.466486
2.2	0.468518
2.203	0.468857
2.206	0.469535
2.209	0.469535
2.212	0.469535
2.215	0.470551
2.218	0.470551
2.221	0.470551
2.224	0.470551
2.227	0.470551
2.23	0.471567
2.233	0.471906
2.236	0.472584
2.239	0.473261
2.242	0.473600
2.245	0.474616
2.248	0.474955
2.251	0.475633
2.254	0.475633
2.257	0.475633
2.26	0.476649
2.263	0.476988
2.266	0.477665
2.269	0.478343
2.272	0.478682
2.275	0.478682
2.278	0.479020
2.281	0.479698
2.284	0.480375
2.287	0.480714
2.29	0.481730
2.293	0.481730
2.296	0.481730
2.299	0.482408
2.302	0.482747
2.305	0.483763
2.308	0.484102
2.311	0.484779
2.314	0.485457
2.317	0.485796
2.32	0.485796
2.323	0.486134
2.326	0.486812
2.329	0.487490
2.332	0.487828
2.335	0.488845
2.338	0.488845
2.341	0.488845
2.344	0.490200
2.347	0.490877
2.35	0.490877
2.353	0.491216
2.356	0.491894
2.359	0.492571
2.362	0.492910
2.365	0.493926
2.368	0.493926
2.371	0.493926
2.374	0.494604
2.377	0.494942
2.38	0.495959
2.383	0.495959
2.386	0.495959
2.389	0.496636
2.392	0.496975
2.395	0.497991
2.398	0.497991
2.401	0.497991
2.404	0.498669
2.407	0.499008
2.41	0.499008
2.413	0.499346
2.416	0.500024
2.419	0.500702
2.422	0.501040
2.425	0.501040
2.428	0.501040
2.431	0.501040
2.434	0.501718
2.437	0.502057
2.44	0.504089
2.443	0.504089
2.446	0.504089
2.449	0.504089
2.452	0.504089
2.455	0.505106
2.458	0.505444
2.461	0.506122
2.464	0.506799
2.467	0.507138
2.47	0.509171
2.473	0.509171
2.476	0.509171
2.479	0.509171
2.482	0.509171
2.485	0.510187
2.488	0.510526
2.491	0.511203
2.494	0.511203
2.497	0.511203
2.5	0.512220
2.503	0.512559
2.506	0.513236
2.509	0.513236
2.512	0.513236
2.515	0.513236
