Brown University Keck/NASA Relab Spectrum LS-JBA-125-P2/CLS299
Wavelength(micron)	Reflectance
0.351	0.103500
0.354	0.103433
0.357	0.103300
0.36	0.103133
0.363	0.103567
0.366	0.104867
0.369	0.104600
0.372	0.106767
0.375	0.107833
0.378	0.107800
0.381	0.108367
0.384	0.108200
0.387	0.109033
0.39	0.109733
0.393	0.110300
0.396	0.111467
0.399	0.110967
0.402	0.110767
0.405	0.111333
0.408	0.112133
0.411	0.112867
0.414	0.112867
0.417	0.113367
0.42	0.112867
0.423	0.112233
0.426	0.113467
0.429	0.114967
0.432	0.116067
0.435	0.117100
0.438	0.116767
0.441	0.116900
0.444	0.116967
0.447	0.117933
0.45	0.118800
0.453	0.119900
0.456	0.120433
0.459	0.120567
0.462	0.121333
0.465	0.121433
0.468	0.122867
0.471	0.124567
0.474	0.124533
0.477	0.124600
0.48	0.124833
0.483	0.125600
0.486	0.126233
0.489	0.126800
0.492	0.128067
0.495	0.128867
0.498	0.129333
0.501	0.129567
0.504	0.130167
0.507	0.130367
0.51	0.130000
0.513	0.130533
0.517	0.131567
0.52	0.133233
0.523	0.133833
0.526	0.132900
0.529	0.132333
0.532	0.133533
0.535	0.134500
0.538	0.135067
0.541	0.134300
0.544	0.134733
0.547	0.135167
0.55	0.135033
0.553	0.135900
0.556	0.136000
0.559	0.136633
0.562	0.136900
0.565	0.137733
0.568	0.139133
0.571	0.139900
0.574	0.140667
0.577	0.140367
0.58	0.140667
0.583	0.141767
0.586	0.141833
0.589	0.141600
0.593	0.141200
0.596	0.140467
0.599	0.138967
0.602	0.139233
0.605	0.139333
0.608	0.139867
0.611	0.140067
0.614	0.141000
0.617	0.141000
0.62	0.141700
0.623	0.144133
0.626	0.145067
0.629	0.145733
0.632	0.144667
0.636	0.145833
0.639	0.147200
0.642	0.147267
0.645	0.145233
0.648	0.144933
0.651	0.146867
0.654	0.147667
0.657	0.145733
0.66	0.147133
0.664	0.149467
0.667	0.150900
0.67	0.150300
0.673	0.148667
0.676	0.149833
0.679	0.149600
0.683	0.150633
0.686	0.152000
0.689	0.151133
0.692	0.152167
0.695	0.150600
0.698	0.149900
0.702	0.152067
0.705	0.152833
0.708	0.152200
0.711	0.151267
0.714	0.152733
0.718	0.154133
0.721	0.155767
0.724	0.152800
0.727	0.153067
0.73	0.153867
0.734	0.154967
0.737	0.157100
0.74	0.157567
0.743	0.154467
0.746	0.152067
0.75	0.152667
0.753	0.150667
0.756	0.150433
0.759	0.152067
0.762	0.153833
0.766	0.153100
0.769	0.154833
0.772	0.154467
0.775	0.154100
0.778	0.155100
0.781	0.157167
0.785	0.158067
0.788	0.158933
0.791	0.159567
0.794	0.158700
0.797	0.157733
0.8	0.158933
0.803	0.157000
0.807	0.155833
0.81	0.157500
0.813	0.159200
0.816	0.158367
0.819	0.157900
0.822	0.160133
0.825	0.159067
0.828	0.157100
0.831	0.154400
0.834	0.152800
0.838	0.152800
0.841	0.151767
0.844	0.150600
0.847	0.152200
0.85	0.155233
0.853	0.157500
0.856	0.157967
0.859	0.158000
0.862	0.158567
0.865	0.157033
0.868	0.158367
0.871	0.153333
0.874	0.152867
0.877	0.157167
0.88	0.157033
0.883	0.151733
0.887	0.144667
0.89	0.143433
0.893	0.145700
0.896	0.150467
0.899	0.154467
0.902	0.154600
0.905	0.153967
0.908	0.154567
0.911	0.151933
0.914	0.150833
0.917	0.153700
0.92	0.156467
0.923	0.153100
0.926	0.151833
0.929	0.152100
0.932	0.151400
0.935	0.149833
0.938	0.149867
0.941	0.152367
0.944	0.149600
0.947	0.146867
0.95	0.148867
0.953	0.151700
0.956	0.153533
0.959	0.154200
0.962	0.155200
0.965	0.153433
0.968	0.152167
0.971	0.152467
0.974	0.153400
0.978	0.155033
0.981	0.154367
0.984	0.155533
0.987	0.156200
0.99	0.155900
0.993	0.159733
0.996	0.161800
0.999	0.161500
1.002	0.161767
1.005	0.163300
1.008	0.162800
1.011	0.164500
1.014	0.164033
1.017	0.161933
1.02	0.161833
1.023	0.163167
1.026	0.162100
1.029	0.161933
1.032	0.161700
1.035	0.160967
1.038	0.162233
1.041	0.163000
1.044	0.166633
1.047	0.165667
1.05	0.165600
1.053	0.166933
1.056	0.170533
1.059	0.170967
1.062	0.170433
1.065	0.171233
1.068	0.170867
1.071	0.169867
1.074	0.170967
1.077	0.171133
1.08	0.171867
1.083	0.171433
1.086	0.174333
1.089	0.176767
1.092	0.175200
1.095	0.175367
1.098	0.174300
1.101	0.174833
1.104	0.175167
1.107	0.176533
1.11	0.177167
1.113	0.176733
1.116	0.174433
1.119	0.178000
1.122	0.180800
1.125	0.183433
1.128	0.186200
1.131	0.184933
1.134	0.181467
1.137	0.178967
1.14	0.182167
1.143	0.184200
1.146	0.186300
1.149	0.187933
1.152	0.184800
1.155	0.185833
1.158	0.186933
1.161	0.187767
1.164	0.185833
1.167	0.187867
1.17	0.188967
1.173	0.188967
1.176	0.190767
1.179	0.191333
1.182	0.189533
1.185	0.189667
1.188	0.190867
1.191	0.190033
1.194	0.189833
1.197	0.192733
1.2	0.192967
1.203	0.191833
1.206	0.192000
1.209	0.191600
1.212	0.191667
1.215	0.192167
1.218	0.192733
1.221	0.191833
1.224	0.192067
1.227	0.192933
1.23	0.194200
1.233	0.195333
1.236	0.194800
1.239	0.193333
1.242	0.192333
1.245	0.194167
1.248	0.196500
1.251	0.196467
1.254	0.196833
1.257	0.199067
1.26	0.199933
1.263	0.200833
1.266	0.199400
1.269	0.198233
1.272	0.200667
1.276	0.200667
1.279	0.199533
1.282	0.201367
1.285	0.200833
1.288	0.200367
1.291	0.202667
1.294	0.204233
1.297	0.204567
1.3	0.202667
1.303	0.202467
1.306	0.203867
1.309	0.204833
1.312	0.204400
1.315	0.205833
1.318	0.204600
1.321	0.204933
1.324	0.204767
1.327	0.204300
1.33	0.204900
1.333	0.205200
1.336	0.206400
1.339	0.208133
1.342	0.208533
1.345	0.209067
1.348	0.210200
1.351	0.209500
1.354	0.209567
1.357	0.210300
1.36	0.209033
1.363	0.211833
1.366	0.212533
1.369	0.211967
1.372	0.214467
1.375	0.215000
1.378	0.213767
1.381	0.214900
1.384	0.216133
1.387	0.216933
1.39	0.214267
1.393	0.213267
1.396	0.215333
1.399	0.215967
1.402	0.213233
1.405	0.211033
1.408	0.213000
1.411	0.215267
1.414	0.215400
1.417	0.213733
1.42	0.215333
1.423	0.216933
1.426	0.216600
1.429	0.216200
1.432	0.217633
1.435	0.217333
1.438	0.218700
1.441	0.220000
1.444	0.218367
1.447	0.217600
1.45	0.218833
1.453	0.219800
1.456	0.218733
1.459	0.220933
1.462	0.223500
1.465	0.221467
1.468	0.222533
1.471	0.222933
1.474	0.221867
1.477	0.223200
1.48	0.225967
1.483	0.226933
1.486	0.227867
1.489	0.225000
1.492	0.223100
1.495	0.224967
1.498	0.223867
1.501	0.220800
1.504	0.221100
1.507	0.225667
1.51	0.224100
1.513	0.222900
1.516	0.225900
1.519	0.225967
1.522	0.225633
1.525	0.227233
1.528	0.227467
1.531	0.225367
1.534	0.225967
1.537	0.226633
1.54	0.228400
1.543	0.229033
1.546	0.228233
1.549	0.227867
1.552	0.226300
1.555	0.226367
1.558	0.229033
1.561	0.229800
1.564	0.229400
1.567	0.227633
1.57	0.229600
1.573	0.231067
1.576	0.232133
1.579	0.231367
1.582	0.230033
1.585	0.228267
1.588	0.230133
1.591	0.232033
1.594	0.232733
1.597	0.231200
1.6	0.231433
1.603	0.231500
1.606	0.233100
1.609	0.234033
1.612	0.233100
1.615	0.232333
1.618	0.231633
1.621	0.232633
1.624	0.233633
1.627	0.232867
1.63	0.231100
1.633	0.230733
1.636	0.232533
1.639	0.235933
1.642	0.235600
1.645	0.232233
1.648	0.232733
1.651	0.231800
1.654	0.230900
1.657	0.231533
1.66	0.234500
1.663	0.236533
1.666	0.235967
1.669	0.234533
1.672	0.235933
1.675	0.236167
1.678	0.235867
1.681	0.238900
1.684	0.239267
1.687	0.235700
1.69	0.234933
1.693	0.235067
1.696	0.234433
1.699	0.234900
1.702	0.233867
1.705	0.233800
1.708	0.232533
1.711	0.233800
1.714	0.234333
1.717	0.234067
1.72	0.234767
1.723	0.233300
1.726	0.233900
1.729	0.233700
1.732	0.232933
1.735	0.232967
1.738	0.234100
1.741	0.235033
1.744	0.234733
1.747	0.232567
1.75	0.233400
1.753	0.234033
1.756	0.235933
1.759	0.235100
1.762	0.235933
1.765	0.237967
1.768	0.235700
1.771	0.234867
1.774	0.236800
1.777	0.238233
1.78	0.239900
1.783	0.240200
1.786	0.239733
1.789	0.236400
1.792	0.232267
1.795	0.232667
1.798	0.237733
1.801	0.237667
1.804	0.235233
1.807	0.235400
1.81	0.239400
1.813	0.237933
1.816	0.235167
1.819	0.235800
1.822	0.235467
1.825	0.237433
1.828	0.237233
1.831	0.236800
1.834	0.237167
1.837	0.238067
1.84	0.237833
1.843	0.235400
1.846	0.238300
1.849	0.240233
1.852	0.238833
1.855	0.240533
1.858	0.241367
1.861	0.238167
1.864	0.235500
1.867	0.236333
1.87	0.239133
1.873	0.240800
1.876	0.241467
1.879	0.238400
1.882	0.233867
1.885	0.233533
1.888	0.235933
1.891	0.237033
1.894	0.236733
1.897	0.234367
1.9	0.233167
1.903	0.235833
1.906	0.237667
1.909	0.235400
1.912	0.235533
1.915	0.236433
1.918	0.239733
1.921	0.238367
1.924	0.238033
1.927	0.239367
1.93	0.239067
1.933	0.237067
1.936	0.237267
1.939	0.236900
1.942	0.239000
1.945	0.240467
1.948	0.240467
1.951	0.240167
1.954	0.243267
1.957	0.242767
1.96	0.240100
1.963	0.239000
1.966	0.238700
1.969	0.241167
1.972	0.241967
1.975	0.242467
1.978	0.241967
1.981	0.241733
1.984	0.241033
1.987	0.241833
1.99	0.241533
1.993	0.240067
1.996	0.239133
1.999	0.240033
2.002	0.242667
2.005	0.246600
2.008	0.246167
2.011	0.246133
2.014	0.246867
2.017	0.246900
2.02	0.246300
2.023	0.248133
2.026	0.249533
2.029	0.249533
2.032	0.247300
2.035	0.247200
2.038	0.248700
2.041	0.248700
2.044	0.250333
2.047	0.250733
2.05	0.250100
2.053	0.249833
2.056	0.247867
2.059	0.248167
2.062	0.250233
2.065	0.251733
2.068	0.251867
2.071	0.249667
2.074	0.249633
2.077	0.250867
2.08	0.252500
2.083	0.251867
2.086	0.250233
2.089	0.249800
2.092	0.250100
2.095	0.249033
2.098	0.248233
2.101	0.248700
2.104	0.248900
2.107	0.250333
2.11	0.251367
2.113	0.255867
2.116	0.255367
2.119	0.252967
2.122	0.251967
2.125	0.251533
2.128	0.253667
2.131	0.255500
2.134	0.257133
2.137	0.255533
2.14	0.253200
2.143	0.253933
2.146	0.255300
2.149	0.256900
2.152	0.256333
2.155	0.255767
2.158	0.255233
2.161	0.257100
2.164	0.259067
2.167	0.258800
2.17	0.259200
2.173	0.258467
2.176	0.258667
2.179	0.258300
2.182	0.256633
2.185	0.257033
2.188	0.257967
2.191	0.261467
2.194	0.259933
2.197	0.257933
2.2	0.257967
2.203	0.257067
2.206	0.259133
2.209	0.260200
2.212	0.260833
2.215	0.260033
2.218	0.262200
2.221	0.263767
2.224	0.261800
2.227	0.261933
2.23	0.262167
2.233	0.263300
2.236	0.265233
2.239	0.266600
2.242	0.267600
2.245	0.267367
2.248	0.268567
2.251	0.270100
2.254	0.271267
2.257	0.272333
2.26	0.270400
2.263	0.267767
2.266	0.270067
2.269	0.273067
2.272	0.272700
2.275	0.269933
2.278	0.268933
2.281	0.271033
2.284	0.275400
2.287	0.275367
2.29	0.274467
2.293	0.274067
2.296	0.275233
2.299	0.275167
2.302	0.272600
2.305	0.271000
2.308	0.273033
2.311	0.271967
2.314	0.274800
2.317	0.274900
2.32	0.275267
2.323	0.277167
2.326	0.276367
2.329	0.276633
2.332	0.276267
2.335	0.277333
2.338	0.276700
2.341	0.277167
2.344	0.280733
2.347	0.281167
2.35	0.279033
2.353	0.279400
2.356	0.281767
2.359	0.281733
2.362	0.279633
2.365	0.278800
2.368	0.278833
2.371	0.280200
2.374	0.282733
2.377	0.286533
2.38	0.285167
2.383	0.282733
2.386	0.284033
2.389	0.285433
2.392	0.285100
2.395	0.283100
2.398	0.285833
2.401	0.286867
2.404	0.286567
2.407	0.286100
2.41	0.285600
2.413	0.284767
2.416	0.286467
2.419	0.285133
2.422	0.287667
2.425	0.290400
2.428	0.289433
2.431	0.289000
2.434	0.288633
2.437	0.289767
2.44	0.290200
2.443	0.288100
2.446	0.287633
2.449	0.290333
2.452	0.292767
2.455	0.292933
2.458	0.293400
2.461	0.294133
2.464	0.292833
2.467	0.291567
2.47	0.290500
2.473	0.291933
2.476	0.294333
2.479	0.295300
2.482	0.296933
2.485	0.295033
2.488	0.296067
2.491	0.296767
2.494	0.296400
2.497	0.298067
2.5	0.299300
2.503	0.300667
2.506	0.301500
2.509	0.300333
2.512	0.301200
2.515	0.299633
