Brown University Keck/NASA Relab Spectrum LS-JBA-127-P1/CLS281
Wavelength(micron)	Reflectance
0.351	0.142700
0.354	0.142167
0.357	0.142367
0.36	0.142467
0.363	0.142533
0.366	0.142600
0.369	0.142333
0.372	0.143033
0.375	0.142833
0.378	0.143733
0.381	0.143900
0.384	0.145333
0.387	0.145033
0.39	0.145133
0.393	0.146267
0.396	0.145867
0.399	0.147400
0.402	0.147533
0.405	0.146867
0.408	0.145533
0.411	0.145233
0.414	0.146433
0.417	0.147600
0.42	0.148367
0.423	0.148833
0.426	0.148333
0.429	0.148333
0.432	0.149800
0.435	0.151333
0.438	0.152067
0.441	0.152567
0.444	0.151800
0.447	0.153133
0.45	0.154167
0.453	0.153467
0.456	0.153433
0.459	0.153633
0.462	0.153133
0.465	0.154533
0.468	0.155500
0.471	0.156933
0.474	0.157633
0.477	0.158033
0.48	0.156967
0.483	0.156467
0.486	0.157200
0.489	0.158467
0.492	0.157833
0.495	0.158867
0.498	0.159700
0.501	0.160467
0.504	0.160967
0.507	0.159967
0.51	0.159833
0.513	0.160267
0.517	0.162300
0.52	0.163133
0.523	0.163667
0.526	0.164200
0.529	0.164400
0.532	0.164267
0.535	0.165300
0.538	0.166300
0.541	0.165400
0.544	0.164967
0.547	0.165933
0.55	0.165900
0.553	0.166300
0.556	0.167300
0.559	0.167467
0.562	0.167600
0.565	0.168467
0.568	0.169533
0.571	0.170433
0.574	0.172033
0.577	0.171400
0.58	0.170533
0.583	0.170833
0.586	0.171733
0.589	0.172100
0.593	0.172700
0.596	0.172433
0.599	0.172833
0.602	0.174533
0.605	0.174367
0.608	0.174867
0.611	0.175400
0.614	0.175033
0.617	0.176000
0.62	0.177100
0.623	0.179233
0.626	0.180033
0.629	0.179167
0.632	0.179500
0.636	0.177733
0.639	0.178467
0.642	0.178767
0.645	0.177967
0.648	0.176067
0.651	0.176467
0.654	0.178200
0.657	0.179200
0.66	0.180667
0.664	0.182667
0.667	0.184467
0.67	0.184500
0.673	0.184367
0.676	0.180733
0.679	0.181733
0.683	0.183233
0.686	0.185333
0.689	0.186200
0.692	0.187233
0.695	0.185433
0.698	0.183700
0.702	0.184767
0.705	0.184500
0.708	0.184733
0.711	0.188533
0.714	0.190067
0.718	0.189767
0.721	0.189867
0.724	0.187800
0.727	0.186667
0.73	0.188000
0.734	0.186933
0.737	0.187000
0.74	0.188200
0.743	0.189533
0.746	0.191300
0.75	0.191667
0.753	0.192833
0.756	0.192267
0.759	0.189000
0.762	0.186033
0.766	0.187067
0.769	0.191033
0.772	0.189500
0.775	0.188700
0.778	0.191133
0.781	0.190767
0.785	0.191600
0.788	0.193267
0.791	0.193400
0.794	0.192867
0.797	0.193767
0.8	0.193700
0.803	0.192867
0.807	0.193500
0.81	0.192967
0.813	0.193533
0.816	0.194200
0.819	0.193167
0.822	0.192300
0.825	0.193133
0.828	0.194767
0.831	0.192433
0.834	0.193433
0.838	0.193000
0.841	0.193733
0.844	0.193500
0.847	0.193833
0.85	0.195033
0.853	0.195200
0.856	0.194033
0.859	0.195400
0.862	0.197600
0.865	0.199267
0.868	0.198333
0.871	0.195867
0.874	0.195000
0.877	0.193433
0.88	0.192367
0.883	0.192000
0.887	0.193567
0.89	0.196267
0.893	0.196900
0.896	0.193067
0.899	0.189900
0.902	0.190700
0.905	0.190600
0.908	0.192000
0.911	0.191833
0.914	0.192567
0.917	0.194333
0.92	0.193333
0.923	0.192467
0.926	0.191967
0.929	0.191200
0.932	0.189633
0.935	0.190967
0.938	0.192433
0.941	0.193167
0.944	0.193333
0.947	0.192033
0.95	0.194800
0.953	0.195633
0.956	0.194500
0.959	0.194200
0.962	0.193700
0.965	0.196733
0.968	0.198200
0.971	0.196667
0.974	0.193967
0.978	0.194233
0.981	0.197067
0.984	0.196000
0.987	0.192800
0.99	0.193233
0.993	0.194200
0.996	0.194100
0.999	0.194200
1.002	0.196933
1.005	0.198433
1.008	0.199767
1.011	0.199500
1.014	0.199467
1.017	0.200300
1.02	0.201500
1.023	0.201500
1.026	0.202800
1.029	0.201533
1.032	0.201500
1.035	0.201700
1.038	0.201967
1.041	0.203733
1.044	0.205300
1.047	0.206033
1.05	0.207933
1.053	0.208667
1.056	0.207000
1.059	0.207200
1.062	0.207267
1.065	0.210233
1.068	0.211233
1.071	0.210800
1.074	0.210767
1.077	0.209567
1.08	0.208867
1.083	0.210967
1.086	0.213167
1.089	0.213100
1.092	0.213033
1.095	0.212733
1.098	0.213867
1.101	0.214733
1.104	0.215833
1.107	0.211933
1.11	0.209133
1.113	0.209400
1.116	0.212200
1.119	0.214833
1.122	0.215567
1.125	0.218700
1.128	0.219200
1.131	0.220267
1.134	0.219067
1.137	0.217567
1.14	0.220800
1.143	0.222367
1.146	0.222100
1.149	0.222433
1.152	0.222167
1.155	0.222033
1.158	0.221167
1.161	0.221067
1.164	0.223267
1.167	0.222967
1.17	0.222800
1.173	0.224633
1.176	0.223767
1.179	0.220667
1.182	0.220333
1.185	0.223800
1.188	0.224233
1.191	0.223167
1.194	0.223467
1.197	0.223633
1.2	0.224700
1.203	0.223800
1.206	0.224900
1.209	0.224333
1.212	0.225867
1.215	0.227033
1.218	0.224367
1.221	0.224167
1.224	0.226500
1.227	0.228100
1.23	0.230133
1.233	0.230400
1.236	0.231067
1.239	0.231700
1.242	0.231733
1.245	0.232767
1.248	0.232733
1.251	0.231367
1.254	0.232800
1.257	0.233500
1.26	0.235467
1.263	0.237267
1.266	0.236667
1.269	0.233833
1.272	0.231967
1.276	0.232700
1.279	0.235700
1.282	0.237000
1.285	0.237733
1.288	0.236867
1.291	0.235300
1.294	0.234667
1.297	0.235700
1.3	0.235967
1.303	0.237267
1.306	0.237967
1.309	0.237700
1.312	0.239967
1.315	0.242700
1.318	0.243133
1.321	0.243400
1.324	0.242200
1.327	0.242567
1.33	0.241767
1.333	0.243067
1.336	0.242000
1.339	0.241000
1.342	0.243100
1.345	0.241367
1.348	0.242600
1.351	0.244767
1.354	0.244100
1.357	0.244467
1.36	0.244600
1.363	0.246300
1.366	0.245033
1.369	0.245500
1.372	0.246800
1.375	0.248167
1.378	0.249433
1.381	0.249967
1.384	0.247800
1.387	0.247200
1.39	0.247700
1.393	0.248667
1.396	0.250167
1.399	0.251233
1.402	0.253633
1.405	0.252867
1.408	0.251700
1.411	0.250433
1.414	0.251367
1.417	0.250767
1.42	0.250533
1.423	0.251400
1.426	0.250733
1.429	0.249400
1.432	0.251800
1.435	0.254800
1.438	0.253733
1.441	0.254033
1.444	0.254700
1.447	0.254433
1.45	0.252567
1.453	0.252833
1.456	0.253200
1.459	0.253267
1.462	0.253100
1.465	0.255367
1.468	0.254267
1.471	0.255767
1.474	0.257733
1.477	0.258867
1.48	0.257433
1.483	0.258467
1.486	0.258600
1.489	0.260400
1.492	0.260767
1.495	0.260767
1.498	0.262367
1.501	0.259333
1.504	0.259367
1.507	0.261333
1.51	0.261533
1.513	0.262233
1.516	0.261200
1.519	0.263800
1.522	0.265467
1.525	0.262733
1.528	0.261333
1.531	0.263767
1.534	0.264633
1.537	0.263767
1.54	0.264267
1.543	0.264667
1.546	0.264233
1.549	0.263967
1.552	0.264833
1.555	0.266467
1.558	0.267233
1.561	0.265567
1.564	0.265600
1.567	0.267200
1.57	0.267500
1.573	0.267667
1.576	0.265700
1.579	0.264200
1.582	0.265567
1.585	0.267667
1.588	0.268133
1.591	0.267700
1.594	0.266467
1.597	0.267967
1.6	0.269400
1.603	0.269833
1.606	0.269500
1.609	0.267767
1.612	0.267433
1.615	0.268467
1.618	0.269100
1.621	0.268667
1.624	0.269100
1.627	0.267300
1.63	0.267200
1.633	0.265133
1.636	0.267433
1.639	0.267167
1.642	0.268667
1.645	0.270033
1.648	0.269933
1.651	0.269800
1.654	0.270033
1.657	0.270133
1.66	0.269867
1.663	0.269600
1.666	0.271233
1.669	0.270533
1.672	0.273133
1.675	0.272800
1.678	0.270233
1.681	0.268767
1.684	0.268167
1.687	0.269567
1.69	0.271533
1.693	0.269867
1.696	0.270433
1.699	0.271233
1.702	0.274100
1.705	0.276133
1.708	0.275567
1.711	0.271667
1.714	0.270400
1.717	0.272367
1.72	0.273600
1.723	0.275000
1.726	0.274433
1.729	0.272700
1.732	0.274033
1.735	0.275667
1.738	0.272633
1.741	0.271700
1.744	0.271667
1.747	0.271133
1.75	0.271900
1.753	0.272567
1.756	0.273133
1.759	0.273100
1.762	0.274367
1.765	0.275267
1.768	0.275167
1.771	0.275533
1.774	0.274733
1.777	0.273933
1.78	0.273100
1.783	0.275467
1.786	0.276767
1.789	0.275033
1.792	0.275867
1.795	0.276100
1.798	0.277033
1.801	0.275900
1.804	0.275900
1.807	0.275433
1.81	0.273267
1.813	0.273667
1.816	0.274833
1.819	0.275133
1.822	0.275200
1.825	0.274900
1.828	0.275600
1.831	0.276200
1.834	0.276733
1.837	0.278933
1.84	0.278767
1.843	0.278800
1.846	0.278700
1.849	0.276833
1.852	0.276733
1.855	0.274900
1.858	0.276100
1.861	0.276367
1.864	0.274500
1.867	0.273900
1.87	0.273633
1.873	0.276233
1.876	0.276633
1.879	0.278567
1.882	0.278500
1.885	0.278300
1.888	0.279233
1.891	0.279867
1.894	0.279567
1.897	0.278733
1.9	0.278133
1.903	0.279667
1.906	0.278633
1.909	0.280200
1.912	0.279833
1.915	0.280267
1.918	0.279833
1.921	0.280133
1.924	0.279833
1.927	0.281033
1.93	0.281367
1.933	0.282067
1.936	0.283033
1.939	0.282500
1.942	0.282733
1.945	0.279833
1.948	0.280733
1.951	0.279600
1.954	0.280667
1.957	0.282133
1.96	0.282667
1.963	0.279300
1.966	0.278067
1.969	0.279733
1.972	0.281467
1.975	0.285233
1.978	0.287667
1.981	0.286200
1.984	0.286500
1.987	0.284467
1.99	0.285133
1.993	0.284433
1.996	0.284933
1.999	0.284967
2.002	0.284100
2.005	0.283000
2.008	0.282233
2.011	0.281033
2.014	0.283167
2.017	0.283800
2.02	0.284900
2.023	0.283733
2.026	0.283533
2.029	0.285967
2.032	0.288067
2.035	0.286467
2.038	0.285567
2.041	0.286167
2.044	0.288800
2.047	0.288300
2.05	0.289100
2.053	0.287467
2.056	0.284833
2.059	0.285833
2.062	0.285767
2.065	0.286400
2.068	0.286567
2.071	0.288400
2.074	0.290500
2.077	0.290967
2.08	0.290733
2.083	0.290700
2.086	0.290933
2.089	0.291600
2.092	0.291700
2.095	0.291233
2.098	0.291900
2.101	0.290933
2.104	0.289167
2.107	0.291233
2.11	0.293100
2.113	0.293167
2.116	0.292933
2.119	0.292467
2.122	0.292433
2.125	0.291033
2.128	0.290600
2.131	0.289967
2.134	0.290500
2.137	0.293333
2.14	0.295167
2.143	0.296267
2.146	0.297233
2.149	0.298600
2.152	0.295067
2.155	0.293567
2.158	0.295767
2.161	0.295833
2.164	0.294067
2.167	0.294967
2.17	0.296633
2.173	0.298767
2.176	0.298633
2.179	0.295433
2.182	0.296033
2.185	0.298267
2.188	0.298667
2.191	0.299700
2.194	0.298967
2.197	0.298900
2.2	0.298967
2.203	0.297667
2.206	0.296433
2.209	0.295400
2.212	0.298667
2.215	0.301833
2.218	0.304000
2.221	0.303200
2.224	0.301900
2.227	0.303700
2.23	0.302667
2.233	0.305500
2.236	0.308167
2.239	0.306167
2.242	0.307100
2.245	0.306300
2.248	0.306233
2.251	0.305767
2.254	0.305533
2.257	0.305867
2.26	0.304633
2.263	0.306400
2.266	0.306067
2.269	0.304767
2.272	0.306100
2.275	0.307000
2.278	0.306900
2.281	0.306867
2.284	0.309633
2.287	0.311833
2.29	0.311233
2.293	0.310100
2.296	0.309133
2.299	0.311200
2.302	0.314800
2.305	0.311600
2.308	0.309567
2.311	0.310367
2.314	0.311000
2.317	0.312300
2.32	0.311400
2.323	0.311967
2.326	0.315333
2.329	0.315067
2.332	0.313567
2.335	0.314700
2.338	0.316800
2.341	0.315567
2.344	0.315067
2.347	0.315067
2.35	0.315033
2.353	0.315733
2.356	0.316000
2.359	0.319600
2.362	0.320767
2.365	0.320633
2.368	0.320833
2.371	0.319800
2.374	0.321267
2.377	0.321933
2.38	0.321933
2.383	0.322933
2.386	0.322967
2.389	0.321200
2.392	0.321600
2.395	0.322100
2.398	0.320867
2.401	0.321333
2.404	0.321733
2.407	0.321800
2.41	0.323233
2.413	0.322433
2.416	0.323800
2.419	0.325300
2.422	0.324833
2.425	0.324800
2.428	0.326833
2.431	0.327967
2.434	0.328000
2.437	0.328100
2.44	0.327133
2.443	0.327067
2.446	0.327700
2.449	0.326133
2.452	0.325800
2.455	0.326733
2.458	0.327400
2.461	0.326700
2.464	0.326100
2.467	0.326500
2.47	0.328833
2.473	0.329833
2.476	0.330133
2.479	0.328100
2.482	0.327033
2.485	0.329233
2.488	0.330667
2.491	0.333600
2.494	0.333967
2.497	0.332667
2.5	0.332133
2.503	0.333533
2.506	0.333433
2.509	0.333900
2.512	0.332900
2.515	0.332667
