Brown University Keck/NASA Relab Spectrum LS-JBA-115/CLS265
Wavelength(micron)	Reflectance
0.351	0.077000
0.354	0.078000
0.357	0.078000
0.36	0.078000
0.363	0.079333
0.366	0.080000
0.369	0.081000
0.372	0.081333
0.375	0.082000
0.378	0.082667
0.381	0.083000
0.384	0.083000
0.387	0.083667
0.39	0.085000
0.393	0.085667
0.396	0.086000
0.399	0.086000
0.402	0.086333
0.405	0.087000
0.408	0.087667
0.411	0.088000
0.414	0.088000
0.417	0.088000
0.42	0.088000
0.423	0.089333
0.426	0.090000
0.429	0.090000
0.432	0.090000
0.435	0.090000
0.438	0.090667
0.441	0.091000
0.444	0.092000
0.447	0.092333
0.45	0.093000
0.453	0.093000
0.456	0.093000
0.459	0.093000
0.462	0.093333
0.465	0.094000
0.468	0.094000
0.471	0.094000
0.474	0.094000
0.477	0.094000
0.48	0.094000
0.483	0.094667
0.486	0.095000
0.489	0.095000
0.492	0.095000
0.495	0.095000
0.498	0.095000
0.501	0.095000
0.504	0.095000
0.507	0.095000
0.51	0.095000
0.513	0.095667
0.517	0.096000
0.52	0.097000
0.523	0.097000
0.526	0.097000
0.529	0.097000
0.532	0.097000
0.535	0.098000
0.538	0.098000
0.541	0.098000
0.544	0.098000
0.547	0.098000
0.55	0.098000
0.553	0.098333
0.556	0.099000
0.559	0.099000
0.562	0.099000
0.565	0.099000
0.568	0.099000
0.571	0.099000
0.574	0.099000
0.577	0.099000
0.58	0.099000
0.583	0.099000
0.586	0.099000
0.589	0.099667
0.593	0.100000
0.596	0.100000
0.599	0.100000
0.602	0.100000
0.605	0.100000
0.608	0.100000
0.611	0.100000
0.614	0.100000
0.617	0.100000
0.62	0.100000
0.623	0.100000
0.626	0.101053
0.629	0.101053
0.632	0.101053
0.636	0.101053
0.639	0.101053
0.642	0.101053
0.645	0.101053
0.648	0.101053
0.651	0.101053
0.654	0.101053
0.657	0.101053
0.66	0.101053
0.664	0.101053
0.667	0.101053
0.67	0.101053
0.673	0.101053
0.676	0.101053
0.679	0.101053
0.683	0.101053
0.686	0.101053
0.689	0.101053
0.692	0.101053
0.695	0.101053
0.698	0.101053
0.702	0.101053
0.705	0.101053
0.708	0.101053
0.711	0.101053
0.714	0.101053
0.718	0.101053
0.721	0.101053
0.724	0.101053
0.727	0.101053
0.73	0.101053
0.734	0.101053
0.737	0.100000
0.74	0.100000
0.743	0.100000
0.746	0.100000
0.75	0.100000
0.753	0.098947
0.756	0.098947
0.759	0.098947
0.762	0.098947
0.766	0.098947
0.769	0.098947
0.772	0.098947
0.775	0.098947
0.778	0.098947
0.781	0.098947
0.785	0.097895
0.788	0.097895
0.791	0.097895
0.794	0.097895
0.797	0.097895
0.8	0.096842
0.803	0.096842
0.807	0.096842
0.81	0.096140
0.813	0.095789
0.816	0.093684
0.819	0.093684
0.822	0.093684
0.825	0.093684
0.828	0.093684
0.831	0.092632
0.834	0.091930
0.838	0.090526
0.841	0.090526
0.844	0.090526
0.847	0.090526
0.85	0.090526
0.853	0.090526
0.856	0.090526
0.859	0.090526
0.862	0.089474
0.865	0.089474
0.868	0.089474
0.871	0.089474
0.874	0.089474
0.877	0.089474
0.88	0.089474
0.883	0.089474
0.887	0.089474
0.89	0.089474
0.893	0.089474
0.896	0.089474
0.899	0.089474
0.902	0.089474
0.905	0.089474
0.908	0.089474
0.911	0.089474
0.914	0.089474
0.917	0.089474
0.92	0.089474
0.923	0.089474
0.926	0.089474
0.929	0.089474
0.932	0.089474
0.935	0.089474
0.938	0.089474
0.941	0.089474
0.944	0.089474
0.947	0.089474
0.95	0.089474
0.953	0.089474
0.956	0.089474
0.959	0.089474
0.962	0.090175
0.965	0.090526
0.968	0.090526
0.971	0.090526
0.974	0.090526
0.978	0.091228
0.981	0.091579
0.984	0.091579
0.987	0.091579
0.99	0.091579
0.993	0.091579
0.996	0.091579
0.999	0.091579
1.002	0.091579
1.005	0.091579
1.008	0.092281
1.011	0.092632
1.014	0.092632
1.017	0.092632
1.02	0.092632
1.023	0.092632
1.026	0.092632
1.029	0.093684
1.032	0.093684
1.035	0.093684
1.038	0.093684
1.041	0.093684
1.044	0.094737
1.047	0.094737
1.05	0.094737
1.053	0.095439
1.056	0.095789
1.059	0.095789
1.062	0.096140
1.065	0.096842
1.068	0.096842
1.071	0.096842
1.074	0.097895
1.077	0.097895
1.08	0.097895
1.083	0.098596
1.086	0.098947
1.089	0.098947
1.092	0.099298
1.095	0.100000
1.098	0.100000
1.101	0.100000
1.104	0.100000
1.107	0.100351
1.11	0.101053
1.113	0.101053
1.116	0.101053
1.119	0.102105
1.122	0.102105
1.125	0.102105
1.128	0.102105
1.131	0.102105
1.134	0.102105
1.137	0.102105
1.14	0.102105
1.143	0.102105
1.146	0.102105
1.149	0.103158
1.152	0.103158
1.155	0.103158
1.158	0.103158
1.161	0.103158
1.164	0.103158
1.167	0.103509
1.17	0.104211
1.173	0.104211
1.176	0.104211
1.179	0.104211
1.182	0.104211
1.185	0.104211
1.188	0.104211
1.191	0.104211
1.194	0.104211
1.197	0.104211
1.2	0.104211
1.203	0.104912
1.206	0.105263
1.209	0.105263
1.212	0.105263
1.215	0.105263
1.218	0.105263
1.221	0.105263
1.224	0.105263
1.227	0.105263
1.23	0.105263
1.233	0.105263
1.236	0.105263
1.239	0.106316
1.242	0.106316
1.245	0.106316
1.248	0.106316
1.251	0.106316
1.254	0.106316
1.257	0.106316
1.26	0.106316
1.263	0.106316
1.266	0.106316
1.269	0.106316
1.272	0.106667
1.276	0.107368
1.279	0.107368
1.282	0.107368
1.285	0.107368
1.288	0.107368
1.291	0.107368
1.294	0.108070
1.297	0.108421
1.3	0.108421
1.303	0.108421
1.306	0.108421
1.309	0.108421
1.312	0.108421
1.315	0.108421
1.318	0.108421
1.321	0.108421
1.324	0.108421
1.327	0.108421
1.33	0.108421
1.333	0.108421
1.336	0.108421
1.339	0.108421
1.342	0.108421
1.345	0.108421
1.348	0.108421
1.351	0.108421
1.354	0.108421
1.357	0.108421
1.36	0.108421
1.363	0.108421
1.366	0.108421
1.369	0.108421
1.372	0.108421
1.375	0.108421
1.378	0.108421
1.381	0.108421
1.384	0.108421
1.387	0.108421
1.39	0.108421
1.393	0.108421
1.396	0.108421
1.399	0.109123
1.402	0.109474
1.405	0.109474
1.408	0.109474
1.411	0.109474
1.414	0.109474
1.417	0.109474
1.42	0.109474
1.423	0.109825
1.426	0.110526
1.429	0.110526
1.432	0.110526
1.435	0.110526
1.438	0.110526
1.441	0.110526
1.444	0.110526
1.447	0.110526
1.45	0.110526
1.453	0.110526
1.456	0.110526
1.459	0.110526
1.462	0.110526
1.465	0.110526
1.468	0.110526
1.471	0.110526
1.474	0.110526
1.477	0.110526
1.48	0.110526
1.483	0.110526
1.486	0.110526
1.489	0.110526
1.492	0.110526
1.495	0.110526
1.498	0.110526
1.501	0.110526
1.504	0.110526
1.507	0.110526
1.51	0.110526
1.513	0.110526
1.516	0.110526
1.519	0.110526
1.522	0.110526
1.525	0.110526
1.528	0.110526
1.531	0.110526
1.534	0.110526
1.537	0.110526
1.54	0.110526
1.543	0.110526
1.546	0.110526
1.549	0.110526
1.552	0.110526
1.555	0.110526
1.558	0.110526
1.561	0.110526
1.564	0.110526
1.567	0.110526
1.57	0.110526
1.573	0.110526
1.576	0.110526
1.579	0.110526
1.582	0.110526
1.585	0.109474
1.588	0.109474
1.591	0.109474
1.594	0.109474
1.597	0.109474
1.6	0.109474
1.603	0.109474
1.606	0.109474
1.609	0.109474
1.612	0.109474
1.615	0.109474
1.618	0.109474
1.621	0.109474
1.624	0.109474
1.627	0.109474
1.63	0.109474
1.633	0.109123
1.636	0.108421
1.639	0.108421
1.642	0.108421
1.645	0.108421
1.648	0.108421
1.651	0.108421
1.654	0.108421
1.657	0.108421
1.66	0.108421
1.663	0.108421
1.666	0.108421
1.669	0.108421
1.672	0.108421
1.675	0.108421
1.678	0.108421
1.681	0.108421
1.684	0.108421
1.687	0.108421
1.69	0.108421
1.693	0.108070
1.696	0.107368
1.699	0.107368
1.702	0.107368
1.705	0.107368
1.708	0.107368
1.711	0.107368
1.714	0.107368
1.717	0.107368
1.72	0.106316
1.723	0.106316
1.726	0.106316
1.729	0.106316
1.732	0.106316
1.735	0.106316
1.738	0.106316
1.741	0.106316
1.744	0.106316
1.747	0.106316
1.75	0.106316
1.753	0.106316
1.756	0.106316
1.759	0.106316
1.762	0.106316
1.765	0.106316
1.768	0.106316
1.771	0.106316
1.774	0.106316
1.777	0.106316
1.78	0.106316
1.783	0.106316
1.786	0.106316
1.789	0.106316
1.792	0.106316
1.795	0.106316
1.798	0.106316
1.801	0.106316
1.804	0.105614
1.807	0.105263
1.81	0.105263
1.813	0.105263
1.816	0.105263
1.819	0.105263
1.822	0.105263
1.825	0.105263
1.828	0.105263
1.831	0.105263
1.834	0.105263
1.837	0.105263
1.84	0.105263
1.843	0.105263
1.846	0.105263
1.849	0.105263
1.852	0.105263
1.855	0.105263
1.858	0.105263
1.861	0.105263
1.864	0.104561
1.867	0.104211
1.87	0.104211
1.873	0.104211
1.876	0.104211
1.879	0.104211
1.882	0.104211
1.885	0.104211
1.888	0.104211
1.891	0.104211
1.894	0.104211
1.897	0.104211
1.9	0.104211
1.903	0.104211
1.906	0.104211
1.909	0.104211
1.912	0.104211
1.915	0.104211
1.918	0.104211
1.921	0.104211
1.924	0.104211
1.927	0.104211
1.93	0.104211
1.933	0.104211
1.936	0.104211
1.939	0.104211
1.942	0.104211
1.945	0.104211
1.948	0.104211
1.951	0.104211
1.954	0.104211
1.957	0.104211
1.96	0.104211
1.963	0.104211
1.966	0.104211
1.969	0.104211
1.972	0.104211
1.975	0.104211
1.978	0.104211
1.981	0.104211
1.984	0.104211
1.987	0.104211
1.99	0.104211
1.993	0.104211
1.996	0.104211
1.999	0.104211
2.002	0.104211
2.005	0.104211
2.008	0.104211
2.011	0.104211
2.014	0.104211
2.017	0.104211
2.02	0.104211
2.023	0.104211
2.026	0.104211
2.029	0.104211
2.032	0.104211
2.035	0.104211
2.038	0.104211
2.041	0.104211
2.044	0.104211
2.047	0.104211
2.05	0.104211
2.053	0.104211
2.056	0.104211
2.059	0.104211
2.062	0.104211
2.065	0.104211
2.068	0.104211
2.071	0.104211
2.074	0.104211
2.077	0.104211
2.08	0.104211
2.083	0.104211
2.086	0.104211
2.089	0.104211
2.092	0.104211
2.095	0.104211
2.098	0.104211
2.101	0.104211
2.104	0.104211
2.107	0.104211
2.11	0.104211
2.113	0.104211
2.116	0.104211
2.119	0.104211
2.122	0.104211
2.125	0.104211
2.128	0.104211
2.131	0.104211
2.134	0.104211
2.137	0.104211
2.14	0.104211
2.143	0.104211
2.146	0.104211
2.149	0.104211
2.152	0.104211
2.155	0.104211
2.158	0.104211
2.161	0.104211
2.164	0.104211
2.167	0.104211
2.17	0.104211
2.173	0.104211
2.176	0.104211
2.179	0.104211
2.182	0.104211
2.185	0.104211
2.188	0.104211
2.191	0.104211
2.194	0.104211
2.197	0.104211
2.2	0.104211
2.203	0.104211
2.206	0.104211
2.209	0.104211
2.212	0.104211
2.215	0.104211
2.218	0.104211
2.221	0.104211
2.224	0.104211
2.227	0.104211
2.23	0.104211
2.233	0.104211
2.236	0.104211
2.239	0.104211
2.242	0.104211
2.245	0.104211
2.248	0.104211
2.251	0.104211
2.254	0.104211
2.257	0.104211
2.26	0.104211
2.263	0.104211
2.266	0.104211
2.269	0.104211
2.272	0.104211
2.275	0.104211
2.278	0.104211
2.281	0.104211
2.284	0.104211
2.287	0.104211
2.29	0.104211
2.293	0.104211
2.296	0.104211
2.299	0.104211
2.302	0.104211
2.305	0.104211
2.308	0.104211
2.311	0.104211
2.314	0.104211
2.317	0.104211
2.32	0.104211
2.323	0.104561
2.326	0.105263
2.329	0.105263
2.332	0.105263
2.335	0.105263
2.338	0.105263
2.341	0.105263
2.344	0.105263
2.347	0.105263
2.35	0.105263
2.353	0.105263
2.356	0.105263
2.359	0.105263
2.362	0.105263
2.365	0.105263
2.368	0.105263
2.371	0.105263
2.374	0.105263
2.377	0.105263
2.38	0.105263
2.383	0.105263
2.386	0.105263
2.389	0.105263
2.392	0.105263
2.395	0.105263
2.398	0.105614
2.401	0.106316
2.404	0.106316
2.407	0.106316
2.41	0.106316
2.413	0.106316
2.416	0.106316
2.419	0.106316
2.422	0.106316
2.425	0.106316
2.428	0.106316
2.431	0.106316
2.434	0.106316
2.437	0.106316
2.44	0.106316
2.443	0.106316
2.446	0.106316
2.449	0.106316
2.452	0.106316
2.455	0.107368
2.458	0.107368
2.461	0.107368
2.464	0.107368
2.467	0.107368
2.47	0.107368
2.473	0.107368
2.476	0.107368
2.479	0.107368
2.482	0.107368
2.485	0.107368
2.488	0.107719
2.491	0.108421
2.494	0.108421
2.497	0.108421
2.5	0.108421
2.503	0.108421
2.506	0.108421
2.509	0.108421
2.512	0.108421
2.515	0.108421
