Brown University Keck/NASA Relab Spectrum LS-JBA-183-M/CLS215
Wavelength(micron)	Reflectance
0.351	0.076000
0.354	0.078000
0.357	0.079000
0.36	0.081000
0.363	0.081667
0.366	0.082000
0.369	0.083000
0.372	0.083667
0.375	0.085000
0.378	0.085000
0.381	0.085000
0.384	0.087000
0.387	0.087333
0.39	0.088000
0.393	0.089333
0.396	0.090000
0.399	0.092000
0.402	0.092333
0.405	0.093000
0.408	0.094333
0.411	0.095000
0.414	0.096000
0.417	0.096667
0.42	0.098000
0.423	0.099333
0.426	0.100000
0.429	0.101000
0.432	0.101333
0.435	0.102000
0.438	0.103333
0.441	0.104000
0.444	0.105000
0.447	0.105667
0.45	0.107000
0.453	0.108333
0.456	0.109000
0.459	0.110000
0.462	0.110667
0.465	0.112000
0.468	0.112667
0.471	0.113000
0.474	0.114000
0.477	0.114333
0.48	0.115000
0.483	0.116333
0.486	0.117000
0.489	0.119000
0.492	0.119000
0.495	0.119000
0.498	0.119667
0.501	0.120000
0.504	0.122000
0.507	0.122333
0.51	0.123000
0.513	0.124333
0.517	0.125000
0.52	0.125000
0.523	0.125667
0.526	0.127000
0.529	0.127667
0.532	0.128000
0.535	0.130000
0.538	0.130333
0.541	0.131000
0.544	0.131667
0.547	0.132000
0.55	0.134000
0.553	0.134667
0.556	0.136000
0.559	0.136000
0.562	0.136000
0.565	0.138000
0.568	0.138000
0.571	0.138000
0.574	0.138667
0.577	0.139000
0.58	0.140000
0.583	0.140667
0.586	0.142000
0.589	0.142667
0.593	0.143000
0.596	0.144000
0.599	0.144667
0.602	0.146000
0.605	0.146667
0.608	0.147000
0.611	0.147800
0.614	0.148499
0.617	0.149896
0.62	0.149896
0.623	0.149896
0.626	0.151993
0.629	0.151993
0.632	0.151993
0.636	0.152692
0.639	0.153041
0.642	0.155138
0.645	0.155487
0.648	0.156186
0.651	0.156885
0.654	0.157234
0.657	0.158282
0.66	0.158632
0.664	0.159330
0.667	0.160029
0.67	0.160379
0.673	0.161427
0.676	0.161776
0.679	0.162475
0.683	0.163174
0.686	0.163523
0.689	0.164572
0.692	0.165270
0.695	0.166668
0.698	0.167367
0.702	0.167716
0.705	0.168765
0.708	0.169114
0.711	0.169813
0.714	0.170512
0.718	0.170861
0.721	0.171909
0.724	0.172259
0.727	0.172957
0.73	0.173656
0.734	0.174006
0.737	0.175054
0.74	0.175403
0.743	0.176102
0.746	0.176801
0.75	0.177150
0.753	0.177150
0.756	0.177500
0.759	0.178199
0.762	0.178897
0.766	0.179247
0.769	0.179247
0.772	0.179596
0.775	0.180295
0.778	0.180994
0.781	0.181343
0.785	0.181343
0.788	0.181693
0.791	0.182391
0.794	0.182391
0.797	0.182391
0.8	0.182391
0.803	0.182741
0.807	0.183440
0.81	0.183440
0.813	0.183440
0.816	0.183440
0.819	0.183789
0.822	0.184488
0.825	0.185187
0.828	0.185536
0.831	0.186584
0.834	0.186584
0.838	0.186584
0.841	0.186584
0.844	0.186584
0.847	0.186584
0.85	0.186934
0.853	0.187633
0.856	0.187633
0.859	0.187633
0.862	0.187633
0.865	0.187633
0.868	0.187633
0.871	0.188331
0.874	0.188681
0.877	0.189729
0.88	0.189729
0.883	0.189729
0.887	0.189729
0.89	0.189729
0.893	0.190777
0.896	0.191127
0.899	0.191826
0.902	0.192524
0.905	0.192874
0.908	0.192874
0.911	0.193223
0.914	0.193922
0.917	0.194621
0.92	0.194970
0.923	0.194970
0.926	0.195320
0.929	0.196018
0.932	0.196018
0.935	0.196018
0.938	0.197067
0.941	0.197416
0.944	0.198115
0.947	0.198814
0.95	0.199163
0.953	0.200211
0.956	0.200910
0.959	0.202308
0.962	0.203007
0.965	0.203356
0.968	0.204404
0.971	0.204404
0.974	0.204404
0.978	0.205103
0.981	0.205452
0.984	0.205452
0.987	0.205802
0.99	0.206501
0.993	0.207200
0.996	0.207549
0.999	0.207549
1.002	0.207898
1.005	0.208597
1.008	0.209296
1.011	0.209645
1.014	0.210694
1.017	0.211043
1.02	0.211742
1.023	0.212441
1.026	0.212790
1.029	0.213838
1.032	0.213838
1.035	0.213838
1.038	0.214537
1.041	0.214887
1.044	0.215935
1.047	0.215935
1.05	0.215935
1.053	0.216634
1.056	0.216983
1.059	0.216983
1.062	0.217332
1.065	0.218031
1.068	0.219429
1.071	0.220128
1.074	0.221176
1.077	0.221176
1.08	0.221176
1.083	0.221875
1.086	0.222224
1.089	0.222224
1.092	0.222574
1.095	0.223272
1.098	0.223272
1.101	0.223272
1.104	0.224321
1.107	0.224670
1.11	0.225369
1.113	0.226068
1.116	0.226417
1.119	0.226417
1.122	0.227116
1.125	0.228513
1.128	0.229212
1.131	0.229562
1.134	0.230610
1.137	0.230959
1.14	0.231658
1.143	0.231658
1.146	0.231658
1.149	0.232706
1.152	0.233056
1.155	0.233755
1.158	0.234453
1.161	0.234803
1.164	0.234803
1.167	0.235152
1.17	0.235851
1.173	0.235851
1.176	0.235851
1.179	0.236899
1.182	0.237249
1.185	0.237948
1.188	0.238646
1.191	0.238996
1.194	0.240044
1.197	0.240393
1.2	0.241092
1.203	0.241092
1.206	0.241092
1.209	0.242140
1.212	0.242490
1.215	0.243189
1.218	0.243189
1.221	0.243189
1.224	0.244237
1.227	0.244237
1.23	0.244237
1.233	0.244936
1.236	0.245285
1.239	0.246333
1.242	0.246683
1.245	0.247382
1.248	0.248080
1.251	0.248430
1.254	0.249478
1.257	0.249478
1.26	0.249478
1.263	0.250177
1.266	0.250526
1.269	0.251574
1.272	0.251924
1.276	0.252623
1.279	0.252623
1.282	0.252623
1.285	0.252623
1.288	0.252972
1.291	0.253671
1.294	0.253671
1.297	0.253671
1.3	0.254719
1.303	0.255069
1.306	0.255767
1.309	0.256466
1.312	0.256816
1.315	0.257864
1.318	0.258213
1.321	0.258912
1.324	0.258912
1.327	0.258912
1.33	0.261009
1.333	0.261009
1.336	0.261009
1.339	0.262406
1.342	0.263105
1.345	0.263105
1.348	0.263105
1.351	0.263105
1.354	0.263804
1.357	0.264153
1.36	0.265201
1.363	0.265201
1.366	0.265201
1.369	0.265201
1.372	0.265201
1.375	0.266250
1.378	0.266250
1.381	0.266250
1.384	0.266948
1.387	0.267298
1.39	0.267298
1.393	0.267647
1.396	0.268346
1.399	0.269045
1.402	0.269394
1.405	0.270443
1.408	0.270443
1.411	0.270443
1.414	0.271141
1.417	0.271491
1.42	0.273587
1.423	0.273587
1.426	0.273587
1.429	0.274286
1.432	0.274635
1.435	0.275684
1.438	0.275684
1.441	0.275684
1.444	0.276383
1.447	0.276732
1.45	0.277780
1.453	0.278130
1.456	0.278828
1.459	0.278828
1.462	0.278828
1.465	0.278828
1.468	0.279178
1.471	0.279877
1.474	0.280575
1.477	0.280925
1.48	0.280925
1.483	0.281274
1.486	0.281973
1.489	0.282672
1.492	0.283021
1.495	0.283021
1.498	0.283371
1.501	0.284070
1.504	0.284070
1.507	0.284070
1.51	0.284070
1.513	0.284419
1.516	0.285118
1.519	0.286515
1.522	0.287214
1.525	0.287214
1.528	0.287214
1.531	0.287214
1.534	0.287214
1.537	0.287214
1.54	0.288262
1.543	0.288612
1.546	0.289311
1.549	0.289311
1.552	0.289311
1.555	0.289311
1.558	0.289660
1.561	0.290359
1.564	0.291058
1.567	0.291407
1.57	0.291407
1.573	0.291757
1.576	0.292455
1.579	0.292455
1.582	0.292455
1.585	0.293504
1.588	0.293504
1.591	0.293504
1.594	0.294202
1.597	0.294552
1.6	0.294552
1.603	0.294552
1.606	0.294552
1.609	0.294552
1.612	0.294552
1.615	0.295600
1.618	0.295949
1.621	0.296648
1.624	0.296648
1.627	0.296648
1.63	0.297696
1.633	0.297696
1.636	0.297696
1.639	0.297696
1.642	0.297696
1.645	0.298745
1.648	0.299094
1.651	0.299793
1.654	0.300492
1.657	0.300841
1.66	0.300841
1.663	0.300841
1.666	0.300841
1.669	0.301540
1.672	0.301889
1.675	0.301889
1.678	0.302239
1.681	0.302938
1.684	0.302938
1.687	0.302938
1.69	0.302938
1.693	0.302938
1.696	0.302938
1.699	0.303636
1.702	0.303986
1.705	0.303986
1.708	0.304335
1.711	0.305034
1.714	0.305034
1.717	0.305034
1.72	0.305034
1.723	0.305034
1.726	0.305034
1.729	0.305733
1.732	0.306082
1.735	0.306082
1.738	0.306432
1.741	0.307131
1.744	0.307131
1.747	0.307131
1.75	0.308179
1.753	0.308528
1.756	0.309227
1.759	0.309227
1.762	0.309227
1.765	0.310275
1.768	0.310275
1.771	0.310275
1.774	0.310974
1.777	0.311323
1.78	0.311323
1.783	0.311323
1.786	0.311323
1.789	0.311323
1.792	0.311323
1.795	0.312372
1.798	0.312372
1.801	0.312372
1.804	0.312372
1.807	0.312372
1.81	0.313420
1.813	0.313420
1.816	0.313420
1.819	0.314119
1.822	0.314468
1.825	0.314468
1.828	0.314817
1.831	0.315516
1.834	0.315516
1.837	0.315516
1.84	0.315516
1.843	0.316215
1.846	0.317613
1.849	0.318312
1.852	0.318661
1.855	0.318661
1.858	0.319010
1.861	0.319709
1.864	0.319709
1.867	0.319709
1.87	0.319709
1.873	0.320059
1.876	0.320757
1.879	0.320757
1.882	0.320757
1.885	0.321806
1.888	0.321806
1.891	0.321806
1.894	0.322504
1.897	0.322854
1.9	0.322854
1.903	0.323203
1.906	0.323902
1.909	0.323902
1.912	0.323902
1.915	0.324950
1.918	0.325300
1.921	0.325999
1.924	0.326697
1.927	0.327047
1.93	0.327047
1.933	0.327396
1.936	0.328095
1.939	0.328095
1.942	0.328095
1.945	0.329143
1.948	0.329143
1.951	0.329143
1.954	0.329143
1.957	0.329143
1.96	0.330191
1.963	0.330191
1.966	0.330191
1.969	0.330191
1.972	0.330191
1.975	0.330191
1.978	0.330541
1.981	0.331240
1.984	0.331939
1.987	0.332288
1.99	0.332288
1.993	0.332288
1.996	0.332288
1.999	0.332987
2.002	0.333336
2.005	0.333336
2.008	0.333336
2.011	0.333336
2.014	0.334035
2.017	0.334384
2.02	0.335433
2.023	0.335433
2.026	0.335433
2.029	0.336131
2.032	0.336481
2.035	0.336481
2.038	0.336830
2.041	0.337529
2.044	0.337529
2.047	0.337529
2.05	0.338577
2.053	0.338577
2.056	0.338577
2.059	0.338577
2.062	0.338577
2.065	0.339626
2.068	0.339975
2.071	0.340674
2.074	0.340674
2.077	0.340674
2.08	0.340674
2.083	0.341023
2.086	0.341722
2.089	0.341722
2.092	0.341722
2.095	0.341722
2.098	0.341722
2.101	0.341722
2.104	0.342421
2.107	0.342770
2.11	0.342770
2.113	0.343120
2.116	0.343818
2.119	0.344517
2.122	0.344867
2.125	0.345915
2.128	0.346264
2.131	0.346963
2.134	0.346963
2.137	0.346963
2.14	0.346963
2.143	0.347313
2.146	0.348011
2.149	0.348011
2.152	0.348011
2.155	0.349060
2.158	0.349060
2.161	0.349060
2.164	0.349758
2.167	0.350108
2.17	0.350108
2.173	0.350457
2.176	0.351156
2.179	0.351156
2.182	0.351156
2.185	0.351156
2.188	0.351505
2.191	0.352204
2.194	0.352903
2.197	0.353253
2.2	0.354301
2.203	0.354301
2.206	0.354301
2.209	0.355000
2.212	0.355349
2.215	0.355349
2.218	0.355698
2.221	0.356397
2.224	0.357096
2.227	0.357445
2.23	0.358494
2.233	0.358494
2.236	0.358494
2.239	0.359192
2.242	0.359542
2.245	0.359542
2.248	0.359542
2.251	0.359542
2.254	0.360241
2.257	0.360590
2.26	0.360590
2.263	0.360939
2.266	0.361638
2.269	0.362337
2.272	0.362687
2.275	0.362687
2.278	0.363036
2.281	0.363735
2.284	0.364434
2.287	0.364783
2.29	0.365831
2.293	0.365831
2.296	0.365831
2.299	0.366530
2.302	0.366879
2.305	0.367928
2.308	0.367928
2.311	0.367928
2.314	0.368626
2.317	0.368976
2.32	0.368976
2.323	0.369325
2.326	0.370024
2.329	0.370024
2.332	0.370024
2.335	0.370024
2.338	0.370723
2.341	0.372121
2.344	0.372121
2.347	0.372121
2.35	0.373169
2.353	0.373518
2.356	0.374217
2.359	0.374916
2.362	0.375265
2.365	0.375265
2.368	0.375265
2.371	0.375265
2.374	0.375964
2.377	0.376313
2.38	0.377362
2.383	0.377711
2.386	0.378410
2.389	0.378410
2.392	0.378410
2.395	0.378410
2.398	0.378410
2.401	0.378410
2.404	0.379109
2.407	0.379458
2.41	0.380506
2.413	0.380506
2.416	0.380506
2.419	0.381205
2.422	0.381555
2.425	0.381555
2.428	0.381904
2.431	0.382603
2.434	0.382603
2.437	0.382603
2.44	0.383651
2.443	0.384000
2.446	0.384699
2.449	0.384699
2.452	0.384699
2.455	0.384699
2.458	0.385049
2.461	0.385748
2.464	0.385748
2.467	0.385748
2.47	0.386796
2.473	0.387145
2.476	0.387844
2.479	0.387844
2.482	0.387844
2.485	0.388892
2.488	0.389242
2.491	0.389940
2.494	0.389940
2.497	0.389940
2.5	0.390989
2.503	0.390989
2.506	0.390989
2.509	0.390989
2.512	0.390989
2.515	0.390989
