Brown University Keck/NASA Relab Spectrum LS-JBA-155-M1/CLS289
Wavelength(micron)	Reflectance
0.351	0.184300
0.354	0.185800
0.357	0.186633
0.36	0.187533
0.363	0.187767
0.366	0.189000
0.369	0.189800
0.372	0.190633
0.375	0.190833
0.378	0.191167
0.381	0.190133
0.384	0.191433
0.387	0.191167
0.39	0.192667
0.393	0.193900
0.396	0.195067
0.399	0.194467
0.402	0.194733
0.405	0.195067
0.408	0.195800
0.411	0.197600
0.414	0.197533
0.417	0.198767
0.42	0.199867
0.423	0.199533
0.426	0.199533
0.429	0.199867
0.432	0.201367
0.435	0.201867
0.438	0.200867
0.441	0.201600
0.444	0.203033
0.447	0.203533
0.45	0.204833
0.453	0.206333
0.456	0.205933
0.459	0.206367
0.462	0.206533
0.465	0.206100
0.468	0.207467
0.471	0.208700
0.474	0.209600
0.477	0.209833
0.48	0.210767
0.483	0.210767
0.486	0.212333
0.489	0.213367
0.492	0.213667
0.495	0.214433
0.498	0.215800
0.501	0.216433
0.504	0.216200
0.507	0.218567
0.51	0.220633
0.513	0.218600
0.517	0.218200
0.52	0.219467
0.523	0.220600
0.526	0.221500
0.529	0.221333
0.532	0.221833
0.535	0.222133
0.538	0.222333
0.541	0.224100
0.544	0.224367
0.547	0.225567
0.55	0.226100
0.553	0.225633
0.556	0.226133
0.559	0.227133
0.562	0.227467
0.565	0.228267
0.568	0.228300
0.571	0.229467
0.574	0.229600
0.577	0.230433
0.58	0.231767
0.583	0.232733
0.586	0.232733
0.589	0.233233
0.593	0.232900
0.596	0.232833
0.599	0.234300
0.602	0.235100
0.605	0.235100
0.608	0.235133
0.611	0.234833
0.614	0.235833
0.617	0.235867
0.62	0.238500
0.623	0.240800
0.626	0.242367
0.629	0.242567
0.632	0.243633
0.636	0.242233
0.639	0.240133
0.642	0.238533
0.645	0.239667
0.648	0.242300
0.651	0.244567
0.654	0.246333
0.657	0.244167
0.66	0.246067
0.664	0.246400
0.667	0.244800
0.67	0.244700
0.673	0.250533
0.676	0.250667
0.679	0.248233
0.683	0.247800
0.686	0.249700
0.689	0.249467
0.692	0.249100
0.695	0.251900
0.698	0.256867
0.702	0.258467
0.705	0.257200
0.708	0.257233
0.711	0.256367
0.714	0.256000
0.718	0.256633
0.721	0.257167
0.724	0.253933
0.727	0.252567
0.73	0.256867
0.734	0.255300
0.737	0.255000
0.74	0.255467
0.743	0.257567
0.746	0.258967
0.75	0.258733
0.753	0.258867
0.756	0.260300
0.759	0.263100
0.762	0.263567
0.766	0.265800
0.769	0.265067
0.772	0.265500
0.775	0.264467
0.778	0.263367
0.781	0.261833
0.785	0.259533
0.788	0.259467
0.791	0.258800
0.794	0.261400
0.797	0.264533
0.8	0.264300
0.803	0.264000
0.807	0.263233
0.81	0.263667
0.813	0.266333
0.816	0.266433
0.819	0.265833
0.822	0.267633
0.825	0.268600
0.828	0.267167
0.831	0.267967
0.834	0.270367
0.838	0.268833
0.841	0.267033
0.844	0.268600
0.847	0.269667
0.85	0.268833
0.853	0.265533
0.856	0.263400
0.859	0.263367
0.862	0.262433
0.865	0.264500
0.868	0.265900
0.871	0.268800
0.874	0.271267
0.877	0.272400
0.88	0.275500
0.883	0.274533
0.887	0.271567
0.89	0.271633
0.893	0.271133
0.896	0.272467
0.899	0.273267
0.902	0.272433
0.905	0.270500
0.908	0.269567
0.911	0.269967
0.914	0.269033
0.917	0.273333
0.92	0.275867
0.923	0.274633
0.926	0.275867
0.929	0.275633
0.932	0.275667
0.935	0.276067
0.938	0.279500
0.941	0.279667
0.944	0.280767
0.947	0.279133
0.95	0.279333
0.953	0.276600
0.956	0.276500
0.959	0.276600
0.962	0.276267
0.965	0.277933
0.968	0.279533
0.971	0.278033
0.974	0.275633
0.978	0.278867
0.981	0.280033
0.984	0.279433
0.987	0.277933
0.99	0.280967
0.993	0.282833
0.996	0.281033
0.999	0.279033
1.002	0.278567
1.005	0.280167
1.008	0.281333
1.011	0.281367
1.014	0.281800
1.017	0.286000
1.02	0.285267
1.023	0.286167
1.026	0.287233
1.029	0.285367
1.032	0.286867
1.035	0.290133
1.038	0.291267
1.041	0.288567
1.044	0.286800
1.047	0.288633
1.05	0.292133
1.053	0.293500
1.056	0.291667
1.059	0.291867
1.062	0.293233
1.065	0.295400
1.068	0.295600
1.071	0.296433
1.074	0.296800
1.077	0.298467
1.08	0.300300
1.083	0.298933
1.086	0.298100
1.089	0.298367
1.092	0.298067
1.095	0.297733
1.098	0.296067
1.101	0.292867
1.104	0.294833
1.107	0.296933
1.11	0.297267
1.113	0.296233
1.116	0.299267
1.119	0.300867
1.122	0.301533
1.125	0.302267
1.128	0.300400
1.131	0.300867
1.134	0.300967
1.137	0.302133
1.14	0.303067
1.143	0.306133
1.146	0.305100
1.149	0.307067
1.152	0.307667
1.155	0.307533
1.158	0.309000
1.161	0.309333
1.164	0.310667
1.167	0.313433
1.17	0.314033
1.173	0.313667
1.176	0.313033
1.179	0.310467
1.182	0.309867
1.185	0.312233
1.188	0.314400
1.191	0.313200
1.194	0.311833
1.197	0.310933
1.2	0.310333
1.203	0.312333
1.206	0.313267
1.209	0.312733
1.212	0.311300
1.215	0.311333
1.218	0.313200
1.221	0.314767
1.224	0.315467
1.227	0.313800
1.23	0.315133
1.233	0.317733
1.236	0.319733
1.239	0.320633
1.242	0.319967
1.245	0.320767
1.248	0.321933
1.251	0.321300
1.254	0.322000
1.257	0.322600
1.26	0.320900
1.263	0.322167
1.266	0.321967
1.269	0.323067
1.272	0.323733
1.276	0.325400
1.279	0.325133
1.282	0.323300
1.285	0.323767
1.288	0.323400
1.291	0.323500
1.294	0.323600
1.297	0.323633
1.3	0.323667
1.303	0.322500
1.306	0.322567
1.309	0.323600
1.312	0.323100
1.315	0.325467
1.318	0.328100
1.321	0.329933
1.324	0.330800
1.327	0.330533
1.33	0.329333
1.333	0.329633
1.336	0.330267
1.339	0.331567
1.342	0.330433
1.345	0.331467
1.348	0.333867
1.351	0.333867
1.354	0.335200
1.357	0.335600
1.36	0.334033
1.363	0.335200
1.366	0.335500
1.369	0.334500
1.372	0.334267
1.375	0.335567
1.378	0.336367
1.381	0.335300
1.384	0.337400
1.387	0.338367
1.39	0.340267
1.393	0.339233
1.396	0.340767
1.399	0.341667
1.402	0.344667
1.405	0.343467
1.408	0.341733
1.411	0.341967
1.414	0.343500
1.417	0.345667
1.42	0.343333
1.423	0.343800
1.426	0.344900
1.429	0.345800
1.432	0.345567
1.435	0.346033
1.438	0.345233
1.441	0.347367
1.444	0.348300
1.447	0.348800
1.45	0.348667
1.453	0.348800
1.456	0.349800
1.459	0.350200
1.462	0.350700
1.465	0.349633
1.468	0.350800
1.471	0.351567
1.474	0.349200
1.477	0.350867
1.48	0.350833
1.483	0.353533
1.486	0.355200
1.489	0.351633
1.492	0.351033
1.495	0.353500
1.498	0.354000
1.501	0.354833
1.504	0.356367
1.507	0.356267
1.51	0.355867
1.513	0.354367
1.516	0.354767
1.519	0.356233
1.522	0.357033
1.525	0.358167
1.528	0.356600
1.531	0.355300
1.534	0.352333
1.537	0.352400
1.54	0.355500
1.543	0.356400
1.546	0.356500
1.549	0.357333
1.552	0.359967
1.555	0.361933
1.558	0.362467
1.561	0.363633
1.564	0.360467
1.567	0.360167
1.57	0.359767
1.573	0.355767
1.576	0.358033
1.579	0.360433
1.582	0.358600
1.585	0.358300
1.588	0.360967
1.591	0.363267
1.594	0.360100
1.597	0.360433
1.6	0.360300
1.603	0.363000
1.606	0.366600
1.609	0.367867
1.612	0.365200
1.615	0.363500
1.618	0.363767
1.621	0.364333
1.624	0.363700
1.627	0.364167
1.63	0.367600
1.633	0.368000
1.636	0.367700
1.639	0.369267
1.642	0.369167
1.645	0.368567
1.648	0.368400
1.651	0.367600
1.654	0.365067
1.657	0.366567
1.66	0.368867
1.663	0.369333
1.666	0.367233
1.669	0.368767
1.672	0.370467
1.675	0.371433
1.678	0.371200
1.681	0.373500
1.684	0.371733
1.687	0.370967
1.69	0.372033
1.693	0.369833
1.696	0.369033
1.699	0.368300
1.702	0.369433
1.705	0.369000
1.708	0.370467
1.711	0.371300
1.714	0.373767
1.717	0.373300
1.72	0.372500
1.723	0.375033
1.726	0.375633
1.729	0.373900
1.732	0.374133
1.735	0.376967
1.738	0.379433
1.741	0.378533
1.744	0.375667
1.747	0.375833
1.75	0.379367
1.753	0.379067
1.756	0.378600
1.759	0.375867
1.762	0.373533
1.765	0.375267
1.768	0.378600
1.771	0.381067
1.774	0.379067
1.777	0.378867
1.78	0.378833
1.783	0.378333
1.786	0.381333
1.789	0.382600
1.792	0.382033
1.795	0.382000
1.798	0.381633
1.801	0.382700
1.804	0.383133
1.807	0.382733
1.81	0.382467
1.813	0.381900
1.816	0.381567
1.819	0.380867
1.822	0.382767
1.825	0.383867
1.828	0.383633
1.831	0.383167
1.834	0.382267
1.837	0.381900
1.84	0.383233
1.843	0.384167
1.846	0.383567
1.849	0.384967
1.852	0.386233
1.855	0.386133
1.858	0.385667
1.861	0.385000
1.864	0.387067
1.867	0.387867
1.87	0.387533
1.873	0.388533
1.876	0.389133
1.879	0.386400
1.882	0.386767
1.885	0.390367
1.888	0.392667
1.891	0.392300
1.894	0.393000
1.897	0.392500
1.9	0.391533
1.903	0.391200
1.906	0.392900
1.909	0.392700
1.912	0.392800
1.915	0.394033
1.918	0.391733
1.921	0.391500
1.924	0.392300
1.927	0.393700
1.93	0.393433
1.933	0.393400
1.936	0.392733
1.939	0.393567
1.942	0.395100
1.945	0.397467
1.948	0.398833
1.951	0.400800
1.954	0.399533
1.957	0.398800
1.96	0.397833
1.963	0.397867
1.966	0.397700
1.969	0.397300
1.972	0.396667
1.975	0.398000
1.978	0.398600
1.981	0.398400
1.984	0.396867
1.987	0.399100
1.99	0.398533
1.993	0.400633
1.996	0.401200
1.999	0.400200
2.002	0.401267
2.005	0.403167
2.008	0.402800
2.011	0.402833
2.014	0.405567
2.017	0.406767
2.02	0.406000
2.023	0.405467
2.026	0.404600
2.029	0.404933
2.032	0.405267
2.035	0.405067
2.038	0.403567
2.041	0.403267
2.044	0.405867
2.047	0.405867
2.05	0.405667
2.053	0.405967
2.056	0.406100
2.059	0.407300
2.062	0.410400
2.065	0.413667
2.068	0.414233
2.071	0.412300
2.074	0.413700
2.077	0.411700
2.08	0.410833
2.083	0.408733
2.086	0.408567
2.089	0.409733
2.092	0.413567
2.095	0.413567
2.098	0.414833
2.101	0.415167
2.104	0.414000
2.107	0.414567
2.11	0.414067
2.113	0.412633
2.116	0.414200
2.119	0.416433
2.122	0.416633
2.125	0.419433
2.128	0.418200
2.131	0.418700
2.134	0.418133
2.137	0.417767
2.14	0.418667
2.143	0.419633
2.146	0.420700
2.149	0.420367
2.152	0.418900
2.155	0.420100
2.158	0.421800
2.161	0.423000
2.164	0.422900
2.167	0.420767
2.17	0.424233
2.173	0.425000
2.176	0.424100
2.179	0.425467
2.182	0.425033
2.185	0.422233
2.188	0.422567
2.191	0.422700
2.194	0.420933
2.197	0.420867
2.2	0.422867
2.203	0.424900
2.206	0.424267
2.209	0.425667
2.212	0.426700
2.215	0.427667
2.218	0.430667
2.221	0.430300
2.224	0.430467
2.227	0.429733
2.23	0.430500
2.233	0.433567
2.236	0.431567
2.239	0.430400
2.242	0.431400
2.245	0.432700
2.248	0.431100
2.251	0.428633
2.254	0.429267
2.257	0.431967
2.26	0.435967
2.263	0.440033
2.266	0.440833
2.269	0.439533
2.272	0.437467
2.275	0.437033
2.278	0.436733
2.281	0.435800
2.284	0.438400
2.287	0.437733
2.29	0.438600
2.293	0.439900
2.296	0.440067
2.299	0.439933
2.302	0.439267
2.305	0.440033
2.308	0.440300
2.311	0.439367
2.314	0.436800
2.317	0.437400
2.32	0.440733
2.323	0.442500
2.326	0.440300
2.329	0.437567
2.332	0.439867
2.335	0.442533
2.338	0.443833
2.341	0.444267
2.344	0.446333
2.347	0.448000
2.35	0.446600
2.353	0.446000
2.356	0.446233
2.359	0.446033
2.362	0.446267
2.365	0.448233
2.368	0.448600
2.371	0.447300
2.374	0.448833
2.377	0.449533
2.38	0.450833
2.383	0.449400
2.386	0.450833
2.389	0.450367
2.392	0.450133
2.395	0.450933
2.398	0.450033
2.401	0.453233
2.404	0.453767
2.407	0.456633
2.41	0.457200
2.413	0.455733
2.416	0.455533
2.419	0.454000
2.422	0.455533
2.425	0.456767
2.428	0.458133
2.431	0.456300
2.434	0.455467
2.437	0.456367
2.44	0.457600
2.443	0.458900
2.446	0.456233
2.449	0.454700
2.452	0.453400
2.455	0.453667
2.458	0.455733
2.461	0.455967
2.464	0.455267
2.467	0.454533
2.47	0.454733
2.473	0.456767
2.476	0.461700
2.479	0.461800
2.482	0.463033
2.485	0.462633
2.488	0.462333
2.491	0.461700
2.494	0.463967
2.497	0.464567
2.5	0.463567
2.503	0.464267
2.506	0.461867
2.509	0.463167
2.512	0.464000
2.515	0.466100
