Brown University Keck/NASA Relab Spectrum LS-JBA-229-M/CLS200
Wavelength(micron)	Reflectance
0.351	0.104000
0.354	0.112000
0.357	0.113333
0.36	0.116000
0.363	0.117333
0.366	0.118000
0.369	0.120000
0.372	0.120667
0.375	0.122000
0.378	0.122667
0.381	0.123000
0.384	0.131000
0.387	0.132333
0.39	0.135000
0.393	0.137667
0.396	0.139000
0.399	0.141000
0.402	0.143000
0.405	0.147000
0.408	0.147667
0.411	0.148000
0.414	0.151000
0.417	0.151333
0.42	0.152000
0.423	0.157333
0.426	0.160000
0.429	0.160000
0.432	0.161333
0.435	0.164000
0.438	0.168000
0.441	0.170000
0.444	0.170000
0.447	0.170333
0.45	0.171000
0.453	0.175667
0.456	0.178000
0.459	0.182000
0.462	0.181667
0.465	0.181000
0.468	0.184333
0.471	0.186000
0.474	0.186000
0.477	0.186333
0.48	0.187000
0.483	0.189667
0.486	0.191000
0.489	0.195000
0.492	0.196333
0.495	0.199000
0.498	0.199667
0.501	0.200000
0.504	0.200000
0.507	0.200333
0.51	0.201000
0.513	0.203667
0.517	0.205000
0.52	0.211000
0.523	0.213333
0.526	0.218000
0.529	0.222000
0.532	0.224000
0.535	0.229000
0.538	0.230667
0.541	0.234000
0.544	0.236000
0.547	0.237000
0.55	0.238000
0.553	0.238667
0.556	0.240000
0.559	0.242000
0.562	0.243000
0.565	0.245000
0.568	0.246667
0.571	0.250000
0.574	0.250000
0.577	0.250000
0.58	0.255000
0.583	0.256333
0.586	0.259000
0.589	0.259667
0.593	0.260000
0.596	0.265000
0.599	0.265667
0.602	0.267000
0.605	0.269000
0.608	0.270000
0.611	0.272000
0.614	0.273143
0.617	0.275429
0.62	0.279238
0.623	0.281143
0.626	0.283429
0.629	0.284191
0.632	0.285714
0.636	0.286476
0.639	0.286857
0.642	0.290286
0.645	0.292190
0.648	0.296000
0.651	0.297524
0.654	0.298286
0.657	0.301714
0.66	0.302857
0.664	0.305143
0.667	0.308952
0.67	0.310857
0.673	0.315429
0.676	0.316190
0.679	0.317714
0.683	0.319238
0.686	0.320000
0.689	0.323429
0.692	0.323810
0.695	0.324571
0.698	0.326095
0.702	0.326857
0.705	0.328000
0.708	0.328762
0.711	0.330286
0.714	0.333333
0.718	0.334857
0.721	0.340571
0.724	0.342476
0.727	0.346286
0.73	0.347048
0.734	0.347429
0.737	0.352000
0.74	0.353524
0.743	0.356571
0.746	0.358095
0.75	0.358857
0.753	0.362286
0.756	0.362667
0.759	0.363429
0.762	0.365714
0.766	0.366857
0.769	0.368000
0.772	0.368000
0.775	0.368000
0.778	0.368000
0.781	0.368000
0.785	0.370286
0.788	0.371048
0.791	0.372571
0.794	0.372571
0.797	0.372571
0.8	0.373714
0.803	0.374476
0.807	0.376000
0.81	0.376000
0.813	0.376000
0.816	0.378286
0.819	0.378286
0.822	0.378286
0.825	0.379048
0.828	0.379429
0.831	0.380571
0.834	0.380571
0.838	0.380571
0.841	0.381333
0.844	0.381714
0.847	0.382857
0.85	0.382857
0.853	0.382857
0.856	0.382857
0.859	0.382857
0.862	0.384000
0.865	0.384381
0.868	0.385143
0.871	0.385905
0.874	0.386286
0.877	0.388571
0.88	0.388952
0.883	0.389714
0.887	0.389714
0.89	0.389714
0.893	0.389714
0.896	0.390857
0.899	0.393143
0.902	0.393143
0.905	0.393143
0.908	0.395429
0.911	0.395429
0.914	0.395429
0.917	0.398476
0.92	0.400000
0.923	0.401143
0.926	0.401905
0.929	0.403429
0.932	0.403429
0.935	0.403429
0.938	0.403429
0.941	0.404952
0.944	0.408000
0.947	0.410286
0.95	0.411429
0.953	0.413714
0.956	0.414095
0.959	0.414857
0.962	0.417143
0.965	0.418286
0.968	0.421714
0.971	0.422857
0.974	0.425143
0.978	0.426667
0.981	0.427429
0.984	0.428571
0.987	0.430857
0.99	0.435429
0.993	0.436952
0.996	0.437714
0.999	0.442286
1.002	0.443810
1.005	0.446857
1.008	0.449905
1.011	0.451429
1.014	0.453714
1.017	0.454095
1.02	0.454857
1.023	0.457143
1.026	0.458286
1.029	0.464000
1.032	0.464381
1.035	0.465143
1.038	0.467429
1.041	0.468571
1.044	0.474286
1.047	0.475429
1.05	0.477714
1.053	0.479238
1.056	0.480000
1.059	0.485714
1.062	0.486857
1.065	0.489143
1.068	0.492952
1.071	0.494857
1.074	0.497143
1.077	0.497905
1.08	0.499429
1.083	0.502476
1.086	0.504000
1.089	0.502857
1.092	0.504381
1.095	0.507429
1.098	0.508952
1.101	0.509714
1.104	0.515429
1.107	0.516190
1.11	0.517714
1.113	0.520762
1.116	0.522286
1.119	0.526857
1.122	0.529143
1.125	0.533714
1.128	0.535238
1.131	0.536000
1.134	0.538286
1.137	0.539048
1.14	0.540571
1.143	0.543619
1.146	0.545143
1.149	0.549714
1.152	0.550476
1.155	0.552000
1.158	0.553524
1.161	0.554286
1.164	0.556571
1.167	0.557333
1.17	0.558857
1.173	0.561143
1.176	0.562286
1.179	0.565714
1.182	0.566857
1.185	0.569143
1.188	0.570667
1.191	0.571429
1.194	0.572571
1.197	0.573714
1.2	0.576000
1.203	0.578286
1.206	0.579429
1.209	0.580571
1.212	0.580952
1.215	0.581714
1.218	0.584000
1.221	0.585143
1.224	0.586286
1.227	0.587810
1.23	0.590857
1.233	0.591619
1.236	0.592000
1.239	0.596571
1.242	0.597714
1.245	0.600000
1.248	0.600762
1.251	0.601143
1.254	0.602286
1.257	0.603429
1.26	0.605714
1.263	0.606476
1.266	0.606857
1.269	0.606857
1.272	0.608762
1.276	0.612571
1.279	0.614095
1.282	0.614857
1.285	0.616000
1.288	0.617143
1.291	0.619429
1.294	0.622476
1.297	0.624000
1.3	0.627429
1.303	0.628571
1.306	0.630857
1.309	0.631619
1.312	0.632000
1.315	0.634286
1.318	0.634667
1.321	0.635429
1.324	0.638476
1.327	0.640000
1.33	0.644571
1.333	0.645714
1.336	0.648000
1.339	0.650286
1.342	0.651429
1.345	0.654857
1.348	0.655238
1.351	0.656000
1.354	0.654476
1.357	0.653714
1.36	0.654857
1.363	0.654857
1.366	0.654857
1.369	0.655619
1.372	0.656000
1.375	0.654857
1.378	0.655619
1.381	0.657143
1.384	0.661714
1.387	0.664000
1.39	0.665143
1.393	0.666286
1.396	0.668571
1.399	0.671619
1.402	0.673143
1.405	0.677714
1.408	0.678476
1.411	0.680000
1.414	0.683048
1.417	0.684571
1.42	0.688000
1.423	0.688762
1.426	0.690286
1.429	0.692571
1.432	0.693714
1.435	0.698286
1.438	0.698667
1.441	0.699429
1.444	0.700952
1.447	0.701714
1.45	0.704000
1.453	0.704381
1.456	0.705143
1.459	0.707429
1.462	0.708571
1.465	0.709714
1.468	0.711238
1.471	0.714286
1.474	0.714286
1.477	0.714286
1.48	0.715429
1.483	0.716571
1.486	0.718857
1.489	0.721143
1.492	0.722286
1.495	0.723429
1.498	0.724952
1.501	0.728000
1.504	0.728762
1.507	0.729143
1.51	0.730286
1.513	0.731048
1.516	0.732571
1.519	0.732571
1.522	0.732571
1.525	0.732571
1.528	0.734095
1.531	0.737143
1.534	0.737905
1.537	0.738286
1.54	0.741714
1.543	0.742476
1.546	0.744000
1.549	0.743238
1.552	0.742857
1.555	0.747429
1.558	0.748191
1.561	0.749714
1.564	0.749714
1.567	0.749714
1.57	0.750857
1.573	0.752762
1.576	0.756571
1.579	0.757333
1.582	0.757714
1.585	0.760000
1.588	0.760381
1.591	0.761143
1.594	0.761143
1.597	0.761143
1.6	0.764571
1.603	0.765333
1.606	0.766857
1.609	0.767619
1.612	0.768000
1.615	0.770286
1.618	0.770286
1.621	0.770286
1.624	0.771048
1.627	0.771429
1.63	0.774857
1.633	0.776000
1.636	0.778286
1.639	0.779048
1.642	0.779429
1.645	0.780572
1.648	0.780952
1.651	0.781714
1.654	0.782476
1.657	0.782857
1.66	0.785143
1.663	0.785524
1.666	0.786286
1.669	0.787810
1.672	0.788571
1.675	0.790857
1.678	0.790857
1.681	0.790857
1.684	0.792381
1.687	0.793143
1.69	0.797714
1.693	0.797714
1.696	0.797714
1.699	0.799238
1.702	0.800000
1.705	0.801143
1.708	0.802286
1.711	0.804571
1.714	0.806095
1.717	0.806857
1.72	0.805714
1.723	0.806476
1.726	0.808000
1.729	0.809524
1.732	0.810286
1.735	0.811429
1.738	0.812190
1.741	0.813714
1.744	0.813714
1.747	0.813714
1.75	0.816000
1.753	0.817524
1.756	0.820571
1.759	0.820571
1.762	0.820571
1.765	0.824000
1.768	0.824000
1.771	0.824000
1.774	0.825524
1.777	0.826286
1.78	0.830857
1.783	0.831238
1.786	0.832000
1.789	0.834286
1.792	0.835429
1.795	0.836571
1.798	0.836571
1.801	0.836571
1.804	0.836571
1.807	0.836571
1.81	0.841143
1.813	0.840381
1.816	0.838857
1.819	0.840381
1.822	0.841143
1.825	0.844571
1.828	0.845333
1.831	0.846857
1.834	0.847619
1.837	0.848000
1.84	0.849143
1.843	0.850286
1.846	0.852571
1.849	0.853333
1.852	0.853714
1.855	0.854857
1.858	0.855619
1.861	0.857143
1.864	0.857905
1.867	0.858286
1.87	0.861714
1.873	0.862476
1.876	0.864000
1.879	0.866286
1.882	0.867429
1.885	0.868571
1.888	0.869333
1.891	0.870857
1.894	0.872381
1.897	0.873143
1.9	0.876571
1.903	0.876571
1.906	0.876571
1.909	0.877333
1.912	0.877714
1.915	0.880000
1.918	0.879619
1.921	0.878857
1.924	0.881905
1.927	0.883429
1.93	0.884571
1.933	0.884952
1.936	0.885714
1.939	0.886476
1.942	0.886857
1.945	0.889143
1.948	0.889524
1.951	0.890286
1.954	0.892572
1.957	0.893714
1.96	0.896000
1.963	0.896381
1.966	0.897143
1.969	0.898667
1.972	0.899429
1.975	0.902857
1.978	0.902857
1.981	0.902857
1.984	0.903619
1.987	0.904000
1.99	0.906286
1.993	0.906667
1.996	0.907429
1.999	0.908190
2.002	0.908571
2.005	0.910857
2.008	0.911238
2.011	0.912000
2.014	0.913524
2.017	0.914286
2.02	0.915429
2.023	0.915810
2.026	0.916571
2.029	0.918857
2.032	0.920000
2.035	0.922286
2.038	0.923048
2.041	0.924572
2.044	0.924572
2.047	0.924572
2.05	0.929143
2.053	0.929905
2.056	0.931429
2.059	0.932952
2.062	0.933714
2.065	0.933714
2.068	0.934476
2.071	0.936000
2.074	0.936762
2.077	0.937143
2.08	0.939429
2.083	0.939810
2.086	0.940571
2.089	0.943619
2.092	0.945143
2.095	0.945143
2.098	0.946286
2.101	0.948571
2.104	0.948571
2.107	0.948571
2.11	0.950857
2.113	0.951238
2.116	0.952000
2.119	0.952762
2.122	0.953143
2.125	0.954286
2.128	0.955048
2.131	0.956571
2.134	0.958857
2.137	0.960000
2.14	0.962286
2.143	0.962286
2.146	0.962286
2.149	0.962286
2.152	0.962286
2.155	0.962286
2.158	0.964571
2.161	0.969143
2.164	0.969905
2.167	0.970286
2.17	0.973714
2.173	0.974476
2.176	0.976000
2.179	0.976762
2.182	0.977143
2.185	0.979429
2.188	0.980191
2.191	0.981714
2.194	0.981714
2.197	0.981714
2.2	0.982857
2.203	0.984762
2.206	0.988571
2.209	0.990095
2.212	0.990857
2.215	0.990857
2.218	0.991619
2.221	0.993143
2.224	0.993905
2.227	0.994286
2.23	1.000000
2.233	1.000000
2.236	1.000000
2.239	1.001524
2.242	1.002286
2.245	1.003429
2.248	1.004190
2.251	1.005714
2.254	1.008000
2.257	1.009143
2.26	1.012571
2.263	1.012952
2.266	1.013714
2.269	1.017524
2.272	1.019429
2.275	1.020571
2.278	1.021714
2.281	1.024000
2.284	1.024762
2.287	1.025143
2.29	1.028571
2.293	1.030095
2.296	1.033143
2.299	1.033905
2.302	1.034286
2.305	1.036572
2.308	1.038476
2.311	1.042286
2.314	1.042286
2.317	1.042286
2.32	1.048000
2.323	1.047619
2.326	1.046857
2.329	1.048381
2.332	1.049143
2.335	1.051429
2.338	1.051810
2.341	1.052572
2.344	1.053333
2.347	1.053714
2.35	1.057143
2.353	1.058286
2.356	1.060571
2.359	1.062095
2.362	1.062857
2.365	1.066286
2.368	1.066667
2.371	1.067429
2.374	1.068952
2.377	1.069714
2.38	1.072000
2.383	1.072762
2.386	1.074286
2.389	1.075048
2.392	1.075429
2.395	1.076571
2.398	1.076571
2.401	1.076571
2.404	1.078095
2.407	1.078857
2.41	1.082286
2.413	1.083810
2.416	1.086857
2.419	1.087619
2.422	1.088000
2.425	1.091429
2.428	1.092952
2.431	1.096000
2.434	1.096762
2.437	1.097143
2.44	1.099429
2.443	1.101714
2.446	1.106286
2.449	1.107810
2.452	1.108572
2.455	1.109714
2.458	1.110476
2.461	1.112000
2.464	1.115048
2.467	1.116571
2.47	1.116571
2.473	1.117333
2.476	1.118857
2.479	1.121143
2.482	1.122286
2.485	1.123429
2.488	1.124572
2.491	1.126857
2.494	1.129905
2.497	1.131429
2.5	1.131429
2.503	1.133714
2.506	1.138286
2.509	1.139048
2.512	1.139429
2.515	1.140571
