Brown University Keck/NASA Relab Spectrum LS-JBA-112-P1/CLS261
Wavelength(micron)	Reflectance
0.351	0.067000
0.354	0.068000
0.357	0.068333
0.36	0.069000
0.363	0.069667
0.366	0.070000
0.369	0.070000
0.372	0.070333
0.375	0.071000
0.378	0.071667
0.381	0.072000
0.384	0.073000
0.387	0.073333
0.39	0.074000
0.393	0.074667
0.396	0.075000
0.399	0.076000
0.402	0.076333
0.405	0.077000
0.408	0.077667
0.411	0.078000
0.414	0.079000
0.417	0.079000
0.42	0.079000
0.423	0.079667
0.426	0.080000
0.429	0.081000
0.432	0.081333
0.435	0.082000
0.438	0.082667
0.441	0.083000
0.444	0.084000
0.447	0.084333
0.45	0.085000
0.453	0.085667
0.456	0.086000
0.459	0.087000
0.462	0.087000
0.465	0.087000
0.468	0.087667
0.471	0.088000
0.474	0.089000
0.477	0.089000
0.48	0.089000
0.483	0.090333
0.486	0.091000
0.489	0.091000
0.492	0.091333
0.495	0.092000
0.498	0.093333
0.501	0.094000
0.504	0.094000
0.507	0.094333
0.51	0.095000
0.513	0.095667
0.517	0.096000
0.52	0.097000
0.523	0.097333
0.526	0.098000
0.529	0.098667
0.532	0.099000
0.535	0.100000
0.538	0.100000
0.541	0.100000
0.544	0.101333
0.547	0.102000
0.55	0.102000
0.553	0.102000
0.556	0.102000
0.559	0.102667
0.562	0.103000
0.565	0.104000
0.568	0.104333
0.571	0.105000
0.574	0.105667
0.577	0.106000
0.58	0.107000
0.583	0.107000
0.586	0.107000
0.589	0.107667
0.593	0.108000
0.596	0.108000
0.599	0.108333
0.602	0.109000
0.605	0.109000
0.608	0.109000
0.611	0.109200
0.614	0.109200
0.617	0.109200
0.62	0.109844
0.623	0.110166
0.626	0.110166
0.629	0.110166
0.632	0.110166
0.636	0.110811
0.639	0.111133
0.642	0.111133
0.645	0.111455
0.648	0.112099
0.651	0.112099
0.654	0.112099
0.657	0.112099
0.66	0.112421
0.664	0.113065
0.667	0.113065
0.67	0.113065
0.673	0.113065
0.676	0.113065
0.679	0.113065
0.683	0.113065
0.686	0.113065
0.689	0.113065
0.692	0.113065
0.695	0.113065
0.698	0.113065
0.702	0.113065
0.705	0.113065
0.708	0.113065
0.711	0.113065
0.714	0.113065
0.718	0.113065
0.721	0.113065
0.724	0.113065
0.727	0.113065
0.73	0.113065
0.734	0.113065
0.737	0.113065
0.74	0.113065
0.743	0.113065
0.746	0.113065
0.75	0.113065
0.753	0.113065
0.756	0.112743
0.759	0.112099
0.762	0.112099
0.766	0.112099
0.769	0.112099
0.772	0.112099
0.775	0.112099
0.778	0.111455
0.781	0.111133
0.785	0.111133
0.788	0.111133
0.791	0.111133
0.794	0.110488
0.797	0.110166
0.8	0.110166
0.803	0.110166
0.807	0.110166
0.81	0.110166
0.813	0.110166
0.816	0.110166
0.819	0.109844
0.822	0.109200
0.825	0.109200
0.828	0.109200
0.831	0.108234
0.834	0.107911
0.838	0.107267
0.841	0.107267
0.844	0.107267
0.847	0.107267
0.85	0.106945
0.853	0.106301
0.856	0.106301
0.859	0.106301
0.862	0.106301
0.865	0.105979
0.868	0.105335
0.871	0.105335
0.874	0.105335
0.877	0.105335
0.88	0.105012
0.883	0.104368
0.887	0.104368
0.89	0.104368
0.893	0.104368
0.896	0.104368
0.899	0.104368
0.902	0.104368
0.905	0.104368
0.908	0.104368
0.911	0.104046
0.914	0.103402
0.917	0.103402
0.92	0.103402
0.923	0.103402
0.926	0.103402
0.929	0.103402
0.932	0.103402
0.935	0.103402
0.938	0.103402
0.941	0.103402
0.944	0.103402
0.947	0.103402
0.95	0.103402
0.953	0.103402
0.956	0.103402
0.959	0.103402
0.962	0.104046
0.965	0.104368
0.968	0.104368
0.971	0.104368
0.974	0.104368
0.978	0.104368
0.981	0.104368
0.984	0.104368
0.987	0.104368
0.99	0.104368
0.993	0.104368
0.996	0.104368
0.999	0.104368
1.002	0.104368
1.005	0.104368
1.008	0.105012
1.011	0.105335
1.014	0.105335
1.017	0.105335
1.02	0.105335
1.023	0.105335
1.026	0.105335
1.029	0.105335
1.032	0.105335
1.035	0.105335
1.038	0.105335
1.041	0.105335
1.044	0.105335
1.047	0.105335
1.05	0.105335
1.053	0.105979
1.056	0.106301
1.059	0.106301
1.062	0.106301
1.065	0.106301
1.068	0.106301
1.071	0.106301
1.074	0.107267
1.077	0.107267
1.08	0.107267
1.083	0.107267
1.086	0.107267
1.089	0.107267
1.092	0.107589
1.095	0.108234
1.098	0.108234
1.101	0.108234
1.104	0.108234
1.107	0.108234
1.11	0.108234
1.113	0.108234
1.116	0.108234
1.119	0.108234
1.122	0.108556
1.125	0.109200
1.128	0.109200
1.131	0.109200
1.134	0.109200
1.137	0.109200
1.14	0.109200
1.143	0.109844
1.146	0.110166
1.149	0.110166
1.152	0.110166
1.155	0.110166
1.158	0.110166
1.161	0.110166
1.164	0.110166
1.167	0.110166
1.17	0.110166
1.173	0.110166
1.176	0.110166
1.179	0.110166
1.182	0.110166
1.185	0.110166
1.188	0.110166
1.191	0.110166
1.194	0.111133
1.197	0.111133
1.2	0.111133
1.203	0.111133
1.206	0.111133
1.209	0.111133
1.212	0.111133
1.215	0.111133
1.218	0.111133
1.221	0.111133
1.224	0.112099
1.227	0.112099
1.23	0.112099
1.233	0.112099
1.236	0.112099
1.239	0.112099
1.242	0.112099
1.245	0.112099
1.248	0.112743
1.251	0.113065
1.254	0.113065
1.257	0.113065
1.26	0.113065
1.263	0.113065
1.266	0.113065
1.269	0.114032
1.272	0.114032
1.276	0.114032
1.279	0.114032
1.282	0.114032
1.285	0.114032
1.288	0.114032
1.291	0.114032
1.294	0.114676
1.297	0.114998
1.3	0.114998
1.303	0.114998
1.306	0.114998
1.309	0.114998
1.312	0.114998
1.315	0.114998
1.318	0.115320
1.321	0.115965
1.324	0.116609
1.327	0.116931
1.33	0.116931
1.333	0.116931
1.336	0.116931
1.339	0.116931
1.342	0.116931
1.345	0.117897
1.348	0.117897
1.351	0.117897
1.354	0.117897
1.357	0.117897
1.36	0.117897
1.363	0.118219
1.366	0.118864
1.369	0.118864
1.372	0.118864
1.375	0.118864
1.378	0.118864
1.381	0.118864
1.384	0.118864
1.387	0.118864
1.39	0.119830
1.393	0.119830
1.396	0.119830
1.399	0.119830
1.402	0.119830
1.405	0.121763
1.408	0.121763
1.411	0.121763
1.414	0.121763
1.417	0.121763
1.42	0.121763
1.423	0.121763
1.426	0.121763
1.429	0.121763
1.432	0.121763
1.435	0.121763
1.438	0.121763
1.441	0.121763
1.444	0.121763
1.447	0.121763
1.45	0.121763
1.453	0.122085
1.456	0.122729
1.459	0.122729
1.462	0.122729
1.465	0.122729
1.468	0.122729
1.471	0.122729
1.474	0.122729
1.477	0.122729
1.48	0.123696
1.483	0.123696
1.486	0.123696
1.489	0.123696
1.492	0.123696
1.495	0.123696
1.498	0.123696
1.501	0.123696
1.504	0.123696
1.507	0.123696
1.51	0.123696
1.513	0.123696
1.516	0.123696
1.519	0.123696
1.522	0.123696
1.525	0.123696
1.528	0.123696
1.531	0.123696
1.534	0.123696
1.537	0.123696
1.54	0.123696
1.543	0.123696
1.546	0.123696
1.549	0.123696
1.552	0.123696
1.555	0.123696
1.558	0.123696
1.561	0.123696
1.564	0.123696
1.567	0.123696
1.57	0.123696
1.573	0.123696
1.576	0.123696
1.579	0.123051
1.582	0.122729
1.585	0.122729
1.588	0.122729
1.591	0.122729
1.594	0.122729
1.597	0.122729
1.6	0.122729
1.603	0.122729
1.606	0.122729
1.609	0.122729
1.612	0.122729
1.615	0.122729
1.618	0.122729
1.621	0.122729
1.624	0.122729
1.627	0.122729
1.63	0.122729
1.633	0.122729
1.636	0.122729
1.639	0.122729
1.642	0.122729
1.645	0.121763
1.648	0.121763
1.651	0.121763
1.654	0.121763
1.657	0.121763
1.66	0.121763
1.663	0.121763
1.666	0.121763
1.669	0.121763
1.672	0.121763
1.675	0.121763
1.678	0.121763
1.681	0.121763
1.684	0.121763
1.687	0.121763
1.69	0.121763
1.693	0.121763
1.696	0.121763
1.699	0.121763
1.702	0.121763
1.705	0.121763
1.708	0.121763
1.711	0.121763
1.714	0.121763
1.717	0.121763
1.72	0.121763
1.723	0.121763
1.726	0.121763
1.729	0.121763
1.732	0.121763
1.735	0.121763
1.738	0.121763
1.741	0.121763
1.744	0.121763
1.747	0.121763
1.75	0.121763
1.753	0.121763
1.756	0.121763
1.759	0.121763
1.762	0.121763
1.765	0.121763
1.768	0.121763
1.771	0.121763
1.774	0.121763
1.777	0.121763
1.78	0.121763
1.783	0.121763
1.786	0.121763
1.789	0.120474
1.792	0.119830
1.795	0.119830
1.798	0.119830
1.801	0.119830
1.804	0.119830
1.807	0.119830
1.81	0.119830
1.813	0.119830
1.816	0.119830
1.819	0.119830
1.822	0.119830
1.825	0.119830
1.828	0.119830
1.831	0.119830
1.834	0.119830
1.837	0.119830
1.84	0.119830
1.843	0.119830
1.846	0.119830
1.849	0.119830
1.852	0.119830
1.855	0.119830
1.858	0.119830
1.861	0.119830
1.864	0.119830
1.867	0.119830
1.87	0.119830
1.873	0.119830
1.876	0.119830
1.879	0.119830
1.882	0.119830
1.885	0.121763
1.888	0.121763
1.891	0.121763
1.894	0.121763
1.897	0.121763
1.9	0.121763
1.903	0.121763
1.906	0.121763
1.909	0.121763
1.912	0.121763
1.915	0.121763
1.918	0.121763
1.921	0.121763
1.924	0.121763
1.927	0.121763
1.93	0.121763
1.933	0.121763
1.936	0.121763
1.939	0.121763
1.942	0.121763
1.945	0.121763
1.948	0.121763
1.951	0.121763
1.954	0.121763
1.957	0.121763
1.96	0.121763
1.963	0.121763
1.966	0.121763
1.969	0.121763
1.972	0.121763
1.975	0.121763
1.978	0.121763
1.981	0.121763
1.984	0.121763
1.987	0.121763
1.99	0.121763
1.993	0.121763
1.996	0.121763
1.999	0.121763
2.002	0.121763
2.005	0.121763
2.008	0.121763
2.011	0.121763
2.014	0.121763
2.017	0.121763
2.02	0.121763
2.023	0.121763
2.026	0.121763
2.029	0.121763
2.032	0.121763
2.035	0.121763
2.038	0.121763
2.041	0.121763
2.044	0.121763
2.047	0.121763
2.05	0.121763
2.053	0.122085
2.056	0.122729
2.059	0.122729
2.062	0.122729
2.065	0.122729
2.068	0.122729
2.071	0.122729
2.074	0.122729
2.077	0.122729
2.08	0.122729
2.083	0.122729
2.086	0.122729
2.089	0.123373
2.092	0.123696
2.095	0.123696
2.098	0.123696
2.101	0.123696
2.104	0.123696
2.107	0.123696
2.11	0.123696
2.113	0.123696
2.116	0.123696
2.119	0.124340
2.122	0.124662
2.125	0.124662
2.128	0.124662
2.131	0.124662
2.134	0.124662
2.137	0.124662
2.14	0.125628
2.143	0.125628
2.146	0.125628
2.149	0.125628
2.152	0.125628
2.155	0.125628
2.158	0.125628
2.161	0.125628
2.164	0.125628
2.167	0.125628
2.17	0.125628
2.173	0.125950
2.176	0.126595
2.179	0.126595
2.182	0.126595
2.185	0.126595
2.188	0.126595
2.191	0.126595
2.194	0.126595
2.197	0.126595
2.2	0.126595
2.203	0.126595
2.206	0.126595
2.209	0.126595
2.212	0.126595
2.215	0.126595
2.218	0.126917
2.221	0.127561
2.224	0.127561
2.227	0.127561
2.23	0.127561
2.233	0.127883
2.236	0.128527
2.239	0.128527
2.242	0.128527
2.245	0.128527
2.248	0.128527
2.251	0.128527
2.254	0.128527
2.257	0.128527
2.26	0.129494
2.263	0.129494
2.266	0.129494
2.269	0.129494
2.272	0.129494
2.275	0.130460
2.278	0.130460
2.281	0.130460
2.284	0.130460
2.287	0.130460
2.29	0.130460
2.293	0.130460
2.296	0.130460
2.299	0.130460
2.302	0.130460
2.305	0.130460
2.308	0.130782
2.311	0.131427
2.314	0.131427
2.317	0.131427
2.32	0.132393
2.323	0.132393
2.326	0.132393
2.329	0.132393
2.332	0.132393
2.335	0.132393
2.338	0.132393
2.341	0.132393
2.344	0.132393
2.347	0.132393
2.35	0.133359
2.353	0.133359
2.356	0.133359
2.359	0.133359
2.362	0.133359
2.365	0.134326
2.368	0.134326
2.371	0.134326
2.374	0.134326
2.377	0.134326
2.38	0.134326
2.383	0.134326
2.386	0.134326
2.389	0.134326
2.392	0.134326
2.395	0.135292
2.398	0.135292
2.401	0.135292
2.404	0.135292
2.407	0.135292
2.41	0.135292
2.413	0.135292
2.416	0.135292
2.419	0.135292
2.422	0.135292
2.425	0.135292
2.428	0.135292
2.431	0.135292
2.434	0.135936
2.437	0.136258
2.44	0.136258
2.443	0.136258
2.446	0.136258
2.449	0.136903
2.452	0.137225
2.455	0.137225
2.458	0.137225
2.461	0.137225
2.464	0.137869
2.467	0.138191
2.47	0.138191
2.473	0.138191
2.476	0.138191
2.479	0.138191
2.482	0.138191
2.485	0.138191
2.488	0.138191
2.491	0.138191
2.494	0.138191
2.497	0.138191
2.5	0.138191
2.503	0.138191
2.506	0.138191
2.509	0.138191
2.512	0.138191
2.515	0.138191
