Brown University Keck/NASA Relab Spectrum LS-JBA-120-P1/CLS279
Wavelength(micron)	Reflectance
0.351	0.142100
0.354	0.143033
0.357	0.143033
0.36	0.143600
0.363	0.142967
0.366	0.143367
0.369	0.144167
0.372	0.144767
0.375	0.145533
0.378	0.145400
0.381	0.145000
0.384	0.145000
0.387	0.145433
0.39	0.144900
0.393	0.144700
0.396	0.145867
0.399	0.146733
0.402	0.147233
0.405	0.147633
0.408	0.148233
0.411	0.149667
0.414	0.150933
0.417	0.150800
0.42	0.150767
0.423	0.150700
0.426	0.150000
0.429	0.150833
0.432	0.151833
0.435	0.153533
0.438	0.155567
0.441	0.155533
0.444	0.155833
0.447	0.156233
0.45	0.156033
0.453	0.157767
0.456	0.158667
0.459	0.158700
0.462	0.159000
0.465	0.160667
0.468	0.161933
0.471	0.162567
0.474	0.162700
0.477	0.162500
0.48	0.162333
0.483	0.161900
0.486	0.162733
0.489	0.164533
0.492	0.165167
0.495	0.165967
0.498	0.165600
0.501	0.166667
0.504	0.167467
0.507	0.167600
0.51	0.166633
0.513	0.167900
0.517	0.168200
0.52	0.167967
0.523	0.168467
0.526	0.168933
0.529	0.169967
0.532	0.170467
0.535	0.170767
0.538	0.172833
0.541	0.174000
0.544	0.173433
0.547	0.173033
0.55	0.172500
0.553	0.172800
0.556	0.174167
0.559	0.175700
0.562	0.176133
0.565	0.176667
0.568	0.176967
0.571	0.177833
0.574	0.178800
0.577	0.179633
0.58	0.180167
0.583	0.179700
0.586	0.180800
0.589	0.180967
0.593	0.180767
0.596	0.182200
0.599	0.182967
0.602	0.184333
0.605	0.185200
0.608	0.185300
0.611	0.183833
0.614	0.183400
0.617	0.183233
0.62	0.183000
0.623	0.183200
0.626	0.184833
0.629	0.186200
0.632	0.185833
0.636	0.183667
0.639	0.183633
0.642	0.185600
0.645	0.187000
0.648	0.187233
0.651	0.187167
0.654	0.188533
0.657	0.186833
0.66	0.188133
0.664	0.187667
0.667	0.185233
0.67	0.185900
0.673	0.186733
0.676	0.189567
0.679	0.191467
0.683	0.194133
0.686	0.194067
0.689	0.195633
0.692	0.195233
0.695	0.195900
0.698	0.196233
0.702	0.195767
0.705	0.196567
0.708	0.197933
0.711	0.198467
0.714	0.197433
0.718	0.197133
0.721	0.197567
0.724	0.196800
0.727	0.198333
0.73	0.201567
0.734	0.203733
0.737	0.202100
0.74	0.197900
0.743	0.196933
0.746	0.199267
0.75	0.201733
0.753	0.204633
0.756	0.200967
0.759	0.196867
0.762	0.195033
0.766	0.196500
0.769	0.197367
0.772	0.196367
0.775	0.196633
0.778	0.198567
0.781	0.197967
0.785	0.199900
0.788	0.199800
0.791	0.201367
0.794	0.201167
0.797	0.201100
0.8	0.200433
0.803	0.197467
0.807	0.197100
0.81	0.197500
0.813	0.197333
0.816	0.196700
0.819	0.198600
0.822	0.201800
0.825	0.200900
0.828	0.199133
0.831	0.201533
0.834	0.203233
0.838	0.204400
0.841	0.203033
0.844	0.204500
0.847	0.208000
0.85	0.208133
0.853	0.205233
0.856	0.202433
0.859	0.201067
0.862	0.199533
0.865	0.201233
0.868	0.200400
0.871	0.199900
0.874	0.200600
0.877	0.200967
0.88	0.201133
0.883	0.200300
0.887	0.201467
0.89	0.199233
0.893	0.199400
0.896	0.200800
0.899	0.198400
0.902	0.199267
0.905	0.200633
0.908	0.201667
0.911	0.202000
0.914	0.201700
0.917	0.200233
0.92	0.199100
0.923	0.199700
0.926	0.203067
0.929	0.201900
0.932	0.201633
0.935	0.204633
0.938	0.205700
0.941	0.206300
0.944	0.205700
0.947	0.207333
0.95	0.207233
0.953	0.208667
0.956	0.207900
0.959	0.209333
0.962	0.209833
0.965	0.210200
0.968	0.210433
0.971	0.212233
0.974	0.208467
0.978	0.207800
0.981	0.206133
0.984	0.205867
0.987	0.205033
0.99	0.205500
0.993	0.204467
0.996	0.205167
0.999	0.207167
1.002	0.204600
1.005	0.204767
1.008	0.206467
1.011	0.207167
1.014	0.207733
1.017	0.208667
1.02	0.209633
1.023	0.210967
1.026	0.212233
1.029	0.210100
1.032	0.210300
1.035	0.212433
1.038	0.213533
1.041	0.213667
1.044	0.214833
1.047	0.217267
1.05	0.216533
1.053	0.215300
1.056	0.215433
1.059	0.214967
1.062	0.216000
1.065	0.218900
1.068	0.217233
1.071	0.219167
1.074	0.220000
1.077	0.219233
1.08	0.220700
1.083	0.221533
1.086	0.218867
1.089	0.216567
1.092	0.217933
1.095	0.220733
1.098	0.220767
1.101	0.222800
1.104	0.221733
1.107	0.220233
1.11	0.220533
1.113	0.218367
1.116	0.219367
1.119	0.219467
1.122	0.220267
1.125	0.220233
1.128	0.223100
1.131	0.225200
1.134	0.223567
1.137	0.224733
1.14	0.224767
1.143	0.225733
1.146	0.226733
1.149	0.226400
1.152	0.226467
1.155	0.225700
1.158	0.229367
1.161	0.229867
1.164	0.230733
1.167	0.230867
1.17	0.229433
1.173	0.228700
1.176	0.230200
1.179	0.231500
1.182	0.231200
1.185	0.231667
1.188	0.229767
1.191	0.227133
1.194	0.228767
1.197	0.227367
1.2	0.227133
1.203	0.226333
1.206	0.226733
1.209	0.229400
1.212	0.232467
1.215	0.231900
1.218	0.233267
1.221	0.233933
1.224	0.233867
1.227	0.233533
1.23	0.232100
1.233	0.232100
1.236	0.234433
1.239	0.237167
1.242	0.238067
1.245	0.237967
1.248	0.239933
1.251	0.240600
1.254	0.238900
1.257	0.239600
1.26	0.239500
1.263	0.240200
1.266	0.240567
1.269	0.239633
1.272	0.240533
1.276	0.240467
1.279	0.240567
1.282	0.242767
1.285	0.243200
1.288	0.240767
1.291	0.241067
1.294	0.242467
1.297	0.245000
1.3	0.246167
1.303	0.244400
1.306	0.243367
1.309	0.241800
1.312	0.241333
1.315	0.241833
1.318	0.243367
1.321	0.244433
1.324	0.244200
1.327	0.244400
1.33	0.246800
1.333	0.248633
1.336	0.248167
1.339	0.246733
1.342	0.247033
1.345	0.248800
1.348	0.250833
1.351	0.249233
1.354	0.247567
1.357	0.249467
1.36	0.250767
1.363	0.251100
1.366	0.250400
1.369	0.249967
1.372	0.250800
1.375	0.251467
1.378	0.252000
1.381	0.250400
1.384	0.250033
1.387	0.249933
1.39	0.253433
1.393	0.258400
1.396	0.259000
1.399	0.256200
1.402	0.256867
1.405	0.258200
1.408	0.258133
1.411	0.256300
1.414	0.255767
1.417	0.258133
1.42	0.258200
1.423	0.257333
1.426	0.260733
1.429	0.264467
1.432	0.261767
1.435	0.259900
1.438	0.262567
1.441	0.264200
1.444	0.262667
1.447	0.263500
1.45	0.263067
1.453	0.263667
1.456	0.266600
1.459	0.266633
1.462	0.266033
1.465	0.266333
1.468	0.267400
1.471	0.265667
1.474	0.265367
1.477	0.266400
1.48	0.267067
1.483	0.266467
1.486	0.265467
1.489	0.265567
1.492	0.264567
1.495	0.264933
1.498	0.266700
1.501	0.269100
1.504	0.270000
1.507	0.270433
1.51	0.270033
1.513	0.269400
1.516	0.270600
1.519	0.269333
1.522	0.269033
1.525	0.273800
1.528	0.274100
1.531	0.273467
1.534	0.269700
1.537	0.269533
1.54	0.271433
1.543	0.274767
1.546	0.276067
1.549	0.275867
1.552	0.276433
1.555	0.276000
1.558	0.275367
1.561	0.274933
1.564	0.274000
1.567	0.273633
1.57	0.272833
1.573	0.272500
1.576	0.275133
1.579	0.275400
1.582	0.274833
1.585	0.273300
1.588	0.273167
1.591	0.273400
1.594	0.272500
1.597	0.272767
1.6	0.272133
1.603	0.273500
1.606	0.277500
1.609	0.274233
1.612	0.272767
1.615	0.274000
1.618	0.273567
1.621	0.274000
1.624	0.277400
1.627	0.278700
1.63	0.277800
1.633	0.277300
1.636	0.275233
1.639	0.276033
1.642	0.274933
1.645	0.275800
1.648	0.278400
1.651	0.280667
1.654	0.278833
1.657	0.278367
1.66	0.278233
1.663	0.277733
1.666	0.277767
1.669	0.279567
1.672	0.279867
1.675	0.280400
1.678	0.281233
1.681	0.280400
1.684	0.279967
1.687	0.278767
1.69	0.280700
1.693	0.283767
1.696	0.283800
1.699	0.283367
1.702	0.281500
1.705	0.281400
1.708	0.280767
1.711	0.280100
1.714	0.280000
1.717	0.278833
1.72	0.278900
1.723	0.281633
1.726	0.282200
1.729	0.280367
1.732	0.278167
1.735	0.279300
1.738	0.283033
1.741	0.286233
1.744	0.283900
1.747	0.282633
1.75	0.282400
1.753	0.281033
1.756	0.280033
1.759	0.281167
1.762	0.281767
1.765	0.281733
1.768	0.284900
1.771	0.285100
1.774	0.281267
1.777	0.284800
1.78	0.285667
1.783	0.284800
1.786	0.286533
1.789	0.286333
1.792	0.286733
1.795	0.288033
1.798	0.289033
1.801	0.287833
1.804	0.284600
1.807	0.286900
1.81	0.287900
1.813	0.284000
1.816	0.282133
1.819	0.282567
1.822	0.284600
1.825	0.286633
1.828	0.284733
1.831	0.284267
1.834	0.283567
1.837	0.287667
1.84	0.285867
1.843	0.285833
1.846	0.289567
1.849	0.287833
1.852	0.286067
1.855	0.285867
1.858	0.285933
1.861	0.286700
1.864	0.290000
1.867	0.289667
1.87	0.288567
1.873	0.288333
1.876	0.289600
1.879	0.291633
1.882	0.293967
1.885	0.294200
1.888	0.293567
1.891	0.292900
1.894	0.292633
1.897	0.291400
1.9	0.289667
1.903	0.290533
1.906	0.289700
1.909	0.290233
1.912	0.292867
1.915	0.292600
1.918	0.289733
1.921	0.290300
1.924	0.292567
1.927	0.293833
1.93	0.293933
1.933	0.296233
1.936	0.295700
1.939	0.292700
1.942	0.292167
1.945	0.290267
1.948	0.292600
1.951	0.292967
1.954	0.296967
1.957	0.299067
1.96	0.297967
1.963	0.294000
1.966	0.295333
1.969	0.296633
1.972	0.299033
1.975	0.301400
1.978	0.302033
1.981	0.300333
1.984	0.298233
1.987	0.297700
1.99	0.298900
1.993	0.300900
1.996	0.300867
1.999	0.301867
2.002	0.299767
2.005	0.302200
2.008	0.299700
2.011	0.297300
2.014	0.298300
2.017	0.298567
2.02	0.299133
2.023	0.303233
2.026	0.304067
2.029	0.303233
2.032	0.302100
2.035	0.303333
2.038	0.304100
2.041	0.304867
2.044	0.305933
2.047	0.306900
2.05	0.305567
2.053	0.304600
2.056	0.306067
2.059	0.308167
2.062	0.307133
2.065	0.306567
2.068	0.308067
2.071	0.308967
2.074	0.304633
2.077	0.307000
2.08	0.309767
2.083	0.308133
2.086	0.309867
2.089	0.311167
2.092	0.309767
2.095	0.310833
2.098	0.311633
2.101	0.313133
2.104	0.308733
2.107	0.306367
2.11	0.309467
2.113	0.312533
2.116	0.314533
2.119	0.315300
2.122	0.314433
2.125	0.314900
2.128	0.313500
2.131	0.312433
2.134	0.314400
2.137	0.314800
2.14	0.314467
2.143	0.314000
2.146	0.314167
2.149	0.315500
2.152	0.313933
2.155	0.313000
2.158	0.313833
2.161	0.315200
2.164	0.316467
2.167	0.315633
2.17	0.316633
2.173	0.316267
2.176	0.315300
2.179	0.311833
2.182	0.311767
2.185	0.313067
2.188	0.314900
2.191	0.314833
2.194	0.315933
2.197	0.318000
2.2	0.318233
2.203	0.319967
2.206	0.319433
2.209	0.317133
2.212	0.316633
2.215	0.317133
2.218	0.317533
2.221	0.318267
2.224	0.318267
2.227	0.318467
2.23	0.320267
2.233	0.323333
2.236	0.322667
2.239	0.323567
2.242	0.324133
2.245	0.324200
2.248	0.323400
2.251	0.324233
2.254	0.324033
2.257	0.323633
2.26	0.321067
2.263	0.324067
2.266	0.326100
2.269	0.326600
2.272	0.326267
2.275	0.327967
2.278	0.328600
2.281	0.329467
2.284	0.328700
2.287	0.328933
2.29	0.330300
2.293	0.332033
2.296	0.331567
2.299	0.333567
2.302	0.333467
2.305	0.332100
2.308	0.333400
2.311	0.334200
2.314	0.333533
2.317	0.333633
2.32	0.334900
2.323	0.336567
2.326	0.336367
2.329	0.337200
2.332	0.336200
2.335	0.337167
2.338	0.339200
2.341	0.338533
2.344	0.336133
2.347	0.335633
2.35	0.339667
2.353	0.339700
2.356	0.337300
2.359	0.338467
2.362	0.340400
2.365	0.339967
2.368	0.340400
2.371	0.342867
2.374	0.344533
2.377	0.342367
2.38	0.342233
2.383	0.343233
2.386	0.343133
2.389	0.344467
2.392	0.345233
2.395	0.345967
2.398	0.345800
2.401	0.346000
2.404	0.347200
2.407	0.348000
2.41	0.346400
2.413	0.346367
2.416	0.346433
2.419	0.349600
2.422	0.348367
2.425	0.346533
2.428	0.349433
2.431	0.351800
2.434	0.352267
2.437	0.350333
2.44	0.347767
2.443	0.346700
2.446	0.347133
2.449	0.351467
2.452	0.353800
2.455	0.354933
2.458	0.353033
2.461	0.350567
2.464	0.347967
2.467	0.347767
2.47	0.351167
2.473	0.354200
2.476	0.354167
2.479	0.354067
2.482	0.353333
2.485	0.350033
2.488	0.349367
2.491	0.352867
2.494	0.352733
2.497	0.352933
2.5	0.353833
2.503	0.355300
2.506	0.355233
2.509	0.355367
2.512	0.356500
2.515	0.356900
