Brown University Keck/NASA Relab Spectrum MF-JBA-001/CLS324
Wavelength(micron)	Reflectance
0.351	0.383867
0.354	0.386067
0.357	0.388633
0.36	0.390367
0.363	0.392067
0.366	0.394833
0.369	0.397600
0.372	0.400000
0.375	0.401733
0.378	0.403067
0.381	0.403700
0.384	0.405367
0.387	0.407067
0.39	0.408033
0.393	0.408200
0.396	0.409667
0.399	0.410933
0.402	0.411133
0.405	0.411333
0.408	0.411833
0.411	0.412100
0.414	0.413000
0.417	0.414100
0.42	0.414633
0.423	0.416567
0.426	0.417833
0.429	0.418667
0.432	0.419200
0.435	0.420100
0.438	0.421500
0.441	0.421800
0.444	0.421900
0.447	0.422800
0.45	0.424000
0.453	0.424600
0.456	0.424900
0.459	0.425267
0.462	0.426600
0.465	0.427267
0.468	0.428100
0.471	0.429600
0.474	0.429900
0.477	0.430133
0.48	0.430033
0.483	0.430133
0.486	0.430300
0.489	0.430133
0.492	0.431467
0.495	0.432733
0.498	0.433133
0.501	0.433233
0.504	0.433367
0.507	0.433700
0.51	0.434000
0.513	0.434233
0.517	0.434067
0.52	0.434300
0.523	0.434967
0.526	0.436200
0.529	0.437233
0.532	0.436833
0.535	0.437100
0.538	0.437500
0.541	0.437367
0.544	0.437933
0.547	0.438667
0.55	0.438800
0.553	0.438633
0.556	0.439500
0.559	0.440433
0.562	0.440400
0.565	0.440867
0.568	0.441433
0.571	0.442500
0.574	0.442900
0.577	0.443333
0.58	0.443400
0.583	0.444233
0.586	0.444400
0.589	0.444733
0.593	0.445167
0.596	0.445933
0.599	0.446733
0.602	0.447667
0.605	0.448867
0.608	0.449700
0.611	0.449167
0.614	0.450133
0.617	0.450767
0.62	0.451300
0.623	0.452267
0.626	0.452400
0.629	0.452967
0.632	0.453833
0.636	0.454467
0.639	0.454500
0.642	0.454600
0.645	0.454500
0.648	0.454600
0.651	0.455567
0.654	0.455800
0.657	0.456000
0.66	0.456967
0.664	0.457667
0.667	0.458067
0.67	0.458367
0.673	0.459000
0.676	0.459867
0.679	0.460867
0.683	0.462000
0.686	0.462400
0.689	0.462600
0.692	0.463233
0.695	0.463933
0.698	0.464867
0.702	0.464967
0.705	0.465567
0.708	0.466133
0.711	0.467100
0.714	0.467967
0.718	0.468633
0.721	0.469767
0.724	0.470567
0.727	0.470700
0.73	0.471467
0.734	0.471967
0.737	0.472400
0.74	0.473367
0.743	0.473800
0.746	0.474167
0.75	0.474500
0.753	0.475200
0.756	0.475967
0.759	0.476000
0.762	0.476267
0.766	0.476700
0.769	0.477367
0.772	0.478267
0.775	0.479400
0.778	0.480500
0.781	0.481800
0.785	0.481933
0.788	0.482533
0.791	0.482700
0.794	0.482767
0.797	0.483067
0.8	0.484400
0.803	0.486000
0.807	0.486800
0.81	0.487800
0.813	0.488700
0.816	0.489867
0.819	0.490400
0.822	0.490500
0.825	0.491267
0.828	0.491800
0.831	0.491700
0.834	0.491733
0.838	0.492333
0.841	0.493367
0.844	0.494933
0.847	0.495900
0.85	0.496533
0.853	0.497100
0.856	0.497933
0.859	0.497900
0.862	0.498133
0.865	0.498867
0.868	0.499200
0.871	0.500167
0.874	0.500833
0.877	0.501533
0.88	0.502100
0.883	0.503167
0.887	0.503900
0.89	0.504767
0.893	0.505267
0.896	0.505467
0.899	0.506100
0.902	0.506567
0.905	0.507100
0.908	0.508100
0.911	0.507633
0.914	0.508033
0.917	0.508300
0.92	0.508833
0.923	0.509833
0.926	0.510600
0.929	0.511467
0.932	0.512400
0.935	0.513133
0.938	0.514233
0.941	0.515200
0.944	0.515867
0.947	0.516300
0.95	0.517733
0.953	0.518300
0.956	0.518433
0.959	0.518467
0.962	0.519633
0.965	0.520233
0.968	0.521267
0.971	0.522400
0.974	0.522967
0.978	0.523933
0.981	0.524000
0.984	0.524033
0.987	0.524133
0.99	0.524700
0.993	0.525367
0.996	0.525533
0.999	0.526600
1.002	0.527900
1.005	0.528800
1.008	0.529433
1.011	0.530000
1.014	0.530067
1.017	0.530233
1.02	0.530067
1.023	0.530633
1.026	0.531267
1.029	0.532933
1.032	0.533200
1.035	0.534900
1.038	0.535500
1.041	0.536667
1.044	0.537367
1.047	0.537733
1.05	0.538500
1.053	0.539067
1.056	0.539633
1.059	0.540567
1.062	0.541000
1.065	0.541133
1.068	0.541800
1.071	0.542500
1.074	0.542767
1.077	0.543700
1.08	0.544033
1.083	0.544167
1.086	0.544233
1.089	0.544133
1.092	0.544133
1.095	0.544467
1.098	0.545367
1.101	0.545467
1.104	0.545867
1.107	0.546533
1.11	0.546567
1.113	0.547433
1.116	0.548467
1.119	0.549533
1.122	0.550500
1.125	0.550733
1.128	0.550667
1.131	0.550733
1.134	0.551400
1.137	0.552400
1.14	0.552800
1.143	0.553533
1.146	0.554000
1.149	0.554167
1.152	0.554467
1.155	0.554667
1.158	0.555300
1.161	0.556100
1.164	0.556700
1.167	0.557200
1.17	0.558067
1.173	0.558600
1.176	0.558833
1.179	0.559533
1.182	0.560533
1.185	0.561200
1.188	0.562033
1.191	0.562667
1.194	0.563400
1.197	0.563567
1.2	0.564067
1.203	0.564033
1.206	0.564500
1.209	0.564600
1.212	0.565433
1.215	0.566233
1.218	0.566567
1.221	0.567700
1.224	0.568067
1.227	0.569100
1.23	0.570167
1.233	0.570233
1.236	0.570767
1.239	0.571333
1.242	0.571767
1.245	0.572633
1.248	0.573300
1.251	0.574567
1.254	0.575867
1.257	0.576533
1.26	0.576833
1.263	0.577300
1.266	0.577333
1.269	0.577767
1.272	0.578433
1.276	0.579167
1.279	0.579600
1.282	0.579800
1.285	0.580100
1.288	0.580100
1.291	0.580267
1.294	0.580667
1.297	0.581200
1.3	0.581267
1.303	0.581967
1.306	0.582000
1.309	0.582467
1.312	0.583467
1.315	0.584067
1.318	0.584667
1.321	0.584433
1.324	0.584533
1.327	0.585067
1.33	0.585767
1.333	0.586433
1.336	0.586900
1.339	0.587367
1.342	0.588067
1.345	0.588900
1.348	0.588933
1.351	0.589133
1.354	0.589500
1.357	0.590400
1.36	0.590767
1.363	0.590933
1.366	0.591500
1.369	0.592200
1.372	0.592567
1.375	0.592600
1.378	0.593467
1.381	0.594300
1.384	0.594900
1.387	0.595300
1.39	0.595267
1.393	0.595833
1.396	0.596167
1.399	0.596967
1.402	0.597267
1.405	0.597767
1.408	0.597967
1.411	0.598533
1.414	0.598967
1.417	0.599567
1.42	0.600100
1.423	0.600800
1.426	0.600600
1.429	0.601333
1.432	0.601767
1.435	0.602067
1.438	0.602833
1.441	0.603267
1.444	0.603867
1.447	0.605133
1.45	0.605567
1.453	0.605900
1.456	0.605633
1.459	0.605967
1.462	0.606100
1.465	0.607033
1.468	0.607533
1.471	0.608200
1.474	0.608500
1.477	0.609133
1.48	0.609700
1.483	0.610433
1.486	0.610867
1.489	0.611367
1.492	0.611800
1.495	0.612533
1.498	0.612667
1.501	0.613200
1.504	0.613333
1.507	0.613633
1.51	0.613767
1.513	0.614467
1.516	0.615200
1.519	0.615533
1.522	0.616400
1.525	0.617000
1.528	0.617500
1.531	0.618200
1.534	0.618867
1.537	0.618800
1.54	0.618200
1.543	0.619533
1.546	0.619833
1.549	0.620633
1.552	0.621133
1.555	0.621833
1.558	0.622333
1.561	0.622333
1.564	0.622500
1.567	0.622667
1.57	0.623233
1.573	0.623700
1.576	0.624933
1.579	0.625400
1.582	0.625467
1.585	0.625567
1.588	0.626467
1.591	0.626600
1.594	0.626733
1.597	0.627200
1.6	0.627867
1.603	0.628500
1.606	0.629733
1.609	0.630200
1.612	0.630367
1.615	0.631267
1.618	0.630567
1.621	0.631100
1.624	0.631933
1.627	0.631667
1.63	0.631967
1.633	0.632733
1.636	0.632933
1.639	0.632900
1.642	0.633533
1.645	0.634633
1.648	0.635767
1.651	0.635767
1.654	0.635800
1.657	0.636167
1.66	0.636633
1.663	0.636967
1.666	0.637567
1.669	0.638367
1.672	0.638933
1.675	0.639733
1.678	0.640467
1.681	0.640600
1.684	0.640300
1.687	0.640833
1.69	0.642267
1.693	0.643167
1.696	0.643467
1.699	0.643533
1.702	0.643333
1.705	0.643200
1.708	0.643367
1.711	0.643833
1.714	0.644167
1.717	0.645067
1.72	0.645267
1.723	0.646000
1.726	0.646500
1.729	0.647367
1.732	0.648200
1.735	0.648533
1.738	0.648567
1.741	0.648267
1.744	0.649067
1.747	0.650033
1.75	0.650333
1.753	0.650633
1.756	0.651000
1.759	0.652000
1.762	0.652033
1.765	0.652767
1.768	0.653200
1.771	0.653500
1.774	0.653200
1.777	0.653333
1.78	0.653700
1.783	0.653667
1.786	0.653767
1.789	0.654667
1.792	0.656000
1.795	0.656667
1.798	0.657067
1.801	0.657767
1.804	0.658300
1.807	0.658800
1.81	0.659033
1.813	0.658567
1.816	0.659033
1.819	0.659367
1.822	0.659700
1.825	0.660367
1.828	0.660533
1.831	0.660967
1.834	0.661733
1.837	0.662100
1.84	0.662567
1.843	0.662700
1.846	0.662733
1.849	0.663267
1.852	0.664167
1.855	0.664500
1.858	0.664700
1.861	0.664833
1.864	0.665833
1.867	0.665867
1.87	0.666567
1.873	0.666600
1.876	0.666667
1.879	0.666967
1.882	0.667400
1.885	0.667967
1.888	0.668600
1.891	0.668500
1.894	0.668767
1.897	0.669200
1.9	0.669400
1.903	0.669733
1.906	0.670233
1.909	0.670967
1.912	0.671133
1.915	0.671300
1.918	0.671367
1.921	0.672133
1.924	0.672533
1.927	0.673033
1.93	0.672967
1.933	0.673500
1.936	0.674333
1.939	0.674567
1.942	0.674400
1.945	0.674700
1.948	0.675567
1.951	0.676800
1.954	0.677000
1.957	0.676933
1.96	0.677000
1.963	0.677733
1.966	0.678967
1.969	0.679567
1.972	0.679700
1.975	0.680167
1.978	0.681033
1.981	0.681167
1.984	0.681800
1.987	0.682433
1.99	0.682833
1.993	0.683233
1.996	0.683667
1.999	0.683733
2.002	0.684067
2.005	0.685467
2.008	0.685567
2.011	0.685267
2.014	0.686067
2.017	0.686433
2.02	0.687333
2.023	0.687867
2.026	0.687733
2.029	0.688367
2.032	0.689133
2.035	0.689433
2.038	0.690600
2.041	0.690667
2.044	0.690900
2.047	0.690933
2.05	0.691267
2.053	0.691433
2.056	0.691500
2.059	0.691733
2.062	0.692167
2.065	0.692733
2.068	0.693033
2.071	0.693867
2.074	0.693733
2.077	0.694400
2.08	0.694867
2.083	0.694767
2.086	0.695267
2.089	0.696000
2.092	0.697233
2.095	0.697733
2.098	0.697900
2.101	0.698733
2.104	0.698800
2.107	0.699300
2.11	0.699500
2.113	0.700267
2.116	0.700767
2.119	0.701567
2.122	0.702733
2.125	0.702233
2.128	0.702100
2.131	0.702800
2.134	0.704267
2.137	0.704400
2.14	0.704533
2.143	0.704033
2.146	0.704900
2.149	0.705800
2.152	0.706567
2.155	0.706700
2.158	0.706767
2.161	0.706667
2.164	0.707833
2.167	0.708700
2.17	0.709067
2.173	0.709000
2.176	0.708600
2.179	0.709233
2.182	0.709533
2.185	0.709867
2.188	0.710800
2.191	0.710867
2.194	0.711567
2.197	0.711800
2.2	0.712167
2.203	0.712733
2.206	0.713567
2.209	0.713667
2.212	0.714300
2.215	0.714633
2.218	0.714800
2.221	0.715000
2.224	0.715333
2.227	0.716000
2.23	0.716567
2.233	0.716600
2.236	0.716700
2.239	0.717200
2.242	0.718433
2.245	0.718967
2.248	0.718967
2.251	0.719333
2.254	0.719267
2.257	0.719367
2.26	0.719833
2.263	0.720333
2.266	0.720400
2.269	0.720867
2.272	0.721567
2.275	0.722467
2.278	0.723300
2.281	0.722600
2.284	0.722667
2.287	0.723033
2.29	0.724067
2.293	0.724233
2.296	0.724133
2.299	0.724700
2.302	0.725167
2.305	0.725667
2.308	0.725833
2.311	0.725467
2.314	0.726100
2.317	0.726633
2.32	0.726767
2.323	0.726500
2.326	0.726400
2.329	0.727100
2.332	0.727800
2.335	0.728700
2.338	0.728667
2.341	0.728600
2.344	0.728733
2.347	0.729300
2.35	0.729800
2.353	0.730367
2.356	0.730400
2.359	0.730767
2.362	0.731300
2.365	0.731633
2.368	0.732000
2.371	0.731767
2.374	0.732233
2.377	0.732600
2.38	0.732433
2.383	0.732567
2.386	0.732733
2.389	0.733600
2.392	0.733833
2.395	0.734367
2.398	0.734533
2.401	0.734900
2.404	0.735033
2.407	0.734867
2.41	0.735833
2.413	0.736067
2.416	0.736533
2.419	0.736800
2.422	0.736867
2.425	0.737233
2.428	0.737867
2.431	0.737900
2.434	0.738300
2.437	0.738000
2.44	0.737900
2.443	0.738333
2.446	0.738833
2.449	0.739300
2.452	0.738933
2.455	0.739433
2.458	0.739600
2.461	0.739433
2.464	0.739900
2.467	0.740467
2.47	0.740733
2.473	0.740900
2.476	0.740767
2.479	0.741333
2.482	0.741333
2.485	0.741767
2.488	0.741667
2.491	0.741800
2.494	0.741500
2.497	0.741833
2.5	0.742033
2.503	0.742833
2.506	0.743733
2.509	0.743767
2.512	0.743767
2.515	0.744067
