Brown University Keck/NASA Relab Spectrum LS-JBA-242-X/CLS329
Wavelength(micron)	Reflectance
0.351	0.117733
0.354	0.117733
0.357	0.118700
0.36	0.118567
0.363	0.117633
0.366	0.117600
0.369	0.118900
0.372	0.119200
0.375	0.118533
0.378	0.117767
0.381	0.117800
0.384	0.117900
0.387	0.118767
0.39	0.118467
0.393	0.119267
0.396	0.119733
0.399	0.119667
0.402	0.118600
0.405	0.118367
0.408	0.119200
0.411	0.119333
0.414	0.118833
0.417	0.119433
0.42	0.120533
0.423	0.120233
0.426	0.120067
0.429	0.120433
0.432	0.121033
0.435	0.121733
0.438	0.123133
0.441	0.123233
0.444	0.123167
0.447	0.123467
0.45	0.124667
0.453	0.124367
0.456	0.123967
0.459	0.124100
0.462	0.123933
0.465	0.124333
0.468	0.125167
0.471	0.126433
0.474	0.126533
0.477	0.126200
0.48	0.126933
0.483	0.127600
0.486	0.127067
0.489	0.126833
0.492	0.127167
0.495	0.126800
0.498	0.127233
0.501	0.127600
0.504	0.128567
0.507	0.128467
0.51	0.128200
0.513	0.127867
0.517	0.129200
0.52	0.129600
0.523	0.131300
0.526	0.131700
0.529	0.131233
0.532	0.131467
0.535	0.131067
0.538	0.130833
0.541	0.131267
0.544	0.130567
0.547	0.131967
0.55	0.132367
0.553	0.131633
0.556	0.132300
0.559	0.133667
0.562	0.133500
0.565	0.133233
0.568	0.134533
0.571	0.135667
0.574	0.136500
0.577	0.136833
0.58	0.136667
0.583	0.136567
0.586	0.136833
0.589	0.136233
0.593	0.136400
0.596	0.137700
0.599	0.137633
0.602	0.137800
0.605	0.138567
0.608	0.139133
0.611	0.139333
0.614	0.138700
0.617	0.137900
0.62	0.135867
0.623	0.136033
0.626	0.138500
0.629	0.138167
0.632	0.136967
0.636	0.136767
0.639	0.138967
0.642	0.140600
0.645	0.141100
0.648	0.140933
0.651	0.142867
0.654	0.144767
0.657	0.145767
0.66	0.145833
0.664	0.144867
0.667	0.144400
0.67	0.142300
0.673	0.142600
0.676	0.144167
0.679	0.143667
0.683	0.146633
0.686	0.147233
0.689	0.147033
0.692	0.146500
0.695	0.146400
0.698	0.147900
0.702	0.147433
0.705	0.145900
0.708	0.145667
0.711	0.147967
0.714	0.149300
0.718	0.148600
0.721	0.149867
0.724	0.151267
0.727	0.151533
0.73	0.149400
0.734	0.147033
0.737	0.147100
0.74	0.147267
0.743	0.147867
0.746	0.149500
0.75	0.148333
0.753	0.147967
0.756	0.145567
0.759	0.148467
0.762	0.151033
0.766	0.154200
0.769	0.155600
0.772	0.153833
0.775	0.151567
0.778	0.152067
0.781	0.154000
0.785	0.153433
0.788	0.151633
0.791	0.152200
0.794	0.154833
0.797	0.155467
0.8	0.155333
0.803	0.154467
0.807	0.153867
0.81	0.151667
0.813	0.152467
0.816	0.153833
0.819	0.154600
0.822	0.156700
0.825	0.157200
0.828	0.155833
0.831	0.155267
0.834	0.157367
0.838	0.158167
0.841	0.157600
0.844	0.157200
0.847	0.157100
0.85	0.157033
0.853	0.156467
0.856	0.156300
0.859	0.156333
0.862	0.157067
0.865	0.157900
0.868	0.157467
0.871	0.157600
0.874	0.159233
0.877	0.158933
0.88	0.158533
0.883	0.158900
0.887	0.159900
0.89	0.160533
0.893	0.162067
0.896	0.164500
0.899	0.163700
0.902	0.161767
0.905	0.159633
0.908	0.161233
0.911	0.162533
0.914	0.161100
0.917	0.159167
0.92	0.159067
0.923	0.160267
0.926	0.159600
0.929	0.158300
0.932	0.160033
0.935	0.162300
0.938	0.162233
0.941	0.162900
0.944	0.164200
0.947	0.163633
0.95	0.162333
0.953	0.163367
0.956	0.163567
0.959	0.165333
0.962	0.163700
0.965	0.164567
0.968	0.164200
0.971	0.162767
0.974	0.163200
0.978	0.162533
0.981	0.164600
0.984	0.166000
0.987	0.165933
0.99	0.165567
0.993	0.167867
0.996	0.167400
0.999	0.167233
1.002	0.168033
1.005	0.168167
1.008	0.169600
1.011	0.171033
1.014	0.174133
1.017	0.171733
1.02	0.167833
1.023	0.167200
1.026	0.166700
1.029	0.167633
1.032	0.168433
1.035	0.171267
1.038	0.172733
1.041	0.173400
1.044	0.174133
1.047	0.173933
1.05	0.172567
1.053	0.173400
1.056	0.174200
1.059	0.172533
1.062	0.170967
1.065	0.172400
1.068	0.174133
1.071	0.174767
1.074	0.176000
1.077	0.178200
1.08	0.177767
1.083	0.176267
1.086	0.173633
1.089	0.172833
1.092	0.172267
1.095	0.173167
1.098	0.174200
1.101	0.174633
1.104	0.176567
1.107	0.179900
1.11	0.177467
1.113	0.175967
1.116	0.176367
1.119	0.177600
1.122	0.176600
1.125	0.178700
1.128	0.180667
1.131	0.181500
1.134	0.180667
1.137	0.181500
1.14	0.181400
1.143	0.181367
1.146	0.180000
1.149	0.180333
1.152	0.181833
1.155	0.182467
1.158	0.182167
1.161	0.182733
1.164	0.183167
1.167	0.183367
1.17	0.182833
1.173	0.182833
1.176	0.183767
1.179	0.184633
1.182	0.182533
1.185	0.183600
1.188	0.183200
1.191	0.182300
1.194	0.185133
1.197	0.186300
1.2	0.186600
1.203	0.185200
1.206	0.184700
1.209	0.184233
1.212	0.185067
1.215	0.184167
1.218	0.185767
1.221	0.186967
1.224	0.187233
1.227	0.187967
1.23	0.186367
1.233	0.185833
1.236	0.187833
1.239	0.189200
1.242	0.189100
1.245	0.187533
1.248	0.186833
1.251	0.187967
1.254	0.187367
1.257	0.187300
1.26	0.188267
1.263	0.191533
1.266	0.191700
1.269	0.190267
1.272	0.190400
1.276	0.192100
1.279	0.195100
1.282	0.195233
1.285	0.194533
1.288	0.192900
1.291	0.193633
1.294	0.193900
1.297	0.196267
1.3	0.196533
1.303	0.194867
1.306	0.194333
1.309	0.194100
1.312	0.194133
1.315	0.194467
1.318	0.194533
1.321	0.196233
1.324	0.197400
1.327	0.199667
1.33	0.199233
1.333	0.195400
1.336	0.195333
1.339	0.197367
1.342	0.198067
1.345	0.200233
1.348	0.201300
1.351	0.200533
1.354	0.199500
1.357	0.199633
1.36	0.198667
1.363	0.198267
1.366	0.198567
1.369	0.199867
1.372	0.198300
1.375	0.197633
1.378	0.198833
1.381	0.199667
1.384	0.199833
1.387	0.200800
1.39	0.202433
1.393	0.202033
1.396	0.202800
1.399	0.202367
1.402	0.203367
1.405	0.201067
1.408	0.199300
1.411	0.200100
1.414	0.202267
1.417	0.201900
1.42	0.203000
1.423	0.204200
1.426	0.205267
1.429	0.205567
1.432	0.205800
1.435	0.206500
1.438	0.204533
1.441	0.204100
1.444	0.205333
1.447	0.206567
1.45	0.205900
1.453	0.205100
1.456	0.208033
1.459	0.209900
1.462	0.210067
1.465	0.211333
1.468	0.211633
1.471	0.213433
1.474	0.212667
1.477	0.212100
1.48	0.210633
1.483	0.210367
1.486	0.210033
1.489	0.208200
1.492	0.208367
1.495	0.209467
1.498	0.210733
1.501	0.210433
1.504	0.212800
1.507	0.213200
1.51	0.211633
1.513	0.211300
1.516	0.210967
1.519	0.210533
1.522	0.213467
1.525	0.213867
1.528	0.214100
1.531	0.214133
1.534	0.213400
1.537	0.212133
1.54	0.212233
1.543	0.214100
1.546	0.214400
1.549	0.211867
1.552	0.211933
1.555	0.215133
1.558	0.216100
1.561	0.216633
1.564	0.216067
1.567	0.214567
1.57	0.214333
1.573	0.215667
1.576	0.215233
1.579	0.217500
1.582	0.219600
1.585	0.219500
1.588	0.219867
1.591	0.221600
1.594	0.223267
1.597	0.222500
1.6	0.219500
1.603	0.218167
1.606	0.219233
1.609	0.223433
1.612	0.223567
1.615	0.220200
1.618	0.219933
1.621	0.217200
1.624	0.219500
1.627	0.222367
1.63	0.220600
1.633	0.220267
1.636	0.221067
1.639	0.221467
1.642	0.222667
1.645	0.222500
1.648	0.223967
1.651	0.223300
1.654	0.221100
1.657	0.220367
1.66	0.221167
1.663	0.223433
1.666	0.225033
1.669	0.224767
1.672	0.223367
1.675	0.221900
1.678	0.223233
1.681	0.224133
1.684	0.225933
1.687	0.226133
1.69	0.227600
1.693	0.228033
1.696	0.228967
1.699	0.228733
1.702	0.227067
1.705	0.227200
1.708	0.227733
1.711	0.227533
1.714	0.230800
1.717	0.228833
1.72	0.225467
1.723	0.224567
1.726	0.225333
1.729	0.227500
1.732	0.228700
1.735	0.228100
1.738	0.230500
1.741	0.229700
1.744	0.228267
1.747	0.229167
1.75	0.230167
1.753	0.229567
1.756	0.228333
1.759	0.225600
1.762	0.224933
1.765	0.225567
1.768	0.227533
1.771	0.229100
1.774	0.232200
1.777	0.233300
1.78	0.233900
1.783	0.230900
1.786	0.231000
1.789	0.232433
1.792	0.231367
1.795	0.231733
1.798	0.232000
1.801	0.232533
1.804	0.232467
1.807	0.231400
1.81	0.232300
1.813	0.230800
1.816	0.230600
1.819	0.232600
1.822	0.233533
1.825	0.233367
1.828	0.235367
1.831	0.235800
1.834	0.235667
1.837	0.234867
1.84	0.233433
1.843	0.235033
1.846	0.237067
1.849	0.237433
1.852	0.235067
1.855	0.236133
1.858	0.238267
1.861	0.236267
1.864	0.238100
1.867	0.239667
1.87	0.238667
1.873	0.237800
1.876	0.240267
1.879	0.240167
1.882	0.238767
1.885	0.241033
1.888	0.242533
1.891	0.242633
1.894	0.244200
1.897	0.242700
1.9	0.240667
1.903	0.238367
1.906	0.239267
1.909	0.241500
1.912	0.240233
1.915	0.236733
1.918	0.237233
1.921	0.238600
1.924	0.241900
1.927	0.244067
1.93	0.245300
1.933	0.246700
1.936	0.245267
1.939	0.243033
1.942	0.240700
1.945	0.241167
1.948	0.243567
1.951	0.245333
1.954	0.247167
1.957	0.247367
1.96	0.244467
1.963	0.245067
1.966	0.248400
1.969	0.248933
1.972	0.249133
1.975	0.247533
1.978	0.247167
1.981	0.247433
1.984	0.246667
1.987	0.247367
1.99	0.249433
1.993	0.250300
1.996	0.249667
1.999	0.250633
2.002	0.249600
2.005	0.250067
2.008	0.251367
2.011	0.249433
2.014	0.247267
2.017	0.248300
2.02	0.251833
2.023	0.252767
2.026	0.252267
2.029	0.255000
2.032	0.255233
2.035	0.253733
2.038	0.253933
2.041	0.253200
2.044	0.251867
2.047	0.249567
2.05	0.249200
2.053	0.253000
2.056	0.254400
2.059	0.254033
2.062	0.252600
2.065	0.253467
2.068	0.253267
2.071	0.252033
2.074	0.252600
2.077	0.254700
2.08	0.253500
2.083	0.254433
2.086	0.256467
2.089	0.258167
2.092	0.255733
2.095	0.256700
2.098	0.257500
2.101	0.255933
2.104	0.255767
2.107	0.256433
2.11	0.256933
2.113	0.257967
2.116	0.257933
2.119	0.262400
2.122	0.261933
2.125	0.258200
2.128	0.258033
2.131	0.259933
2.134	0.258900
2.137	0.260300
2.14	0.259967
2.143	0.256267
2.146	0.257700
2.149	0.257767
2.152	0.258900
2.155	0.260467
2.158	0.260333
2.161	0.260233
2.164	0.260400
2.167	0.259067
2.17	0.259233
2.173	0.259367
2.176	0.260100
2.179	0.260467
2.182	0.258833
2.185	0.259067
2.188	0.258300
2.191	0.258967
2.194	0.258867
2.197	0.259400
2.2	0.260533
2.203	0.260267
2.206	0.263467
2.209	0.264367
2.212	0.262467
2.215	0.261567
2.218	0.258333
2.221	0.260233
2.224	0.262467
2.227	0.263933
2.23	0.265533
2.233	0.265633
2.236	0.263933
2.239	0.266333
2.242	0.265700
2.245	0.264667
2.248	0.265000
2.251	0.267567
2.254	0.267200
2.257	0.265467
2.26	0.264967
2.263	0.266467
2.266	0.268500
2.269	0.267200
2.272	0.268400
2.275	0.269433
2.278	0.270167
2.281	0.269633
2.284	0.268833
2.287	0.272400
2.29	0.272667
2.293	0.273300
2.296	0.272467
2.299	0.273633
2.302	0.272233
2.305	0.272267
2.308	0.274633
2.311	0.276267
2.314	0.276100
2.317	0.276700
2.32	0.276767
2.323	0.278167
2.326	0.279433
2.329	0.278533
2.332	0.277133
2.335	0.277467
2.338	0.278467
2.341	0.276433
2.344	0.277600
2.347	0.279100
2.35	0.281333
2.353	0.282700
2.356	0.282233
2.359	0.279567
2.362	0.279167
2.365	0.279533
2.368	0.281667
2.371	0.282267
2.374	0.281500
2.377	0.281267
2.38	0.281600
2.383	0.281633
2.386	0.282033
2.389	0.283133
2.392	0.282400
2.395	0.282867
2.398	0.283433
2.401	0.284367
2.404	0.284567
2.407	0.285467
2.41	0.286933
2.413	0.286967
2.416	0.286767
2.419	0.286567
2.422	0.287133
2.425	0.285900
2.428	0.284367
2.431	0.283667
2.434	0.283033
2.437	0.284033
2.44	0.285933
2.443	0.287200
2.446	0.288133
2.449	0.290233
2.452	0.288567
2.455	0.286967
2.458	0.288533
2.461	0.288767
2.464	0.287800
2.467	0.288233
2.47	0.286967
2.473	0.288033
2.476	0.288500
2.479	0.288933
2.482	0.289800
2.485	0.291433
2.488	0.291433
2.491	0.290533
2.494	0.289567
2.497	0.288133
2.5	0.286900
2.503	0.288733
2.506	0.287267
2.509	0.287267
2.512	0.288867
2.515	0.288367
