Brown University Keck/NASA Relab Spectrum MF-JBA-001/CLS330
Wavelength(micron)	Reflectance
0.351	0.377700
0.354	0.379667
0.357	0.381300
0.36	0.383267
0.363	0.385800
0.366	0.388533
0.369	0.390300
0.372	0.392133
0.375	0.393900
0.378	0.394900
0.381	0.396033
0.384	0.398033
0.387	0.400267
0.39	0.401300
0.393	0.401967
0.396	0.402133
0.399	0.403500
0.402	0.403933
0.405	0.404100
0.408	0.403700
0.411	0.403767
0.414	0.404733
0.417	0.405667
0.42	0.406633
0.423	0.409000
0.426	0.409800
0.429	0.410933
0.432	0.411400
0.435	0.412600
0.438	0.413867
0.441	0.414400
0.444	0.415267
0.447	0.416633
0.45	0.416900
0.453	0.417367
0.456	0.418333
0.459	0.419433
0.462	0.420167
0.465	0.420100
0.468	0.420533
0.471	0.421200
0.474	0.421600
0.477	0.421800
0.48	0.421700
0.483	0.422200
0.486	0.422933
0.489	0.422567
0.492	0.423133
0.495	0.423967
0.498	0.424300
0.501	0.424133
0.504	0.425800
0.507	0.426300
0.51	0.426733
0.513	0.426933
0.517	0.426133
0.52	0.426667
0.523	0.426900
0.526	0.427600
0.529	0.428667
0.532	0.428567
0.535	0.428400
0.538	0.429500
0.541	0.430333
0.544	0.430433
0.547	0.430500
0.55	0.431200
0.553	0.430867
0.556	0.430800
0.559	0.431867
0.562	0.432767
0.565	0.433267
0.568	0.434733
0.571	0.435567
0.574	0.435133
0.577	0.435467
0.58	0.436033
0.583	0.436933
0.586	0.437433
0.589	0.437533
0.593	0.437900
0.596	0.438567
0.599	0.439033
0.602	0.439633
0.605	0.441067
0.608	0.441133
0.611	0.441467
0.614	0.442100
0.617	0.442867
0.62	0.443833
0.623	0.444767
0.626	0.445467
0.629	0.445767
0.632	0.445600
0.636	0.446233
0.639	0.446300
0.642	0.446633
0.645	0.446933
0.648	0.447467
0.651	0.448167
0.654	0.448667
0.657	0.448767
0.66	0.449333
0.664	0.449800
0.667	0.450267
0.67	0.451233
0.673	0.451733
0.676	0.452567
0.679	0.453667
0.683	0.454567
0.686	0.455067
0.689	0.456000
0.692	0.456267
0.695	0.456600
0.698	0.457100
0.702	0.457333
0.705	0.457800
0.708	0.458533
0.711	0.459333
0.714	0.460467
0.718	0.460867
0.721	0.461933
0.724	0.462667
0.727	0.462800
0.73	0.462967
0.734	0.464133
0.737	0.464567
0.74	0.465533
0.743	0.466133
0.746	0.466800
0.75	0.466900
0.753	0.467600
0.756	0.467900
0.759	0.468167
0.762	0.468833
0.766	0.469467
0.769	0.470400
0.772	0.470967
0.775	0.471733
0.778	0.472667
0.781	0.473433
0.785	0.474333
0.788	0.475700
0.791	0.475867
0.794	0.476100
0.797	0.475967
0.8	0.477000
0.803	0.479567
0.807	0.480633
0.81	0.481567
0.813	0.482300
0.816	0.482633
0.819	0.483333
0.822	0.483367
0.825	0.483867
0.828	0.484367
0.831	0.484633
0.834	0.484767
0.838	0.485267
0.841	0.485800
0.844	0.486500
0.847	0.487667
0.85	0.488533
0.853	0.488767
0.856	0.489333
0.859	0.490100
0.862	0.490833
0.865	0.491067
0.868	0.490967
0.871	0.492267
0.874	0.492967
0.877	0.493500
0.88	0.494000
0.883	0.494967
0.887	0.496033
0.89	0.496833
0.893	0.497133
0.896	0.497933
0.899	0.498167
0.902	0.498633
0.905	0.499433
0.908	0.499767
0.911	0.499767
0.914	0.500533
0.917	0.500400
0.92	0.500433
0.923	0.501367
0.926	0.502533
0.929	0.503733
0.932	0.504700
0.935	0.505467
0.938	0.506667
0.941	0.507767
0.944	0.508533
0.947	0.508700
0.95	0.509300
0.953	0.509867
0.956	0.510233
0.959	0.510733
0.962	0.511733
0.965	0.512633
0.968	0.512933
0.971	0.514033
0.974	0.514400
0.978	0.515300
0.981	0.515833
0.984	0.516133
0.987	0.516567
0.99	0.517200
0.993	0.517767
0.996	0.518467
0.999	0.519267
1.002	0.519833
1.005	0.520633
1.008	0.521267
1.011	0.521567
1.014	0.522167
1.017	0.522867
1.02	0.522967
1.023	0.523300
1.026	0.523800
1.029	0.524933
1.032	0.525700
1.035	0.526900
1.038	0.527500
1.041	0.528700
1.044	0.529433
1.047	0.529867
1.05	0.530467
1.053	0.530267
1.056	0.530800
1.059	0.532133
1.062	0.532600
1.065	0.533267
1.068	0.534133
1.071	0.534800
1.074	0.534733
1.077	0.535433
1.08	0.535500
1.083	0.535733
1.086	0.536300
1.089	0.537267
1.092	0.537600
1.095	0.537733
1.098	0.537900
1.101	0.538333
1.104	0.538367
1.107	0.538733
1.11	0.539600
1.113	0.539833
1.116	0.540433
1.119	0.540967
1.122	0.541533
1.125	0.542467
1.128	0.542967
1.131	0.543167
1.134	0.543933
1.137	0.544167
1.14	0.544700
1.143	0.545667
1.146	0.546300
1.149	0.546533
1.152	0.546267
1.155	0.546967
1.158	0.547667
1.161	0.548100
1.164	0.548400
1.167	0.549433
1.17	0.550600
1.173	0.551067
1.176	0.551133
1.179	0.551533
1.182	0.551933
1.185	0.552600
1.188	0.553633
1.191	0.554000
1.194	0.554767
1.197	0.555333
1.2	0.555533
1.203	0.555200
1.206	0.555567
1.209	0.555900
1.212	0.556500
1.215	0.557200
1.218	0.557533
1.221	0.558400
1.224	0.559300
1.227	0.560233
1.23	0.561067
1.233	0.560867
1.236	0.561967
1.239	0.562033
1.242	0.562267
1.245	0.563467
1.248	0.564533
1.251	0.565767
1.254	0.566933
1.257	0.567767
1.26	0.567567
1.263	0.567800
1.266	0.567800
1.269	0.568567
1.272	0.568933
1.276	0.569167
1.279	0.570333
1.282	0.570533
1.285	0.570700
1.288	0.570400
1.291	0.569900
1.294	0.570067
1.297	0.570733
1.3	0.571133
1.303	0.571633
1.306	0.572267
1.309	0.573167
1.312	0.574333
1.315	0.574567
1.318	0.575000
1.321	0.574500
1.324	0.574567
1.327	0.575400
1.33	0.576200
1.333	0.576433
1.336	0.577167
1.339	0.577433
1.342	0.577967
1.345	0.578733
1.348	0.579067
1.351	0.579367
1.354	0.579467
1.357	0.579933
1.36	0.580467
1.363	0.580967
1.366	0.581867
1.369	0.582300
1.372	0.582600
1.375	0.582500
1.378	0.583333
1.381	0.583533
1.384	0.584033
1.387	0.584100
1.39	0.584433
1.393	0.585467
1.396	0.585933
1.399	0.586033
1.402	0.586200
1.405	0.586567
1.408	0.587433
1.411	0.588067
1.414	0.588300
1.417	0.588667
1.42	0.588833
1.423	0.589367
1.426	0.590133
1.429	0.590433
1.432	0.591000
1.435	0.591200
1.438	0.591567
1.441	0.592000
1.444	0.592433
1.447	0.593167
1.45	0.593833
1.453	0.594167
1.456	0.594633
1.459	0.594567
1.462	0.594933
1.465	0.595733
1.468	0.596000
1.471	0.596267
1.474	0.597467
1.477	0.598033
1.48	0.597767
1.483	0.598367
1.486	0.598833
1.489	0.599067
1.492	0.599367
1.495	0.600567
1.498	0.601267
1.501	0.601367
1.504	0.601433
1.507	0.601700
1.51	0.602133
1.513	0.602933
1.516	0.603733
1.519	0.603967
1.522	0.604933
1.525	0.605000
1.528	0.605067
1.531	0.604833
1.534	0.605500
1.537	0.605800
1.54	0.605733
1.543	0.607500
1.546	0.607333
1.549	0.608333
1.552	0.608667
1.555	0.608933
1.558	0.609500
1.561	0.610233
1.564	0.609833
1.567	0.609767
1.57	0.610367
1.573	0.610767
1.576	0.611833
1.579	0.612433
1.582	0.612533
1.585	0.613133
1.588	0.613367
1.591	0.613867
1.594	0.614333
1.597	0.614733
1.6	0.615167
1.603	0.615467
1.606	0.616467
1.609	0.616400
1.612	0.616600
1.615	0.617933
1.618	0.617800
1.621	0.618367
1.624	0.618000
1.627	0.617833
1.63	0.618500
1.633	0.618700
1.636	0.619267
1.639	0.619467
1.642	0.620100
1.645	0.620700
1.648	0.621233
1.651	0.622033
1.654	0.622133
1.657	0.622200
1.66	0.622533
1.663	0.623133
1.666	0.623367
1.669	0.623767
1.672	0.624167
1.675	0.624300
1.678	0.625233
1.681	0.626100
1.684	0.626733
1.687	0.627333
1.69	0.628033
1.693	0.628367
1.696	0.628667
1.699	0.629000
1.702	0.629000
1.705	0.628667
1.708	0.628633
1.711	0.628667
1.714	0.628900
1.717	0.629867
1.72	0.630200
1.723	0.631467
1.726	0.631833
1.729	0.632000
1.732	0.632233
1.735	0.632700
1.738	0.633167
1.741	0.632833
1.744	0.633367
1.747	0.634033
1.75	0.634467
1.753	0.634600
1.756	0.635333
1.759	0.635667
1.762	0.635967
1.765	0.636467
1.768	0.637033
1.771	0.637067
1.774	0.636767
1.777	0.637167
1.78	0.637233
1.783	0.637533
1.786	0.637533
1.789	0.638033
1.792	0.639133
1.795	0.640000
1.798	0.640100
1.801	0.640867
1.804	0.641133
1.807	0.641367
1.81	0.641633
1.813	0.642067
1.816	0.642600
1.819	0.642933
1.822	0.643433
1.825	0.643167
1.828	0.643433
1.831	0.644067
1.834	0.644267
1.837	0.644533
1.84	0.645133
1.843	0.645267
1.846	0.645600
1.849	0.646100
1.852	0.646400
1.855	0.646467
1.858	0.646400
1.861	0.647067
1.864	0.647633
1.867	0.647367
1.87	0.647533
1.873	0.647467
1.876	0.647867
1.879	0.648400
1.882	0.648567
1.885	0.649267
1.888	0.649600
1.891	0.649133
1.894	0.649467
1.897	0.650300
1.9	0.650567
1.903	0.650500
1.906	0.650667
1.909	0.651133
1.912	0.651333
1.915	0.651333
1.918	0.651567
1.921	0.652267
1.924	0.652667
1.927	0.652667
1.93	0.653000
1.933	0.653567
1.936	0.653733
1.939	0.653533
1.942	0.653967
1.945	0.654433
1.948	0.654600
1.951	0.655600
1.954	0.656000
1.957	0.656433
1.96	0.656567
1.963	0.656567
1.966	0.657200
1.969	0.657433
1.972	0.658167
1.975	0.658567
1.978	0.659000
1.981	0.659500
1.984	0.660167
1.987	0.660533
1.99	0.660233
1.993	0.660700
1.996	0.661733
1.999	0.661567
2.002	0.661533
2.005	0.662700
2.008	0.662967
2.011	0.663467
2.014	0.663933
2.017	0.664000
2.02	0.664067
2.023	0.664500
2.026	0.664900
2.029	0.665500
2.032	0.666333
2.035	0.666433
2.038	0.667500
2.041	0.667733
2.044	0.668067
2.047	0.668033
2.05	0.667700
2.053	0.667967
2.056	0.668200
2.059	0.668267
2.062	0.668400
2.065	0.668500
2.068	0.668367
2.071	0.669067
2.074	0.669400
2.077	0.669967
2.08	0.669967
2.083	0.670367
2.086	0.671533
2.089	0.672067
2.092	0.672367
2.095	0.672733
2.098	0.672667
2.101	0.673000
2.104	0.673367
2.107	0.674067
2.11	0.674633
2.113	0.675000
2.116	0.674967
2.119	0.675033
2.122	0.675600
2.125	0.675800
2.128	0.676400
2.131	0.676567
2.134	0.677500
2.137	0.677933
2.14	0.678233
2.143	0.678533
2.146	0.678933
2.149	0.679400
2.152	0.679633
2.155	0.680067
2.158	0.680467
2.161	0.680433
2.164	0.681133
2.167	0.681700
2.17	0.682000
2.173	0.682533
2.176	0.682667
2.179	0.682700
2.182	0.682633
2.185	0.683067
2.188	0.684133
2.191	0.683900
2.194	0.684067
2.197	0.684267
2.2	0.684567
2.203	0.685067
2.206	0.685467
2.209	0.685733
2.212	0.686133
2.215	0.686333
2.218	0.686600
2.221	0.686733
2.224	0.687433
2.227	0.687767
2.23	0.688100
2.233	0.688267
2.236	0.688400
2.239	0.688600
2.242	0.689700
2.245	0.690200
2.248	0.690467
2.251	0.690900
2.254	0.690733
2.257	0.690467
2.26	0.690900
2.263	0.691667
2.266	0.692067
2.269	0.692200
2.272	0.692367
2.275	0.693233
2.278	0.693533
2.281	0.693567
2.284	0.694033
2.287	0.693933
2.29	0.694133
2.293	0.694433
2.296	0.694267
2.299	0.695200
2.302	0.695100
2.305	0.695400
2.308	0.695633
2.311	0.695000
2.314	0.695433
2.317	0.695733
2.32	0.695633
2.323	0.695533
2.326	0.695800
2.329	0.696367
2.332	0.696933
2.335	0.696900
2.338	0.696567
2.341	0.696700
2.344	0.697467
2.347	0.697733
2.35	0.697833
2.353	0.698233
2.356	0.698767
2.359	0.699500
2.362	0.699633
2.365	0.699433
2.368	0.699400
2.371	0.699567
2.374	0.699200
2.377	0.699467
2.38	0.700067
2.383	0.700200
2.386	0.700467
2.389	0.701300
2.392	0.701200
2.395	0.700867
2.398	0.701000
2.401	0.701567
2.404	0.701933
2.407	0.702100
2.41	0.703167
2.413	0.703067
2.416	0.703500
2.419	0.703833
2.422	0.703433
2.425	0.703567
2.428	0.703967
2.431	0.704300
2.434	0.704467
2.437	0.704500
2.44	0.704400
2.443	0.704500
2.446	0.704367
2.449	0.704633
2.452	0.704133
2.455	0.704500
2.458	0.704767
2.461	0.704933
2.464	0.705400
2.467	0.705333
2.47	0.705600
2.473	0.705967
2.476	0.705767
2.479	0.706267
2.482	0.706133
2.485	0.706267
2.488	0.706433
2.491	0.706567
2.494	0.706533
2.497	0.706533
2.5	0.706767
2.503	0.707167
2.506	0.708933
2.509	0.710633
2.512	0.712433
2.515	0.713300
