Brown University Keck/NASA Relab Spectrum LS-JBA-171/CLS373
Wavelength(micron)	Reflectance
0.351	0.531000
0.354	0.552000
0.357	0.558333
0.36	0.571000
0.363	0.582333
0.366	0.588000
0.369	0.603000
0.372	0.607000
0.375	0.615000
0.378	0.623667
0.381	0.628000
0.384	0.636000
0.387	0.638667
0.39	0.644000
0.393	0.648667
0.396	0.651000
0.399	0.658000
0.402	0.660000
0.405	0.664000
0.408	0.668667
0.411	0.671000
0.414	0.676000
0.417	0.677667
0.42	0.681000
0.423	0.682333
0.426	0.683000
0.429	0.688000
0.432	0.689000
0.435	0.691000
0.438	0.692333
0.441	0.693000
0.444	0.695000
0.447	0.695333
0.45	0.696000
0.453	0.698000
0.456	0.699000
0.459	0.702000
0.462	0.702667
0.465	0.704000
0.468	0.704667
0.471	0.705000
0.474	0.708000
0.477	0.709333
0.48	0.712000
0.483	0.712000
0.486	0.712000
0.489	0.713000
0.492	0.712667
0.495	0.712000
0.498	0.712000
0.501	0.712000
0.504	0.713000
0.507	0.714333
0.51	0.717000
0.513	0.717000
0.517	0.717000
0.52	0.720000
0.523	0.720667
0.526	0.722000
0.529	0.724000
0.532	0.725000
0.535	0.726000
0.538	0.726667
0.541	0.728000
0.544	0.729333
0.547	0.730000
0.55	0.731000
0.553	0.731667
0.556	0.733000
0.559	0.733000
0.562	0.733000
0.565	0.734000
0.568	0.734000
0.571	0.734000
0.574	0.736000
0.577	0.737000
0.58	0.740000
0.583	0.740667
0.586	0.742000
0.589	0.743333
0.593	0.744000
0.596	0.747000
0.599	0.747000
0.602	0.747000
0.605	0.749000
0.608	0.750000
0.611	0.751200
0.614	0.751877
0.617	0.753230
0.62	0.755261
0.623	0.756276
0.626	0.758306
0.629	0.758644
0.632	0.759321
0.636	0.761351
0.639	0.762366
0.642	0.765412
0.645	0.766089
0.648	0.767442
0.651	0.768796
0.654	0.769472
0.657	0.771503
0.66	0.772856
0.664	0.775563
0.667	0.776240
0.67	0.776578
0.673	0.779624
0.676	0.780977
0.679	0.783684
0.683	0.785715
0.686	0.786730
0.689	0.788760
0.692	0.789775
0.695	0.791805
0.698	0.793159
0.702	0.793836
0.705	0.795866
0.708	0.796543
0.711	0.797896
0.714	0.799927
0.718	0.800942
0.721	0.803987
0.724	0.804325
0.727	0.805002
0.73	0.806356
0.734	0.807032
0.737	0.808048
0.74	0.808724
0.743	0.810078
0.746	0.810078
0.75	0.810078
0.753	0.811093
0.756	0.810755
0.759	0.810078
0.762	0.810078
0.766	0.810078
0.769	0.810078
0.772	0.809401
0.775	0.808048
0.778	0.806694
0.781	0.806017
0.785	0.803987
0.788	0.803310
0.791	0.801957
0.794	0.799250
0.797	0.797896
0.8	0.793836
0.803	0.792821
0.807	0.790790
0.81	0.787407
0.813	0.785715
0.816	0.779624
0.819	0.777932
0.822	0.774548
0.825	0.770488
0.828	0.768457
0.831	0.763382
0.834	0.761013
0.838	0.756276
0.841	0.752215
0.844	0.750185
0.847	0.743079
0.85	0.741049
0.853	0.736988
0.856	0.732251
0.859	0.729882
0.862	0.724806
0.865	0.722776
0.868	0.718716
0.871	0.715332
0.874	0.713640
0.877	0.707549
0.88	0.706196
0.883	0.703489
0.887	0.700105
0.89	0.698413
0.893	0.695368
0.896	0.694014
0.899	0.691307
0.902	0.689277
0.905	0.688262
0.908	0.685216
0.911	0.684539
0.914	0.683186
0.917	0.682509
0.92	0.682171
0.923	0.682171
0.926	0.682171
0.929	0.682171
0.932	0.682171
0.935	0.682171
0.938	0.683186
0.941	0.683524
0.944	0.684201
0.947	0.684878
0.95	0.685216
0.953	0.686231
0.956	0.687247
0.959	0.689277
0.962	0.691984
0.965	0.693337
0.968	0.695368
0.971	0.696044
0.974	0.697398
0.978	0.699428
0.981	0.700443
0.984	0.703489
0.987	0.704842
0.99	0.707549
0.993	0.709579
0.996	0.710595
0.999	0.714655
1.002	0.715670
1.005	0.717701
1.008	0.719731
1.011	0.720746
1.014	0.723791
1.017	0.725145
1.02	0.727852
1.023	0.730559
1.026	0.731912
1.029	0.735973
1.032	0.737327
1.035	0.740034
1.038	0.741387
1.041	0.742064
1.044	0.746124
1.047	0.747478
1.05	0.750185
1.053	0.752215
1.056	0.753230
1.059	0.757291
1.062	0.758306
1.065	0.760336
1.068	0.763043
1.071	0.764397
1.074	0.769472
1.077	0.770488
1.08	0.772518
1.083	0.775225
1.086	0.776578
1.089	0.777593
1.092	0.778270
1.095	0.779624
1.098	0.783008
1.101	0.784699
1.104	0.788760
1.107	0.790114
1.11	0.792821
1.113	0.794851
1.116	0.795866
1.119	0.800942
1.122	0.802295
1.125	0.805002
1.128	0.806356
1.131	0.807032
1.134	0.810078
1.137	0.811431
1.14	0.814138
1.143	0.816169
1.146	0.817184
1.149	0.820229
1.152	0.820906
1.155	0.822259
1.158	0.824290
1.161	0.825305
1.164	0.826320
1.167	0.826997
1.17	0.828350
1.173	0.829704
1.176	0.830381
1.179	0.831396
1.182	0.832072
1.185	0.833426
1.188	0.834780
1.191	0.835456
1.194	0.836471
1.197	0.836810
1.2	0.837487
1.203	0.838163
1.206	0.838502
1.209	0.840532
1.212	0.840532
1.215	0.840532
1.218	0.841885
1.221	0.842562
1.224	0.843577
1.227	0.843916
1.23	0.844592
1.233	0.845269
1.236	0.845608
1.239	0.845608
1.242	0.845946
1.245	0.846623
1.248	0.847300
1.251	0.847638
1.254	0.848653
1.257	0.849330
1.26	0.850683
1.263	0.851360
1.266	0.851698
1.269	0.852714
1.272	0.853052
1.276	0.853729
1.279	0.853729
1.282	0.853729
1.285	0.854744
1.288	0.855082
1.291	0.855759
1.294	0.856436
1.297	0.856774
1.3	0.859819
1.303	0.860158
1.306	0.860835
1.309	0.862188
1.312	0.862865
1.315	0.863880
1.318	0.864557
1.321	0.865910
1.324	0.867941
1.327	0.868956
1.33	0.869971
1.333	0.870648
1.336	0.872001
1.339	0.872001
1.342	0.872001
1.345	0.874031
1.348	0.874708
1.351	0.876062
1.354	0.878092
1.357	0.879107
1.36	0.881137
1.363	0.881814
1.366	0.883168
1.369	0.883168
1.372	0.883168
1.375	0.885198
1.378	0.885875
1.381	0.887228
1.384	0.888582
1.387	0.889258
1.39	0.891289
1.393	0.891627
1.396	0.892304
1.399	0.893657
1.402	0.894334
1.405	0.896364
1.408	0.897041
1.411	0.898395
1.414	0.899748
1.417	0.900425
1.42	0.901440
1.423	0.902117
1.426	0.903470
1.429	0.904824
1.432	0.905501
1.435	0.907531
1.438	0.907869
1.441	0.908546
1.444	0.909223
1.447	0.909561
1.45	0.910576
1.453	0.910915
1.456	0.911591
1.459	0.912268
1.462	0.912606
1.465	0.914637
1.468	0.914975
1.471	0.915652
1.474	0.917005
1.477	0.917682
1.48	0.917682
1.483	0.918021
1.486	0.918697
1.489	0.919374
1.492	0.919712
1.495	0.920728
1.498	0.920728
1.501	0.920728
1.504	0.921404
1.507	0.921743
1.51	0.923773
1.513	0.923773
1.516	0.923773
1.519	0.923773
1.522	0.923773
1.525	0.923773
1.528	0.923773
1.531	0.923773
1.534	0.923773
1.537	0.923773
1.54	0.923773
1.543	0.923773
1.546	0.923773
1.549	0.923096
1.552	0.922758
1.555	0.923773
1.558	0.923435
1.561	0.922758
1.564	0.922758
1.567	0.922758
1.57	0.922758
1.573	0.922758
1.576	0.922758
1.579	0.922081
1.582	0.921743
1.585	0.921743
1.588	0.921404
1.591	0.920728
1.594	0.920728
1.597	0.920728
1.6	0.919712
1.603	0.919374
1.606	0.918697
1.609	0.917344
1.612	0.916667
1.615	0.916667
1.618	0.916329
1.621	0.915652
1.624	0.914975
1.627	0.914637
1.63	0.913622
1.633	0.913283
1.636	0.912606
1.639	0.911930
1.642	0.911591
1.645	0.910576
1.648	0.910238
1.651	0.909561
1.654	0.908208
1.657	0.907531
1.66	0.906516
1.663	0.906177
1.666	0.905501
1.669	0.904824
1.672	0.904485
1.675	0.902455
1.678	0.901778
1.681	0.900425
1.684	0.899071
1.687	0.898395
1.69	0.897380
1.693	0.897041
1.696	0.896364
1.699	0.895688
1.702	0.895349
1.705	0.894334
1.708	0.893657
1.711	0.892304
1.714	0.890950
1.717	0.890274
1.72	0.889258
1.723	0.889258
1.726	0.889258
1.729	0.887228
1.732	0.886213
1.735	0.886213
1.738	0.885536
1.741	0.884183
1.744	0.882152
1.747	0.881137
1.75	0.880122
1.753	0.879784
1.756	0.879107
1.759	0.878430
1.762	0.878092
1.765	0.877077
1.768	0.876400
1.771	0.875046
1.774	0.873693
1.777	0.873016
1.78	0.872001
1.783	0.871663
1.786	0.870986
1.789	0.870309
1.792	0.869971
1.795	0.868956
1.798	0.868617
1.801	0.867941
1.804	0.867264
1.807	0.866925
1.81	0.864895
1.813	0.864557
1.816	0.863880
1.819	0.862526
1.822	0.861850
1.825	0.860835
1.828	0.860496
1.831	0.859819
1.834	0.859819
1.837	0.859819
1.84	0.858804
1.843	0.858466
1.846	0.857789
1.849	0.857789
1.852	0.857789
1.855	0.857789
1.858	0.857112
1.861	0.855759
1.864	0.855082
1.867	0.854744
1.87	0.853729
1.873	0.853729
1.876	0.853729
1.879	0.853052
1.882	0.852714
1.885	0.852714
1.888	0.852714
1.891	0.852714
1.894	0.852714
1.897	0.852714
1.9	0.851698
1.903	0.851698
1.906	0.851698
1.909	0.851698
1.912	0.851698
1.915	0.851698
1.918	0.851698
1.921	0.851698
1.924	0.851698
1.927	0.851698
1.93	0.851698
1.933	0.851698
1.936	0.851698
1.939	0.851698
1.942	0.851698
1.945	0.851698
1.948	0.851698
1.951	0.851698
1.954	0.851698
1.957	0.851698
1.96	0.851698
1.963	0.851698
1.966	0.851698
1.969	0.851022
1.972	0.850683
1.975	0.851698
1.978	0.851698
1.981	0.851698
1.984	0.851698
1.987	0.851698
1.99	0.852714
1.993	0.852714
1.996	0.852714
1.999	0.852714
2.002	0.852714
2.005	0.853729
2.008	0.853729
2.011	0.853729
2.014	0.853729
2.017	0.853729
2.02	0.854744
2.023	0.854744
2.026	0.854744
2.029	0.854744
2.032	0.854744
2.035	0.855759
2.038	0.856097
2.041	0.856774
2.044	0.857451
2.047	0.857789
2.05	0.857789
2.053	0.858466
2.056	0.859819
2.059	0.861173
2.062	0.861850
2.065	0.861850
2.068	0.862188
2.071	0.862865
2.074	0.864218
2.077	0.864895
2.08	0.865910
2.083	0.866249
2.086	0.866925
2.089	0.867602
2.092	0.867941
2.095	0.868956
2.098	0.869632
2.101	0.870986
2.104	0.870986
2.107	0.870986
2.11	0.872001
2.113	0.872339
2.116	0.873016
2.119	0.873693
2.122	0.874031
2.125	0.876062
2.128	0.876738
2.131	0.878092
2.134	0.879445
2.137	0.880122
2.14	0.881137
2.143	0.881476
2.146	0.882152
2.149	0.883506
2.152	0.884183
2.155	0.885198
2.158	0.885875
2.161	0.887228
2.164	0.888582
2.167	0.889258
2.17	0.889258
2.173	0.889935
2.176	0.891289
2.179	0.891965
2.182	0.892304
2.185	0.893319
2.188	0.893996
2.191	0.895349
2.194	0.896703
2.197	0.897380
2.2	0.899410
2.203	0.899748
2.206	0.900425
2.209	0.901102
2.212	0.901440
2.215	0.904485
2.218	0.905162
2.221	0.906516
2.224	0.907192
2.227	0.907531
2.23	0.908546
2.233	0.909223
2.236	0.910576
2.239	0.911253
2.242	0.911591
2.245	0.914637
2.248	0.915314
2.251	0.916667
2.254	0.918021
2.257	0.918697
2.26	0.920728
2.263	0.921404
2.266	0.922758
2.269	0.923435
2.272	0.923773
2.275	0.925803
2.278	0.926480
2.281	0.927833
2.284	0.929187
2.287	0.929864
2.29	0.930879
2.293	0.931556
2.296	0.932909
2.299	0.934263
2.302	0.934940
2.305	0.936970
2.308	0.937647
2.311	0.939000
2.314	0.939677
2.317	0.940015
2.32	0.942045
2.323	0.942722
2.326	0.944076
2.329	0.945429
2.332	0.946106
2.335	0.948136
2.338	0.948813
2.341	0.950167
2.344	0.951520
2.347	0.952197
2.35	0.953212
2.353	0.953889
2.356	0.955242
2.359	0.956596
2.362	0.957272
2.365	0.958288
2.368	0.959303
2.371	0.961333
2.374	0.962686
2.377	0.963363
2.38	0.965394
2.383	0.965732
2.386	0.966409
2.389	0.967085
2.392	0.967424
2.395	0.969454
2.398	0.969792
2.401	0.970469
2.404	0.972499
2.407	0.973515
2.41	0.975545
2.413	0.976222
2.416	0.977575
2.419	0.978252
2.422	0.978590
2.425	0.981636
2.428	0.981974
2.431	0.982651
2.434	0.984004
2.437	0.984681
2.44	0.986711
2.443	0.987050
2.446	0.987727
2.449	0.989757
2.452	0.990772
2.455	0.992802
2.458	0.993479
2.461	0.994832
2.464	0.995509
2.467	0.995848
2.47	0.997878
2.473	0.998893
2.476	1.000923
2.479	1.001600
2.482	1.001938
2.485	1.003969
2.488	1.004307
2.491	1.004984
2.494	1.007691
2.497	1.009044
2.5	1.010059
2.503	1.010398
2.506	1.011075
2.509	1.011751
2.512	1.012090
2.515	1.014120
