Brown University Keck/NASA Relab Spectrum LS-JBA-155-M2/CLS372
Wavelength(micron)	Reflectance
0.351	0.113000
0.354	0.115000
0.357	0.115667
0.36	0.117000
0.363	0.118333
0.366	0.119000
0.369	0.121000
0.372	0.121333
0.375	0.122000
0.378	0.122667
0.381	0.123000
0.384	0.125000
0.387	0.125333
0.39	0.126000
0.393	0.127333
0.396	0.128000
0.399	0.130000
0.402	0.130333
0.405	0.131000
0.408	0.132333
0.411	0.133000
0.414	0.135000
0.417	0.135333
0.42	0.136000
0.423	0.137333
0.426	0.138000
0.429	0.139000
0.432	0.139333
0.435	0.140000
0.438	0.142000
0.441	0.143000
0.444	0.144000
0.447	0.144333
0.45	0.145000
0.453	0.147000
0.456	0.148000
0.459	0.149000
0.462	0.149333
0.465	0.150000
0.468	0.151333
0.471	0.152000
0.474	0.153000
0.477	0.153333
0.48	0.154000
0.483	0.155333
0.486	0.156000
0.489	0.157000
0.492	0.157333
0.495	0.158000
0.498	0.159333
0.501	0.160000
0.504	0.161000
0.507	0.161333
0.51	0.162000
0.513	0.162667
0.517	0.163000
0.52	0.163000
0.523	0.163667
0.526	0.165000
0.529	0.165667
0.532	0.166000
0.535	0.168000
0.538	0.168333
0.541	0.169000
0.544	0.170333
0.547	0.171000
0.55	0.172000
0.553	0.172000
0.556	0.172000
0.559	0.173333
0.562	0.174000
0.565	0.175000
0.568	0.175667
0.571	0.177000
0.574	0.177000
0.577	0.177000
0.58	0.178000
0.583	0.178667
0.586	0.180000
0.589	0.180667
0.593	0.181000
0.596	0.182000
0.599	0.182667
0.602	0.184000
0.605	0.184000
0.608	0.184000
0.611	0.179000
0.614	0.179333
0.617	0.180000
0.62	0.180667
0.623	0.181000
0.626	0.182000
0.629	0.182333
0.632	0.183000
0.636	0.184333
0.639	0.185000
0.642	0.186000
0.645	0.186333
0.648	0.187000
0.651	0.187667
0.654	0.188000
0.657	0.189000
0.66	0.189333
0.664	0.190000
0.667	0.190667
0.67	0.191000
0.673	0.194000
0.676	0.194333
0.679	0.195000
0.683	0.195667
0.686	0.196000
0.689	0.196000
0.692	0.196000
0.695	0.196000
0.698	0.196667
0.702	0.197000
0.705	0.198000
0.708	0.198333
0.711	0.199000
0.714	0.199000
0.718	0.199000
0.721	0.201000
0.724	0.201333
0.727	0.202000
0.73	0.202667
0.734	0.203000
0.737	0.204000
0.74	0.204000
0.743	0.204000
0.746	0.204667
0.75	0.205000
0.753	0.205000
0.756	0.205333
0.759	0.206000
0.762	0.206667
0.766	0.207000
0.769	0.207000
0.772	0.207000
0.775	0.207000
0.778	0.207667
0.781	0.208000
0.785	0.208000
0.788	0.208667
0.791	0.210000
0.794	0.210000
0.797	0.210000
0.8	0.210000
0.803	0.210000
0.807	0.210000
0.81	0.210000
0.813	0.210000
0.816	0.211000
0.819	0.211000
0.822	0.211000
0.825	0.211667
0.828	0.212000
0.831	0.212000
0.834	0.212000
0.838	0.212000
0.841	0.212000
0.844	0.212000
0.847	0.213000
0.85	0.213000
0.853	0.213000
0.856	0.213000
0.859	0.213000
0.862	0.213000
0.865	0.213333
0.868	0.214000
0.871	0.214000
0.874	0.214000
0.877	0.215000
0.88	0.215000
0.883	0.215000
0.887	0.215000
0.89	0.215000
0.893	0.216000
0.896	0.216000
0.899	0.216000
0.902	0.216000
0.905	0.216000
0.908	0.216000
0.911	0.216333
0.914	0.217000
0.917	0.218333
0.92	0.219000
0.923	0.219000
0.926	0.219333
0.929	0.220000
0.932	0.220667
0.935	0.221000
0.938	0.222000
0.941	0.222333
0.944	0.223000
0.947	0.223000
0.95	0.223000
0.953	0.224000
0.956	0.224000
0.959	0.224000
0.962	0.224000
0.965	0.224000
0.968	0.225000
0.971	0.225000
0.974	0.225000
0.978	0.225667
0.981	0.226000
0.984	0.228000
0.987	0.228667
0.99	0.230000
0.993	0.230000
0.996	0.230000
0.999	0.231000
1.002	0.231333
1.005	0.232000
1.008	0.232000
1.011	0.232000
1.014	0.233000
1.017	0.233000
1.02	0.233000
1.023	0.233667
1.026	0.234000
1.029	0.235000
1.032	0.235000
1.035	0.235000
1.038	0.236333
1.041	0.237000
1.044	0.238000
1.047	0.238333
1.05	0.239000
1.053	0.239000
1.056	0.239000
1.059	0.240000
1.062	0.240333
1.065	0.241000
1.068	0.241000
1.071	0.241000
1.074	0.242000
1.077	0.242333
1.08	0.243000
1.083	0.243000
1.086	0.243000
1.089	0.243000
1.092	0.243333
1.095	0.244000
1.098	0.244667
1.101	0.245000
1.104	0.246000
1.107	0.246333
1.11	0.247000
1.113	0.247667
1.116	0.248000
1.119	0.248000
1.122	0.248333
1.125	0.249000
1.128	0.250333
1.131	0.251000
1.134	0.251000
1.137	0.251000
1.14	0.251000
1.143	0.251667
1.146	0.252000
1.149	0.253000
1.152	0.253333
1.155	0.254000
1.158	0.254667
1.161	0.255000
1.164	0.256000
1.167	0.256000
1.17	0.256000
1.173	0.257333
1.176	0.258000
1.179	0.258000
1.182	0.258000
1.185	0.258000
1.188	0.258667
1.191	0.259000
1.194	0.259000
1.197	0.259333
1.2	0.260000
1.203	0.260667
1.206	0.261000
1.209	0.262000
1.212	0.262000
1.215	0.262000
1.218	0.262667
1.221	0.263000
1.224	0.264000
1.227	0.264000
1.23	0.264000
1.233	0.264667
1.236	0.265000
1.239	0.266000
1.242	0.266333
1.245	0.267000
1.248	0.267000
1.251	0.267000
1.254	0.268000
1.257	0.268000
1.26	0.268000
1.263	0.268667
1.266	0.269000
1.269	0.270000
1.272	0.270000
1.276	0.270000
1.279	0.270667
1.282	0.271000
1.285	0.271000
1.288	0.271333
1.291	0.272000
1.294	0.272667
1.297	0.273000
1.3	0.273000
1.303	0.273333
1.306	0.274000
1.309	0.274667
1.312	0.275000
1.315	0.276000
1.318	0.276000
1.321	0.276000
1.324	0.277333
1.327	0.278000
1.33	0.279000
1.333	0.279000
1.336	0.279000
1.339	0.279667
1.342	0.280000
1.345	0.281000
1.348	0.281000
1.351	0.281000
1.354	0.281667
1.357	0.282000
1.36	0.282000
1.363	0.282000
1.366	0.282000
1.369	0.282000
1.372	0.282000
1.375	0.283000
1.378	0.283333
1.381	0.284000
1.384	0.284000
1.387	0.284000
1.39	0.284000
1.393	0.284667
1.396	0.286000
1.399	0.286667
1.402	0.287000
1.405	0.288000
1.408	0.288333
1.411	0.289000
1.414	0.289000
1.417	0.289000
1.42	0.290000
1.423	0.290333
1.426	0.291000
1.429	0.291000
1.432	0.291000
1.435	0.292000
1.438	0.292333
1.441	0.293000
1.444	0.293000
1.447	0.293000
1.45	0.293000
1.453	0.293667
1.456	0.295000
1.459	0.295667
1.462	0.296000
1.465	0.296000
1.468	0.296333
1.471	0.297000
1.474	0.297667
1.477	0.298000
1.48	0.298000
1.483	0.298000
1.486	0.298000
1.489	0.298000
1.492	0.298000
1.495	0.299000
1.498	0.299333
1.501	0.300000
1.504	0.300000
1.507	0.300000
1.51	0.301000
1.513	0.301000
1.516	0.301000
1.519	0.301667
1.522	0.302000
1.525	0.302000
1.528	0.302667
1.531	0.304000
1.534	0.304000
1.537	0.304000
1.54	0.304000
1.543	0.304333
1.546	0.305000
1.549	0.305667
1.552	0.306000
1.555	0.306000
1.558	0.306000
1.561	0.306000
1.564	0.306000
1.567	0.306000
1.57	0.307000
1.573	0.307000
1.576	0.307000
1.579	0.307000
1.582	0.307000
1.585	0.308000
1.588	0.308333
1.591	0.309000
1.594	0.309000
1.597	0.309000
1.6	0.310000
1.603	0.310000
1.606	0.310000
1.609	0.310000
1.612	0.310000
1.615	0.310000
1.618	0.310333
1.621	0.311000
1.624	0.311667
1.627	0.312000
1.63	0.312000
1.633	0.312333
1.636	0.313000
1.639	0.313000
1.642	0.313000
1.645	0.314000
1.648	0.314000
1.651	0.314000
1.654	0.314667
1.657	0.315000
1.66	0.315000
1.663	0.315000
1.666	0.315000
1.669	0.315667
1.672	0.316000
1.675	0.316000
1.678	0.316000
1.681	0.316000
1.684	0.316000
1.687	0.316000
1.69	0.317000
1.693	0.317000
1.696	0.317000
1.699	0.317000
1.702	0.317000
1.705	0.318000
1.708	0.318000
1.711	0.318000
1.714	0.318000
1.717	0.318000
1.72	0.319000
1.723	0.319000
1.726	0.319000
1.729	0.319000
1.732	0.319000
1.735	0.320000
1.738	0.320333
1.741	0.321000
1.744	0.321000
1.747	0.321000
1.75	0.321000
1.753	0.321333
1.756	0.322000
1.759	0.322667
1.762	0.323000
1.765	0.323000
1.768	0.323000
1.771	0.323000
1.774	0.323667
1.777	0.324000
1.78	0.324000
1.783	0.324000
1.786	0.324000
1.789	0.324667
1.792	0.325000
1.795	0.325000
1.798	0.325333
1.801	0.326000
1.804	0.326000
1.807	0.326000
1.81	0.326000
1.813	0.326000
1.816	0.326000
1.819	0.326000
1.822	0.326000
1.825	0.327000
1.828	0.327000
1.831	0.327000
1.834	0.327667
1.837	0.328000
1.84	0.328000
1.843	0.328333
1.846	0.329000
1.849	0.329000
1.852	0.329000
1.855	0.330000
1.858	0.330333
1.861	0.331000
1.864	0.331000
1.867	0.331000
1.87	0.332000
1.873	0.332333
1.876	0.333000
1.879	0.333000
1.882	0.333000
1.885	0.334000
1.888	0.334000
1.891	0.334000
1.894	0.334000
1.897	0.334000
1.9	0.335000
1.903	0.335000
1.906	0.335000
1.909	0.335667
1.912	0.336000
1.915	0.336000
1.918	0.336000
1.921	0.336000
1.924	0.336000
1.927	0.336000
1.93	0.337000
1.933	0.337000
1.936	0.337000
1.939	0.337667
1.942	0.338000
1.945	0.338000
1.948	0.338333
1.951	0.339000
1.954	0.339000
1.957	0.339000
1.96	0.340000
1.963	0.340333
1.966	0.341000
1.969	0.341000
1.972	0.341000
1.975	0.341000
1.978	0.341333
1.981	0.342000
1.984	0.342000
1.987	0.342000
1.99	0.343000
1.993	0.343000
1.996	0.343000
1.999	0.343667
2.002	0.344000
2.005	0.344000
2.008	0.344000
2.011	0.344000
2.014	0.344000
2.017	0.344000
2.02	0.345000
2.023	0.345000
2.026	0.345000
2.029	0.345000
2.032	0.345000
2.035	0.346000
2.038	0.346000
2.041	0.346000
2.044	0.346667
2.047	0.347000
2.05	0.347000
2.053	0.347333
2.056	0.348000
2.059	0.348667
2.062	0.349000
2.065	0.349000
2.068	0.349333
2.071	0.350000
2.074	0.350667
2.077	0.351000
2.08	0.351000
2.083	0.351333
2.086	0.352000
2.089	0.352000
2.092	0.352000
2.095	0.352000
2.098	0.352000
2.101	0.352000
2.104	0.352667
2.107	0.353000
2.11	0.353000
2.113	0.353333
2.116	0.354000
2.119	0.354000
2.122	0.354000
2.125	0.355000
2.128	0.355000
2.131	0.355000
2.134	0.355667
2.137	0.356000
2.14	0.355000
2.143	0.355333
2.146	0.356000
2.149	0.356000
2.152	0.356000
2.155	0.357000
2.158	0.357333
2.161	0.358000
2.164	0.358667
2.167	0.359000
2.17	0.359000
2.173	0.359333
2.176	0.360000
2.179	0.360000
2.182	0.360000
2.185	0.361000
2.188	0.361000
2.191	0.361000
2.194	0.361000
2.197	0.361000
2.2	0.362000
2.203	0.362333
2.206	0.363000
2.209	0.363000
2.212	0.363000
2.215	0.364000
2.218	0.364000
2.221	0.364000
2.224	0.364667
2.227	0.365000
2.23	0.366000
2.233	0.366000
2.236	0.366000
2.239	0.366667
2.242	0.367000
2.245	0.367000
2.248	0.367333
2.251	0.368000
2.254	0.368667
2.257	0.369000
2.26	0.369000
2.263	0.369333
2.266	0.370000
2.269	0.370000
2.272	0.370000
2.275	0.371000
2.278	0.371000
2.281	0.371000
2.284	0.372333
2.287	0.373000
2.29	0.373000
2.293	0.373000
2.296	0.373000
2.299	0.373667
2.302	0.374000
2.305	0.376000
2.308	0.376000
2.311	0.376000
2.314	0.376000
2.317	0.376000
2.32	0.376000
2.323	0.376333
2.326	0.377000
2.329	0.377667
2.332	0.378000
2.335	0.378000
2.338	0.378333
2.341	0.379000
2.344	0.379000
2.347	0.379000
2.35	0.380000
2.353	0.380000
2.356	0.380000
2.359	0.380667
2.362	0.381000
2.365	0.381000
2.368	0.381333
2.371	0.382000
2.374	0.382667
2.377	0.383000
2.38	0.382000
2.383	0.382333
2.386	0.383000
2.389	0.383000
2.392	0.383000
2.395	0.384000
2.398	0.384000
2.401	0.384000
2.404	0.384667
2.407	0.385000
2.41	0.386000
2.413	0.386000
2.416	0.386000
2.419	0.386000
2.422	0.386000
2.425	0.387000
2.428	0.387000
2.431	0.387000
2.434	0.387667
2.437	0.388000
2.44	0.389000
2.443	0.389000
2.446	0.389000
2.449	0.389667
2.452	0.390000
2.455	0.391000
2.458	0.391000
2.461	0.391000
2.464	0.391667
2.467	0.392000
2.47	0.392000
2.473	0.392000
2.476	0.392000
2.479	0.392667
2.482	0.393000
2.485	0.394000
2.488	0.394000
2.491	0.394000
2.494	0.394667
2.497	0.395000
2.5	0.395000
2.503	0.395333
2.506	0.396000
2.509	0.396667
2.512	0.397000
2.515	0.397000
