Brown University Keck/NASA Relab Spectrum LS-JBA-176/CLS304
Wavelength(micron)	Reflectance
0.351	0.468133
0.354	0.470233
0.357	0.474233
0.36	0.481367
0.363	0.487100
0.366	0.491067
0.369	0.494233
0.372	0.497500
0.375	0.500367
0.378	0.502000
0.381	0.503100
0.384	0.503900
0.387	0.506200
0.39	0.508400
0.393	0.510800
0.396	0.513067
0.399	0.512600
0.402	0.511467
0.405	0.515133
0.408	0.517067
0.411	0.520933
0.414	0.522900
0.417	0.523667
0.42	0.523100
0.423	0.524967
0.426	0.527167
0.429	0.528867
0.432	0.532067
0.435	0.532733
0.438	0.531933
0.441	0.535300
0.444	0.537733
0.447	0.537800
0.45	0.536933
0.453	0.534767
0.456	0.534300
0.459	0.537000
0.462	0.537967
0.465	0.538800
0.468	0.538667
0.471	0.537767
0.474	0.537900
0.477	0.540567
0.48	0.540133
0.483	0.540600
0.486	0.538233
0.489	0.540767
0.492	0.541900
0.495	0.540633
0.498	0.542500
0.501	0.542833
0.504	0.542033
0.507	0.543567
0.51	0.546033
0.513	0.544967
0.517	0.545100
0.52	0.548100
0.523	0.549467
0.526	0.549767
0.529	0.549067
0.532	0.548733
0.535	0.549967
0.538	0.551900
0.541	0.553500
0.544	0.553767
0.547	0.552200
0.55	0.553300
0.553	0.554367
0.556	0.555400
0.559	0.554367
0.562	0.555767
0.565	0.557033
0.568	0.558200
0.571	0.558300
0.574	0.557567
0.577	0.555967
0.58	0.557300
0.583	0.559133
0.586	0.559633
0.589	0.562567
0.593	0.565933
0.596	0.565267
0.599	0.565200
0.602	0.565467
0.605	0.566967
0.608	0.569933
0.611	0.570067
0.614	0.571033
0.617	0.572133
0.62	0.572800
0.623	0.573167
0.626	0.574967
0.629	0.575067
0.632	0.576400
0.636	0.579600
0.639	0.579133
0.642	0.581333
0.645	0.581967
0.648	0.586267
0.651	0.587700
0.654	0.585133
0.657	0.589267
0.66	0.592233
0.664	0.593333
0.667	0.593300
0.67	0.595233
0.673	0.595267
0.676	0.592933
0.679	0.594400
0.683	0.594733
0.686	0.596733
0.689	0.597833
0.692	0.599000
0.695	0.600367
0.698	0.600200
0.702	0.600267
0.705	0.601733
0.708	0.605300
0.711	0.609833
0.714	0.612433
0.718	0.614633
0.721	0.616067
0.724	0.616367
0.727	0.616600
0.73	0.615967
0.734	0.614933
0.737	0.616967
0.74	0.621567
0.743	0.623300
0.746	0.623733
0.75	0.621600
0.753	0.622367
0.756	0.623800
0.759	0.622867
0.762	0.622300
0.766	0.623800
0.769	0.629800
0.772	0.628800
0.775	0.624933
0.778	0.627200
0.781	0.627733
0.785	0.628033
0.788	0.628400
0.791	0.627767
0.794	0.628767
0.797	0.634033
0.8	0.637267
0.803	0.637667
0.807	0.637833
0.81	0.634700
0.813	0.631900
0.816	0.624867
0.819	0.624033
0.822	0.622967
0.825	0.621433
0.828	0.622500
0.831	0.622000
0.834	0.618633
0.838	0.615800
0.841	0.614500
0.844	0.614400
0.847	0.614133
0.85	0.614467
0.853	0.616467
0.856	0.617000
0.859	0.613267
0.862	0.611433
0.865	0.612967
0.868	0.612967
0.871	0.611200
0.874	0.610833
0.877	0.611633
0.88	0.613367
0.883	0.611667
0.887	0.611033
0.89	0.608633
0.893	0.607800
0.896	0.605500
0.899	0.604833
0.902	0.605200
0.905	0.602100
0.908	0.599933
0.911	0.596233
0.914	0.592733
0.917	0.594233
0.92	0.598167
0.923	0.602333
0.926	0.605000
0.929	0.603733
0.932	0.600500
0.935	0.603900
0.938	0.606200
0.941	0.606567
0.944	0.608933
0.947	0.608400
0.95	0.610733
0.953	0.609333
0.956	0.611500
0.959	0.612033
0.962	0.606900
0.965	0.607067
0.968	0.607267
0.971	0.612400
0.974	0.617900
0.978	0.622667
0.981	0.623933
0.984	0.622600
0.987	0.620967
0.99	0.622333
0.993	0.623833
0.996	0.621067
0.999	0.619300
1.002	0.621500
1.005	0.625000
1.008	0.630367
1.011	0.632233
1.014	0.630767
1.017	0.630133
1.02	0.629533
1.023	0.630767
1.026	0.630633
1.029	0.633567
1.032	0.637333
1.035	0.637767
1.038	0.637700
1.041	0.639233
1.044	0.637067
1.047	0.638300
1.05	0.640267
1.053	0.639367
1.056	0.640467
1.059	0.639300
1.062	0.642433
1.065	0.642600
1.068	0.644333
1.071	0.645800
1.074	0.643667
1.077	0.645067
1.08	0.647200
1.083	0.648333
1.086	0.648633
1.089	0.647300
1.092	0.645300
1.095	0.644233
1.098	0.646500
1.101	0.648533
1.104	0.650467
1.107	0.653700
1.11	0.652800
1.113	0.651500
1.116	0.649167
1.119	0.650933
1.122	0.652633
1.125	0.653900
1.128	0.654933
1.131	0.656667
1.134	0.657600
1.137	0.659400
1.14	0.657867
1.143	0.657867
1.146	0.658100
1.149	0.659067
1.152	0.660233
1.155	0.657600
1.158	0.658200
1.161	0.659300
1.164	0.663067
1.167	0.663700
1.17	0.664400
1.173	0.665533
1.176	0.666967
1.179	0.665533
1.182	0.664400
1.185	0.665333
1.188	0.666333
1.191	0.665567
1.194	0.665400
1.197	0.668333
1.2	0.669767
1.203	0.666900
1.206	0.667300
1.209	0.667400
1.212	0.667467
1.215	0.668500
1.218	0.668367
1.221	0.669133
1.224	0.670033
1.227	0.667800
1.23	0.668833
1.233	0.671367
1.236	0.669500
1.239	0.670033
1.242	0.673667
1.245	0.676900
1.248	0.678033
1.251	0.675833
1.254	0.674333
1.257	0.677967
1.26	0.677600
1.263	0.676700
1.266	0.679133
1.269	0.681500
1.272	0.676633
1.276	0.675500
1.279	0.674833
1.282	0.674167
1.285	0.674500
1.288	0.677900
1.291	0.679267
1.294	0.679367
1.297	0.680133
1.3	0.678800
1.303	0.679467
1.306	0.684367
1.309	0.683633
1.312	0.685833
1.315	0.686067
1.318	0.684633
1.321	0.681433
1.324	0.680500
1.327	0.683200
1.33	0.683267
1.333	0.683867
1.336	0.686633
1.339	0.687433
1.342	0.686433
1.345	0.685867
1.348	0.688433
1.351	0.688967
1.354	0.690200
1.357	0.688867
1.36	0.688100
1.363	0.687400
1.366	0.691033
1.369	0.694700
1.372	0.694900
1.375	0.698033
1.378	0.699200
1.381	0.696833
1.384	0.697900
1.387	0.699600
1.39	0.699700
1.393	0.701267
1.396	0.703067
1.399	0.701333
1.402	0.701933
1.405	0.703533
1.408	0.702733
1.411	0.703500
1.414	0.703600
1.417	0.703900
1.42	0.705600
1.423	0.706967
1.426	0.709067
1.429	0.708967
1.432	0.706633
1.435	0.710367
1.438	0.715000
1.441	0.714167
1.444	0.710833
1.447	0.712400
1.45	0.713367
1.453	0.714833
1.456	0.713200
1.459	0.714067
1.462	0.717000
1.465	0.716267
1.468	0.714433
1.471	0.713133
1.474	0.715267
1.477	0.719333
1.48	0.721233
1.483	0.719700
1.486	0.720967
1.489	0.720867
1.492	0.721800
1.495	0.719233
1.498	0.721300
1.501	0.721067
1.504	0.720133
1.507	0.721567
1.51	0.719200
1.513	0.721733
1.516	0.724100
1.519	0.724867
1.522	0.726800
1.525	0.726267
1.528	0.725700
1.531	0.728167
1.534	0.727400
1.537	0.726133
1.54	0.727967
1.543	0.726900
1.546	0.726133
1.549	0.723933
1.552	0.721100
1.555	0.722667
1.558	0.723000
1.561	0.725100
1.564	0.724467
1.567	0.723100
1.57	0.726533
1.573	0.726100
1.576	0.728333
1.579	0.728667
1.582	0.729967
1.585	0.731000
1.588	0.729833
1.591	0.728533
1.594	0.730067
1.597	0.731167
1.6	0.730167
1.603	0.730433
1.606	0.732333
1.609	0.732800
1.612	0.733467
1.615	0.733200
1.618	0.730867
1.621	0.729133
1.624	0.728600
1.627	0.729333
1.63	0.729767
1.633	0.730767
1.636	0.729300
1.639	0.729167
1.642	0.730333
1.645	0.729533
1.648	0.729000
1.651	0.727167
1.654	0.728400
1.657	0.729300
1.66	0.727067
1.663	0.725867
1.666	0.727300
1.669	0.730633
1.672	0.728433
1.675	0.729400
1.678	0.733067
1.681	0.732200
1.684	0.731233
1.687	0.730533
1.69	0.730067
1.693	0.731833
1.696	0.730800
1.699	0.727000
1.702	0.728033
1.705	0.729533
1.708	0.731567
1.711	0.732833
1.714	0.734033
1.717	0.732933
1.72	0.733033
1.723	0.733067
1.726	0.731933
1.729	0.729433
1.732	0.729400
1.735	0.727967
1.738	0.727000
1.741	0.725167
1.744	0.726400
1.747	0.729367
1.75	0.729067
1.753	0.728733
1.756	0.729033
1.759	0.731433
1.762	0.730167
1.765	0.729667
1.768	0.726900
1.771	0.726233
1.774	0.728500
1.777	0.729200
1.78	0.728733
1.783	0.730133
1.786	0.729433
1.789	0.728933
1.792	0.729500
1.795	0.728800
1.798	0.730833
1.801	0.732900
1.804	0.733433
1.807	0.730133
1.81	0.728333
1.813	0.728067
1.816	0.729267
1.819	0.730767
1.822	0.732200
1.825	0.734800
1.828	0.734467
1.831	0.736733
1.834	0.735400
1.837	0.734100
1.84	0.733467
1.843	0.731700
1.846	0.731033
1.849	0.731367
1.852	0.730433
1.855	0.729267
1.858	0.729600
1.861	0.730967
1.864	0.732000
1.867	0.735533
1.87	0.735633
1.873	0.731967
1.876	0.732900
1.879	0.735233
1.882	0.734933
1.885	0.735033
1.888	0.735467
1.891	0.733267
1.894	0.734467
1.897	0.736533
1.9	0.737867
1.903	0.739967
1.906	0.739033
1.909	0.738567
1.912	0.738833
1.915	0.736600
1.918	0.736033
1.921	0.735667
1.924	0.738100
1.927	0.739733
1.93	0.739467
1.933	0.741967
1.936	0.741700
1.939	0.743433
1.942	0.743467
1.945	0.742967
1.948	0.743967
1.951	0.743367
1.954	0.743900
1.957	0.743100
1.96	0.742300
1.963	0.743833
1.966	0.743933
1.969	0.746733
1.972	0.748167
1.975	0.749400
1.978	0.749400
1.981	0.747500
1.984	0.749633
1.987	0.748267
1.99	0.748767
1.993	0.748100
1.996	0.750467
1.999	0.750867
2.002	0.753167
2.005	0.752300
2.008	0.754333
2.011	0.753700
2.014	0.753200
2.017	0.752033
2.02	0.753200
2.023	0.755500
2.026	0.759967
2.029	0.762067
2.032	0.760933
2.035	0.761133
2.038	0.761600
2.041	0.762300
2.044	0.764533
2.047	0.761167
2.05	0.758267
2.053	0.760367
2.056	0.760667
2.059	0.761633
2.062	0.764133
2.065	0.763300
2.068	0.763533
2.071	0.763133
2.074	0.761467
2.077	0.762267
2.08	0.763567
2.083	0.767533
2.086	0.769800
2.089	0.767400
2.092	0.767733
2.095	0.766867
2.098	0.766500
2.101	0.767233
2.104	0.765633
2.107	0.767533
2.11	0.769833
2.113	0.768433
2.116	0.769300
2.119	0.772133
2.122	0.773067
2.125	0.775433
2.128	0.773833
2.131	0.772933
2.134	0.774733
2.137	0.776300
2.14	0.777967
2.143	0.779533
2.146	0.780033
2.149	0.780267
2.152	0.778000
2.155	0.777233
2.158	0.777967
2.161	0.778100
2.164	0.780000
2.167	0.782633
2.17	0.785833
2.173	0.788933
2.176	0.787367
2.179	0.786567
2.182	0.788467
2.185	0.787567
2.188	0.789900
2.191	0.791867
2.194	0.791167
2.197	0.793133
2.2	0.793133
2.203	0.793033
2.206	0.793133
2.209	0.795200
2.212	0.796533
2.215	0.799200
2.218	0.801100
2.221	0.800067
2.224	0.798867
2.227	0.797867
2.23	0.801267
2.233	0.801533
2.236	0.800567
2.239	0.801567
2.242	0.802900
2.245	0.803600
2.248	0.802967
2.251	0.802433
2.254	0.803733
2.257	0.805467
2.26	0.805033
2.263	0.804033
2.266	0.804500
2.269	0.806100
2.272	0.804933
2.275	0.807667
2.278	0.807933
2.281	0.808833
2.284	0.810600
2.287	0.810633
2.29	0.809700
2.293	0.809833
2.296	0.810000
2.299	0.812867
2.302	0.815300
2.305	0.817000
2.308	0.817533
2.311	0.818667
2.314	0.819900
2.317	0.821533
2.32	0.821767
2.323	0.820367
2.326	0.817400
2.329	0.816633
2.332	0.818033
2.335	0.821167
2.338	0.821867
2.341	0.821233
2.344	0.825067
2.347	0.825000
2.35	0.825500
2.353	0.827233
2.356	0.824767
2.359	0.824033
2.362	0.826000
2.365	0.825900
2.368	0.826633
2.371	0.826100
2.374	0.826767
2.377	0.829033
2.38	0.828300
2.383	0.828200
2.386	0.830300
2.389	0.831900
2.392	0.834067
2.395	0.835633
2.398	0.835900
2.401	0.838833
2.404	0.838767
2.407	0.839833
2.41	0.837033
2.413	0.836600
2.416	0.838700
2.419	0.838900
2.422	0.840033
2.425	0.840433
2.428	0.842267
2.431	0.843100
2.434	0.844333
2.437	0.844800
2.44	0.844433
2.443	0.843033
2.446	0.845733
2.449	0.847433
2.452	0.846233
2.455	0.845533
2.458	0.848400
2.461	0.848767
2.464	0.848033
2.467	0.850467
2.47	0.853200
2.473	0.853600
2.476	0.857567
2.479	0.855900
2.482	0.856700
2.485	0.857100
2.488	0.856167
2.491	0.857133
2.494	0.856600
2.497	0.858833
2.5	0.858533
2.503	0.857400
2.506	0.855500
2.509	0.856533
2.512	0.857000
2.515	0.859100
