Brown University Keck/NASA Relab Spectrum LS-JBA-114-P/CLS480
Wavelength(micron)	Reflectance
0.351	0.155433
0.354	0.156100
0.357	0.157867
0.36	0.157633
0.363	0.159400
0.366	0.159933
0.369	0.159733
0.372	0.159067
0.375	0.159767
0.378	0.160100
0.381	0.160900
0.384	0.161967
0.387	0.161600
0.39	0.161033
0.393	0.162667
0.396	0.164233
0.399	0.163367
0.402	0.162500
0.405	0.162567
0.408	0.162800
0.411	0.163100
0.414	0.163967
0.417	0.165400
0.42	0.166233
0.423	0.167567
0.426	0.168200
0.429	0.168967
0.432	0.169533
0.435	0.168800
0.438	0.170333
0.441	0.171900
0.444	0.172500
0.447	0.173667
0.45	0.173900
0.453	0.174300
0.456	0.174567
0.459	0.176433
0.462	0.176533
0.465	0.177300
0.468	0.177533
0.471	0.178833
0.474	0.178333
0.477	0.177767
0.48	0.177600
0.483	0.179167
0.486	0.180967
0.489	0.181433
0.492	0.181600
0.495	0.181467
0.498	0.182633
0.501	0.182733
0.504	0.184967
0.507	0.185733
0.51	0.184933
0.513	0.186633
0.517	0.186833
0.52	0.187233
0.523	0.188067
0.526	0.188733
0.529	0.188800
0.532	0.189033
0.535	0.189433
0.538	0.189900
0.541	0.189167
0.544	0.187333
0.547	0.188333
0.55	0.190800
0.553	0.193367
0.556	0.194267
0.559	0.194467
0.562	0.194367
0.565	0.195733
0.568	0.195933
0.571	0.195300
0.574	0.196767
0.577	0.198500
0.58	0.198933
0.583	0.199033
0.586	0.199267
0.589	0.201267
0.593	0.202100
0.596	0.202700
0.599	0.201667
0.602	0.200567
0.605	0.199867
0.608	0.202667
0.611	0.204567
0.614	0.205367
0.617	0.204833
0.62	0.205767
0.623	0.204967
0.626	0.203900
0.629	0.204700
0.632	0.207267
0.636	0.210633
0.639	0.208767
0.642	0.208633
0.645	0.211067
0.648	0.210133
0.651	0.208567
0.654	0.206367
0.657	0.206767
0.66	0.207000
0.664	0.207600
0.667	0.207667
0.67	0.210000
0.673	0.210400
0.676	0.210767
0.679	0.211100
0.683	0.210667
0.686	0.212833
0.689	0.214900
0.692	0.218433
0.695	0.218033
0.698	0.217000
0.702	0.215833
0.705	0.218067
0.708	0.220567
0.711	0.221267
0.714	0.221733
0.718	0.221867
0.721	0.221167
0.724	0.217933
0.727	0.215933
0.73	0.216500
0.734	0.220067
0.737	0.222633
0.74	0.224033
0.743	0.225500
0.746	0.223233
0.75	0.221133
0.753	0.220033
0.756	0.222400
0.759	0.223767
0.762	0.222667
0.766	0.223433
0.769	0.223200
0.772	0.223100
0.775	0.223500
0.778	0.223867
0.781	0.226067
0.785	0.226167
0.788	0.224433
0.791	0.224867
0.794	0.224600
0.797	0.222567
0.8	0.224167
0.803	0.225067
0.807	0.226933
0.81	0.227233
0.813	0.227667
0.816	0.226233
0.819	0.226667
0.822	0.229000
0.825	0.228867
0.828	0.228667
0.831	0.229567
0.834	0.229033
0.838	0.229000
0.841	0.229200
0.844	0.228267
0.847	0.228400
0.85	0.232900
0.853	0.233300
0.856	0.230033
0.859	0.225567
0.862	0.226000
0.865	0.227533
0.868	0.226000
0.871	0.227300
0.874	0.227467
0.877	0.228500
0.88	0.229500
0.883	0.229667
0.887	0.228633
0.89	0.230700
0.893	0.229033
0.896	0.228067
0.899	0.229500
0.902	0.228133
0.905	0.226033
0.908	0.227000
0.911	0.226967
0.914	0.226700
0.917	0.225200
0.92	0.226600
0.923	0.225800
0.926	0.225467
0.929	0.225833
0.932	0.226800
0.935	0.228233
0.938	0.230800
0.941	0.235033
0.944	0.235867
0.947	0.233867
0.95	0.232000
0.953	0.233367
0.956	0.233300
0.959	0.232133
0.962	0.234400
0.965	0.237567
0.968	0.237133
0.971	0.238733
0.974	0.238533
0.978	0.240233
0.981	0.236767
0.984	0.236967
0.987	0.236200
0.99	0.235200
0.993	0.233200
0.996	0.233333
0.999	0.233167
1.002	0.235300
1.005	0.235733
1.008	0.236100
1.011	0.237000
1.014	0.239467
1.017	0.240233
1.02	0.240767
1.023	0.240567
1.026	0.240800
1.029	0.242367
1.032	0.241933
1.035	0.243667
1.038	0.243867
1.041	0.243867
1.044	0.248433
1.047	0.249400
1.05	0.246733
1.053	0.245600
1.056	0.248200
1.059	0.249000
1.062	0.246500
1.065	0.245933
1.068	0.246667
1.071	0.246600
1.074	0.244200
1.077	0.243733
1.08	0.247667
1.083	0.249367
1.086	0.250467
1.089	0.250133
1.092	0.251533
1.095	0.253200
1.098	0.253267
1.101	0.252000
1.104	0.251800
1.107	0.252167
1.11	0.255233
1.113	0.253100
1.116	0.250833
1.119	0.253733
1.122	0.255700
1.125	0.255600
1.128	0.255867
1.131	0.256633
1.134	0.257400
1.137	0.257867
1.14	0.260567
1.143	0.259467
1.146	0.258000
1.149	0.258700
1.152	0.258833
1.155	0.260567
1.158	0.263667
1.161	0.263600
1.164	0.262833
1.167	0.261667
1.17	0.260200
1.173	0.259600
1.176	0.260600
1.179	0.263133
1.182	0.265467
1.185	0.265133
1.188	0.263300
1.191	0.262433
1.194	0.263867
1.197	0.265400
1.2	0.267533
1.203	0.266567
1.206	0.265567
1.209	0.265967
1.212	0.266233
1.215	0.269300
1.218	0.269733
1.221	0.267633
1.224	0.268500
1.227	0.268967
1.23	0.267500
1.233	0.266500
1.236	0.270333
1.239	0.270500
1.242	0.270433
1.245	0.271433
1.248	0.272733
1.251	0.273100
1.254	0.274267
1.257	0.275800
1.26	0.275500
1.263	0.275400
1.266	0.274867
1.269	0.274067
1.272	0.274900
1.276	0.275133
1.279	0.275200
1.282	0.275000
1.285	0.274433
1.288	0.275500
1.291	0.277333
1.294	0.278033
1.297	0.277967
1.3	0.276533
1.303	0.275167
1.306	0.277433
1.309	0.280033
1.312	0.282400
1.315	0.283233
1.318	0.282300
1.321	0.281767
1.324	0.282700
1.327	0.283500
1.33	0.283267
1.333	0.285067
1.336	0.284900
1.339	0.283733
1.342	0.284367
1.345	0.284500
1.348	0.285167
1.351	0.284967
1.354	0.284433
1.357	0.284267
1.36	0.283500
1.363	0.284200
1.366	0.282367
1.369	0.280467
1.372	0.280833
1.375	0.284633
1.378	0.285500
1.381	0.285033
1.384	0.284133
1.387	0.285767
1.39	0.286600
1.393	0.286933
1.396	0.287400
1.399	0.290600
1.402	0.289900
1.405	0.290800
1.408	0.291333
1.411	0.293000
1.414	0.291833
1.417	0.293233
1.42	0.294100
1.423	0.294567
1.426	0.293567
1.429	0.296367
1.432	0.295967
1.435	0.293400
1.438	0.294833
1.441	0.295100
1.444	0.295767
1.447	0.295100
1.45	0.295767
1.453	0.297333
1.456	0.297433
1.459	0.297467
1.462	0.297367
1.465	0.299867
1.468	0.300633
1.471	0.302367
1.474	0.304333
1.477	0.305833
1.48	0.302667
1.483	0.300067
1.486	0.299200
1.489	0.301800
1.492	0.302000
1.495	0.302867
1.498	0.304000
1.501	0.303267
1.504	0.303300
1.507	0.303633
1.51	0.304933
1.513	0.304633
1.516	0.302867
1.519	0.302633
1.522	0.304300
1.525	0.303633
1.528	0.302767
1.531	0.304300
1.534	0.304633
1.537	0.305533
1.54	0.307067
1.543	0.307967
1.546	0.308200
1.549	0.306533
1.552	0.307067
1.555	0.310433
1.558	0.309733
1.561	0.306867
1.564	0.306933
1.567	0.306800
1.57	0.308800
1.573	0.309367
1.576	0.310033
1.579	0.309800
1.582	0.309267
1.585	0.310967
1.588	0.309967
1.591	0.309167
1.594	0.308567
1.597	0.309333
1.6	0.310900
1.603	0.310600
1.606	0.311867
1.609	0.313533
1.612	0.313600
1.615	0.312567
1.618	0.312367
1.621	0.314533
1.624	0.312800
1.627	0.311100
1.63	0.312033
1.633	0.312767
1.636	0.313267
1.639	0.313333
1.642	0.311967
1.645	0.311367
1.648	0.310500
1.651	0.311667
1.654	0.313133
1.657	0.314633
1.66	0.315000
1.663	0.314500
1.666	0.313867
1.669	0.313467
1.672	0.315300
1.675	0.314367
1.678	0.314700
1.681	0.315767
1.684	0.316933
1.687	0.317533
1.69	0.317267
1.693	0.315567
1.696	0.316800
1.699	0.318600
1.702	0.319500
1.705	0.320467
1.708	0.319400
1.711	0.318300
1.714	0.317867
1.717	0.316667
1.72	0.316267
1.723	0.318067
1.726	0.318400
1.729	0.317867
1.732	0.318333
1.735	0.317800
1.738	0.317633
1.741	0.317567
1.744	0.316133
1.747	0.318233
1.75	0.321233
1.753	0.324167
1.756	0.325267
1.759	0.324833
1.762	0.323567
1.765	0.325033
1.768	0.325733
1.771	0.325067
1.774	0.324933
1.777	0.324500
1.78	0.323300
1.783	0.322100
1.786	0.319767
1.789	0.320467
1.792	0.323133
1.795	0.323733
1.798	0.323767
1.801	0.324233
1.804	0.323733
1.807	0.324067
1.81	0.323933
1.813	0.323033
1.816	0.324733
1.819	0.325467
1.822	0.323533
1.825	0.323900
1.828	0.324367
1.831	0.325700
1.834	0.324833
1.837	0.324933
1.84	0.324133
1.843	0.323633
1.846	0.322767
1.849	0.324933
1.852	0.323167
1.855	0.323400
1.858	0.323433
1.861	0.324267
1.864	0.323433
1.867	0.325800
1.87	0.327567
1.873	0.329000
1.876	0.327067
1.879	0.330100
1.882	0.332000
1.885	0.331200
1.888	0.330767
1.891	0.329867
1.894	0.330133
1.897	0.332067
1.9	0.332533
1.903	0.331033
1.906	0.331200
1.909	0.333300
1.912	0.332800
1.915	0.331667
1.918	0.330233
1.921	0.328833
1.924	0.326667
1.927	0.327200
1.93	0.329733
1.933	0.333200
1.936	0.334267
1.939	0.334333
1.942	0.332300
1.945	0.330667
1.948	0.332767
1.951	0.334000
1.954	0.335633
1.957	0.333633
1.96	0.331600
1.963	0.332800
1.966	0.335600
1.969	0.337433
1.972	0.336067
1.975	0.334300
1.978	0.332433
1.981	0.332567
1.984	0.332767
1.987	0.331400
1.99	0.332900
1.993	0.335567
1.996	0.338300
1.999	0.337167
2.002	0.335100
2.005	0.335033
2.008	0.335533
2.011	0.336167
2.014	0.337700
2.017	0.339633
2.02	0.340967
2.023	0.340800
2.026	0.342700
2.029	0.340233
2.032	0.341467
2.035	0.342333
2.038	0.341767
2.041	0.342133
2.044	0.343933
2.047	0.342900
2.05	0.340433
2.053	0.339800
2.056	0.342067
2.059	0.341800
2.062	0.342767
2.065	0.343233
2.068	0.344333
2.071	0.342500
2.074	0.342400
2.077	0.343767
2.08	0.345500
2.083	0.346800
2.086	0.345267
2.089	0.345133
2.092	0.347000
2.095	0.348000
2.098	0.348900
2.101	0.346033
2.104	0.344100
2.107	0.345233
2.11	0.348267
2.113	0.349600
2.116	0.350333
2.119	0.350133
2.122	0.349500
2.125	0.348933
2.128	0.349133
2.131	0.350767
2.134	0.350033
2.137	0.351967
2.14	0.352000
2.143	0.351967
2.146	0.351933
2.149	0.351200
2.152	0.352967
2.155	0.353333
2.158	0.354700
2.161	0.352967
2.164	0.351833
2.167	0.353533
2.17	0.353367
2.173	0.353100
2.176	0.354000
2.179	0.353067
2.182	0.352633
2.185	0.350567
2.188	0.351367
2.191	0.351100
2.194	0.352600
2.197	0.350833
2.2	0.350667
2.203	0.351733
2.206	0.353033
2.209	0.353733
2.212	0.352900
2.215	0.353833
2.218	0.352367
2.221	0.351400
2.224	0.351733
2.227	0.352633
2.23	0.355267
2.233	0.355267
2.236	0.357300
2.239	0.360900
2.242	0.361800
2.245	0.363333
2.248	0.360133
2.251	0.357700
2.254	0.359367
2.257	0.359100
2.26	0.358333
2.263	0.361333
2.266	0.360800
2.269	0.361600
2.272	0.361500
2.275	0.361500
2.278	0.364467
2.281	0.364000
2.284	0.363600
2.287	0.366533
2.29	0.368867
2.293	0.371200
2.296	0.371167
2.299	0.368900
2.302	0.369767
2.305	0.373167
2.308	0.374133
2.311	0.372967
2.314	0.373000
2.317	0.373033
2.32	0.375233
2.323	0.375600
2.326	0.373767
2.329	0.375100
2.332	0.378500
2.335	0.380233
2.338	0.379333
2.341	0.377800
2.344	0.378033
2.347	0.378433
2.35	0.377533
2.353	0.377267
2.356	0.379333
2.359	0.380000
2.362	0.378067
2.365	0.377900
2.368	0.379200
2.371	0.378100
2.374	0.380433
2.377	0.383367
2.38	0.385567
2.383	0.384633
2.386	0.383467
2.389	0.384533
2.392	0.385933
2.395	0.384833
2.398	0.384367
2.401	0.384833
2.404	0.382467
2.407	0.383100
2.41	0.385100
2.413	0.387933
2.416	0.388500
2.419	0.387067
2.422	0.385233
2.425	0.387967
2.428	0.390500
2.431	0.391300
2.434	0.390367
2.437	0.389367
2.44	0.390367
2.443	0.387733
2.446	0.384900
2.449	0.386133
2.452	0.386833
2.455	0.389067
2.458	0.388167
2.461	0.387067
2.464	0.388667
2.467	0.390000
2.47	0.390100
2.473	0.390767
2.476	0.391900
2.479	0.391867
2.482	0.392800
2.485	0.393267
2.488	0.391667
2.491	0.393433
2.494	0.396967
2.497	0.398133
2.5	0.396733
2.503	0.394133
2.506	0.393400
2.509	0.392233
2.512	0.393700
2.515	0.394900
