Brown University Keck/NASA Relab Spectrum LS-JBA-076-P2/CLS445
Wavelength(micron)	Reflectance
0.351	0.151000
0.354	0.156000
0.357	0.157333
0.36	0.160000
0.363	0.162667
0.366	0.164000
0.369	0.169000
0.372	0.170000
0.375	0.172000
0.378	0.174000
0.381	0.175000
0.384	0.180000
0.387	0.180333
0.39	0.181000
0.393	0.183667
0.396	0.185000
0.399	0.189000
0.402	0.189333
0.405	0.190000
0.408	0.192667
0.411	0.194000
0.414	0.197000
0.417	0.197667
0.42	0.199000
0.423	0.200333
0.426	0.201000
0.429	0.204000
0.432	0.204667
0.435	0.206000
0.438	0.206667
0.441	0.207000
0.444	0.210000
0.447	0.210333
0.45	0.211000
0.453	0.213000
0.456	0.214000
0.459	0.215000
0.462	0.215667
0.465	0.217000
0.468	0.218333
0.471	0.219000
0.474	0.220000
0.477	0.220333
0.48	0.221000
0.483	0.222333
0.486	0.223000
0.489	0.225000
0.492	0.225333
0.495	0.226000
0.498	0.226667
0.501	0.227000
0.504	0.228000
0.507	0.228667
0.51	0.230000
0.513	0.231333
0.517	0.232000
0.52	0.234000
0.523	0.234333
0.526	0.235000
0.529	0.236333
0.532	0.237000
0.535	0.238000
0.538	0.238667
0.541	0.240000
0.544	0.240000
0.547	0.240000
0.55	0.241000
0.553	0.241667
0.556	0.243000
0.559	0.243667
0.562	0.244000
0.565	0.245000
0.568	0.245333
0.571	0.246000
0.574	0.247333
0.577	0.248000
0.58	0.250000
0.583	0.250000
0.586	0.250000
0.589	0.250000
0.593	0.250000
0.596	0.251000
0.599	0.251333
0.602	0.252000
0.605	0.252667
0.608	0.253000
0.611	0.254000
0.614	0.254333
0.617	0.255000
0.62	0.255667
0.623	0.256000
0.626	0.258000
0.629	0.258000
0.632	0.258000
0.636	0.258667
0.639	0.259000
0.642	0.259000
0.645	0.259667
0.648	0.261000
0.651	0.261667
0.654	0.262000
0.657	0.264000
0.66	0.264333
0.664	0.265000
0.667	0.265667
0.67	0.266000
0.673	0.266000
0.676	0.266333
0.679	0.267000
0.683	0.267000
0.686	0.267000
0.689	0.268000
0.692	0.268667
0.695	0.270000
0.698	0.270000
0.702	0.270000
0.705	0.271000
0.708	0.271000
0.711	0.271000
0.714	0.272333
0.718	0.273000
0.721	0.274000
0.724	0.274333
0.727	0.275000
0.73	0.275000
0.734	0.275000
0.737	0.276000
0.74	0.276333
0.743	0.277000
0.746	0.277000
0.75	0.277000
0.753	0.277000
0.756	0.277333
0.759	0.278000
0.762	0.278667
0.766	0.279000
0.769	0.279000
0.772	0.279000
0.775	0.279000
0.778	0.279000
0.781	0.279000
0.785	0.279000
0.788	0.278667
0.791	0.278000
0.794	0.278000
0.797	0.278000
0.8	0.278000
0.803	0.278000
0.807	0.278000
0.81	0.277333
0.813	0.277000
0.816	0.276000
0.819	0.275333
0.822	0.274000
0.825	0.273333
0.828	0.273000
0.831	0.273000
0.834	0.272333
0.838	0.271000
0.841	0.271000
0.844	0.271000
0.847	0.270000
0.85	0.269667
0.853	0.269000
0.856	0.267667
0.859	0.267000
0.862	0.266000
0.865	0.265667
0.868	0.265000
0.871	0.264333
0.874	0.264000
0.877	0.263000
0.88	0.263000
0.883	0.263000
0.887	0.262333
0.89	0.262000
0.893	0.261000
0.896	0.260667
0.899	0.260000
0.902	0.259333
0.905	0.259000
0.908	0.259000
0.911	0.259000
0.914	0.259000
0.917	0.259000
0.92	0.259000
0.923	0.259000
0.926	0.259000
0.929	0.259000
0.932	0.259000
0.935	0.259000
0.938	0.259000
0.941	0.259667
0.944	0.261000
0.947	0.261667
0.95	0.262000
0.953	0.262000
0.956	0.262667
0.959	0.264000
0.962	0.264667
0.965	0.265000
0.968	0.266000
0.971	0.266333
0.974	0.267000
0.978	0.268333
0.981	0.269000
0.984	0.271000
0.987	0.272000
0.99	0.274000
0.993	0.275333
0.996	0.276000
0.999	0.277000
1.002	0.277667
1.005	0.279000
1.008	0.281000
1.011	0.282000
1.014	0.283000
1.017	0.283333
1.02	0.284000
1.023	0.286000
1.026	0.287000
1.029	0.290000
1.032	0.290333
1.035	0.291000
1.038	0.291667
1.041	0.292000
1.044	0.293000
1.047	0.294000
1.05	0.296000
1.053	0.297333
1.056	0.298000
1.059	0.300000
1.062	0.300333
1.065	0.301000
1.068	0.301667
1.071	0.302000
1.074	0.304000
1.077	0.304333
1.08	0.305000
1.083	0.305667
1.086	0.306000
1.089	0.306000
1.092	0.306667
1.095	0.308000
1.098	0.308667
1.101	0.309000
1.104	0.310000
1.107	0.310333
1.11	0.311000
1.113	0.311667
1.116	0.312000
1.119	0.313000
1.122	0.313333
1.125	0.314000
1.128	0.314667
1.131	0.315000
1.134	0.316000
1.137	0.316000
1.14	0.316000
1.143	0.316667
1.146	0.317000
1.149	0.318000
1.152	0.318333
1.155	0.319000
1.158	0.319667
1.161	0.320000
1.164	0.320000
1.167	0.320333
1.17	0.321000
1.173	0.321000
1.176	0.321000
1.179	0.321000
1.182	0.321667
1.185	0.323000
1.188	0.322333
1.191	0.322000
1.194	0.323000
1.197	0.323000
1.2	0.323000
1.203	0.323667
1.206	0.324000
1.209	0.325000
1.212	0.325000
1.215	0.325000
1.218	0.325667
1.221	0.326000
1.224	0.326000
1.227	0.326333
1.23	0.327000
1.233	0.327000
1.236	0.327000
1.239	0.327000
1.242	0.327000
1.245	0.327000
1.248	0.328333
1.251	0.329000
1.254	0.329000
1.257	0.329000
1.26	0.329000
1.263	0.329667
1.266	0.330000
1.269	0.331000
1.272	0.331000
1.276	0.331000
1.279	0.331667
1.282	0.332000
1.285	0.333000
1.288	0.333000
1.291	0.333000
1.294	0.333000
1.297	0.333000
1.3	0.335000
1.303	0.335000
1.306	0.335000
1.309	0.335000
1.312	0.335000
1.315	0.336000
1.318	0.336333
1.321	0.337000
1.324	0.337667
1.327	0.338000
1.33	0.338000
1.333	0.338333
1.336	0.339000
1.339	0.339000
1.342	0.339000
1.345	0.339000
1.348	0.339333
1.351	0.340000
1.354	0.340667
1.357	0.341000
1.36	0.342000
1.363	0.342333
1.366	0.343000
1.369	0.343667
1.372	0.344000
1.375	0.344000
1.378	0.344000
1.381	0.344000
1.384	0.344000
1.387	0.344000
1.39	0.345000
1.393	0.345333
1.396	0.346000
1.399	0.346667
1.402	0.347000
1.405	0.347000
1.408	0.347333
1.411	0.348000
1.414	0.348000
1.417	0.348000
1.42	0.348000
1.423	0.348000
1.426	0.348000
1.429	0.348667
1.432	0.349000
1.435	0.350000
1.438	0.350000
1.441	0.350000
1.444	0.350667
1.447	0.351000
1.45	0.351000
1.453	0.351000
1.456	0.351000
1.459	0.351667
1.462	0.352000
1.465	0.352000
1.468	0.352333
1.471	0.353000
1.474	0.353000
1.477	0.353000
1.48	0.353000
1.483	0.353000
1.486	0.353000
1.489	0.353667
1.492	0.354000
1.495	0.355000
1.498	0.355000
1.501	0.355000
1.504	0.355000
1.507	0.355000
1.51	0.356000
1.513	0.355667
1.516	0.355000
1.519	0.355000
1.522	0.355000
1.525	0.355000
1.528	0.355000
1.531	0.355000
1.534	0.355667
1.537	0.356000
1.54	0.356000
1.543	0.356000
1.546	0.356000
1.549	0.356000
1.552	0.356000
1.555	0.356000
1.558	0.356000
1.561	0.356000
1.564	0.356000
1.567	0.356000
1.57	0.356000
1.573	0.356000
1.576	0.356000
1.579	0.356000
1.582	0.356000
1.585	0.356000
1.588	0.356333
1.591	0.357000
1.594	0.357000
1.597	0.357000
1.6	0.357000
1.603	0.357000
1.606	0.357000
1.609	0.357000
1.612	0.357000
1.615	0.357000
1.618	0.357000
1.621	0.357000
1.624	0.357000
1.627	0.357000
1.63	0.357000
1.633	0.357000
1.636	0.357000
1.639	0.357000
1.642	0.357000
1.645	0.357000
1.648	0.357000
1.651	0.357000
1.654	0.357000
1.657	0.357000
1.66	0.356000
1.663	0.356000
1.666	0.356000
1.669	0.356000
1.672	0.356000
1.675	0.356000
1.678	0.356000
1.681	0.356000
1.684	0.356000
1.687	0.356000
1.69	0.356000
1.693	0.356000
1.696	0.356000
1.699	0.356000
1.702	0.356000
1.705	0.356000
1.708	0.356000
1.711	0.356000
1.714	0.356000
1.717	0.356000
1.72	0.356000
1.723	0.356000
1.726	0.356000
1.729	0.356000
1.732	0.356000
1.735	0.356000
1.738	0.356000
1.741	0.356000
1.744	0.356000
1.747	0.356000
1.75	0.356000
1.753	0.355667
1.756	0.355000
1.759	0.355000
1.762	0.355000
1.765	0.355000
1.768	0.355000
1.771	0.355000
1.774	0.355667
1.777	0.356000
1.78	0.356000
1.783	0.356000
1.786	0.356000
1.789	0.356000
1.792	0.356000
1.795	0.356000
1.798	0.356000
1.801	0.356000
1.804	0.356000
1.807	0.356000
1.81	0.355000
1.813	0.355333
1.816	0.356000
1.819	0.356000
1.822	0.356000
1.825	0.356000
1.828	0.355667
1.831	0.355000
1.834	0.355667
1.837	0.356000
1.84	0.356000
1.843	0.356000
1.846	0.356000
1.849	0.356000
1.852	0.356000
1.855	0.356000
1.858	0.356000
1.861	0.356000
1.864	0.356000
1.867	0.356000
1.87	0.356000
1.873	0.356333
1.876	0.357000
1.879	0.357000
1.882	0.357000
1.885	0.357000
1.888	0.357000
1.891	0.357000
1.894	0.357000
1.897	0.357000
1.9	0.358000
1.903	0.358000
1.906	0.358000
1.909	0.358000
1.912	0.358000
1.915	0.359000
1.918	0.358667
1.921	0.358000
1.924	0.358667
1.927	0.359000
1.93	0.359000
1.933	0.359000
1.936	0.359000
1.939	0.359000
1.942	0.359000
1.945	0.359000
1.948	0.359000
1.951	0.359000
1.954	0.359000
1.957	0.359000
1.96	0.360000
1.963	0.360000
1.966	0.360000
1.969	0.360000
1.972	0.360000
1.975	0.361000
1.978	0.361000
1.981	0.361000
1.984	0.361000
1.987	0.361000
1.99	0.361000
1.993	0.361333
1.996	0.362000
1.999	0.362000
2.002	0.362000
2.005	0.362000
2.008	0.362333
2.011	0.363000
2.014	0.363667
2.017	0.364000
2.02	0.364000
2.023	0.364000
2.026	0.364000
2.029	0.364667
2.032	0.365000
2.035	0.365000
2.038	0.365333
2.041	0.366000
2.044	0.366000
2.047	0.366000
2.05	0.366000
2.053	0.366333
2.056	0.367000
2.059	0.367000
2.062	0.367000
2.065	0.368000
2.068	0.368333
2.071	0.369000
2.074	0.369000
2.077	0.369000
2.08	0.370000
2.083	0.370000
2.086	0.370000
2.089	0.370667
2.092	0.371000
2.095	0.371000
2.098	0.371333
2.101	0.372000
2.104	0.372667
2.107	0.373000
2.11	0.374000
2.113	0.374000
2.116	0.374000
2.119	0.374000
2.122	0.374000
2.125	0.376000
2.128	0.376000
2.131	0.376000
2.134	0.376667
2.137	0.377000
2.14	0.377000
2.143	0.377333
2.146	0.378000
2.149	0.378000
2.152	0.378000
2.155	0.379000
2.158	0.379333
2.161	0.380000
2.164	0.380000
2.167	0.380000
2.17	0.381000
2.173	0.381000
2.176	0.381000
2.179	0.382333
2.182	0.383000
2.185	0.383000
2.188	0.383333
2.191	0.384000
2.194	0.384667
2.197	0.385000
2.2	0.386000
2.203	0.386000
2.206	0.386000
2.209	0.386667
2.212	0.387000
2.215	0.387000
2.218	0.387333
2.221	0.388000
2.224	0.388000
2.227	0.388000
2.23	0.388000
2.233	0.388333
2.236	0.389000
2.239	0.389667
2.242	0.390000
2.245	0.390000
2.248	0.390667
2.251	0.392000
2.254	0.392667
2.257	0.393000
2.26	0.393000
2.263	0.393333
2.266	0.394000
2.269	0.394000
2.272	0.394000
2.275	0.395000
2.278	0.395333
2.281	0.396000
2.284	0.396000
2.287	0.396000
2.29	0.397000
2.293	0.397333
2.296	0.398000
2.299	0.398667
2.302	0.399000
2.305	0.401000
2.308	0.401333
2.311	0.402000
2.314	0.400667
2.317	0.400000
2.32	0.403000
2.323	0.403667
2.326	0.405000
2.329	0.405000
2.332	0.405000
2.335	0.406000
2.338	0.406000
2.341	0.406000
2.344	0.406667
2.347	0.407000
2.35	0.408000
2.353	0.407667
2.356	0.407000
2.359	0.409000
2.362	0.410000
2.365	0.411000
2.368	0.411000
2.371	0.411000
2.374	0.411667
2.377	0.412000
2.38	0.412000
2.383	0.412333
2.386	0.413000
2.389	0.413667
2.392	0.414000
2.395	0.415000
2.398	0.415000
2.401	0.415000
2.404	0.415667
2.407	0.416000
2.41	0.417000
2.413	0.417333
2.416	0.418000
2.419	0.418000
2.422	0.418000
2.425	0.419000
2.428	0.419000
2.431	0.419000
2.434	0.419667
2.437	0.420000
2.44	0.421000
2.443	0.421000
2.446	0.421000
2.449	0.421667
2.452	0.422000
2.455	0.423000
2.458	0.423333
2.461	0.424000
2.464	0.424000
2.467	0.424000
2.47	0.425000
2.473	0.425000
2.476	0.425000
2.479	0.425667
2.482	0.426000
2.485	0.427000
2.488	0.427000
2.491	0.427000
2.494	0.427667
2.497	0.428000
2.5	0.428000
2.503	0.428000
2.506	0.428000
2.509	0.428000
2.512	0.428000
2.515	0.428000
