Brown University Keck/NASA Relab Spectrum LS-JBA-234-P2/CLS482
Wavelength(micron)	Reflectance
0.351	0.131933
0.354	0.133533
0.357	0.134833
0.36	0.134600
0.363	0.133767
0.366	0.133567
0.369	0.134200
0.372	0.136200
0.375	0.136600
0.378	0.138033
0.381	0.139100
0.384	0.139033
0.387	0.139800
0.39	0.139367
0.393	0.138167
0.396	0.137933
0.399	0.137433
0.402	0.137400
0.405	0.137933
0.408	0.138133
0.411	0.139167
0.414	0.138733
0.417	0.139367
0.42	0.141200
0.423	0.142733
0.426	0.143600
0.429	0.142767
0.432	0.142000
0.435	0.142300
0.438	0.143300
0.441	0.145000
0.444	0.146000
0.447	0.146233
0.45	0.145700
0.453	0.146333
0.456	0.146567
0.459	0.146867
0.462	0.147400
0.465	0.148567
0.468	0.149300
0.471	0.149433
0.474	0.149233
0.477	0.149167
0.48	0.149567
0.483	0.151600
0.486	0.151667
0.489	0.151833
0.492	0.152400
0.495	0.152333
0.498	0.152533
0.501	0.152900
0.504	0.154067
0.507	0.154767
0.51	0.155433
0.513	0.155933
0.517	0.156033
0.52	0.155333
0.523	0.155333
0.526	0.156533
0.529	0.158000
0.532	0.159033
0.535	0.158667
0.538	0.159833
0.541	0.160067
0.544	0.159900
0.547	0.160400
0.55	0.160867
0.553	0.161033
0.556	0.160300
0.559	0.161600
0.562	0.163000
0.565	0.163633
0.568	0.164667
0.571	0.164800
0.574	0.165067
0.577	0.164567
0.58	0.165600
0.583	0.165967
0.586	0.166200
0.589	0.166367
0.593	0.166333
0.596	0.166700
0.599	0.167033
0.602	0.168967
0.605	0.169367
0.608	0.169800
0.611	0.170200
0.614	0.171167
0.617	0.170167
0.62	0.170633
0.623	0.171267
0.626	0.171133
0.629	0.170500
0.632	0.170867
0.636	0.171567
0.639	0.174100
0.642	0.175800
0.645	0.174300
0.648	0.173867
0.651	0.177333
0.654	0.177667
0.657	0.177133
0.66	0.176833
0.664	0.179967
0.667	0.181300
0.67	0.181367
0.673	0.178333
0.676	0.176833
0.679	0.176967
0.683	0.176300
0.686	0.177200
0.689	0.179433
0.692	0.177567
0.695	0.178333
0.698	0.179000
0.702	0.180167
0.705	0.177700
0.708	0.178433
0.711	0.181267
0.714	0.181367
0.718	0.181167
0.721	0.181867
0.724	0.182133
0.727	0.184267
0.73	0.183367
0.734	0.179633
0.737	0.178633
0.74	0.180200
0.743	0.182033
0.746	0.182667
0.75	0.182100
0.753	0.181767
0.756	0.183700
0.759	0.186467
0.762	0.187700
0.766	0.187600
0.769	0.190733
0.772	0.191400
0.775	0.191300
0.778	0.191533
0.781	0.191567
0.785	0.191467
0.788	0.189767
0.791	0.190600
0.794	0.191133
0.797	0.192633
0.8	0.193200
0.803	0.194800
0.807	0.193867
0.81	0.192100
0.813	0.192300
0.816	0.190133
0.819	0.189600
0.822	0.189800
0.825	0.191733
0.828	0.193600
0.831	0.191033
0.834	0.193200
0.838	0.192467
0.841	0.190200
0.844	0.194633
0.847	0.198367
0.85	0.195200
0.853	0.195133
0.856	0.194067
0.859	0.194800
0.862	0.194400
0.865	0.192400
0.868	0.191567
0.871	0.193500
0.874	0.198367
0.877	0.198800
0.88	0.198267
0.883	0.197800
0.887	0.198433
0.89	0.197400
0.893	0.198967
0.896	0.197333
0.899	0.196733
0.902	0.197167
0.905	0.199400
0.908	0.200067
0.911	0.199033
0.914	0.197333
0.917	0.196133
0.92	0.194167
0.923	0.195567
0.926	0.197300
0.929	0.201233
0.932	0.202067
0.935	0.201567
0.938	0.198867
0.941	0.197867
0.944	0.199533
0.947	0.199267
0.95	0.197433
0.953	0.197700
0.956	0.199733
0.959	0.200633
0.962	0.200133
0.965	0.200800
0.968	0.202233
0.971	0.204367
0.974	0.205433
0.978	0.205533
0.981	0.204800
0.984	0.204267
0.987	0.206133
0.99	0.206133
0.993	0.204833
0.996	0.205533
0.999	0.206333
1.002	0.205400
1.005	0.203333
1.008	0.203933
1.011	0.206167
1.014	0.210500
1.017	0.212800
1.02	0.211400
1.023	0.211000
1.026	0.209867
1.029	0.208000
1.032	0.208433
1.035	0.208900
1.038	0.212100
1.041	0.213000
1.044	0.211933
1.047	0.211633
1.05	0.213733
1.053	0.211100
1.056	0.212467
1.059	0.213633
1.062	0.213567
1.065	0.216533
1.068	0.217167
1.071	0.218900
1.074	0.219633
1.077	0.220067
1.08	0.218500
1.083	0.219167
1.086	0.219533
1.089	0.218567
1.092	0.217600
1.095	0.217133
1.098	0.218467
1.101	0.218800
1.104	0.220467
1.107	0.221667
1.11	0.223067
1.113	0.224300
1.116	0.222567
1.119	0.222767
1.122	0.223100
1.125	0.220900
1.128	0.220733
1.131	0.221333
1.134	0.222500
1.137	0.222433
1.14	0.222400
1.143	0.226700
1.146	0.228500
1.149	0.228200
1.152	0.228200
1.155	0.227900
1.158	0.226467
1.161	0.225867
1.164	0.225500
1.167	0.225867
1.17	0.228067
1.173	0.229200
1.176	0.227733
1.179	0.227733
1.182	0.228900
1.185	0.229267
1.188	0.228700
1.191	0.228833
1.194	0.228533
1.197	0.229433
1.2	0.229567
1.203	0.229867
1.206	0.232500
1.209	0.232567
1.212	0.231967
1.215	0.231167
1.218	0.229933
1.221	0.228733
1.224	0.229800
1.227	0.231600
1.23	0.234200
1.233	0.235967
1.236	0.235633
1.239	0.235733
1.242	0.236000
1.245	0.235367
1.248	0.237000
1.251	0.238100
1.254	0.239133
1.257	0.238633
1.26	0.238400
1.263	0.239000
1.266	0.239000
1.269	0.239733
1.272	0.241867
1.276	0.242567
1.279	0.242233
1.282	0.241933
1.285	0.243067
1.288	0.242233
1.291	0.242667
1.294	0.240967
1.297	0.240433
1.3	0.242933
1.303	0.242067
1.306	0.241633
1.309	0.243367
1.312	0.245067
1.315	0.247467
1.318	0.247767
1.321	0.249433
1.324	0.247433
1.327	0.248100
1.33	0.247733
1.333	0.248467
1.336	0.247000
1.339	0.247067
1.342	0.248833
1.345	0.249500
1.348	0.250300
1.351	0.249833
1.354	0.246600
1.357	0.249567
1.36	0.251133
1.363	0.253267
1.366	0.252567
1.369	0.249267
1.372	0.249200
1.375	0.250267
1.378	0.252333
1.381	0.250567
1.384	0.251933
1.387	0.252367
1.39	0.252733
1.393	0.253167
1.396	0.252000
1.399	0.253200
1.402	0.254800
1.405	0.256067
1.408	0.256067
1.411	0.257600
1.414	0.259967
1.417	0.259567
1.42	0.260733
1.423	0.259033
1.426	0.258733
1.429	0.257533
1.432	0.257433
1.435	0.258467
1.438	0.259233
1.441	0.260567
1.444	0.261800
1.447	0.261167
1.45	0.260833
1.453	0.260400
1.456	0.262000
1.459	0.263833
1.462	0.265533
1.465	0.266167
1.468	0.265933
1.471	0.264733
1.474	0.262733
1.477	0.263200
1.48	0.264233
1.483	0.263133
1.486	0.263767
1.489	0.265600
1.492	0.266500
1.495	0.266933
1.498	0.268400
1.501	0.269367
1.504	0.267067
1.507	0.267567
1.51	0.267000
1.513	0.265500
1.516	0.266767
1.519	0.267600
1.522	0.269833
1.525	0.272267
1.528	0.273200
1.531	0.273867
1.534	0.272800
1.537	0.270300
1.54	0.271733
1.543	0.270333
1.546	0.267333
1.549	0.268567
1.552	0.270033
1.555	0.270267
1.558	0.271400
1.561	0.272533
1.564	0.272433
1.567	0.271500
1.57	0.270333
1.573	0.270400
1.576	0.274933
1.579	0.277767
1.582	0.279500
1.585	0.277667
1.588	0.277067
1.591	0.277600
1.594	0.278300
1.597	0.276667
1.6	0.275733
1.603	0.277133
1.606	0.277633
1.609	0.276667
1.612	0.275467
1.615	0.276067
1.618	0.275267
1.621	0.274567
1.624	0.275700
1.627	0.276900
1.63	0.276867
1.633	0.275500
1.636	0.274433
1.639	0.277100
1.642	0.280067
1.645	0.278000
1.648	0.277833
1.651	0.279833
1.654	0.280300
1.657	0.279467
1.66	0.280533
1.663	0.279767
1.666	0.279267
1.669	0.278767
1.672	0.281367
1.675	0.282267
1.678	0.281700
1.681	0.281233
1.684	0.282033
1.687	0.282367
1.69	0.283333
1.693	0.283267
1.696	0.282700
1.699	0.283067
1.702	0.284100
1.705	0.284833
1.708	0.283867
1.711	0.283967
1.714	0.283067
1.717	0.284433
1.72	0.285400
1.723	0.286133
1.726	0.286567
1.729	0.285333
1.732	0.286200
1.735	0.286200
1.738	0.286833
1.741	0.288133
1.744	0.289633
1.747	0.289833
1.75	0.289500
1.753	0.288400
1.756	0.289100
1.759	0.291267
1.762	0.288900
1.765	0.285633
1.768	0.286100
1.771	0.288367
1.774	0.288167
1.777	0.288833
1.78	0.287500
1.783	0.286200
1.786	0.286900
1.789	0.287100
1.792	0.286900
1.795	0.290200
1.798	0.293100
1.801	0.293667
1.804	0.295633
1.807	0.293267
1.81	0.292700
1.813	0.292233
1.816	0.291800
1.819	0.292067
1.822	0.291167
1.825	0.292000
1.828	0.293700
1.831	0.293267
1.834	0.294333
1.837	0.295600
1.84	0.296333
1.843	0.295500
1.846	0.297367
1.849	0.299767
1.852	0.297300
1.855	0.296167
1.858	0.293300
1.861	0.292733
1.864	0.294167
1.867	0.295400
1.87	0.298000
1.873	0.297933
1.876	0.300033
1.879	0.298533
1.882	0.297767
1.885	0.296167
1.888	0.297933
1.891	0.298067
1.894	0.295967
1.897	0.296367
1.9	0.294933
1.903	0.298567
1.906	0.301267
1.909	0.302733
1.912	0.302000
1.915	0.300667
1.918	0.300767
1.921	0.301633
1.924	0.302767
1.927	0.303833
1.93	0.302100
1.933	0.301100
1.936	0.300867
1.939	0.302867
1.942	0.301267
1.945	0.301767
1.948	0.303600
1.951	0.305333
1.954	0.305900
1.957	0.305867
1.96	0.303933
1.963	0.304233
1.966	0.306300
1.969	0.305700
1.972	0.303333
1.975	0.304333
1.978	0.305400
1.981	0.307833
1.984	0.309267
1.987	0.307367
1.99	0.307500
1.993	0.308467
1.996	0.307733
1.999	0.307733
2.002	0.309033
2.005	0.309333
2.008	0.310100
2.011	0.309367
2.014	0.308033
2.017	0.311000
2.02	0.310600
2.023	0.310600
2.026	0.310367
2.029	0.311633
2.032	0.311100
2.035	0.312367
2.038	0.313267
2.041	0.312267
2.044	0.312733
2.047	0.314933
2.05	0.312700
2.053	0.313800
2.056	0.313467
2.059	0.316200
2.062	0.315800
2.065	0.314900
2.068	0.316100
2.071	0.317367
2.074	0.318100
2.077	0.317567
2.08	0.316467
2.083	0.315667
2.086	0.316600
2.089	0.317400
2.092	0.319633
2.095	0.321967
2.098	0.321867
2.101	0.322267
2.104	0.319967
2.107	0.319167
2.11	0.321100
2.113	0.320700
2.116	0.321233
2.119	0.321933
2.122	0.321333
2.125	0.323467
2.128	0.323600
2.131	0.323000
2.134	0.322800
2.137	0.322267
2.14	0.322900
2.143	0.324233
2.146	0.323067
2.149	0.322767
2.152	0.322800
2.155	0.322767
2.158	0.324533
2.161	0.324267
2.164	0.324400
2.167	0.325433
2.17	0.327367
2.173	0.327633
2.176	0.326000
2.179	0.324167
2.182	0.324600
2.185	0.322367
2.188	0.322400
2.191	0.320667
2.194	0.322033
2.197	0.322200
2.2	0.323933
2.203	0.326200
2.206	0.326133
2.209	0.326867
2.212	0.327600
2.215	0.329700
2.218	0.329200
2.221	0.326633
2.224	0.325533
2.227	0.325333
2.23	0.328367
2.233	0.327600
2.236	0.328733
2.239	0.331733
2.242	0.331400
2.245	0.330500
2.248	0.330433
2.251	0.333267
2.254	0.334067
2.257	0.332900
2.26	0.332533
2.263	0.332467
2.266	0.332067
2.269	0.332733
2.272	0.335267
2.275	0.337167
2.278	0.335233
2.281	0.335067
2.284	0.337367
2.287	0.338733
2.29	0.340367
2.293	0.342533
2.296	0.342800
2.299	0.342400
2.302	0.342333
2.305	0.342433
2.308	0.343467
2.311	0.342700
2.314	0.342567
2.317	0.343767
2.32	0.346000
2.323	0.347700
2.326	0.345867
2.329	0.346633
2.332	0.347000
2.335	0.346367
2.338	0.346400
2.341	0.344933
2.344	0.345733
2.347	0.346633
2.35	0.348400
2.353	0.346867
2.356	0.346000
2.359	0.345933
2.362	0.347200
2.365	0.350033
2.368	0.352900
2.371	0.352367
2.374	0.353500
2.377	0.353033
2.38	0.352967
2.383	0.354967
2.386	0.354633
2.389	0.354167
2.392	0.354300
2.395	0.354867
2.398	0.352300
2.401	0.350167
2.404	0.349933
2.407	0.350933
2.41	0.353367
2.413	0.355567
2.416	0.356867
2.419	0.357300
2.422	0.356900
2.425	0.358533
2.428	0.358367
2.431	0.357700
2.434	0.356000
2.437	0.355267
2.44	0.356300
2.443	0.357100
2.446	0.356267
2.449	0.356767
2.452	0.358533
2.455	0.356767
2.458	0.357467
2.461	0.357600
2.464	0.358533
2.467	0.359600
2.47	0.360700
2.473	0.361733
2.476	0.363233
2.479	0.362067
2.482	0.361500
2.485	0.358900
2.488	0.359600
2.491	0.363133
2.494	0.363800
2.497	0.364267
2.5	0.362533
2.503	0.360500
2.506	0.360700
2.509	0.361433
2.512	0.361833
2.515	0.363033
