Brown University Keck/NASA Relab Spectrum LS-JBA-166-P/CLS401
Wavelength(micron)	Reflectance
0.351	0.162000
0.354	0.167000
0.357	0.168000
0.36	0.170000
0.363	0.170667
0.366	0.171000
0.369	0.173000
0.372	0.174333
0.375	0.177000
0.378	0.178333
0.381	0.179000
0.384	0.181000
0.387	0.181333
0.39	0.182000
0.393	0.184667
0.396	0.186000
0.399	0.187000
0.402	0.188000
0.405	0.190000
0.408	0.191333
0.411	0.192000
0.414	0.195000
0.417	0.195667
0.42	0.197000
0.423	0.198333
0.426	0.199000
0.429	0.201000
0.432	0.202000
0.435	0.204000
0.438	0.205333
0.441	0.206000
0.444	0.208000
0.447	0.208667
0.45	0.210000
0.453	0.212000
0.456	0.213000
0.459	0.215000
0.462	0.215333
0.465	0.216000
0.468	0.216667
0.471	0.217000
0.474	0.219000
0.477	0.219667
0.48	0.221000
0.483	0.221667
0.486	0.222000
0.489	0.224000
0.492	0.224667
0.495	0.226000
0.498	0.226667
0.501	0.227000
0.504	0.230000
0.507	0.230333
0.51	0.231000
0.513	0.231667
0.517	0.232000
0.52	0.233000
0.523	0.233667
0.526	0.235000
0.529	0.236333
0.532	0.237000
0.535	0.238000
0.538	0.238667
0.541	0.240000
0.544	0.241333
0.547	0.242000
0.55	0.243000
0.553	0.243333
0.556	0.244000
0.559	0.245333
0.562	0.246000
0.565	0.247000
0.568	0.247333
0.571	0.248000
0.574	0.249333
0.577	0.250000
0.58	0.251000
0.583	0.251667
0.586	0.253000
0.589	0.253667
0.593	0.254000
0.596	0.256000
0.599	0.256333
0.602	0.257000
0.605	0.257667
0.608	0.258000
0.611	0.258800
0.614	0.259487
0.617	0.260862
0.62	0.262237
0.623	0.262924
0.626	0.264986
0.629	0.265330
0.632	0.266017
0.636	0.266705
0.639	0.267049
0.642	0.269111
0.645	0.269454
0.648	0.270142
0.651	0.270829
0.654	0.271173
0.657	0.272204
0.66	0.272891
0.664	0.274266
0.667	0.274954
0.67	0.275297
0.673	0.276328
0.676	0.276672
0.679	0.277359
0.683	0.278734
0.686	0.279421
0.689	0.280453
0.692	0.280453
0.695	0.280453
0.698	0.281140
0.702	0.281484
0.705	0.282515
0.708	0.283202
0.711	0.284577
0.714	0.285264
0.718	0.285608
0.721	0.286639
0.724	0.286983
0.727	0.287670
0.73	0.288357
0.734	0.288701
0.737	0.289732
0.74	0.289732
0.743	0.289732
0.746	0.290420
0.75	0.290763
0.753	0.291794
0.756	0.292138
0.759	0.292825
0.762	0.294200
0.766	0.294888
0.769	0.294888
0.772	0.294888
0.775	0.294888
0.778	0.294888
0.781	0.294888
0.785	0.294888
0.788	0.294888
0.791	0.294888
0.794	0.294888
0.797	0.294888
0.8	0.294888
0.803	0.294888
0.807	0.294888
0.81	0.294888
0.813	0.294888
0.816	0.294888
0.819	0.294888
0.822	0.294888
0.825	0.294888
0.828	0.294888
0.831	0.294888
0.834	0.294888
0.838	0.294888
0.841	0.294888
0.844	0.294888
0.847	0.294888
0.85	0.294888
0.853	0.294888
0.856	0.294888
0.859	0.294888
0.862	0.294888
0.865	0.295231
0.868	0.295919
0.871	0.295919
0.874	0.295919
0.877	0.295919
0.88	0.295919
0.883	0.295919
0.887	0.295919
0.89	0.295919
0.893	0.295919
0.896	0.295919
0.899	0.295919
0.902	0.296606
0.905	0.296950
0.908	0.296950
0.911	0.297293
0.914	0.297981
0.917	0.297981
0.92	0.297981
0.923	0.299012
0.926	0.299012
0.929	0.299012
0.932	0.300387
0.935	0.301074
0.938	0.301074
0.941	0.301418
0.944	0.302105
0.947	0.302793
0.95	0.303136
0.953	0.305198
0.956	0.305198
0.959	0.305198
0.962	0.305886
0.965	0.306229
0.968	0.307261
0.971	0.307261
0.974	0.307261
0.978	0.307261
0.981	0.307261
0.984	0.308292
0.987	0.308979
0.99	0.310354
0.993	0.311041
0.996	0.311385
0.999	0.312416
1.002	0.313103
1.005	0.314478
1.008	0.315165
1.011	0.315509
1.014	0.315509
1.017	0.315853
1.02	0.316540
1.023	0.316540
1.026	0.316540
1.029	0.318602
1.032	0.318946
1.035	0.319633
1.038	0.319633
1.041	0.319633
1.044	0.321696
1.047	0.322039
1.05	0.322727
1.053	0.323414
1.056	0.323758
1.059	0.324789
1.062	0.325133
1.065	0.325820
1.068	0.326507
1.071	0.326851
1.074	0.326851
1.077	0.327195
1.08	0.327882
1.083	0.327882
1.086	0.327882
1.089	0.328913
1.092	0.329257
1.095	0.329944
1.098	0.330632
1.101	0.330975
1.104	0.332006
1.107	0.332350
1.11	0.333037
1.113	0.333725
1.116	0.334069
1.119	0.335100
1.122	0.335443
1.125	0.336131
1.128	0.336131
1.131	0.336131
1.134	0.336131
1.137	0.336474
1.14	0.337162
1.143	0.337162
1.146	0.337162
1.149	0.339224
1.152	0.339568
1.155	0.340255
1.158	0.340942
1.161	0.341286
1.164	0.342317
1.167	0.342317
1.17	0.342317
1.173	0.342317
1.176	0.342317
1.179	0.343348
1.182	0.343692
1.185	0.344379
1.188	0.345067
1.191	0.345410
1.194	0.345410
1.197	0.345410
1.2	0.345410
1.203	0.346098
1.206	0.346441
1.209	0.346441
1.212	0.346785
1.215	0.347472
1.218	0.348160
1.221	0.348504
1.224	0.349535
1.227	0.349878
1.23	0.350566
1.233	0.351253
1.236	0.351597
1.239	0.351597
1.242	0.351597
1.245	0.351597
1.248	0.352284
1.251	0.352628
1.254	0.353659
1.257	0.353659
1.26	0.353659
1.263	0.354346
1.266	0.354690
1.269	0.354690
1.272	0.354690
1.276	0.354690
1.279	0.355377
1.282	0.355721
1.285	0.356752
1.288	0.357096
1.291	0.357783
1.294	0.358471
1.297	0.358814
1.3	0.359845
1.303	0.359845
1.306	0.359845
1.309	0.361220
1.312	0.361908
1.315	0.361908
1.318	0.361908
1.321	0.361908
1.324	0.362595
1.327	0.362939
1.33	0.362939
1.333	0.363282
1.336	0.363970
1.339	0.363970
1.342	0.363970
1.345	0.365001
1.348	0.365344
1.351	0.366032
1.354	0.366719
1.357	0.367063
1.36	0.367063
1.363	0.367063
1.366	0.367063
1.369	0.367063
1.372	0.367063
1.375	0.368094
1.378	0.368438
1.381	0.369125
1.384	0.369125
1.387	0.369125
1.39	0.370156
1.393	0.370500
1.396	0.371187
1.399	0.371875
1.402	0.372218
1.405	0.372218
1.408	0.372562
1.411	0.373249
1.414	0.373937
1.417	0.374280
1.42	0.375311
1.423	0.375311
1.426	0.375311
1.429	0.375999
1.432	0.376343
1.435	0.377374
1.438	0.377374
1.441	0.377374
1.444	0.377374
1.447	0.377374
1.45	0.377374
1.453	0.377717
1.456	0.378405
1.459	0.379092
1.462	0.379436
1.465	0.379436
1.468	0.379780
1.471	0.380467
1.474	0.380467
1.477	0.380467
1.48	0.381498
1.483	0.381498
1.486	0.381498
1.489	0.381498
1.492	0.381498
1.495	0.382529
1.498	0.382529
1.501	0.382529
1.504	0.383216
1.507	0.383560
1.51	0.383560
1.513	0.383904
1.516	0.384591
1.519	0.384591
1.522	0.384591
1.525	0.384591
1.528	0.384591
1.531	0.384591
1.534	0.384591
1.537	0.384591
1.54	0.385622
1.543	0.386310
1.546	0.387684
1.549	0.387684
1.552	0.387684
1.555	0.387684
1.558	0.387684
1.561	0.387684
1.564	0.387684
1.567	0.387684
1.57	0.387684
1.573	0.387684
1.576	0.387684
1.579	0.388372
1.582	0.388716
1.585	0.389747
1.588	0.389747
1.591	0.389747
1.594	0.389747
1.597	0.389747
1.6	0.389747
1.603	0.389747
1.606	0.389747
1.609	0.389747
1.612	0.389747
1.615	0.390778
1.618	0.391121
1.621	0.391809
1.624	0.391121
1.627	0.390778
1.63	0.391809
1.633	0.391809
1.636	0.391809
1.639	0.391809
1.642	0.391809
1.645	0.391809
1.648	0.392152
1.651	0.392840
1.654	0.392840
1.657	0.392840
1.66	0.392840
1.663	0.392840
1.666	0.392840
1.669	0.392840
1.672	0.392840
1.675	0.393871
1.678	0.393871
1.681	0.393871
1.684	0.393871
1.687	0.393871
1.69	0.393871
1.693	0.393871
1.696	0.393871
1.699	0.394558
1.702	0.394902
1.705	0.394902
1.708	0.394902
1.711	0.394902
1.714	0.394902
1.717	0.394902
1.72	0.394902
1.723	0.395246
1.726	0.395933
1.729	0.395933
1.732	0.395933
1.735	0.395933
1.738	0.395933
1.741	0.395933
1.744	0.396620
1.747	0.396964
1.75	0.396964
1.753	0.396964
1.756	0.396964
1.759	0.396964
1.762	0.396964
1.765	0.397995
1.768	0.397995
1.771	0.397995
1.774	0.397995
1.777	0.397995
1.78	0.399026
1.783	0.399026
1.786	0.399026
1.789	0.399026
1.792	0.399026
1.795	0.399026
1.798	0.399370
1.801	0.400057
1.804	0.400057
1.807	0.400057
1.81	0.400057
1.813	0.400057
1.816	0.400057
1.819	0.400745
1.822	0.401088
1.825	0.401088
1.828	0.401088
1.831	0.401088
1.834	0.401088
1.837	0.401088
1.84	0.402119
1.843	0.402463
1.846	0.403151
1.849	0.403151
1.852	0.403151
1.855	0.403151
1.858	0.403494
1.861	0.404182
1.864	0.404182
1.867	0.404182
1.87	0.404182
1.873	0.404525
1.876	0.405213
1.879	0.405213
1.882	0.405213
1.885	0.406244
1.888	0.406244
1.891	0.406244
1.894	0.406931
1.897	0.407275
1.9	0.407275
1.903	0.407619
1.906	0.408306
1.909	0.408306
1.912	0.408306
1.915	0.408306
1.918	0.408650
1.921	0.409337
1.924	0.410024
1.927	0.410368
1.93	0.410368
1.933	0.410368
1.936	0.410368
1.939	0.410368
1.942	0.410368
1.945	0.411399
1.948	0.411399
1.951	0.411399
1.954	0.411399
1.957	0.411399
1.96	0.412430
1.963	0.412430
1.966	0.412430
1.969	0.413118
1.972	0.413461
1.975	0.413461
1.978	0.413461
1.981	0.413461
1.984	0.413461
1.987	0.413461
1.99	0.413461
1.993	0.413461
1.996	0.413461
1.999	0.413461
2.002	0.413461
2.005	0.414492
2.008	0.414492
2.011	0.414492
2.014	0.415180
2.017	0.415523
2.02	0.415523
2.023	0.415523
2.026	0.415523
2.029	0.415523
2.032	0.415523
2.035	0.416555
2.038	0.416555
2.041	0.416555
2.044	0.416555
2.047	0.416555
2.05	0.416555
2.053	0.417242
2.056	0.418617
2.059	0.418617
2.062	0.418617
2.065	0.419648
2.068	0.419991
2.071	0.420679
2.074	0.420679
2.077	0.420679
2.08	0.420679
2.083	0.420679
2.086	0.420679
2.089	0.420679
2.092	0.420679
2.095	0.421710
2.098	0.421710
2.101	0.421710
2.104	0.421710
2.107	0.421710
2.11	0.422741
2.113	0.422741
2.116	0.422741
2.119	0.423428
2.122	0.423772
2.125	0.423772
2.128	0.423772
2.131	0.423772
2.134	0.424459
2.137	0.424803
2.14	0.424803
2.143	0.425491
2.146	0.426865
2.149	0.426865
2.152	0.426865
2.155	0.426865
2.158	0.427209
2.161	0.427896
2.164	0.428584
2.167	0.428927
2.17	0.428927
2.173	0.429271
2.176	0.429959
2.179	0.429959
2.182	0.429959
2.185	0.430990
2.188	0.430990
2.191	0.430990
2.194	0.430990
2.197	0.430990
2.2	0.430990
2.203	0.430990
2.206	0.430990
2.209	0.431677
2.212	0.432021
2.215	0.433052
2.218	0.433052
2.221	0.433052
2.224	0.433739
2.227	0.434083
2.23	0.436145
2.233	0.436145
2.236	0.436145
2.239	0.436145
2.242	0.436145
2.245	0.437176
2.248	0.437520
2.251	0.438207
2.254	0.438207
2.257	0.438207
2.26	0.439238
2.263	0.439238
2.266	0.439238
2.269	0.439238
2.272	0.439238
2.275	0.440269
2.278	0.440613
2.281	0.441300
2.284	0.441300
2.287	0.441300
2.29	0.442331
2.293	0.442331
2.296	0.442331
2.299	0.443019
2.302	0.443363
2.305	0.443363
2.308	0.443706
2.311	0.444394
2.314	0.445081
2.317	0.445425
2.32	0.446456
2.323	0.446799
2.326	0.447487
2.329	0.447487
2.332	0.447487
2.335	0.447487
2.338	0.447830
2.341	0.448518
2.344	0.449205
2.347	0.449549
2.35	0.449549
2.353	0.449549
2.356	0.449549
2.359	0.450236
2.362	0.450580
2.365	0.450580
2.368	0.450924
2.371	0.451611
2.374	0.451611
2.377	0.451611
2.38	0.453673
2.383	0.453673
2.386	0.453673
2.389	0.454361
2.392	0.454704
2.395	0.454704
2.398	0.455048
2.401	0.455735
2.404	0.456423
2.407	0.456766
2.41	0.456766
2.413	0.457110
2.416	0.457798
2.419	0.458485
2.422	0.458829
2.425	0.458829
2.428	0.458829
2.431	0.458829
2.434	0.459516
2.437	0.459860
2.44	0.459860
2.443	0.459860
2.446	0.459860
2.449	0.459860
2.452	0.459860
2.455	0.460891
2.458	0.461234
2.461	0.461922
2.464	0.461922
2.467	0.461922
2.47	0.462953
2.473	0.462953
2.476	0.462953
2.479	0.463640
2.482	0.463984
2.485	0.465015
2.488	0.465015
2.491	0.465015
2.494	0.465702
2.497	0.466046
2.5	0.467077
2.503	0.467421
2.506	0.468108
2.509	0.468108
2.512	0.468108
2.515	0.468108
