Brown University Keck/NASA Relab Spectrum LS-JBA-106-P2/CLS503
Wavelength(micron)	Reflectance
0.351	0.141667
0.354	0.140833
0.357	0.140900
0.36	0.141567
0.363	0.143833
0.366	0.144633
0.369	0.145500
0.372	0.144400
0.375	0.144933
0.378	0.145367
0.381	0.145233
0.384	0.145933
0.387	0.146467
0.39	0.146633
0.393	0.147533
0.396	0.149000
0.399	0.149200
0.402	0.149200
0.405	0.149200
0.408	0.149500
0.411	0.150967
0.414	0.151300
0.417	0.152533
0.42	0.152900
0.423	0.153533
0.426	0.154467
0.429	0.153967
0.432	0.154200
0.435	0.155833
0.438	0.155967
0.441	0.157767
0.444	0.159300
0.447	0.159600
0.45	0.160733
0.453	0.162167
0.456	0.162700
0.459	0.161967
0.462	0.162767
0.465	0.163433
0.468	0.162867
0.471	0.164267
0.474	0.165267
0.477	0.165033
0.48	0.166400
0.483	0.167400
0.486	0.167500
0.489	0.168100
0.492	0.169933
0.495	0.171467
0.498	0.171267
0.501	0.171600
0.504	0.170867
0.507	0.172400
0.51	0.173600
0.513	0.173600
0.517	0.174867
0.52	0.175767
0.523	0.175633
0.526	0.175500
0.529	0.176700
0.532	0.178667
0.535	0.178533
0.538	0.177700
0.541	0.178467
0.544	0.180333
0.547	0.181267
0.55	0.182767
0.553	0.182567
0.556	0.183633
0.559	0.183400
0.562	0.183800
0.565	0.184333
0.568	0.185633
0.571	0.185867
0.574	0.187467
0.577	0.188900
0.58	0.190100
0.583	0.190533
0.586	0.190933
0.589	0.192433
0.593	0.192567
0.596	0.193433
0.599	0.193333
0.602	0.193033
0.605	0.193567
0.608	0.194900
0.611	0.194867
0.614	0.195300
0.617	0.195933
0.62	0.197567
0.623	0.200400
0.626	0.202000
0.629	0.203300
0.632	0.200600
0.636	0.201300
0.639	0.199367
0.642	0.202100
0.645	0.203967
0.648	0.204167
0.651	0.204700
0.654	0.205433
0.657	0.206200
0.66	0.204867
0.664	0.204267
0.667	0.204100
0.67	0.206400
0.673	0.208467
0.676	0.210033
0.679	0.208867
0.683	0.211233
0.686	0.216100
0.689	0.216833
0.692	0.216600
0.695	0.219067
0.698	0.219333
0.702	0.218833
0.705	0.221533
0.708	0.220300
0.711	0.219433
0.714	0.216433
0.718	0.214500
0.721	0.214333
0.724	0.216667
0.727	0.222567
0.73	0.225633
0.734	0.223067
0.737	0.224000
0.74	0.224000
0.743	0.222067
0.746	0.222933
0.75	0.226500
0.753	0.226533
0.756	0.225233
0.759	0.224633
0.762	0.217767
0.766	0.219300
0.769	0.222633
0.772	0.223000
0.775	0.224800
0.778	0.226433
0.781	0.229333
0.785	0.228867
0.788	0.232067
0.791	0.230467
0.794	0.231367
0.797	0.230833
0.8	0.229400
0.803	0.228600
0.807	0.224800
0.81	0.225633
0.813	0.228300
0.816	0.230233
0.819	0.230467
0.822	0.232233
0.825	0.232533
0.828	0.234100
0.831	0.233400
0.834	0.235267
0.838	0.235700
0.841	0.235900
0.844	0.235600
0.847	0.235933
0.85	0.237800
0.853	0.238933
0.856	0.236500
0.859	0.233033
0.862	0.233400
0.865	0.235667
0.868	0.236067
0.871	0.235900
0.874	0.237800
0.877	0.236533
0.88	0.236967
0.883	0.235200
0.887	0.237300
0.89	0.239767
0.893	0.239267
0.896	0.237800
0.899	0.237700
0.902	0.236700
0.905	0.234167
0.908	0.234467
0.911	0.233033
0.914	0.235067
0.917	0.240467
0.92	0.245733
0.923	0.240933
0.926	0.240033
0.929	0.239533
0.932	0.239300
0.935	0.239233
0.938	0.240467
0.941	0.241433
0.944	0.237967
0.947	0.238300
0.95	0.241600
0.953	0.244733
0.956	0.245867
0.959	0.249633
0.962	0.246900
0.965	0.244267
0.968	0.242433
0.971	0.244800
0.974	0.246633
0.978	0.246333
0.981	0.246100
0.984	0.249400
0.987	0.248633
0.99	0.246933
0.993	0.248333
0.996	0.249133
0.999	0.249567
1.002	0.250200
1.005	0.252033
1.008	0.254300
1.011	0.258633
1.014	0.259533
1.017	0.259667
1.02	0.260333
1.023	0.260167
1.026	0.259267
1.029	0.259100
1.032	0.259367
1.035	0.262167
1.038	0.262200
1.041	0.261100
1.044	0.261367
1.047	0.262967
1.05	0.265300
1.053	0.267100
1.056	0.267367
1.059	0.267600
1.062	0.271467
1.065	0.271133
1.068	0.272367
1.071	0.270500
1.074	0.272400
1.077	0.272233
1.08	0.269733
1.083	0.269633
1.086	0.272067
1.089	0.273533
1.092	0.272167
1.095	0.274867
1.098	0.274367
1.101	0.276867
1.104	0.276400
1.107	0.277933
1.11	0.277200
1.113	0.277633
1.116	0.275300
1.119	0.276667
1.122	0.276600
1.125	0.277400
1.128	0.277567
1.131	0.277367
1.134	0.278000
1.137	0.283000
1.14	0.284067
1.143	0.284500
1.146	0.284800
1.149	0.283900
1.152	0.283067
1.155	0.284567
1.158	0.286367
1.161	0.285233
1.164	0.288800
1.167	0.288367
1.17	0.288733
1.173	0.286700
1.176	0.285667
1.179	0.285467
1.182	0.285267
1.185	0.285433
1.188	0.285467
1.191	0.287700
1.194	0.291033
1.197	0.291133
1.2	0.292433
1.203	0.293633
1.206	0.290200
1.209	0.291200
1.212	0.292033
1.215	0.294100
1.218	0.291400
1.221	0.290433
1.224	0.290767
1.227	0.290633
1.23	0.292800
1.233	0.292533
1.236	0.292267
1.239	0.291800
1.242	0.291800
1.245	0.292900
1.248	0.296700
1.251	0.297667
1.254	0.297000
1.257	0.297033
1.26	0.300100
1.263	0.300500
1.266	0.302067
1.269	0.301167
1.272	0.300533
1.276	0.300500
1.279	0.300667
1.282	0.303367
1.285	0.304100
1.288	0.304933
1.291	0.302967
1.294	0.301333
1.297	0.301067
1.3	0.303467
1.303	0.302433
1.306	0.303467
1.309	0.304367
1.312	0.304700
1.315	0.306733
1.318	0.306833
1.321	0.307267
1.324	0.310500
1.327	0.312700
1.33	0.314533
1.333	0.312533
1.336	0.310867
1.339	0.311100
1.342	0.312333
1.345	0.313967
1.348	0.313700
1.351	0.312967
1.354	0.312900
1.357	0.313833
1.36	0.315733
1.363	0.317133
1.366	0.316633
1.369	0.315733
1.372	0.317433
1.375	0.314800
1.378	0.314167
1.381	0.315167
1.384	0.318133
1.387	0.321633
1.39	0.325933
1.393	0.325033
1.396	0.323467
1.399	0.323333
1.402	0.323533
1.405	0.322667
1.408	0.323200
1.411	0.322500
1.414	0.324500
1.417	0.326333
1.42	0.326500
1.423	0.327733
1.426	0.325533
1.429	0.325267
1.432	0.325033
1.435	0.325667
1.438	0.327200
1.441	0.327933
1.444	0.327033
1.447	0.328267
1.45	0.330167
1.453	0.332333
1.456	0.331533
1.459	0.332433
1.462	0.332000
1.465	0.333267
1.468	0.335300
1.471	0.332233
1.474	0.333233
1.477	0.335000
1.48	0.335033
1.483	0.338667
1.486	0.338000
1.489	0.336933
1.492	0.336567
1.495	0.334767
1.498	0.335600
1.501	0.334933
1.504	0.338000
1.507	0.336867
1.51	0.339467
1.513	0.340400
1.516	0.340000
1.519	0.337467
1.522	0.339633
1.525	0.339567
1.528	0.338600
1.531	0.338400
1.534	0.340000
1.537	0.342300
1.54	0.342833
1.543	0.343933
1.546	0.345433
1.549	0.345067
1.552	0.346100
1.555	0.347467
1.558	0.345333
1.561	0.346300
1.564	0.345300
1.567	0.345300
1.57	0.345967
1.573	0.347167
1.576	0.345333
1.579	0.343867
1.582	0.343533
1.585	0.345233
1.588	0.346800
1.591	0.348133
1.594	0.347467
1.597	0.344767
1.6	0.344167
1.603	0.344900
1.606	0.346700
1.609	0.345200
1.612	0.347200
1.615	0.349067
1.618	0.353333
1.621	0.355567
1.624	0.355600
1.627	0.352567
1.63	0.348933
1.633	0.350167
1.636	0.350133
1.639	0.349133
1.642	0.348333
1.645	0.352633
1.648	0.353633
1.651	0.354200
1.654	0.353500
1.657	0.352267
1.66	0.352667
1.663	0.353167
1.666	0.355900
1.669	0.357200
1.672	0.358067
1.675	0.356900
1.678	0.357200
1.681	0.356000
1.684	0.355900
1.687	0.356200
1.69	0.359933
1.693	0.360500
1.696	0.361767
1.699	0.358733
1.702	0.357900
1.705	0.357467
1.708	0.356600
1.711	0.356800
1.714	0.358033
1.717	0.356633
1.72	0.358300
1.723	0.359433
1.726	0.360267
1.729	0.360467
1.732	0.360467
1.735	0.358600
1.738	0.359033
1.741	0.359300
1.744	0.360467
1.747	0.362800
1.75	0.360833
1.753	0.361600
1.756	0.361700
1.759	0.363867
1.762	0.363200
1.765	0.364100
1.768	0.362233
1.771	0.365067
1.774	0.365667
1.777	0.364067
1.78	0.362567
1.783	0.361100
1.786	0.360333
1.789	0.361233
1.792	0.360633
1.795	0.362633
1.798	0.363733
1.801	0.361833
1.804	0.362767
1.807	0.362667
1.81	0.363233
1.813	0.363933
1.816	0.365667
1.819	0.367867
1.822	0.368300
1.825	0.366000
1.828	0.365433
1.831	0.364833
1.834	0.364633
1.837	0.364700
1.84	0.364400
1.843	0.365067
1.846	0.367367
1.849	0.368267
1.852	0.366333
1.855	0.366633
1.858	0.370133
1.861	0.370733
1.864	0.370800
1.867	0.372867
1.87	0.371700
1.873	0.372233
1.876	0.371267
1.879	0.373867
1.882	0.373233
1.885	0.370533
1.888	0.370800
1.891	0.372233
1.894	0.370533
1.897	0.372500
1.9	0.372533
1.903	0.373900
1.906	0.374767
1.909	0.375833
1.912	0.376633
1.915	0.376833
1.918	0.373567
1.921	0.371000
1.924	0.373033
1.927	0.371733
1.93	0.373333
1.933	0.375300
1.936	0.376567
1.939	0.376467
1.942	0.374900
1.945	0.375067
1.948	0.375900
1.951	0.375233
1.954	0.376667
1.957	0.376733
1.96	0.378867
1.963	0.377967
1.966	0.377333
1.969	0.380167
1.972	0.383767
1.975	0.381900
1.978	0.379867
1.981	0.377467
1.984	0.380067
1.987	0.382767
1.99	0.382967
1.993	0.379933
1.996	0.378400
1.999	0.379567
2.002	0.381233
2.005	0.381733
2.008	0.382233
2.011	0.382567
2.014	0.380600
2.017	0.385233
2.02	0.386300
2.023	0.387267
2.026	0.389067
2.029	0.393200
2.032	0.391767
2.035	0.389833
2.038	0.389467
2.041	0.389867
2.044	0.390933
2.047	0.389967
2.05	0.386767
2.053	0.385033
2.056	0.387300
2.059	0.390533
2.062	0.393800
2.065	0.392900
2.068	0.393067
2.071	0.392100
2.074	0.392467
2.077	0.390667
2.08	0.393933
2.083	0.396333
2.086	0.398233
2.089	0.396200
2.092	0.396533
2.095	0.395667
2.098	0.394967
2.101	0.397967
2.104	0.396667
2.107	0.396067
2.11	0.394633
2.113	0.398533
2.116	0.399533
2.119	0.403567
2.122	0.405333
2.125	0.401567
2.128	0.399433
2.131	0.403100
2.134	0.402933
2.137	0.401267
2.14	0.400300
2.143	0.399233
2.146	0.398567
2.149	0.397300
2.152	0.398800
2.155	0.395533
2.158	0.396967
2.161	0.400367
2.164	0.402033
2.167	0.398667
2.17	0.397067
2.173	0.397567
2.176	0.401167
2.179	0.401100
2.182	0.401533
2.185	0.399500
2.188	0.400600
2.191	0.401900
2.194	0.402300
2.197	0.400533
2.2	0.398967
2.203	0.398367
2.206	0.398033
2.209	0.400500
2.212	0.405100
2.215	0.407200
2.218	0.408233
2.221	0.407733
2.224	0.406667
2.227	0.407200
2.23	0.407500
2.233	0.408167
2.236	0.408500
2.239	0.408700
2.242	0.407833
2.245	0.410633
2.248	0.409700
2.251	0.412867
2.254	0.412933
2.257	0.411800
2.26	0.411667
2.263	0.415200
2.266	0.414267
2.269	0.418100
2.272	0.419233
2.275	0.417500
2.278	0.417433
2.281	0.419200
2.284	0.419533
2.287	0.418433
2.29	0.419367
2.293	0.421200
2.296	0.423867
2.299	0.422300
2.302	0.423167
2.305	0.422100
2.308	0.423467
2.311	0.425800
2.314	0.425333
2.317	0.424667
2.32	0.427233
2.323	0.426200
2.326	0.429767
2.329	0.428867
2.332	0.430333
2.335	0.431933
2.338	0.432700
2.341	0.433233
2.344	0.431033
2.347	0.433200
2.35	0.435100
2.353	0.435367
2.356	0.432533
2.359	0.433500
2.362	0.429933
2.365	0.428867
2.368	0.429533
2.371	0.432033
2.374	0.432100
2.377	0.433500
2.38	0.433733
2.383	0.436167
2.386	0.437567
2.389	0.437533
2.392	0.435167
2.395	0.436767
2.398	0.435567
2.401	0.434167
2.404	0.432833
2.407	0.435733
2.41	0.438767
2.413	0.441233
2.416	0.440567
2.419	0.443400
2.422	0.442433
2.425	0.441933
2.428	0.441467
2.431	0.441467
2.434	0.442967
2.437	0.440500
2.44	0.441300
2.443	0.444833
2.446	0.448800
2.449	0.448967
2.452	0.446433
2.455	0.442200
2.458	0.445000
2.461	0.444767
2.464	0.443600
2.467	0.442433
2.47	0.444167
2.473	0.445467
2.476	0.444467
2.479	0.442033
2.482	0.442100
2.485	0.443867
2.488	0.446000
2.491	0.446600
2.494	0.446333
2.497	0.446833
2.5	0.446833
2.503	0.447767
2.506	0.446900
2.509	0.448067
2.512	0.446867
2.515	0.446300
