Brown University Keck/NASA Relab Spectrum LS-JBA-117-N1/CLS520
Wavelength(micron)	Reflectance
0.351	0.164833
0.354	0.165400
0.357	0.166367
0.36	0.167067
0.363	0.167933
0.366	0.169167
0.369	0.169533
0.372	0.168333
0.375	0.168500
0.378	0.169400
0.381	0.171500
0.384	0.172600
0.387	0.172700
0.39	0.173600
0.393	0.174200
0.396	0.173767
0.399	0.175200
0.402	0.175133
0.405	0.175467
0.408	0.177500
0.411	0.178800
0.414	0.179867
0.417	0.180033
0.42	0.180533
0.423	0.180300
0.426	0.180467
0.429	0.181233
0.432	0.183133
0.435	0.185800
0.438	0.186933
0.441	0.187000
0.444	0.187300
0.447	0.188400
0.45	0.189433
0.453	0.188967
0.456	0.190333
0.459	0.191467
0.462	0.191500
0.465	0.192167
0.468	0.193800
0.471	0.193733
0.474	0.194567
0.477	0.197000
0.48	0.198233
0.483	0.198133
0.486	0.198100
0.489	0.199600
0.492	0.200633
0.495	0.202767
0.498	0.202767
0.501	0.202233
0.504	0.201200
0.507	0.203367
0.51	0.206233
0.513	0.206333
0.517	0.206300
0.52	0.205133
0.523	0.205867
0.526	0.207967
0.529	0.209233
0.532	0.210267
0.535	0.210533
0.538	0.211367
0.541	0.213533
0.544	0.212833
0.547	0.212867
0.55	0.213867
0.553	0.216233
0.556	0.217267
0.559	0.217867
0.562	0.218200
0.565	0.218833
0.568	0.220067
0.571	0.220733
0.574	0.221133
0.577	0.221533
0.58	0.221233
0.583	0.222400
0.586	0.222900
0.589	0.223767
0.593	0.224733
0.596	0.225733
0.599	0.226267
0.602	0.226400
0.605	0.226967
0.608	0.228067
0.611	0.229633
0.614	0.232533
0.617	0.234133
0.62	0.235633
0.623	0.234900
0.626	0.232933
0.629	0.231667
0.632	0.232633
0.636	0.235633
0.639	0.236300
0.642	0.236333
0.645	0.238933
0.648	0.239533
0.651	0.240267
0.654	0.242967
0.657	0.241633
0.66	0.241767
0.664	0.239200
0.667	0.237467
0.67	0.239233
0.673	0.241600
0.676	0.240400
0.679	0.242733
0.683	0.242000
0.686	0.241833
0.689	0.246133
0.692	0.248700
0.695	0.248700
0.698	0.245633
0.702	0.248067
0.705	0.248833
0.708	0.249000
0.711	0.247267
0.714	0.247033
0.718	0.249033
0.721	0.249433
0.724	0.250433
0.727	0.255000
0.73	0.257700
0.734	0.257367
0.737	0.254967
0.74	0.252867
0.743	0.255633
0.746	0.257733
0.75	0.260800
0.753	0.260067
0.756	0.260933
0.759	0.261633
0.762	0.259667
0.766	0.258533
0.769	0.257233
0.772	0.256500
0.775	0.256067
0.778	0.257667
0.781	0.259667
0.785	0.259167
0.788	0.259267
0.791	0.259667
0.794	0.261767
0.797	0.262733
0.8	0.262433
0.803	0.261767
0.807	0.261833
0.81	0.263067
0.813	0.262000
0.816	0.261400
0.819	0.263167
0.822	0.266633
0.825	0.266867
0.828	0.267567
0.831	0.266267
0.834	0.266200
0.838	0.265900
0.841	0.266733
0.844	0.270233
0.847	0.271767
0.85	0.270300
0.853	0.268967
0.856	0.268533
0.859	0.265900
0.862	0.265100
0.865	0.263700
0.868	0.262333
0.871	0.263633
0.874	0.263200
0.877	0.261867
0.88	0.262333
0.883	0.265633
0.887	0.266933
0.89	0.269267
0.893	0.269467
0.896	0.267100
0.899	0.270067
0.902	0.271433
0.905	0.270567
0.908	0.270600
0.911	0.269633
0.914	0.269667
0.917	0.269900
0.92	0.267400
0.923	0.267567
0.926	0.268333
0.929	0.268767
0.932	0.269733
0.935	0.270233
0.938	0.274500
0.941	0.275067
0.944	0.273667
0.947	0.271100
0.95	0.270300
0.953	0.273300
0.956	0.274133
0.959	0.274000
0.962	0.274400
0.965	0.275233
0.968	0.276533
0.971	0.276500
0.974	0.278933
0.978	0.280467
0.981	0.279467
0.984	0.278733
0.987	0.278600
0.99	0.278100
0.993	0.277900
0.996	0.278900
0.999	0.279633
1.002	0.277567
1.005	0.277467
1.008	0.279600
1.011	0.281733
1.014	0.282800
1.017	0.284167
1.02	0.286100
1.023	0.285433
1.026	0.285933
1.029	0.286233
1.032	0.286800
1.035	0.287100
1.038	0.288567
1.041	0.287833
1.044	0.286800
1.047	0.286700
1.05	0.288933
1.053	0.289933
1.056	0.291700
1.059	0.292900
1.062	0.292233
1.065	0.292367
1.068	0.290700
1.071	0.291000
1.074	0.297467
1.077	0.297433
1.08	0.296600
1.083	0.295300
1.086	0.294700
1.089	0.294900
1.092	0.297233
1.095	0.299633
1.098	0.300467
1.101	0.299300
1.104	0.299000
1.107	0.302333
1.11	0.303333
1.113	0.304833
1.116	0.304067
1.119	0.302667
1.122	0.304200
1.125	0.305633
1.128	0.304767
1.131	0.305833
1.134	0.306167
1.137	0.306467
1.14	0.306867
1.143	0.306833
1.146	0.306900
1.149	0.309167
1.152	0.309667
1.155	0.308833
1.158	0.309167
1.161	0.310767
1.164	0.309600
1.167	0.309100
1.17	0.310533
1.173	0.312533
1.176	0.314800
1.179	0.314033
1.182	0.314667
1.185	0.316033
1.188	0.314833
1.191	0.313433
1.194	0.313967
1.197	0.315167
1.2	0.315633
1.203	0.315767
1.206	0.315800
1.209	0.316300
1.212	0.316967
1.215	0.320200
1.218	0.320667
1.221	0.317833
1.224	0.318800
1.227	0.322133
1.23	0.324467
1.233	0.324867
1.236	0.324967
1.239	0.323833
1.242	0.323067
1.245	0.323067
1.248	0.320733
1.251	0.322333
1.254	0.325200
1.257	0.327333
1.26	0.326900
1.263	0.326533
1.266	0.328567
1.269	0.327100
1.272	0.325967
1.276	0.325967
1.279	0.325233
1.282	0.326867
1.285	0.327267
1.288	0.326600
1.291	0.326200
1.294	0.327900
1.297	0.330900
1.3	0.332800
1.303	0.332133
1.306	0.332433
1.309	0.334267
1.312	0.333967
1.315	0.332200
1.318	0.335600
1.321	0.337000
1.324	0.337167
1.327	0.340100
1.33	0.340200
1.333	0.337900
1.336	0.338000
1.339	0.338933
1.342	0.337633
1.345	0.338400
1.348	0.341833
1.351	0.343200
1.354	0.341733
1.357	0.339667
1.36	0.338500
1.363	0.342367
1.366	0.344667
1.369	0.343300
1.372	0.343867
1.375	0.341533
1.378	0.343667
1.381	0.346167
1.384	0.345267
1.387	0.345967
1.39	0.346167
1.393	0.350067
1.396	0.351967
1.399	0.352400
1.402	0.354233
1.405	0.353700
1.408	0.352033
1.411	0.351933
1.414	0.351367
1.417	0.353033
1.42	0.353267
1.423	0.351067
1.426	0.353000
1.429	0.354733
1.432	0.359100
1.435	0.359933
1.438	0.358033
1.441	0.354433
1.444	0.354633
1.447	0.354167
1.45	0.353300
1.453	0.354867
1.456	0.357100
1.459	0.357467
1.462	0.356600
1.465	0.357300
1.468	0.358733
1.471	0.358033
1.474	0.359667
1.477	0.359967
1.48	0.359867
1.483	0.359700
1.486	0.358433
1.489	0.361233
1.492	0.360533
1.495	0.360767
1.498	0.363600
1.501	0.363633
1.504	0.364233
1.507	0.366600
1.51	0.367267
1.513	0.367267
1.516	0.365933
1.519	0.363433
1.522	0.362567
1.525	0.363100
1.528	0.365000
1.531	0.365000
1.534	0.367033
1.537	0.366667
1.54	0.367833
1.543	0.367700
1.546	0.366467
1.549	0.366367
1.552	0.367033
1.555	0.365867
1.558	0.367733
1.561	0.369400
1.564	0.371233
1.567	0.372233
1.57	0.371567
1.573	0.370533
1.576	0.366800
1.579	0.366533
1.582	0.367133
1.585	0.369233
1.588	0.372133
1.591	0.372833
1.594	0.372167
1.597	0.373333
1.6	0.373567
1.603	0.373000
1.606	0.373567
1.609	0.372500
1.612	0.373233
1.615	0.375367
1.618	0.376033
1.621	0.375367
1.624	0.374067
1.627	0.372967
1.63	0.373333
1.633	0.373667
1.636	0.374267
1.639	0.374833
1.642	0.375467
1.645	0.376567
1.648	0.376300
1.651	0.375733
1.654	0.374867
1.657	0.375067
1.66	0.376267
1.663	0.376133
1.666	0.377233
1.669	0.378367
1.672	0.380767
1.675	0.380500
1.678	0.378933
1.681	0.376667
1.684	0.377933
1.687	0.379367
1.69	0.379933
1.693	0.380700
1.696	0.380433
1.699	0.379233
1.702	0.379233
1.705	0.378400
1.708	0.380633
1.711	0.380233
1.714	0.379100
1.717	0.377767
1.72	0.379400
1.723	0.381567
1.726	0.380533
1.729	0.380833
1.732	0.381767
1.735	0.383133
1.738	0.383433
1.741	0.383000
1.744	0.382700
1.747	0.383167
1.75	0.383067
1.753	0.382100
1.756	0.380600
1.759	0.381800
1.762	0.382700
1.765	0.384900
1.768	0.385933
1.771	0.385600
1.774	0.386233
1.777	0.385600
1.78	0.385867
1.783	0.386300
1.786	0.384467
1.789	0.383367
1.792	0.384867
1.795	0.384200
1.798	0.385233
1.801	0.385833
1.804	0.385333
1.807	0.385300
1.81	0.385167
1.813	0.386433
1.816	0.385367
1.819	0.388500
1.822	0.386467
1.825	0.386733
1.828	0.389733
1.831	0.390933
1.834	0.387667
1.837	0.386000
1.84	0.386400
1.843	0.388433
1.846	0.391300
1.849	0.391967
1.852	0.390233
1.855	0.388100
1.858	0.389500
1.861	0.390500
1.864	0.392433
1.867	0.390533
1.87	0.392333
1.873	0.395033
1.876	0.394167
1.879	0.394033
1.882	0.395167
1.885	0.396300
1.888	0.394333
1.891	0.394200
1.894	0.395333
1.897	0.395800
1.9	0.394500
1.903	0.394167
1.906	0.393867
1.909	0.393733
1.912	0.393167
1.915	0.394367
1.918	0.398233
1.921	0.398900
1.924	0.397967
1.927	0.395933
1.93	0.396267
1.933	0.396767
1.936	0.396967
1.939	0.400267
1.942	0.400333
1.945	0.399033
1.948	0.399433
1.951	0.401700
1.954	0.402500
1.957	0.403567
1.96	0.405367
1.963	0.405733
1.966	0.403267
1.969	0.400600
1.972	0.401167
1.975	0.401800
1.978	0.402267
1.981	0.401900
1.984	0.403000
1.987	0.402000
1.99	0.401900
1.993	0.403767
1.996	0.405533
1.999	0.405600
2.002	0.403033
2.005	0.403367
2.008	0.403933
2.011	0.403633
2.014	0.404067
2.017	0.405433
2.02	0.405833
2.023	0.407167
2.026	0.411100
2.029	0.412733
2.032	0.409233
2.035	0.407200
2.038	0.408233
2.041	0.408433
2.044	0.412033
2.047	0.411867
2.05	0.410667
2.053	0.413533
2.056	0.411700
2.059	0.408967
2.062	0.410800
2.065	0.411733
2.068	0.410967
2.071	0.409733
2.074	0.411967
2.077	0.411233
2.08	0.412900
2.083	0.416233
2.086	0.416400
2.089	0.415267
2.092	0.414233
2.095	0.415933
2.098	0.413833
2.101	0.413233
2.104	0.415467
2.107	0.417100
2.11	0.417433
2.113	0.418233
2.116	0.418800
2.119	0.418033
2.122	0.417300
2.125	0.418367
2.128	0.419633
2.131	0.420267
2.134	0.419867
2.137	0.418567
2.14	0.417233
2.143	0.417300
2.146	0.419100
2.149	0.421867
2.152	0.422767
2.155	0.422333
2.158	0.420533
2.161	0.419567
2.164	0.420700
2.167	0.421667
2.17	0.421700
2.173	0.424867
2.176	0.425033
2.179	0.423867
2.182	0.424533
2.185	0.426500
2.188	0.427067
2.191	0.430000
2.194	0.429033
2.197	0.430367
2.2	0.429300
2.203	0.428400
2.206	0.428067
2.209	0.426967
2.212	0.428400
2.215	0.429233
2.218	0.431867
2.221	0.432867
2.224	0.433500
2.227	0.433167
2.23	0.432500
2.233	0.433667
2.236	0.435500
2.239	0.434567
2.242	0.432167
2.245	0.432433
2.248	0.434367
2.251	0.436833
2.254	0.436633
2.257	0.435800
2.26	0.436000
2.263	0.434200
2.266	0.434567
2.269	0.435800
2.272	0.436233
2.275	0.439100
2.278	0.437567
2.281	0.435833
2.284	0.436800
2.287	0.437100
2.29	0.437900
2.293	0.436633
2.296	0.436733
2.299	0.440067
2.302	0.439167
2.305	0.439333
2.308	0.441033
2.311	0.441267
2.314	0.440867
2.317	0.440500
2.32	0.440467
2.323	0.439500
2.326	0.440200
2.329	0.440667
2.332	0.443600
2.335	0.445900
2.338	0.444600
2.341	0.444200
2.344	0.443267
2.347	0.444400
2.35	0.445100
2.353	0.443867
2.356	0.444867
2.359	0.449000
2.362	0.448767
2.365	0.448567
2.368	0.448533
2.371	0.449267
2.374	0.450700
2.377	0.451333
2.38	0.448933
2.383	0.448133
2.386	0.450133
2.389	0.449700
2.392	0.449833
2.395	0.450133
2.398	0.450200
2.401	0.451733
2.404	0.452433
2.407	0.453367
2.41	0.456900
2.413	0.456967
2.416	0.457100
2.419	0.458567
2.422	0.456900
2.425	0.455700
2.428	0.457000
2.431	0.456800
2.434	0.455933
2.437	0.455500
2.44	0.455533
2.443	0.457800
2.446	0.459133
2.449	0.460233
2.452	0.460500
2.455	0.461900
2.458	0.461533
2.461	0.461733
2.464	0.462133
2.467	0.460800
2.47	0.462333
2.473	0.465733
2.476	0.467933
2.479	0.467267
2.482	0.466533
2.485	0.465100
2.488	0.466333
2.491	0.464167
2.494	0.461800
2.497	0.461633
2.5	0.463600
2.503	0.465033
2.506	0.463800
2.509	0.464600
2.512	0.465900
2.515	0.468033
