Brown University Keck/NASA Relab Spectrum MF-JBA-001/CLS512
Wavelength(micron)	Reflectance
0.351	0.385533
0.354	0.387667
0.357	0.389967
0.36	0.391867
0.363	0.393367
0.366	0.395467
0.369	0.396600
0.372	0.399400
0.375	0.401300
0.378	0.402567
0.381	0.404500
0.384	0.404967
0.387	0.407267
0.39	0.408167
0.393	0.407800
0.396	0.408500
0.399	0.409533
0.402	0.410600
0.405	0.411633
0.408	0.411467
0.411	0.412167
0.414	0.413200
0.417	0.414767
0.42	0.416267
0.423	0.417133
0.426	0.418200
0.429	0.418633
0.432	0.419733
0.435	0.420200
0.438	0.420233
0.441	0.421400
0.444	0.422300
0.447	0.423867
0.45	0.424300
0.453	0.424200
0.456	0.425067
0.459	0.425400
0.462	0.426900
0.465	0.428267
0.468	0.429067
0.471	0.430433
0.474	0.430067
0.477	0.430367
0.48	0.430900
0.483	0.430933
0.486	0.430867
0.489	0.430767
0.492	0.431300
0.495	0.431967
0.498	0.432367
0.501	0.432867
0.504	0.433167
0.507	0.433467
0.51	0.434033
0.513	0.434533
0.517	0.434433
0.52	0.434500
0.523	0.434633
0.526	0.434867
0.529	0.436367
0.532	0.436867
0.535	0.437700
0.538	0.438300
0.541	0.438433
0.544	0.438433
0.547	0.439333
0.55	0.439133
0.553	0.438700
0.556	0.439033
0.559	0.439933
0.562	0.440600
0.565	0.440967
0.568	0.441267
0.571	0.442233
0.574	0.442667
0.577	0.443533
0.58	0.444367
0.583	0.445100
0.586	0.445533
0.589	0.445500
0.593	0.446200
0.596	0.446967
0.599	0.448233
0.602	0.448633
0.605	0.449500
0.608	0.449433
0.611	0.449233
0.614	0.449700
0.617	0.450867
0.62	0.451567
0.623	0.452767
0.626	0.453200
0.629	0.454067
0.632	0.454167
0.636	0.454667
0.639	0.454600
0.642	0.455067
0.645	0.455333
0.648	0.455633
0.651	0.456000
0.654	0.456300
0.657	0.456700
0.66	0.456933
0.664	0.457833
0.667	0.458600
0.67	0.459167
0.673	0.459733
0.676	0.460467
0.679	0.461100
0.683	0.462533
0.686	0.462933
0.689	0.463500
0.692	0.463967
0.695	0.464600
0.698	0.465500
0.702	0.465300
0.705	0.465767
0.708	0.466467
0.711	0.467567
0.714	0.468933
0.718	0.469900
0.721	0.470567
0.724	0.471500
0.727	0.471433
0.73	0.471967
0.734	0.472200
0.737	0.472800
0.74	0.474033
0.743	0.474800
0.746	0.475400
0.75	0.475633
0.753	0.475967
0.756	0.476300
0.759	0.476600
0.762	0.477600
0.766	0.478367
0.769	0.479467
0.772	0.479800
0.775	0.480067
0.778	0.480500
0.781	0.481500
0.785	0.482433
0.788	0.483433
0.791	0.483167
0.794	0.483633
0.797	0.484633
0.8	0.485433
0.803	0.486933
0.807	0.488433
0.81	0.489267
0.813	0.490067
0.816	0.491000
0.819	0.491333
0.822	0.492033
0.825	0.492767
0.828	0.492967
0.831	0.493267
0.834	0.493367
0.838	0.493733
0.841	0.494167
0.844	0.495533
0.847	0.496933
0.85	0.497833
0.853	0.498533
0.856	0.498233
0.859	0.498167
0.862	0.498733
0.865	0.499167
0.868	0.499833
0.871	0.500867
0.874	0.501333
0.877	0.501967
0.88	0.502433
0.883	0.503400
0.887	0.504533
0.89	0.505333
0.893	0.506067
0.896	0.506733
0.899	0.507333
0.902	0.507367
0.905	0.508567
0.908	0.509233
0.911	0.508633
0.914	0.508667
0.917	0.508533
0.92	0.509567
0.923	0.510400
0.926	0.511067
0.929	0.512300
0.932	0.513467
0.935	0.514633
0.938	0.515767
0.941	0.516867
0.944	0.517100
0.947	0.516933
0.95	0.517567
0.953	0.518467
0.956	0.518700
0.959	0.519300
0.962	0.519900
0.965	0.520633
0.968	0.521333
0.971	0.522200
0.974	0.522567
0.978	0.523233
0.981	0.523967
0.984	0.524567
0.987	0.525133
0.99	0.525500
0.993	0.525800
0.996	0.526300
0.999	0.527067
1.002	0.528167
1.005	0.529167
1.008	0.530267
1.011	0.531000
1.014	0.531100
1.017	0.531200
1.02	0.531700
1.023	0.531867
1.026	0.532400
1.029	0.533133
1.032	0.533833
1.035	0.534833
1.038	0.535533
1.041	0.536467
1.044	0.537700
1.047	0.537833
1.05	0.538567
1.053	0.539033
1.056	0.540033
1.059	0.540933
1.062	0.541600
1.065	0.541900
1.068	0.542767
1.071	0.543700
1.074	0.543800
1.077	0.544000
1.08	0.544000
1.083	0.544000
1.086	0.544533
1.089	0.545133
1.092	0.545500
1.095	0.545633
1.098	0.546300
1.101	0.547200
1.104	0.546767
1.107	0.547033
1.11	0.547800
1.113	0.548333
1.116	0.549333
1.119	0.550467
1.122	0.551400
1.125	0.551867
1.128	0.551833
1.131	0.551900
1.134	0.552667
1.137	0.553900
1.14	0.554900
1.143	0.555400
1.146	0.555567
1.149	0.556300
1.152	0.556200
1.155	0.556133
1.158	0.556267
1.161	0.556500
1.164	0.557167
1.167	0.558100
1.17	0.558800
1.173	0.559533
1.176	0.560400
1.179	0.561100
1.182	0.561833
1.185	0.562467
1.188	0.563267
1.191	0.564033
1.194	0.564233
1.197	0.564500
1.2	0.565433
1.203	0.565700
1.206	0.566167
1.209	0.566267
1.212	0.566433
1.215	0.566800
1.218	0.567800
1.221	0.568967
1.224	0.569233
1.227	0.570100
1.23	0.570867
1.233	0.570867
1.236	0.571600
1.239	0.572033
1.242	0.572867
1.245	0.573833
1.248	0.574567
1.251	0.575533
1.254	0.576100
1.257	0.577033
1.26	0.577233
1.263	0.577700
1.266	0.578400
1.269	0.579200
1.272	0.579500
1.276	0.579833
1.279	0.581200
1.282	0.581100
1.285	0.581467
1.288	0.581467
1.291	0.581233
1.294	0.580933
1.297	0.581100
1.3	0.581767
1.303	0.582300
1.306	0.582600
1.309	0.583100
1.312	0.584400
1.315	0.584933
1.318	0.585433
1.321	0.585400
1.324	0.585800
1.327	0.586033
1.33	0.587000
1.333	0.587467
1.336	0.588133
1.339	0.588767
1.342	0.589033
1.345	0.589233
1.348	0.589400
1.351	0.589767
1.354	0.590233
1.357	0.591000
1.36	0.591533
1.363	0.591833
1.366	0.592167
1.369	0.593000
1.372	0.593367
1.375	0.593533
1.378	0.594167
1.381	0.594767
1.384	0.595600
1.387	0.595633
1.39	0.596033
1.393	0.596433
1.396	0.596967
1.399	0.597433
1.402	0.598100
1.405	0.598700
1.408	0.598933
1.411	0.599333
1.414	0.600067
1.417	0.600700
1.42	0.601333
1.423	0.601700
1.426	0.601800
1.429	0.602133
1.432	0.602767
1.435	0.603267
1.438	0.603400
1.441	0.603700
1.444	0.604200
1.447	0.605700
1.45	0.606333
1.453	0.606800
1.456	0.606900
1.459	0.607533
1.462	0.607800
1.465	0.608233
1.468	0.608867
1.471	0.608967
1.474	0.609333
1.477	0.610467
1.48	0.611067
1.483	0.611267
1.486	0.611633
1.489	0.611833
1.492	0.612667
1.495	0.613533
1.498	0.614200
1.501	0.614500
1.504	0.614200
1.507	0.614467
1.51	0.614767
1.513	0.615933
1.516	0.616600
1.519	0.616733
1.522	0.617067
1.525	0.618067
1.528	0.618333
1.531	0.619100
1.534	0.619600
1.537	0.619500
1.54	0.619767
1.543	0.620667
1.546	0.621267
1.549	0.621867
1.552	0.622100
1.555	0.622500
1.558	0.622933
1.561	0.623667
1.564	0.623300
1.567	0.623667
1.57	0.624300
1.573	0.624467
1.576	0.625300
1.579	0.626200
1.582	0.626800
1.585	0.626933
1.588	0.627267
1.591	0.627600
1.594	0.628067
1.597	0.628933
1.6	0.629133
1.603	0.629467
1.606	0.630233
1.609	0.630800
1.612	0.631233
1.615	0.632733
1.618	0.632300
1.621	0.632167
1.624	0.632567
1.627	0.632700
1.63	0.633100
1.633	0.633600
1.636	0.634100
1.639	0.634467
1.642	0.635100
1.645	0.635700
1.648	0.636567
1.651	0.637167
1.654	0.637300
1.657	0.636867
1.66	0.636867
1.663	0.638067
1.666	0.638767
1.669	0.639167
1.672	0.639500
1.675	0.640500
1.678	0.640700
1.681	0.641633
1.684	0.642133
1.687	0.642633
1.69	0.643800
1.693	0.644167
1.696	0.644067
1.699	0.644333
1.702	0.644633
1.705	0.644600
1.708	0.644833
1.711	0.644467
1.714	0.644733
1.717	0.645433
1.72	0.646133
1.723	0.647700
1.726	0.647933
1.729	0.647967
1.732	0.648467
1.735	0.648700
1.738	0.648967
1.741	0.648667
1.744	0.649200
1.747	0.650300
1.75	0.650767
1.753	0.651133
1.756	0.651800
1.759	0.653433
1.762	0.653433
1.765	0.653533
1.768	0.653733
1.771	0.654200
1.774	0.653933
1.777	0.653900
1.78	0.654600
1.783	0.655033
1.786	0.655700
1.789	0.656300
1.792	0.656900
1.795	0.657333
1.798	0.657600
1.801	0.658567
1.804	0.659400
1.807	0.659467
1.81	0.659533
1.813	0.659300
1.816	0.659733
1.819	0.660467
1.822	0.660867
1.825	0.661033
1.828	0.661500
1.831	0.661967
1.834	0.662000
1.837	0.663133
1.84	0.663767
1.843	0.663767
1.846	0.664000
1.849	0.664833
1.852	0.665200
1.855	0.665433
1.858	0.665500
1.861	0.665967
1.864	0.666667
1.867	0.666767
1.87	0.667800
1.873	0.667733
1.876	0.668167
1.879	0.668533
1.882	0.668500
1.885	0.669433
1.888	0.669767
1.891	0.669167
1.894	0.669500
1.897	0.670067
1.9	0.670267
1.903	0.670167
1.906	0.670433
1.909	0.671033
1.912	0.671100
1.915	0.671767
1.918	0.672500
1.921	0.673400
1.924	0.673367
1.927	0.673767
1.93	0.674167
1.933	0.674200
1.936	0.674833
1.939	0.675700
1.942	0.676367
1.945	0.676333
1.948	0.676100
1.951	0.676800
1.954	0.677233
1.957	0.677800
1.96	0.678067
1.963	0.678800
1.966	0.679967
1.969	0.680433
1.972	0.680400
1.975	0.681000
1.978	0.681033
1.981	0.680767
1.984	0.681667
1.987	0.682600
1.99	0.683133
1.993	0.683767
1.996	0.684233
1.999	0.685067
2.002	0.685100
2.005	0.686033
2.008	0.686267
2.011	0.686933
2.014	0.687567
2.017	0.687700
2.02	0.687967
2.023	0.688467
2.026	0.688800
2.029	0.689333
2.032	0.690033
2.035	0.690300
2.038	0.692000
2.041	0.692200
2.044	0.692267
2.047	0.692533
2.05	0.691900
2.053	0.691833
2.056	0.692133
2.059	0.692267
2.062	0.692800
2.065	0.693400
2.068	0.694067
2.071	0.694867
2.074	0.694767
2.077	0.695000
2.08	0.695400
2.083	0.695733
2.086	0.696500
2.089	0.697000
2.092	0.697733
2.095	0.697633
2.098	0.698367
2.101	0.699567
2.104	0.699767
2.107	0.699633
2.11	0.699600
2.113	0.700367
2.116	0.700567
2.119	0.701500
2.122	0.702233
2.125	0.702533
2.128	0.702833
2.131	0.703600
2.134	0.704167
2.137	0.704600
2.14	0.704667
2.143	0.704767
2.146	0.705967
2.149	0.706167
2.152	0.706433
2.155	0.706800
2.158	0.707533
2.161	0.707900
2.164	0.709000
2.167	0.709133
2.17	0.709200
2.173	0.709733
2.176	0.709500
2.179	0.710000
2.182	0.710267
2.185	0.710833
2.188	0.711333
2.191	0.712067
2.194	0.712767
2.197	0.713167
2.2	0.713600
2.203	0.713767
2.206	0.713633
2.209	0.714100
2.212	0.714633
2.215	0.715100
2.218	0.715767
2.221	0.715733
2.224	0.716000
2.227	0.716333
2.23	0.716867
2.233	0.717333
2.236	0.717867
2.239	0.718200
2.242	0.718933
2.245	0.719567
2.248	0.719967
2.251	0.720133
2.254	0.720233
2.257	0.720733
2.26	0.721467
2.263	0.721800
2.266	0.722233
2.269	0.722800
2.272	0.723567
2.275	0.723967
2.278	0.724367
2.281	0.723900
2.284	0.724567
2.287	0.724833
2.29	0.725533
2.293	0.725500
2.296	0.725433
2.299	0.725900
2.302	0.726267
2.305	0.726733
2.308	0.727200
2.311	0.727267
2.314	0.727200
2.317	0.727500
2.32	0.727967
2.323	0.727800
2.326	0.727967
2.329	0.728833
2.332	0.729000
2.335	0.729067
2.338	0.728767
2.341	0.729033
2.344	0.730000
2.347	0.730400
2.35	0.730867
2.353	0.730833
2.356	0.731333
2.359	0.731733
2.362	0.732133
2.365	0.732200
2.368	0.732433
2.371	0.732633
2.374	0.732833
2.377	0.733400
2.38	0.733433
2.383	0.733533
2.386	0.733800
2.389	0.734867
2.392	0.735300
2.395	0.735300
2.398	0.735033
2.401	0.735300
2.404	0.735333
2.407	0.735667
2.41	0.736633
2.413	0.736700
2.416	0.737200
2.419	0.737733
2.422	0.737733
2.425	0.737700
2.428	0.738200
2.431	0.738667
2.434	0.739067
2.437	0.739633
2.44	0.740133
2.443	0.740133
2.446	0.740433
2.449	0.740800
2.452	0.739867
2.455	0.739967
2.458	0.740200
2.461	0.740367
2.464	0.741000
2.467	0.741600
2.47	0.741767
2.473	0.741433
2.476	0.741467
2.479	0.741800
2.482	0.741933
2.485	0.742133
2.488	0.742233
2.491	0.742500
2.494	0.742867
2.497	0.742833
2.5	0.742567
2.503	0.743233
2.506	0.743967
2.509	0.744600
2.512	0.746967
2.515	0.748467
