Brown University Keck/NASA Relab Spectrum LS-JBA-167-N1/CLS507
Wavelength(micron)	Reflectance
0.351	0.192633
0.354	0.192667
0.357	0.193400
0.36	0.194100
0.363	0.195567
0.366	0.195700
0.369	0.195967
0.372	0.196400
0.375	0.196833
0.378	0.198433
0.381	0.199367
0.384	0.199767
0.387	0.199667
0.39	0.201700
0.393	0.202767
0.396	0.203000
0.399	0.202500
0.402	0.203267
0.405	0.204033
0.408	0.203467
0.411	0.203833
0.414	0.205600
0.417	0.206600
0.42	0.209167
0.423	0.209667
0.426	0.208667
0.429	0.208800
0.432	0.209000
0.435	0.210767
0.438	0.212600
0.441	0.213167
0.444	0.213933
0.447	0.215233
0.45	0.216400
0.453	0.217600
0.456	0.218000
0.459	0.217800
0.462	0.218900
0.465	0.220700
0.468	0.222000
0.471	0.223033
0.474	0.224067
0.477	0.225233
0.48	0.224867
0.483	0.225400
0.486	0.225867
0.489	0.227800
0.492	0.229600
0.495	0.230400
0.498	0.230367
0.501	0.231267
0.504	0.231667
0.507	0.232333
0.51	0.232067
0.513	0.233067
0.517	0.235500
0.52	0.235667
0.523	0.237133
0.526	0.238267
0.529	0.238867
0.532	0.238900
0.535	0.239033
0.538	0.239967
0.541	0.242200
0.544	0.242367
0.547	0.243000
0.55	0.242900
0.553	0.245533
0.556	0.246367
0.559	0.247767
0.562	0.247700
0.565	0.247667
0.568	0.248033
0.571	0.249700
0.574	0.251467
0.577	0.252667
0.58	0.254000
0.583	0.254200
0.586	0.254133
0.589	0.254900
0.593	0.255033
0.596	0.255133
0.599	0.255133
0.602	0.257267
0.605	0.258233
0.608	0.259733
0.611	0.260367
0.614	0.260600
0.617	0.262667
0.62	0.262967
0.623	0.263667
0.626	0.264033
0.629	0.263833
0.632	0.264067
0.636	0.263900
0.639	0.263167
0.642	0.266333
0.645	0.266967
0.648	0.265133
0.651	0.266600
0.654	0.267333
0.657	0.267967
0.66	0.267267
0.664	0.270033
0.667	0.270633
0.67	0.271033
0.673	0.271767
0.676	0.272900
0.679	0.274367
0.683	0.275333
0.686	0.276533
0.689	0.278667
0.692	0.277733
0.695	0.275200
0.698	0.275233
0.702	0.276200
0.705	0.279200
0.708	0.279700
0.711	0.280833
0.714	0.282733
0.718	0.283300
0.721	0.283300
0.724	0.282100
0.727	0.283333
0.73	0.285500
0.734	0.284967
0.737	0.287767
0.74	0.290800
0.743	0.290300
0.746	0.289233
0.75	0.285433
0.753	0.284733
0.756	0.290400
0.759	0.289233
0.762	0.288067
0.766	0.288700
0.769	0.289500
0.772	0.290800
0.775	0.293067
0.778	0.294333
0.781	0.293233
0.785	0.294300
0.788	0.294467
0.791	0.294633
0.794	0.293567
0.797	0.298500
0.8	0.302600
0.803	0.304567
0.807	0.305633
0.81	0.305600
0.813	0.305333
0.816	0.302767
0.819	0.302100
0.822	0.302300
0.825	0.304367
0.828	0.306067
0.831	0.305833
0.834	0.305100
0.838	0.304900
0.841	0.303700
0.844	0.302067
0.847	0.301833
0.85	0.300667
0.853	0.300467
0.856	0.301900
0.859	0.304667
0.862	0.305867
0.865	0.303800
0.868	0.305700
0.871	0.308500
0.874	0.308967
0.877	0.308233
0.88	0.304300
0.883	0.305700
0.887	0.306067
0.89	0.304667
0.893	0.307400
0.896	0.310000
0.899	0.314933
0.902	0.314367
0.905	0.310900
0.908	0.308667
0.911	0.310000
0.914	0.310833
0.917	0.312567
0.92	0.311367
0.923	0.312800
0.926	0.314467
0.929	0.315767
0.932	0.314733
0.935	0.318767
0.938	0.321467
0.941	0.319000
0.944	0.321300
0.947	0.320667
0.95	0.324167
0.953	0.324500
0.956	0.323567
0.959	0.325900
0.962	0.324267
0.965	0.321467
0.968	0.321900
0.971	0.323367
0.974	0.325567
0.978	0.327200
0.981	0.326100
0.984	0.323267
0.987	0.322667
0.99	0.324200
0.993	0.323033
0.996	0.323900
0.999	0.323467
1.002	0.323433
1.005	0.325200
1.008	0.327967
1.011	0.330400
1.014	0.329767
1.017	0.331067
1.02	0.332000
1.023	0.331500
1.026	0.332667
1.029	0.330533
1.032	0.330333
1.035	0.329867
1.038	0.332433
1.041	0.333867
1.044	0.333433
1.047	0.336767
1.05	0.341067
1.053	0.342467
1.056	0.340867
1.059	0.341033
1.062	0.343800
1.065	0.342333
1.068	0.341400
1.071	0.343000
1.074	0.343667
1.077	0.345100
1.08	0.344967
1.083	0.342900
1.086	0.343367
1.089	0.345133
1.092	0.345533
1.095	0.345367
1.098	0.345567
1.101	0.343367
1.104	0.344000
1.107	0.346900
1.11	0.346033
1.113	0.347333
1.116	0.348800
1.119	0.348400
1.122	0.346767
1.125	0.345567
1.128	0.348700
1.131	0.351333
1.134	0.351033
1.137	0.354367
1.14	0.352933
1.143	0.351700
1.146	0.356400
1.149	0.357633
1.152	0.357000
1.155	0.356333
1.158	0.356667
1.161	0.355767
1.164	0.356433
1.167	0.358433
1.17	0.358500
1.173	0.360533
1.176	0.359300
1.179	0.358567
1.182	0.357400
1.185	0.357033
1.188	0.358333
1.191	0.359367
1.194	0.362033
1.197	0.361200
1.2	0.360267
1.203	0.361133
1.206	0.360767
1.209	0.363100
1.212	0.364667
1.215	0.365900
1.218	0.366200
1.221	0.364367
1.224	0.363200
1.227	0.365467
1.23	0.366733
1.233	0.367900
1.236	0.369267
1.239	0.370933
1.242	0.369400
1.245	0.370667
1.248	0.371667
1.251	0.373200
1.254	0.374533
1.257	0.373900
1.26	0.373267
1.263	0.373900
1.266	0.374000
1.269	0.373333
1.272	0.371767
1.276	0.372067
1.279	0.371800
1.282	0.372233
1.285	0.373633
1.288	0.373733
1.291	0.374867
1.294	0.374133
1.297	0.372633
1.3	0.374767
1.303	0.376167
1.306	0.378467
1.309	0.377367
1.312	0.377700
1.315	0.379367
1.318	0.381000
1.321	0.382367
1.324	0.382633
1.327	0.381567
1.33	0.382700
1.333	0.384200
1.336	0.385400
1.339	0.382933
1.342	0.382500
1.345	0.383733
1.348	0.383400
1.351	0.384500
1.354	0.383667
1.357	0.384167
1.36	0.386733
1.363	0.387767
1.366	0.388867
1.369	0.387567
1.372	0.390300
1.375	0.392233
1.378	0.392000
1.381	0.391133
1.384	0.387800
1.387	0.388467
1.39	0.388733
1.393	0.391167
1.396	0.393100
1.399	0.392900
1.402	0.391967
1.405	0.391500
1.408	0.394667
1.411	0.393933
1.414	0.394600
1.417	0.397867
1.42	0.399700
1.423	0.399167
1.426	0.400800
1.429	0.398467
1.432	0.398167
1.435	0.398433
1.438	0.399567
1.441	0.399633
1.444	0.397967
1.447	0.398200
1.45	0.400667
1.453	0.403500
1.456	0.406967
1.459	0.404633
1.462	0.402267
1.465	0.401333
1.468	0.401500
1.471	0.406333
1.474	0.408367
1.477	0.409767
1.48	0.409733
1.483	0.409667
1.486	0.409833
1.489	0.409967
1.492	0.411667
1.495	0.408667
1.498	0.408667
1.501	0.410167
1.504	0.410933
1.507	0.411933
1.51	0.410933
1.513	0.411567
1.516	0.411767
1.519	0.412033
1.522	0.412867
1.525	0.411367
1.528	0.412300
1.531	0.416467
1.534	0.414100
1.537	0.413433
1.54	0.411667
1.543	0.412900
1.546	0.414133
1.549	0.416733
1.552	0.416900
1.555	0.415667
1.558	0.415933
1.561	0.415567
1.564	0.414633
1.567	0.413267
1.57	0.412967
1.573	0.416100
1.576	0.417433
1.579	0.417167
1.582	0.418533
1.585	0.416900
1.588	0.416333
1.591	0.416567
1.594	0.419033
1.597	0.422567
1.6	0.424133
1.603	0.424233
1.606	0.423833
1.609	0.424867
1.612	0.427100
1.615	0.427900
1.618	0.426300
1.621	0.422000
1.624	0.422300
1.627	0.424100
1.63	0.424133
1.633	0.423100
1.636	0.423733
1.639	0.423833
1.642	0.425133
1.645	0.426133
1.648	0.426300
1.651	0.427333
1.654	0.429600
1.657	0.428800
1.66	0.428933
1.663	0.427800
1.666	0.427567
1.669	0.429200
1.672	0.428500
1.675	0.428967
1.678	0.430500
1.681	0.430600
1.684	0.431133
1.687	0.430133
1.69	0.430433
1.693	0.430167
1.696	0.429600
1.699	0.430033
1.702	0.431867
1.705	0.431867
1.708	0.433033
1.711	0.431867
1.714	0.433733
1.717	0.433433
1.72	0.430967
1.723	0.432100
1.726	0.435633
1.729	0.434867
1.732	0.436033
1.735	0.436367
1.738	0.433500
1.741	0.433167
1.744	0.434933
1.747	0.436900
1.75	0.436500
1.753	0.437367
1.756	0.436133
1.759	0.435733
1.762	0.436633
1.765	0.439533
1.768	0.439700
1.771	0.439433
1.774	0.438200
1.777	0.441000
1.78	0.440467
1.783	0.438100
1.786	0.438400
1.789	0.439700
1.792	0.440167
1.795	0.441000
1.798	0.440800
1.801	0.441533
1.804	0.440633
1.807	0.442300
1.81	0.444533
1.813	0.443433
1.816	0.446067
1.819	0.448333
1.822	0.447367
1.825	0.447833
1.828	0.446900
1.831	0.447533
1.834	0.446767
1.837	0.445267
1.84	0.445600
1.843	0.446967
1.846	0.448400
1.849	0.448333
1.852	0.449333
1.855	0.449900
1.858	0.449033
1.861	0.446567
1.864	0.446933
1.867	0.448967
1.87	0.447300
1.873	0.447300
1.876	0.446967
1.879	0.447900
1.882	0.450100
1.885	0.452633
1.888	0.451933
1.891	0.451767
1.894	0.452167
1.897	0.452800
1.9	0.452600
1.903	0.452433
1.906	0.453767
1.909	0.454167
1.912	0.454967
1.915	0.454100
1.918	0.454733
1.921	0.454700
1.924	0.452533
1.927	0.451867
1.93	0.453567
1.933	0.455567
1.936	0.459500
1.939	0.457633
1.942	0.455767
1.945	0.453367
1.948	0.456267
1.951	0.459167
1.954	0.458533
1.957	0.459233
1.96	0.461133
1.963	0.461667
1.966	0.462567
1.969	0.459667
1.972	0.457600
1.975	0.460500
1.978	0.459333
1.981	0.459833
1.984	0.459233
1.987	0.461100
1.99	0.461967
1.993	0.461167
1.996	0.461467
1.999	0.462467
2.002	0.464833
2.005	0.465367
2.008	0.469367
2.011	0.467200
2.014	0.468933
2.017	0.468267
2.02	0.466600
2.023	0.468300
2.026	0.469900
2.029	0.468667
2.032	0.468667
2.035	0.470767
2.038	0.473167
2.041	0.473267
2.044	0.471700
2.047	0.468367
2.05	0.469233
2.053	0.470200
2.056	0.470867
2.059	0.471000
2.062	0.473667
2.065	0.474067
2.068	0.475700
2.071	0.476100
2.074	0.475167
2.077	0.475300
2.08	0.474300
2.083	0.475533
2.086	0.479333
2.089	0.478367
2.092	0.477833
2.095	0.477967
2.098	0.478433
2.101	0.476433
2.104	0.476067
2.107	0.475500
2.11	0.475533
2.113	0.476267
2.116	0.475733
2.119	0.476967
2.122	0.476033
2.125	0.477667
2.128	0.479167
2.131	0.480200
2.134	0.481733
2.137	0.480133
2.14	0.480400
2.143	0.479733
2.146	0.480267
2.149	0.480767
2.152	0.479733
2.155	0.479933
2.158	0.480200
2.161	0.481733
2.164	0.481133
2.167	0.481867
2.17	0.482800
2.173	0.481367
2.176	0.477267
2.179	0.476633
2.182	0.477033
2.185	0.477633
2.188	0.478200
2.191	0.477500
2.194	0.477333
2.197	0.478467
2.2	0.480833
2.203	0.481200
2.206	0.480967
2.209	0.480900
2.212	0.478933
2.215	0.479533
2.218	0.482567
2.221	0.484867
2.224	0.484600
2.227	0.484633
2.23	0.486000
2.233	0.485900
2.236	0.483933
2.239	0.483067
2.242	0.486067
2.245	0.488233
2.248	0.488533
2.251	0.487867
2.254	0.490500
2.257	0.491133
2.26	0.491567
2.263	0.494200
2.266	0.492400
2.269	0.493167
2.272	0.491567
2.275	0.490733
2.278	0.492067
2.281	0.493967
2.284	0.496467
2.287	0.496367
2.29	0.496033
2.293	0.495533
2.296	0.496233
2.299	0.497433
2.302	0.497967
2.305	0.498767
2.308	0.500067
2.311	0.502633
2.314	0.503033
2.317	0.502900
2.32	0.501967
2.323	0.501967
2.326	0.502767
2.329	0.502367
2.332	0.502167
2.335	0.503333
2.338	0.504300
2.341	0.504433
2.344	0.508967
2.347	0.510400
2.35	0.511667
2.353	0.511200
2.356	0.508000
2.359	0.508200
2.362	0.507833
2.365	0.509800
2.368	0.513967
2.371	0.512533
2.374	0.514733
2.377	0.511933
2.38	0.511300
2.383	0.511300
2.386	0.513133
2.389	0.514100
2.392	0.514733
2.395	0.516900
2.398	0.516367
2.401	0.515033
2.404	0.514267
2.407	0.513300
2.41	0.513167
2.413	0.513167
2.416	0.514467
2.419	0.515833
2.422	0.517800
2.425	0.519067
2.428	0.520533
2.431	0.520267
2.434	0.519600
2.437	0.519900
2.44	0.517700
2.443	0.516767
2.446	0.519500
2.449	0.521100
2.452	0.521667
2.455	0.519167
2.458	0.517067
2.461	0.520200
2.464	0.520900
2.467	0.518167
2.47	0.519567
2.473	0.520300
2.476	0.523000
2.479	0.522867
2.482	0.522233
2.485	0.523900
2.488	0.524167
2.491	0.523967
2.494	0.523300
2.497	0.525267
2.5	0.526400
2.503	0.524500
2.506	0.521900
2.509	0.521267
2.512	0.521467
2.515	0.523100
