Brown University Keck/NASA Relab Spectrum LS-JBA-205/CLS515
Wavelength(micron)	Reflectance
0.351	0.143900
0.354	0.143867
0.357	0.143033
0.36	0.142800
0.363	0.144000
0.366	0.145767
0.369	0.146067
0.372	0.147267
0.375	0.147433
0.378	0.147700
0.381	0.148267
0.384	0.149500
0.387	0.150200
0.39	0.150067
0.393	0.149933
0.396	0.149833
0.399	0.150733
0.402	0.151000
0.405	0.150933
0.408	0.150567
0.411	0.150667
0.414	0.151000
0.417	0.150900
0.42	0.151933
0.423	0.153967
0.426	0.154200
0.429	0.152867
0.432	0.151100
0.435	0.151533
0.438	0.151733
0.441	0.152233
0.444	0.153333
0.447	0.152967
0.45	0.152667
0.453	0.153900
0.456	0.154367
0.459	0.154433
0.462	0.154433
0.465	0.154367
0.468	0.155000
0.471	0.155300
0.474	0.155767
0.477	0.155767
0.48	0.155433
0.483	0.155467
0.486	0.154567
0.489	0.154800
0.492	0.155633
0.495	0.156167
0.498	0.156400
0.501	0.156833
0.504	0.157100
0.507	0.157733
0.51	0.156767
0.513	0.157433
0.517	0.156900
0.52	0.157967
0.523	0.158200
0.526	0.158533
0.529	0.158867
0.532	0.160667
0.535	0.160167
0.538	0.159933
0.541	0.160433
0.544	0.161033
0.547	0.160433
0.55	0.160300
0.553	0.161000
0.556	0.161500
0.559	0.161300
0.562	0.162033
0.565	0.161367
0.568	0.160300
0.571	0.160600
0.574	0.162433
0.577	0.163900
0.58	0.164333
0.583	0.165467
0.586	0.166200
0.589	0.166933
0.593	0.167567
0.596	0.167567
0.599	0.168933
0.602	0.169467
0.605	0.170667
0.608	0.170733
0.611	0.167933
0.614	0.166633
0.617	0.168100
0.62	0.170300
0.623	0.170500
0.626	0.168467
0.629	0.169633
0.632	0.171400
0.636	0.171400
0.639	0.172767
0.642	0.171800
0.645	0.171400
0.648	0.171467
0.651	0.172633
0.654	0.172433
0.657	0.176400
0.66	0.178167
0.664	0.180033
0.667	0.180133
0.67	0.178767
0.673	0.182033
0.676	0.180800
0.679	0.179633
0.683	0.178433
0.686	0.179567
0.689	0.178867
0.692	0.180533
0.695	0.181400
0.698	0.180133
0.702	0.180633
0.705	0.178433
0.708	0.178600
0.711	0.178633
0.714	0.177867
0.718	0.178700
0.721	0.178033
0.724	0.181967
0.727	0.183933
0.73	0.186933
0.734	0.184867
0.737	0.184700
0.74	0.186700
0.743	0.184900
0.746	0.186600
0.75	0.187200
0.753	0.185600
0.756	0.182167
0.759	0.183167
0.762	0.184500
0.766	0.186267
0.769	0.187367
0.772	0.187167
0.775	0.189467
0.778	0.191833
0.781	0.190500
0.785	0.190000
0.788	0.189167
0.791	0.191700
0.794	0.194300
0.797	0.196433
0.8	0.196567
0.803	0.194900
0.807	0.195533
0.81	0.195200
0.813	0.195200
0.816	0.196400
0.819	0.198200
0.822	0.199233
0.825	0.203500
0.828	0.207067
0.831	0.207600
0.834	0.208500
0.838	0.207367
0.841	0.207833
0.844	0.207967
0.847	0.206767
0.85	0.207733
0.853	0.209333
0.856	0.208900
0.859	0.208667
0.862	0.206433
0.865	0.207133
0.868	0.209300
0.871	0.211767
0.874	0.211100
0.877	0.207100
0.88	0.205433
0.883	0.205267
0.887	0.209167
0.89	0.209933
0.893	0.206600
0.896	0.207367
0.899	0.207667
0.902	0.208267
0.905	0.209333
0.908	0.212167
0.911	0.212533
0.914	0.212433
0.917	0.209800
0.92	0.208833
0.923	0.209667
0.926	0.210667
0.929	0.212467
0.932	0.212233
0.935	0.212200
0.938	0.212000
0.941	0.211567
0.944	0.214700
0.947	0.216667
0.95	0.215067
0.953	0.215433
0.956	0.214000
0.959	0.214200
0.962	0.214667
0.965	0.214333
0.968	0.216333
0.971	0.215633
0.974	0.217333
0.978	0.215933
0.981	0.217367
0.984	0.218567
0.987	0.217600
0.99	0.217767
0.993	0.220667
0.996	0.221967
0.999	0.222467
1.002	0.221767
1.005	0.216067
1.008	0.215433
1.011	0.218200
1.014	0.219633
1.017	0.223600
1.02	0.223167
1.023	0.222833
1.026	0.221200
1.029	0.219833
1.032	0.218367
1.035	0.217300
1.038	0.218900
1.041	0.222467
1.044	0.224300
1.047	0.225267
1.05	0.226900
1.053	0.226133
1.056	0.225133
1.059	0.225933
1.062	0.224433
1.065	0.224033
1.068	0.222200
1.071	0.225933
1.074	0.228233
1.077	0.226967
1.08	0.225500
1.083	0.225733
1.086	0.226600
1.089	0.228067
1.092	0.228733
1.095	0.229300
1.098	0.228700
1.101	0.226767
1.104	0.228333
1.107	0.227700
1.11	0.228033
1.113	0.229767
1.116	0.228767
1.119	0.229700
1.122	0.228367
1.125	0.226700
1.128	0.226600
1.131	0.228233
1.134	0.229667
1.137	0.229433
1.14	0.229767
1.143	0.232133
1.146	0.231200
1.149	0.228367
1.152	0.228733
1.155	0.230067
1.158	0.231300
1.161	0.231133
1.164	0.231400
1.167	0.230500
1.17	0.232733
1.173	0.232700
1.176	0.232500
1.179	0.232767
1.182	0.230900
1.185	0.228567
1.188	0.230000
1.191	0.229967
1.194	0.230567
1.197	0.231767
1.2	0.230400
1.203	0.230867
1.206	0.230933
1.209	0.232367
1.212	0.231800
1.215	0.233367
1.218	0.235733
1.221	0.237300
1.224	0.237633
1.227	0.237400
1.23	0.235600
1.233	0.233633
1.236	0.236133
1.239	0.237467
1.242	0.237200
1.245	0.235633
1.248	0.237400
1.251	0.238467
1.254	0.237867
1.257	0.239300
1.26	0.241067
1.263	0.239500
1.266	0.235567
1.269	0.235167
1.272	0.235567
1.276	0.236700
1.279	0.239867
1.282	0.239467
1.285	0.240067
1.288	0.241300
1.291	0.243133
1.294	0.244467
1.297	0.242867
1.3	0.241400
1.303	0.240067
1.306	0.240433
1.309	0.240567
1.312	0.242800
1.315	0.241400
1.318	0.243567
1.321	0.242733
1.324	0.242067
1.327	0.244033
1.33	0.244200
1.333	0.244367
1.336	0.246967
1.339	0.247567
1.342	0.248233
1.345	0.246400
1.348	0.245600
1.351	0.247167
1.354	0.247200
1.357	0.245933
1.36	0.246400
1.363	0.247067
1.366	0.246633
1.369	0.246400
1.372	0.247667
1.375	0.249600
1.378	0.253133
1.381	0.252333
1.384	0.252967
1.387	0.253400
1.39	0.254233
1.393	0.251900
1.396	0.251033
1.399	0.251167
1.402	0.251467
1.405	0.252233
1.408	0.253433
1.411	0.255833
1.414	0.257400
1.417	0.257367
1.42	0.255333
1.423	0.255033
1.426	0.255467
1.429	0.255767
1.432	0.255900
1.435	0.255467
1.438	0.257833
1.441	0.257933
1.444	0.257467
1.447	0.256267
1.45	0.255600
1.453	0.256467
1.456	0.257333
1.459	0.257267
1.462	0.258400
1.465	0.259600
1.468	0.259933
1.471	0.261400
1.474	0.262267
1.477	0.262400
1.48	0.262567
1.483	0.263167
1.486	0.262300
1.489	0.262667
1.492	0.260967
1.495	0.260600
1.498	0.264400
1.501	0.264533
1.504	0.265300
1.507	0.265133
1.51	0.264667
1.513	0.266167
1.516	0.264767
1.519	0.264300
1.522	0.266700
1.525	0.266133
1.528	0.265000
1.531	0.266100
1.534	0.265067
1.537	0.265533
1.54	0.265833
1.543	0.264133
1.546	0.266333
1.549	0.265033
1.552	0.267200
1.555	0.269867
1.558	0.271200
1.561	0.270267
1.564	0.268167
1.567	0.268800
1.57	0.266433
1.573	0.267000
1.576	0.266000
1.579	0.265533
1.582	0.266533
1.585	0.271567
1.588	0.273433
1.591	0.272933
1.594	0.270400
1.597	0.271667
1.6	0.273600
1.603	0.271167
1.606	0.272567
1.609	0.272100
1.612	0.273033
1.615	0.273400
1.618	0.271767
1.621	0.270800
1.624	0.272067
1.627	0.273300
1.63	0.273733
1.633	0.274933
1.636	0.276367
1.639	0.275300
1.642	0.274133
1.645	0.273933
1.648	0.273200
1.651	0.272067
1.654	0.271767
1.657	0.274300
1.66	0.276933
1.663	0.279267
1.666	0.279633
1.669	0.278533
1.672	0.279433
1.675	0.275567
1.678	0.276467
1.681	0.279100
1.684	0.280533
1.687	0.283500
1.69	0.284200
1.693	0.282200
1.696	0.281000
1.699	0.281300
1.702	0.278767
1.705	0.276867
1.708	0.275000
1.711	0.276167
1.714	0.276967
1.717	0.279267
1.72	0.280700
1.723	0.283533
1.726	0.282967
1.729	0.279933
1.732	0.281167
1.735	0.282567
1.738	0.281500
1.741	0.282400
1.744	0.285333
1.747	0.285167
1.75	0.284733
1.753	0.282333
1.756	0.280800
1.759	0.280667
1.762	0.280433
1.765	0.283567
1.768	0.286233
1.771	0.286967
1.774	0.287400
1.777	0.287233
1.78	0.287033
1.783	0.287967
1.786	0.286367
1.789	0.286533
1.792	0.287233
1.795	0.288400
1.798	0.291467
1.801	0.292033
1.804	0.292100
1.807	0.289767
1.81	0.289867
1.813	0.289500
1.816	0.290900
1.819	0.290267
1.822	0.292100
1.825	0.293933
1.828	0.295500
1.831	0.294733
1.834	0.294267
1.837	0.295233
1.84	0.294367
1.843	0.294767
1.846	0.296800
1.849	0.296233
1.852	0.296100
1.855	0.297033
1.858	0.295633
1.861	0.294067
1.864	0.293500
1.867	0.295200
1.87	0.297033
1.873	0.297833
1.876	0.300167
1.879	0.300600
1.882	0.303667
1.885	0.305000
1.888	0.303533
1.891	0.302100
1.894	0.302300
1.897	0.302433
1.9	0.301167
1.903	0.298700
1.906	0.299967
1.909	0.300667
1.912	0.302100
1.915	0.301600
1.918	0.302467
1.921	0.303400
1.924	0.304100
1.927	0.304200
1.93	0.307000
1.933	0.305633
1.936	0.304300
1.939	0.306267
1.942	0.305133
1.945	0.304967
1.948	0.305500
1.951	0.305467
1.954	0.305567
1.957	0.304500
1.96	0.307167
1.963	0.306833
1.966	0.308167
1.969	0.309867
1.972	0.310533
1.975	0.311567
1.978	0.311167
1.981	0.312600
1.984	0.312867
1.987	0.311200
1.99	0.311867
1.993	0.311333
1.996	0.310167
1.999	0.311533
2.002	0.310700
2.005	0.311500
2.008	0.316033
2.011	0.315633
2.014	0.313167
2.017	0.312833
2.02	0.310867
2.023	0.310900
2.026	0.310900
2.029	0.310867
2.032	0.314033
2.035	0.316900
2.038	0.318067
2.041	0.318500
2.044	0.318900
2.047	0.317433
2.05	0.314400
2.053	0.315767
2.056	0.315567
2.059	0.314233
2.062	0.315300
2.065	0.314667
2.068	0.315967
2.071	0.315767
2.074	0.317767
2.077	0.320900
2.08	0.317833
2.083	0.318367
2.086	0.318500
2.089	0.319233
2.092	0.320033
2.095	0.316967
2.098	0.315800
2.101	0.319267
2.104	0.319367
2.107	0.321200
2.11	0.323500
2.113	0.321733
2.116	0.323200
2.119	0.324700
2.122	0.324100
2.125	0.324133
2.128	0.324300
2.131	0.325467
2.134	0.324567
2.137	0.321800
2.14	0.321000
2.143	0.320600
2.146	0.322800
2.149	0.322633
2.152	0.323300
2.155	0.323267
2.158	0.321567
2.161	0.320833
2.164	0.321667
2.167	0.324633
2.17	0.326400
2.173	0.327333
2.176	0.325333
2.179	0.323867
2.182	0.321433
2.185	0.320167
2.188	0.320467
2.191	0.320433
2.194	0.321267
2.197	0.323167
2.2	0.324200
2.203	0.324867
2.206	0.324100
2.209	0.324867
2.212	0.325467
2.215	0.324600
2.218	0.326633
2.221	0.328367
2.224	0.328167
2.227	0.328867
2.23	0.327300
2.233	0.328300
2.236	0.330633
2.239	0.332033
2.242	0.333233
2.245	0.330867
2.248	0.333167
2.251	0.333300
2.254	0.332467
2.257	0.332367
2.26	0.331467
2.263	0.333400
2.266	0.333333
2.269	0.333767
2.272	0.334400
2.275	0.337233
2.278	0.339767
2.281	0.340367
2.284	0.337300
2.287	0.336567
2.29	0.336733
2.293	0.337667
2.296	0.338833
2.299	0.339267
2.302	0.340633
2.305	0.342967
2.308	0.345367
2.311	0.343733
2.314	0.345500
2.317	0.346200
2.32	0.345900
2.323	0.347400
2.326	0.345533
2.329	0.345233
2.332	0.345167
2.335	0.346300
2.338	0.345633
2.341	0.347067
2.344	0.352067
2.347	0.353233
2.35	0.351800
2.353	0.348933
2.356	0.350200
2.359	0.352333
2.362	0.350233
2.365	0.350500
2.368	0.351533
2.371	0.353300
2.374	0.353300
2.377	0.354600
2.38	0.353667
2.383	0.351933
2.386	0.352033
2.389	0.352333
2.392	0.353200
2.395	0.356100
2.398	0.354367
2.401	0.355733
2.404	0.355467
2.407	0.353100
2.41	0.352733
2.413	0.353333
2.416	0.357500
2.419	0.357567
2.422	0.359667
2.425	0.361067
2.428	0.361900
2.431	0.362367
2.434	0.361100
2.437	0.361767
2.44	0.361533
2.443	0.360133
2.446	0.358600
2.449	0.359867
2.452	0.363233
2.455	0.363167
2.458	0.364133
2.461	0.365400
2.464	0.363367
2.467	0.361967
2.47	0.362467
2.473	0.363000
2.476	0.364533
2.479	0.364967
2.482	0.363700
2.485	0.362900
2.488	0.364767
2.491	0.363900
2.494	0.361867
2.497	0.362067
2.5	0.363467
2.503	0.365167
2.506	0.367200
2.509	0.367767
2.512	0.367400
2.515	0.367200
