Brown University Keck/NASA Relab Spectrum LS-JBA-268/CLS642
Wavelength(micron)	Reflectance
0.351	0.114000
0.356	0.116000
0.361	0.120000
0.366	0.124000
0.371	0.129000
0.376	0.132000
0.381	0.136000
0.386	0.139000
0.391	0.141000
0.396	0.142000
0.401	0.145000
0.406	0.148000
0.411	0.151000
0.416	0.153000
0.421	0.154000
0.426	0.154000
0.431	0.157000
0.436	0.158000
0.441	0.157000
0.446	0.157000
0.451	0.158000
0.456	0.159000
0.461	0.160000
0.466	0.160000
0.471	0.162000
0.476	0.162000
0.481	0.162000
0.486	0.162000
0.491	0.162000
0.496	0.162000
0.501	0.163000
0.506	0.164000
0.511	0.167000
0.517	0.168000
0.522	0.169000
0.527	0.169000
0.532	0.169000
0.537	0.170000
0.542	0.170000
0.547	0.170000
0.552	0.171000
0.557	0.172000
0.562	0.172000
0.567	0.173000
0.572	0.173000
0.577	0.173000
0.582	0.173000
0.587	0.173000
0.593	0.173000
0.598	0.173000
0.603	0.172000
0.608	0.173000
0.613	0.173000
0.618	0.174000
0.623	0.174000
0.628	0.174000
0.634	0.175000
0.639	0.175000
0.644	0.175000
0.649	0.175000
0.654	0.175000
0.659	0.175000
0.665	0.175000
0.67	0.175000
0.675	0.175000
0.68	0.175000
0.686	0.175000
0.691	0.175000
0.696	0.175000
0.702	0.175000
0.707	0.175000
0.712	0.175000
0.718	0.175000
0.723	0.175000
0.728	0.174000
0.734	0.173000
0.739	0.173000
0.744	0.171000
0.75	0.169000
0.755	0.168000
0.76	0.166000
0.766	0.165000
0.771	0.164000
0.776	0.161000
0.781	0.158000
0.787	0.156000
0.792	0.153000
0.797	0.149000
0.802	0.147000
0.808	0.143000
0.813	0.139000
0.818	0.136000
0.823	0.134000
0.828	0.131000
0.833	0.128000
0.839	0.126000
0.844	0.123000
0.849	0.120000
0.854	0.118000
0.859	0.116000
0.864	0.114000
0.869	0.111000
0.874	0.110000
0.879	0.110000
0.885	0.109000
0.89	0.107000
0.895	0.107000
0.9	0.106000
0.905	0.106000
0.91	0.105000
0.915	0.105000
0.92	0.105000
0.925	0.105000
0.93	0.105000
0.935	0.105000
0.94	0.105000
0.945	0.105000
0.95	0.105000
0.955	0.105000
0.96	0.105000
0.965	0.105000
0.97	0.106000
0.975	0.107000
0.981	0.108000
0.986	0.108000
0.991	0.109000
0.996	0.110000
1.001	0.111000
1.006	0.112000
1.011	0.113000
1.016	0.114000
1.021	0.114000
1.026	0.116000
1.031	0.117000
1.036	0.118000
1.041	0.120000
1.046	0.121000
1.051	0.122000
1.056	0.123000
1.061	0.124000
1.066	0.126000
1.071	0.128000
1.076	0.129000
1.081	0.130000
1.086	0.131000
1.091	0.131000
1.096	0.132000
1.101	0.134000
1.106	0.135000
1.111	0.136000
1.116	0.138000
1.121	0.139000
1.126	0.140000
1.131	0.140000
1.136	0.141000
1.141	0.143000
1.146	0.143000
1.151	0.144000
1.156	0.145000
1.161	0.146000
1.166	0.147000
1.171	0.147000
1.176	0.147000
1.181	0.147000
1.186	0.148000
1.191	0.148000
1.196	0.148000
1.201	0.148000
1.206	0.148000
1.211	0.148000
1.216	0.149000
1.221	0.149000
1.226	0.149000
1.231	0.149000
1.236	0.150000
1.241	0.150000
1.246	0.151000
1.251	0.151000
1.256	0.151000
1.261	0.151000
1.266	0.151000
1.271	0.152000
1.277	0.152000
1.282	0.152000
1.287	0.152000
1.292	0.152000
1.297	0.153000
1.302	0.153000
1.307	0.153000
1.312	0.153000
1.317	0.153000
1.322	0.154000
1.327	0.154000
1.332	0.155000
1.337	0.156000
1.342	0.156000
1.347	0.156000
1.352	0.157000
1.357	0.157000
1.362	0.157000
1.367	0.158000
1.372	0.158000
1.377	0.159000
1.382	0.159000
1.387	0.159000
1.392	0.159000
1.397	0.160000
1.402	0.160000
1.407	0.160000
1.412	0.160000
1.417	0.160000
1.422	0.160000
1.427	0.160000
1.432	0.160000
1.437	0.160000
1.442	0.160000
1.447	0.160000
1.452	0.160000
1.457	0.160000
1.462	0.160000
1.467	0.160000
1.472	0.160000
1.477	0.160000
1.482	0.160000
1.487	0.160000
1.492	0.159000
1.497	0.159000
1.502	0.158000
1.507	0.158000
1.512	0.158000
1.517	0.158000
1.522	0.158000
1.527	0.158000
1.532	0.158000
1.537	0.157000
1.542	0.156000
1.547	0.156000
1.552	0.156000
1.557	0.156000
1.562	0.155000
1.567	0.155000
1.572	0.154000
1.577	0.153000
1.582	0.152000
1.587	0.152000
1.592	0.152000
1.597	0.152000
1.602	0.151000
1.607	0.150000
1.612	0.150000
1.617	0.149000
1.622	0.149000
1.627	0.149000
1.632	0.148000
1.637	0.148000
1.642	0.147000
1.647	0.147000
1.652	0.146000
1.657	0.146000
1.662	0.145000
1.667	0.145000
1.672	0.144000
1.677	0.144000
1.682	0.144000
1.687	0.143000
1.692	0.142000
1.697	0.141000
1.702	0.141000
1.707	0.141000
1.712	0.141000
1.717	0.141000
1.722	0.140000
1.727	0.140000
1.732	0.140000
1.737	0.140000
1.742	0.140000
1.747	0.140000
1.752	0.139000
1.757	0.139000
1.762	0.139000
1.767	0.139000
1.772	0.139000
1.777	0.139000
1.782	0.139000
1.787	0.139000
1.792	0.139000
1.797	0.139000
1.802	0.139000
1.807	0.139000
1.812	0.139000
1.817	0.139000
1.822	0.139000
1.827	0.139000
1.832	0.139000
1.837	0.139000
1.842	0.139000
1.847	0.139000
1.852	0.139000
1.857	0.139000
1.862	0.138000
1.867	0.139000
1.872	0.139000
1.877	0.139000
1.882	0.139000
1.887	0.139000
1.892	0.140000
1.897	0.140000
1.902	0.141000
1.907	0.141000
1.912	0.141000
1.917	0.142000
1.922	0.142000
1.927	0.142000
1.932	0.142000
1.937	0.143000
1.942	0.144000
1.947	0.144000
1.952	0.144000
1.957	0.144000
1.962	0.144000
1.967	0.144000
1.972	0.145000
1.977	0.146000
1.982	0.146000
1.987	0.146000
1.992	0.147000
1.997	0.147000
2.002	0.147000
2.007	0.147000
2.012	0.148000
2.017	0.148000
2.022	0.148000
2.027	0.151000
2.032	0.151000
2.037	0.151000
2.042	0.152000
2.047	0.153000
2.052	0.153000
2.057	0.153000
2.062	0.153000
2.067	0.154000
2.072	0.156000
2.077	0.156000
2.082	0.156000
2.087	0.156000
2.092	0.157000
2.097	0.157000
2.102	0.158000
2.107	0.159000
2.112	0.159000
2.117	0.160000
2.122	0.160000
2.127	0.161000
2.132	0.161000
2.137	0.162000
2.142	0.163000
2.147	0.164000
2.152	0.165000
2.157	0.165000
2.162	0.165000
2.167	0.165000
2.172	0.166000
2.177	0.168000
2.182	0.168000
2.187	0.168000
2.192	0.169000
2.197	0.169000
2.202	0.170000
2.207	0.170000
2.212	0.171000
2.217	0.171000
2.222	0.173000
2.227	0.173000
2.232	0.173000
2.237	0.173000
2.242	0.175000
2.247	0.176000
2.252	0.176000
2.257	0.177000
2.262	0.178000
2.267	0.178000
2.272	0.179000
2.277	0.179000
2.282	0.179000
2.287	0.180000
2.292	0.181000
2.297	0.182000
2.302	0.182000
2.307	0.183000
2.312	0.183000
2.317	0.184000
2.322	0.184000
2.327	0.185000
2.332	0.186000
2.337	0.186000
2.342	0.186000
2.347	0.187000
2.352	0.188000
2.357	0.189000
2.362	0.189000
2.367	0.190000
2.372	0.192000
2.377	0.193000
2.382	0.193000
2.387	0.195000
2.392	0.195000
2.397	0.195000
2.402	0.195000
2.407	0.196000
2.412	0.197000
2.417	0.197000
2.422	0.198000
2.427	0.198000
2.432	0.199000
2.437	0.200000
2.442	0.201000
2.447	0.202000
2.452	0.203000
2.457	0.204000
2.462	0.204000
2.467	0.205000
2.472	0.206000
2.477	0.206000
2.482	0.207000
2.487	0.207000
2.492	0.208000
2.497	0.209000
2.502	0.210000
2.507	0.210000
2.512	0.210000
2.517	0.210000
2.522	0.210000
2.527	0.210000
2.532	0.210000
2.537	0.210000
