Brown University Keck/NASA Relab Spectrum LS-JBA-001/CLS600
Wavelength(micron)	Reflectance
0.351	0.155567
0.354	0.156667
0.357	0.157411
0.36	0.159022
0.363	0.160244
0.366	0.161511
0.369	0.162411
0.372	0.163200
0.375	0.162778
0.378	0.163589
0.381	0.164522
0.384	0.164500
0.387	0.164522
0.39	0.165244
0.393	0.166167
0.396	0.166778
0.399	0.166211
0.402	0.166700
0.405	0.167533
0.408	0.167544
0.411	0.167722
0.414	0.167711
0.417	0.167667
0.42	0.167889
0.423	0.168156
0.426	0.167656
0.429	0.167389
0.432	0.166978
0.435	0.167600
0.438	0.168200
0.441	0.168244
0.444	0.168778
0.447	0.168711
0.45	0.168233
0.453	0.168278
0.456	0.168322
0.459	0.168333
0.462	0.168611
0.465	0.168589
0.468	0.168267
0.471	0.168456
0.474	0.168222
0.477	0.167367
0.48	0.166900
0.483	0.167411
0.486	0.167611
0.489	0.167733
0.492	0.167656
0.495	0.167378
0.498	0.167111
0.501	0.166956
0.504	0.167311
0.507	0.167622
0.51	0.167733
0.513	0.167800
0.517	0.168833
0.52	0.168989
0.523	0.168600
0.526	0.168711
0.529	0.168778
0.532	0.169322
0.535	0.169822
0.538	0.170344
0.541	0.170267
0.544	0.169644
0.547	0.170011
0.55	0.170300
0.553	0.170933
0.556	0.170867
0.559	0.170233
0.562	0.170500
0.565	0.171422
0.568	0.171989
0.571	0.172800
0.574	0.172889
0.577	0.173267
0.58	0.173133
0.583	0.172867
0.586	0.173244
0.589	0.175089
0.593	0.176511
0.596	0.176633
0.599	0.177333
0.602	0.177600
0.605	0.177533
0.608	0.177856
0.611	0.178167
0.614	0.177589
0.617	0.177500
0.62	0.178100
0.623	0.178922
0.626	0.179744
0.629	0.179178
0.632	0.179422
0.636	0.179978
0.639	0.179989
0.642	0.182200
0.645	0.183833
0.648	0.182678
0.651	0.182278
0.654	0.182711
0.657	0.183978
0.66	0.185000
0.664	0.185256
0.667	0.185944
0.67	0.186333
0.673	0.186044
0.676	0.188089
0.679	0.188444
0.683	0.188956
0.686	0.188256
0.689	0.187256
0.692	0.189500
0.695	0.189478
0.698	0.190633
0.702	0.190789
0.705	0.191322
0.708	0.192611
0.711	0.193700
0.714	0.194122
0.718	0.193389
0.721	0.194189
0.724	0.195000
0.727	0.194456
0.73	0.194678
0.734	0.196100
0.737	0.197156
0.74	0.197844
0.743	0.198989
0.746	0.199378
0.75	0.199267
0.753	0.198111
0.756	0.198689
0.759	0.199489
0.762	0.199022
0.766	0.199711
0.769	0.200744
0.772	0.200889
0.775	0.201678
0.778	0.202256
0.781	0.202511
0.785	0.203189
0.788	0.203978
0.791	0.204556
0.794	0.202644
0.797	0.201744
0.8	0.201867
0.803	0.203856
0.807	0.202933
0.81	0.201589
0.813	0.201156
0.816	0.200644
0.819	0.199267
0.822	0.198100
0.825	0.197567
0.828	0.197178
0.831	0.198967
0.834	0.197556
0.838	0.196356
0.841	0.194833
0.844	0.194189
0.847	0.195622
0.85	0.194767
0.853	0.192767
0.856	0.192778
0.859	0.191156
0.862	0.189489
0.865	0.188033
0.868	0.187344
0.871	0.186889
0.874	0.185956
0.877	0.184411
0.88	0.184022
0.883	0.183322
0.887	0.182367
0.89	0.181756
0.893	0.180189
0.896	0.180633
0.899	0.181478
0.902	0.177256
0.905	0.176156
0.908	0.176822
0.911	0.176356
0.914	0.174311
0.917	0.173989
0.92	0.173244
0.923	0.172967
0.926	0.171900
0.929	0.169389
0.932	0.169289
0.935	0.169089
0.938	0.167344
0.941	0.166344
0.944	0.162056
0.947	0.160411
0.95	0.161011
0.953	0.163022
0.956	0.162733
0.959	0.162256
0.962	0.161556
0.965	0.161456
0.968	0.161656
0.971	0.160522
0.974	0.161278
0.978	0.160989
0.981	0.159922
0.984	0.160311
0.987	0.161533
0.99	0.160433
0.993	0.159800
0.996	0.158744
0.999	0.158011
1.002	0.157233
1.005	0.157033
1.008	0.156167
1.011	0.156133
1.014	0.156633
1.017	0.157356
1.02	0.157656
1.023	0.156867
1.026	0.157389
1.029	0.157244
1.032	0.159033
1.035	0.160578
1.038	0.161311
1.041	0.159500
1.044	0.158944
1.047	0.160111
1.05	0.160989
1.053	0.160956
1.056	0.163322
1.059	0.164022
1.062	0.164778
1.065	0.165711
1.068	0.166556
1.071	0.166733
1.074	0.167044
1.077	0.169489
1.08	0.170011
1.083	0.170467
1.086	0.170478
1.089	0.171133
1.092	0.174389
1.095	0.173978
1.098	0.173656
1.101	0.175744
1.104	0.177144
1.107	0.177956
1.11	0.179700
1.113	0.181533
1.116	0.182544
1.119	0.183044
1.122	0.183244
1.125	0.184467
1.128	0.185233
1.131	0.186689
1.134	0.187422
1.137	0.188222
1.14	0.189100
1.143	0.188922
1.146	0.191311
1.149	0.193233
1.152	0.193544
1.155	0.192844
1.158	0.192900
1.161	0.193778
1.164	0.194089
1.167	0.195356
1.17	0.195989
1.173	0.195911
1.176	0.197500
1.179	0.198422
1.182	0.198389
1.185	0.197456
1.188	0.196578
1.191	0.195878
1.194	0.198256
1.197	0.199589
1.2	0.199400
1.203	0.199678
1.206	0.200378
1.209	0.199700
1.212	0.198389
1.215	0.197233
1.218	0.198800
1.221	0.198811
1.224	0.199222
1.227	0.200889
1.23	0.201033
1.233	0.201167
1.236	0.201222
1.239	0.201656
1.242	0.201678
1.245	0.200689
1.248	0.199756
1.251	0.200767
1.254	0.200033
1.257	0.201156
1.26	0.202978
1.263	0.204678
1.266	0.204633
1.269	0.203833
1.272	0.203900
1.276	0.203756
1.279	0.204256
1.282	0.205067
1.285	0.204489
1.288	0.204233
1.291	0.204456
1.294	0.203422
1.297	0.203144
1.3	0.204178
1.303	0.205022
1.306	0.204844
1.309	0.204900
1.312	0.205189
1.315	0.204889
1.318	0.205633
1.321	0.205800
1.324	0.205689
1.327	0.206456
1.33	0.209022
1.333	0.209333
1.336	0.208456
1.339	0.208578
1.342	0.209189
1.345	0.208978
1.348	0.207678
1.351	0.207778
1.354	0.209033
1.357	0.208589
1.36	0.209111
1.363	0.210233
1.366	0.210411
1.369	0.211122
1.372	0.212389
1.375	0.213033
1.378	0.213000
1.381	0.213311
1.384	0.214744
1.387	0.214489
1.39	0.213667
1.393	0.214944
1.396	0.215689
1.399	0.217000
1.402	0.216711
1.405	0.215733
1.408	0.214911
1.411	0.215622
1.414	0.216922
1.417	0.216589
1.42	0.216411
1.423	0.217000
1.426	0.217678
1.429	0.217122
1.432	0.216789
1.435	0.218389
1.438	0.218722
1.441	0.219744
1.444	0.219233
1.447	0.218722
1.45	0.219044
1.453	0.220300
1.456	0.222133
1.459	0.221933
1.462	0.222033
1.465	0.221656
1.468	0.222189
1.471	0.223178
1.474	0.223044
1.477	0.222933
1.48	0.222800
1.483	0.224433
1.486	0.224433
1.489	0.224722
1.492	0.225122
1.495	0.225100
1.498	0.223722
1.501	0.223667
1.504	0.223956
1.507	0.223944
1.51	0.224422
1.513	0.223533
1.516	0.223944
1.519	0.225056
1.522	0.225600
1.525	0.225589
1.528	0.224767
1.531	0.225567
1.534	0.224556
1.537	0.224167
1.54	0.225244
1.543	0.225311
1.546	0.226922
1.549	0.227900
1.552	0.228489
1.555	0.228356
1.558	0.226211
1.561	0.226744
1.564	0.227633
1.567	0.227611
1.57	0.226922
1.573	0.227267
1.576	0.227689
1.579	0.228433
1.582	0.228122
1.585	0.228811
1.588	0.229978
1.591	0.230200
1.594	0.229222
1.597	0.228200
1.6	0.230400
1.603	0.231422
1.606	0.231333
1.609	0.230800
1.612	0.231322
1.615	0.231844
1.618	0.231622
1.621	0.231889
1.624	0.230900
1.627	0.230367
1.63	0.230811
1.633	0.231578
1.636	0.232389
1.639	0.231878
1.642	0.231656
1.645	0.231400
1.648	0.231367
1.651	0.231211
1.654	0.230933
1.657	0.232456
1.66	0.234133
1.663	0.234444
1.666	0.233689
1.669	0.233844
1.672	0.233511
1.675	0.233933
1.678	0.234478
1.681	0.234833
1.684	0.233300
1.687	0.233056
1.69	0.233944
1.693	0.234867
1.696	0.234078
1.699	0.234744
1.702	0.234689
1.705	0.234756
1.708	0.235611
1.711	0.235144
1.714	0.235133
1.717	0.235211
1.72	0.235678
1.723	0.236256
1.726	0.237400
1.729	0.237767
1.732	0.237589
1.735	0.237056
1.738	0.235567
1.741	0.235811
1.744	0.235578
1.747	0.234844
1.75	0.236533
1.753	0.237300
1.756	0.237611
1.759	0.238467
1.762	0.239156
1.765	0.238144
1.768	0.237822
1.771	0.237478
1.774	0.238222
1.777	0.239589
1.78	0.239522
1.783	0.239122
1.786	0.238722
1.789	0.238744
1.792	0.238456
1.795	0.239800
1.798	0.240644
1.801	0.240789
1.804	0.239922
1.807	0.238256
1.81	0.238078
1.813	0.238867
1.816	0.239789
1.819	0.242700
1.822	0.243167
1.825	0.241633
1.828	0.240678
1.831	0.240544
1.834	0.240978
1.837	0.242256
1.84	0.241122
1.843	0.240644
1.846	0.240478
1.849	0.240978
1.852	0.241889
1.855	0.242267
1.858	0.241989
1.861	0.241422
1.864	0.243844
1.867	0.244622
1.87	0.244933
1.873	0.244389
1.876	0.244100
1.879	0.243044
1.882	0.242000
1.885	0.243789
1.888	0.244011
1.891	0.242878
1.894	0.242856
1.897	0.243833
1.9	0.244478
1.903	0.244867
1.906	0.244844
1.909	0.245267
1.912	0.245322
1.915	0.244622
1.918	0.245356
1.921	0.246267
1.924	0.247333
1.927	0.247789
1.93	0.249344
1.933	0.249489
1.936	0.249267
1.939	0.247700
1.942	0.247833
1.945	0.248200
1.948	0.249033
1.951	0.248589
1.954	0.249211
1.957	0.248556
1.96	0.247867
1.963	0.246344
1.966	0.248856
1.969	0.249211
1.972	0.248533
1.975	0.248744
1.978	0.248456
1.981	0.248656
1.984	0.249611
1.987	0.250189
1.99	0.250278
1.993	0.250400
1.996	0.250822
1.999	0.249256
2.002	0.249067
2.005	0.250133
2.008	0.250378
2.011	0.250656
2.014	0.250711
2.017	0.251644
2.02	0.252433
2.023	0.252322
2.026	0.251456
2.029	0.252211
2.032	0.253367
2.035	0.253611
2.038	0.251989
2.041	0.250744
2.044	0.249656
2.047	0.250911
2.05	0.251833
2.053	0.251322
2.056	0.251844
2.059	0.252244
2.062	0.252944
2.065	0.251644
2.068	0.251700
2.071	0.251956
2.074	0.251456
2.077	0.251122
2.08	0.251967
2.083	0.252422
2.086	0.253278
2.089	0.252911
2.092	0.252389
2.095	0.252556
2.098	0.252722
2.101	0.252711
2.104	0.252922
2.107	0.254000
2.11	0.254456
2.113	0.254356
2.116	0.253444
2.119	0.252678
2.122	0.252389
2.125	0.252778
2.128	0.253156
2.131	0.252800
2.134	0.253956
2.137	0.254744
2.14	0.255233
2.143	0.254444
2.146	0.253900
2.149	0.253244
2.152	0.252222
2.155	0.251689
2.158	0.252656
2.161	0.252478
2.164	0.252389
2.167	0.252900
2.17	0.253456
2.173	0.253722
2.176	0.252922
2.179	0.253322
2.182	0.253167
2.185	0.254289
2.188	0.254311
2.191	0.255511
2.194	0.255200
2.197	0.256089
2.2	0.254922
2.203	0.254122
2.206	0.253667
2.209	0.254378
2.212	0.255622
2.215	0.255689
2.218	0.254344
2.221	0.254789
2.224	0.254467
2.227	0.256044
2.23	0.257178
2.233	0.256667
2.236	0.255711
2.239	0.254867
2.242	0.254856
2.245	0.256378
2.248	0.257711
2.251	0.258056
2.254	0.258867
2.257	0.259789
2.26	0.259289
2.263	0.258778
2.266	0.259422
2.269	0.259700
2.272	0.259456
2.275	0.258744
2.278	0.259200
2.281	0.259489
2.284	0.259789
2.287	0.259500
2.29	0.259833
2.293	0.259144
2.296	0.259211
2.299	0.259689
2.302	0.260989
2.305	0.261844
2.308	0.261700
2.311	0.260611
2.314	0.260233
2.317	0.261167
2.32	0.261156
2.323	0.261878
2.326	0.262867
2.329	0.264244
2.332	0.264233
2.335	0.264533
2.338	0.262856
2.341	0.263744
2.344	0.264078
2.347	0.265433
2.35	0.266556
2.353	0.267456
2.356	0.266656
2.359	0.266989
2.362	0.267656
2.365	0.268167
2.368	0.268533
2.371	0.268789
2.374	0.269144
2.377	0.270611
2.38	0.272111
2.383	0.272089
2.386	0.272489
2.389	0.273567
2.392	0.273267
2.395	0.272478
2.398	0.273978
2.401	0.275656
2.404	0.275533
2.407	0.274833
2.41	0.275789
2.413	0.277644
2.416	0.279611
2.419	0.279644
2.422	0.279767
2.425	0.281300
2.428	0.281589
2.431	0.281200
2.434	0.281578
2.437	0.283267
2.44	0.283944
2.443	0.283922
2.446	0.284744
2.449	0.285867
2.452	0.286967
2.455	0.287222
2.458	0.286778
2.461	0.286756
2.464	0.287578
2.467	0.289367
2.47	0.290256
2.473	0.291956
2.476	0.293467
2.479	0.294078
2.482	0.294400
2.485	0.296278
2.488	0.298144
2.491	0.299789
2.494	0.300544
2.497	0.299722
2.5	0.299644
2.503	0.299444
2.506	0.299444
2.509	0.301889
2.512	0.303367
2.515	0.304278
