Brown University Keck/NASA Relab Spectrum LS-JBA-267/CLS624
Wavelength(micron)	Reflectance
0.351	0.334000
0.356	0.344000
0.361	0.355000
0.366	0.367000
0.371	0.374000
0.376	0.382000
0.381	0.390000
0.386	0.397000
0.391	0.399000
0.396	0.404000
0.401	0.408000
0.406	0.413000
0.411	0.416000
0.416	0.419000
0.421	0.422000
0.426	0.424000
0.431	0.425000
0.436	0.427000
0.441	0.431000
0.446	0.431000
0.451	0.432000
0.456	0.434000
0.461	0.435000
0.466	0.436000
0.471	0.438000
0.476	0.441000
0.481	0.441000
0.486	0.441000
0.491	0.442000
0.496	0.442000
0.501	0.444000
0.506	0.448000
0.511	0.451000
0.517	0.452000
0.522	0.452000
0.527	0.453000
0.532	0.453000
0.537	0.453000
0.542	0.454000
0.547	0.456000
0.552	0.457000
0.557	0.457000
0.562	0.458000
0.567	0.457000
0.572	0.457000
0.577	0.459000
0.582	0.460000
0.587	0.460000
0.593	0.461000
0.598	0.461000
0.603	0.461000
0.608	0.461000
0.613	0.462000
0.618	0.464000
0.623	0.464000
0.628	0.464000
0.634	0.466000
0.639	0.466000
0.644	0.467000
0.649	0.468000
0.654	0.468000
0.659	0.469000
0.665	0.470000
0.67	0.471000
0.675	0.471000
0.68	0.471000
0.686	0.472000
0.691	0.472000
0.696	0.472000
0.702	0.473000
0.707	0.473000
0.712	0.473000
0.718	0.471000
0.723	0.471000
0.728	0.470000
0.734	0.469000
0.739	0.468000
0.744	0.467000
0.75	0.465000
0.755	0.461000
0.76	0.459000
0.766	0.455000
0.771	0.451000
0.776	0.447000
0.781	0.442000
0.787	0.438000
0.792	0.432000
0.797	0.425000
0.802	0.420000
0.808	0.414000
0.813	0.407000
0.818	0.400000
0.823	0.394000
0.828	0.387000
0.833	0.380000
0.839	0.374000
0.844	0.368000
0.849	0.363000
0.854	0.358000
0.859	0.353000
0.864	0.349000
0.869	0.346000
0.874	0.341000
0.879	0.339000
0.885	0.335000
0.89	0.332000
0.895	0.330000
0.9	0.329000
0.905	0.327000
0.91	0.326000
0.915	0.326000
0.92	0.326000
0.925	0.326000
0.93	0.326000
0.935	0.326000
0.94	0.326000
0.945	0.329000
0.95	0.331000
0.955	0.331000
0.96	0.333000
0.965	0.334000
0.97	0.337000
0.975	0.340000
0.981	0.343000
0.986	0.345000
0.991	0.349000
0.996	0.352000
1.001	0.354000
1.006	0.358000
1.011	0.361000
1.016	0.365000
1.021	0.369000
1.026	0.372000
1.031	0.376000
1.036	0.378000
1.041	0.382000
1.046	0.386000
1.051	0.389000
1.056	0.392000
1.061	0.395000
1.066	0.398000
1.071	0.401000
1.076	0.403000
1.081	0.406000
1.086	0.408000
1.091	0.409000
1.096	0.410000
1.101	0.414000
1.106	0.417000
1.111	0.418000
1.116	0.419000
1.121	0.422000
1.126	0.424000
1.131	0.425000
1.136	0.426000
1.141	0.428000
1.146	0.429000
1.151	0.431000
1.156	0.432000
1.161	0.433000
1.166	0.434000
1.171	0.434000
1.176	0.434000
1.181	0.434000
1.186	0.435000
1.191	0.436000
1.196	0.436000
1.201	0.437000
1.206	0.437000
1.211	0.437000
1.216	0.437000
1.221	0.437000
1.226	0.438000
1.231	0.439000
1.236	0.440000
1.241	0.440000
1.246	0.441000
1.251	0.441000
1.256	0.442000
1.261	0.442000
1.266	0.442000
1.271	0.443000
1.277	0.443000
1.282	0.443000
1.287	0.444000
1.292	0.445000
1.297	0.445000
1.302	0.446000
1.307	0.447000
1.312	0.448000
1.317	0.449000
1.322	0.450000
1.327	0.450000
1.332	0.451000
1.337	0.453000
1.342	0.453000
1.347	0.454000
1.352	0.454000
1.357	0.455000
1.362	0.455000
1.367	0.455000
1.372	0.456000
1.377	0.457000
1.382	0.458000
1.387	0.459000
1.392	0.460000
1.397	0.460000
1.402	0.460000
1.407	0.460000
1.412	0.460000
1.417	0.460000
1.422	0.461000
1.427	0.461000
1.432	0.462000
1.437	0.462000
1.442	0.462000
1.447	0.461000
1.452	0.461000
1.457	0.461000
1.462	0.461000
1.467	0.461000
1.472	0.462000
1.477	0.461000
1.482	0.461000
1.487	0.461000
1.492	0.461000
1.497	0.460000
1.502	0.459000
1.507	0.459000
1.512	0.459000
1.517	0.458000
1.522	0.458000
1.527	0.456000
1.532	0.456000
1.537	0.455000
1.542	0.453000
1.547	0.452000
1.552	0.451000
1.557	0.450000
1.562	0.449000
1.567	0.448000
1.572	0.448000
1.577	0.447000
1.582	0.446000
1.587	0.444000
1.592	0.443000
1.597	0.441000
1.602	0.440000
1.607	0.439000
1.612	0.438000
1.617	0.436000
1.622	0.434000
1.627	0.433000
1.632	0.433000
1.637	0.432000
1.642	0.430000
1.647	0.429000
1.652	0.426000
1.657	0.425000
1.662	0.424000
1.667	0.423000
1.672	0.422000
1.677	0.421000
1.682	0.419000
1.687	0.417000
1.692	0.416000
1.697	0.415000
1.702	0.413000
1.707	0.413000
1.712	0.412000
1.717	0.410000
1.722	0.408000
1.727	0.407000
1.732	0.406000
1.737	0.405000
1.742	0.404000
1.747	0.403000
1.752	0.402000
1.757	0.400000
1.762	0.399000
1.767	0.398000
1.772	0.397000
1.777	0.396000
1.782	0.396000
1.787	0.395000
1.792	0.394000
1.797	0.394000
1.802	0.393000
1.807	0.392000
1.812	0.391000
1.817	0.391000
1.822	0.390000
1.827	0.388000
1.832	0.387000
1.837	0.387000
1.842	0.387000
1.847	0.387000
1.852	0.387000
1.857	0.387000
1.862	0.386000
1.867	0.385000
1.872	0.385000
1.877	0.385000
1.882	0.385000
1.887	0.384000
1.892	0.384000
1.897	0.383000
1.902	0.383000
1.907	0.383000
1.912	0.383000
1.917	0.383000
1.922	0.383000
1.927	0.383000
1.932	0.383000
1.937	0.383000
1.942	0.383000
1.947	0.383000
1.952	0.383000
1.957	0.383000
1.962	0.384000
1.967	0.384000
1.972	0.385000
1.977	0.385000
1.982	0.386000
1.987	0.387000
1.992	0.387000
1.997	0.387000
2.002	0.388000
2.007	0.388000
2.012	0.389000
2.017	0.389000
2.022	0.390000
2.027	0.391000
2.032	0.391000
2.037	0.392000
2.042	0.392000
2.047	0.394000
2.052	0.394000
2.057	0.396000
2.062	0.397000
2.067	0.398000
2.072	0.399000
2.077	0.399000
2.082	0.400000
2.087	0.402000
2.092	0.403000
2.097	0.403000
2.102	0.404000
2.107	0.406000
2.112	0.407000
2.117	0.409000
2.122	0.409000
2.127	0.410000
2.132	0.411000
2.137	0.412000
2.142	0.414000
2.147	0.416000
2.152	0.417000
2.157	0.417000
2.162	0.418000
2.167	0.420000
2.172	0.421000
2.177	0.422000
2.182	0.423000
2.187	0.425000
2.192	0.426000
2.197	0.428000
2.202	0.428000
2.207	0.429000
2.212	0.431000
2.217	0.433000
2.222	0.434000
2.227	0.435000
2.232	0.436000
2.237	0.437000
2.242	0.438000
2.247	0.440000
2.252	0.442000
2.257	0.442000
2.262	0.444000
2.267	0.445000
2.272	0.445000
2.277	0.446000
2.282	0.448000
2.287	0.450000
2.292	0.451000
2.297	0.452000
2.302	0.453000
2.307	0.455000
2.312	0.455000
2.317	0.456000
2.322	0.458000
2.327	0.459000
2.332	0.460000
2.337	0.461000
2.342	0.463000
2.347	0.464000
2.352	0.466000
2.357	0.466000
2.362	0.467000
2.367	0.468000
2.372	0.469000
2.377	0.470000
2.382	0.472000
2.387	0.473000
2.392	0.475000
2.397	0.476000
2.402	0.478000
2.407	0.480000
2.412	0.481000
2.417	0.482000
2.422	0.483000
2.427	0.483000
2.432	0.484000
2.437	0.485000
2.442	0.486000
2.447	0.488000
2.452	0.489000
2.457	0.491000
2.462	0.491000
2.467	0.492000
2.472	0.493000
2.477	0.495000
2.482	0.496000
2.487	0.499000
2.492	0.501000
2.497	0.501000
2.502	0.501000
2.507	0.503000
2.512	0.504000
2.517	0.505000
2.522	0.507000
2.527	0.507000
2.532	0.507000
2.537	0.507000
