Brown University Keck/NASA Relab Spectrum SA-JBA-019/CLS696
Wavelength(micron)	Reflectance
0.351	0.578000
0.356	0.596000
0.361	0.608000
0.366	0.620000
0.371	0.629000
0.376	0.637000
0.381	0.644000
0.386	0.650000
0.391	0.656000
0.396	0.663000
0.401	0.670000
0.406	0.675000
0.411	0.680000
0.416	0.685000
0.421	0.689000
0.426	0.691000
0.431	0.695000
0.436	0.698000
0.441	0.702000
0.446	0.707000
0.451	0.708000
0.456	0.712000
0.461	0.717000
0.466	0.719000
0.471	0.720000
0.476	0.721000
0.481	0.724000
0.486	0.724000
0.491	0.726000
0.496	0.726000
0.501	0.726000
0.506	0.726000
0.511	0.726000
0.517	0.725000
0.522	0.725000
0.527	0.725000
0.532	0.725000
0.537	0.724000
0.542	0.726000
0.547	0.729000
0.552	0.730000
0.557	0.730000
0.562	0.732000
0.567	0.733000
0.572	0.736000
0.577	0.738000
0.582	0.738000
0.587	0.741000
0.593	0.744000
0.598	0.745000
0.603	0.746000
0.608	0.746000
0.613	0.747000
0.618	0.747000
0.623	0.748000
0.628	0.748000
0.634	0.748000
0.639	0.748000
0.644	0.748000
0.649	0.748000
0.654	0.747000
0.659	0.747000
0.665	0.748000
0.67	0.748000
0.675	0.749000
0.68	0.749000
0.686	0.749000
0.691	0.749000
0.696	0.749000
0.702	0.749000
0.707	0.749000
0.712	0.749000
0.718	0.751000
0.723	0.751000
0.728	0.751000
0.734	0.751000
0.739	0.751000
0.744	0.751000
0.75	0.751000
0.755	0.751000
0.76	0.751000
0.766	0.751000
0.771	0.751000
0.776	0.752000
0.781	0.752000
0.787	0.752000
0.792	0.752000
0.797	0.752000
0.802	0.752000
0.808	0.752000
0.813	0.751000
0.818	0.751000
0.823	0.751000
0.828	0.752000
0.833	0.753000
0.839	0.753000
0.844	0.753000
0.849	0.753000
0.854	0.753000
0.859	0.754000
0.864	0.754000
0.869	0.754000
0.874	0.754000
0.879	0.755000
0.885	0.755000
0.89	0.755000
0.895	0.755000
0.9	0.756000
0.905	0.756000
0.91	0.756000
0.915	0.756000
0.92	0.756000
0.925	0.756000
0.93	0.756000
0.935	0.756000
0.94	0.756000
0.945	0.756000
0.95	0.756000
0.955	0.755000
0.96	0.755000
0.965	0.755000
0.97	0.755000
0.975	0.755000
0.981	0.755000
0.986	0.755000
0.991	0.755000
0.996	0.754000
1.001	0.754000
1.006	0.754000
1.011	0.753000
1.016	0.753000
1.021	0.753000
1.026	0.752000
1.031	0.752000
1.036	0.752000
1.041	0.751000
1.046	0.751000
1.051	0.751000
1.056	0.749000
1.061	0.748000
1.066	0.748000
1.071	0.748000
1.076	0.748000
1.081	0.747000
1.086	0.747000
1.091	0.747000
1.096	0.747000
1.101	0.746000
1.106	0.746000
1.111	0.746000
1.116	0.746000
1.121	0.746000
1.126	0.745000
1.131	0.745000
1.136	0.745000
1.141	0.745000
1.146	0.745000
1.151	0.745000
1.156	0.745000
1.161	0.745000
1.166	0.745000
1.171	0.745000
1.176	0.745000
1.181	0.745000
1.186	0.745000
1.191	0.746000
1.196	0.746000
1.201	0.746000
1.206	0.746000
1.211	0.746000
1.216	0.746000
1.221	0.746000
1.226	0.746000
1.231	0.747000
1.236	0.747000
1.241	0.747000
1.246	0.747000
1.251	0.747000
1.256	0.748000
1.261	0.748000
1.266	0.748000
1.271	0.748000
1.277	0.748000
1.282	0.749000
1.287	0.749000
1.292	0.749000
1.297	0.749000
1.302	0.751000
1.307	0.751000
1.312	0.751000
1.317	0.752000
1.322	0.752000
1.327	0.752000
1.332	0.752000
1.337	0.751000
1.342	0.751000
1.347	0.750000
1.352	0.750000
1.357	0.747000
1.362	0.745000
1.367	0.743000
1.372	0.741000
1.377	0.737000
1.382	0.734000
1.387	0.732000
1.392	0.729000
1.397	0.726000
1.402	0.726000
1.407	0.725000
1.412	0.724000
1.417	0.724000
1.422	0.725000
1.427	0.726000
1.432	0.727000
1.437	0.729000
1.442	0.730000
1.447	0.731000
1.452	0.734000
1.457	0.736000
1.462	0.738000
1.467	0.739000
1.472	0.741000
1.477	0.744000
1.482	0.747000
1.487	0.748000
1.492	0.751000
1.497	0.754000
1.502	0.755000
1.507	0.758000
1.512	0.759000
1.517	0.762000
1.522	0.764000
1.527	0.765000
1.532	0.766000
1.537	0.767000
1.542	0.769000
1.547	0.770000
1.552	0.771000
1.557	0.772000
1.562	0.773000
1.567	0.774000
1.572	0.775000
1.577	0.775000
1.582	0.776000
1.587	0.776000
1.592	0.778000
1.597	0.778000
1.602	0.779000
1.607	0.781000
1.612	0.781000
1.617	0.781000
1.622	0.782000
1.627	0.782000
1.632	0.783000
1.637	0.783000
1.642	0.784000
1.647	0.784000
1.652	0.784000
1.657	0.784000
1.662	0.784000
1.667	0.785000
1.672	0.785000
1.677	0.785000
1.682	0.785000
1.687	0.786000
1.692	0.786000
1.697	0.787000
1.702	0.787000
1.707	0.788000
1.712	0.788000
1.717	0.788000
1.722	0.788000
1.727	0.788000
1.732	0.788000
1.737	0.788000
1.742	0.788000
1.747	0.788000
1.752	0.788000
1.757	0.788000
1.762	0.788000
1.767	0.788000
1.772	0.788000
1.777	0.788000
1.782	0.788000
1.787	0.788000
1.792	0.788000
1.797	0.787000
1.802	0.787000
1.807	0.787000
1.812	0.787000
1.817	0.787000
1.822	0.785000
1.827	0.783000
1.832	0.781000
1.837	0.780000
1.842	0.777000
1.847	0.772000
1.852	0.765000
1.857	0.759000
1.862	0.753000
1.867	0.743000
1.872	0.736000
1.877	0.725000
1.882	0.715000
1.887	0.706000
1.892	0.697000
1.897	0.687000
1.902	0.678000
1.907	0.670000
1.912	0.665000
1.917	0.660000
1.922	0.657000
1.927	0.656000
1.932	0.656000
1.937	0.657000
1.942	0.659000
1.947	0.661000
1.952	0.665000
1.957	0.670000
1.962	0.674000
1.967	0.679000
1.972	0.684000
1.977	0.689000
1.982	0.694000
1.987	0.700000
1.992	0.706000
1.997	0.712000
2.002	0.718000
2.007	0.724000
2.012	0.728000
2.017	0.735000
2.022	0.738000
2.027	0.743000
2.032	0.746000
2.037	0.749000
2.042	0.752000
2.047	0.756000
2.052	0.759000
2.057	0.763000
2.062	0.765000
2.067	0.768000
2.072	0.771000
2.077	0.772000
2.082	0.773000
2.087	0.774000
2.092	0.774000
2.097	0.775000
2.102	0.775000
2.107	0.775000
2.112	0.775000
2.117	0.775000
2.122	0.774000
2.127	0.773000
2.132	0.772000
2.137	0.771000
2.142	0.769000
2.147	0.767000
2.152	0.764000
2.157	0.763000
2.162	0.761000
2.167	0.760000
2.172	0.759000
2.177	0.758000
2.182	0.758000
2.187	0.758000
2.192	0.758000
2.197	0.758000
2.202	0.759000
2.207	0.761000
2.212	0.762000
2.217	0.763000
2.222	0.764000
2.227	0.765000
2.232	0.766000
2.237	0.766000
2.242	0.767000
2.247	0.767000
2.252	0.766000
2.257	0.766000
2.262	0.764000
2.267	0.763000
2.272	0.762000
2.277	0.760000
2.282	0.755000
2.287	0.753000
2.292	0.751000
2.297	0.746000
2.302	0.744000
2.307	0.741000
2.312	0.737000
2.317	0.735000
2.322	0.730000
2.327	0.725000
2.332	0.723000
2.337	0.719000
2.342	0.717000
2.347	0.714000
2.352	0.712000
2.357	0.711000
2.362	0.708000
2.367	0.707000
2.372	0.705000
2.377	0.704000
2.382	0.702000
2.387	0.701000
2.392	0.699000
2.397	0.698000
2.402	0.696000
2.407	0.695000
2.412	0.693000
2.417	0.691000
2.422	0.689000
2.427	0.688000
2.432	0.686000
2.437	0.683000
2.442	0.680000
2.447	0.679000
2.452	0.677000
2.457	0.675000
2.462	0.673000
2.467	0.671000
2.472	0.670000
2.477	0.668000
2.482	0.666000
2.487	0.665000
2.492	0.663000
2.497	0.662000
2.502	0.661000
2.507	0.659000
2.512	0.659000
2.517	0.657000
2.522	0.657000
2.527	0.655000
2.532	0.653000
2.537	0.653000
