Brown University Keck/NASA Relab Spectrum LS-JBA-216-P/CLS617
Wavelength(micron)	Reflectance
0.351	0.099478
0.354	0.100533
0.357	0.101322
0.36	0.102011
0.363	0.102311
0.366	0.103033
0.369	0.104322
0.372	0.104167
0.375	0.104056
0.378	0.104656
0.381	0.105044
0.384	0.106867
0.387	0.107733
0.39	0.108144
0.393	0.108611
0.396	0.109000
0.399	0.109589
0.402	0.110389
0.405	0.111678
0.408	0.112311
0.411	0.112489
0.414	0.113878
0.417	0.114589
0.42	0.115633
0.423	0.115967
0.426	0.116300
0.429	0.117922
0.432	0.118444
0.435	0.119133
0.438	0.119700
0.441	0.120378
0.444	0.122078
0.447	0.122544
0.45	0.122689
0.453	0.123122
0.456	0.123844
0.459	0.124822
0.462	0.125622
0.465	0.126522
0.468	0.126689
0.471	0.126889
0.474	0.127911
0.477	0.128556
0.48	0.128922
0.483	0.129667
0.486	0.130444
0.489	0.131200
0.492	0.131689
0.495	0.132500
0.498	0.133400
0.501	0.133822
0.504	0.135556
0.507	0.135222
0.51	0.134956
0.513	0.135522
0.517	0.136533
0.52	0.137600
0.523	0.138011
0.526	0.139233
0.529	0.139478
0.532	0.139733
0.535	0.141033
0.538	0.141233
0.541	0.141956
0.544	0.142833
0.547	0.143544
0.55	0.143744
0.553	0.143989
0.556	0.144267
0.559	0.144900
0.562	0.145111
0.565	0.145822
0.568	0.146244
0.571	0.146967
0.574	0.147844
0.577	0.148578
0.58	0.149356
0.583	0.149711
0.586	0.149922
0.589	0.150156
0.593	0.150656
0.596	0.151944
0.599	0.152744
0.602	0.153989
0.605	0.154678
0.608	0.154189
0.611	0.153133
0.614	0.153489
0.617	0.153922
0.62	0.155056
0.623	0.156478
0.626	0.157867
0.629	0.158333
0.632	0.158522
0.636	0.158956
0.639	0.158667
0.642	0.160622
0.645	0.161811
0.648	0.162300
0.651	0.162133
0.654	0.162611
0.657	0.164178
0.66	0.164733
0.664	0.165111
0.667	0.165544
0.67	0.165778
0.673	0.166622
0.676	0.166800
0.679	0.167189
0.683	0.169044
0.686	0.168600
0.689	0.168189
0.692	0.168367
0.695	0.168733
0.698	0.169344
0.702	0.169856
0.705	0.170689
0.708	0.171189
0.711	0.171433
0.714	0.171822
0.718	0.172367
0.721	0.173622
0.724	0.173889
0.727	0.173822
0.73	0.174667
0.734	0.175144
0.737	0.176000
0.74	0.176833
0.743	0.177333
0.746	0.177200
0.75	0.177767
0.753	0.178578
0.756	0.179067
0.759	0.179878
0.762	0.180833
0.766	0.180622
0.769	0.180433
0.772	0.180767
0.775	0.181478
0.778	0.182011
0.781	0.182289
0.785	0.182311
0.788	0.182933
0.791	0.183589
0.794	0.182622
0.797	0.182700
0.8	0.184267
0.803	0.184722
0.807	0.184944
0.81	0.185433
0.813	0.185489
0.816	0.185767
0.819	0.186233
0.822	0.185922
0.825	0.185933
0.828	0.186256
0.831	0.187189
0.834	0.186633
0.838	0.185911
0.841	0.186278
0.844	0.187456
0.847	0.188044
0.85	0.188022
0.853	0.188022
0.856	0.187589
0.859	0.188744
0.862	0.189067
0.865	0.188878
0.868	0.189056
0.871	0.188400
0.874	0.188811
0.877	0.189456
0.88	0.190400
0.883	0.191544
0.887	0.191811
0.89	0.190989
0.893	0.190511
0.896	0.190600
0.899	0.191411
0.902	0.191789
0.905	0.191700
0.908	0.191722
0.911	0.191567
0.914	0.191544
0.917	0.191778
0.92	0.192156
0.923	0.193478
0.926	0.193200
0.929	0.192778
0.932	0.193889
0.935	0.193911
0.938	0.194511
0.941	0.194956
0.944	0.195900
0.947	0.196911
0.95	0.197667
0.953	0.198600
0.956	0.198878
0.959	0.198589
0.962	0.198111
0.965	0.198867
0.968	0.199867
0.971	0.199911
0.974	0.199622
0.978	0.199822
0.981	0.200256
0.984	0.201856
0.987	0.202456
0.99	0.203578
0.993	0.203933
0.996	0.204900
0.999	0.205278
1.002	0.205278
1.005	0.206544
1.008	0.208067
1.011	0.208411
1.014	0.208067
1.017	0.208300
1.02	0.209311
1.023	0.209411
1.026	0.209656
1.029	0.210311
1.032	0.210089
1.035	0.211100
1.038	0.211767
1.041	0.212422
1.044	0.213456
1.047	0.214478
1.05	0.214811
1.053	0.214556
1.056	0.215089
1.059	0.215778
1.062	0.215556
1.065	0.216789
1.068	0.217944
1.071	0.217833
1.074	0.218478
1.077	0.218722
1.08	0.218367
1.083	0.218022
1.086	0.218567
1.089	0.221022
1.092	0.220856
1.095	0.220333
1.098	0.220744
1.101	0.221678
1.104	0.223244
1.107	0.223411
1.11	0.224089
1.113	0.224644
1.116	0.224511
1.119	0.224922
1.122	0.225178
1.125	0.225511
1.128	0.226378
1.131	0.226633
1.134	0.226444
1.137	0.226967
1.14	0.228722
1.143	0.230267
1.146	0.230667
1.149	0.231778
1.152	0.232100
1.155	0.231578
1.158	0.231444
1.161	0.232344
1.164	0.233022
1.167	0.233467
1.17	0.234567
1.173	0.234389
1.176	0.233800
1.179	0.235133
1.182	0.235322
1.185	0.235344
1.188	0.235589
1.191	0.235778
1.194	0.237356
1.197	0.237922
1.2	0.238400
1.203	0.238678
1.206	0.238556
1.209	0.239867
1.212	0.240144
1.215	0.240489
1.218	0.240022
1.221	0.239811
1.224	0.240344
1.227	0.240733
1.23	0.241433
1.233	0.242611
1.236	0.243011
1.239	0.242744
1.242	0.243500
1.245	0.243700
1.248	0.243667
1.251	0.244311
1.254	0.245933
1.257	0.245911
1.26	0.245822
1.263	0.246389
1.266	0.247033
1.269	0.247789
1.272	0.248178
1.276	0.248344
1.279	0.248711
1.282	0.248533
1.285	0.247833
1.288	0.248378
1.291	0.250089
1.294	0.250000
1.297	0.250067
1.3	0.250067
1.303	0.250911
1.306	0.251778
1.309	0.251811
1.312	0.252678
1.315	0.252700
1.318	0.253200
1.321	0.254900
1.324	0.255667
1.327	0.254844
1.33	0.255344
1.333	0.255733
1.336	0.256478
1.339	0.256167
1.342	0.256622
1.345	0.258300
1.348	0.258611
1.351	0.257789
1.354	0.258156
1.357	0.259256
1.36	0.261200
1.363	0.261922
1.366	0.261567
1.369	0.261811
1.372	0.261767
1.375	0.261944
1.378	0.262811
1.381	0.263489
1.384	0.264278
1.387	0.264433
1.39	0.264033
1.393	0.264267
1.396	0.264178
1.399	0.264922
1.402	0.265244
1.405	0.265733
1.408	0.266100
1.411	0.267189
1.414	0.266489
1.417	0.266433
1.42	0.268111
1.423	0.268722
1.426	0.269311
1.429	0.269600
1.432	0.270156
1.435	0.270333
1.438	0.271144
1.441	0.271422
1.444	0.271367
1.447	0.271744
1.45	0.271622
1.453	0.272311
1.456	0.272744
1.459	0.273022
1.462	0.273089
1.465	0.273333
1.468	0.273933
1.471	0.274378
1.474	0.275756
1.477	0.276467
1.48	0.276989
1.483	0.277400
1.486	0.277822
1.489	0.277633
1.492	0.276489
1.495	0.277378
1.498	0.278256
1.501	0.278922
1.504	0.279633
1.507	0.279256
1.51	0.279389
1.513	0.279922
1.516	0.280300
1.519	0.280444
1.522	0.279989
1.525	0.281522
1.528	0.282589
1.531	0.282822
1.534	0.282556
1.537	0.282289
1.54	0.283122
1.543	0.283767
1.546	0.285489
1.549	0.284489
1.552	0.283489
1.555	0.283933
1.558	0.284478
1.561	0.284933
1.564	0.285644
1.567	0.285933
1.57	0.285778
1.573	0.285622
1.576	0.285889
1.579	0.285844
1.582	0.286378
1.585	0.288444
1.588	0.288444
1.591	0.287989
1.594	0.287489
1.597	0.287200
1.6	0.288211
1.603	0.288233
1.606	0.288222
1.609	0.289500
1.612	0.289511
1.615	0.290133
1.618	0.289911
1.621	0.289044
1.624	0.289633
1.627	0.290156
1.63	0.290100
1.633	0.290278
1.636	0.290044
1.639	0.290456
1.642	0.291633
1.645	0.291444
1.648	0.291422
1.651	0.291889
1.654	0.292511
1.657	0.293600
1.66	0.293344
1.663	0.293056
1.666	0.292856
1.669	0.293167
1.672	0.292867
1.675	0.293900
1.678	0.294311
1.681	0.294278
1.684	0.294767
1.687	0.296022
1.69	0.296600
1.693	0.296100
1.696	0.296322
1.699	0.296556
1.702	0.295622
1.705	0.295289
1.708	0.295822
1.711	0.295844
1.714	0.296067
1.717	0.296544
1.72	0.296744
1.723	0.297433
1.726	0.297956
1.729	0.298600
1.732	0.299656
1.735	0.299978
1.738	0.299222
1.741	0.298867
1.744	0.298889
1.747	0.299522
1.75	0.300000
1.753	0.300244
1.756	0.300356
1.759	0.300233
1.762	0.300300
1.765	0.299711
1.768	0.300667
1.771	0.301522
1.774	0.301556
1.777	0.301733
1.78	0.301689
1.783	0.301167
1.786	0.301000
1.789	0.302222
1.792	0.301989
1.795	0.302178
1.798	0.302967
1.801	0.303644
1.804	0.304411
1.807	0.304200
1.81	0.304200
1.813	0.304389
1.816	0.304967
1.819	0.305256
1.822	0.304656
1.825	0.306033
1.828	0.304233
1.831	0.304956
1.834	0.306556
1.837	0.307456
1.84	0.307778
1.843	0.308244
1.846	0.307978
1.849	0.307556
1.852	0.307667
1.855	0.308278
1.858	0.308878
1.861	0.308911
1.864	0.309789
1.867	0.311033
1.87	0.309944
1.873	0.309656
1.876	0.310056
1.879	0.310344
1.882	0.310267
1.885	0.311278
1.888	0.311367
1.891	0.310300
1.894	0.310233
1.897	0.310956
1.9	0.311278
1.903	0.311244
1.906	0.311822
1.909	0.312378
1.912	0.312300
1.915	0.312411
1.918	0.313233
1.921	0.314089
1.924	0.314556
1.927	0.314500
1.93	0.314622
1.933	0.314856
1.936	0.315533
1.939	0.315956
1.942	0.316078
1.945	0.316444
1.948	0.316389
1.951	0.316678
1.954	0.317089
1.957	0.317078
1.96	0.316900
1.963	0.317200
1.966	0.317867
1.969	0.318778
1.972	0.318689
1.975	0.318333
1.978	0.318467
1.981	0.318478
1.984	0.318567
1.987	0.319356
1.99	0.320978
1.993	0.321311
1.996	0.320978
1.999	0.320200
2.002	0.319878
2.005	0.320967
2.008	0.320867
2.011	0.320656
2.014	0.321378
2.017	0.321633
2.02	0.323144
2.023	0.323056
2.026	0.322833
2.029	0.323833
2.032	0.324933
2.035	0.324289
2.038	0.324733
2.041	0.325178
2.044	0.325078
2.047	0.325211
2.05	0.325811
2.053	0.325700
2.056	0.326456
2.059	0.326278
2.062	0.327033
2.065	0.328667
2.068	0.328156
2.071	0.327722
2.074	0.327667
2.077	0.328511
2.08	0.329378
2.083	0.329633
2.086	0.331022
2.089	0.331489
2.092	0.331144
2.095	0.330811
2.098	0.331333
2.101	0.332178
2.104	0.331911
2.107	0.331789
2.11	0.331778
2.113	0.332500
2.116	0.333522
2.119	0.334022
2.122	0.334000
2.125	0.334122
2.128	0.333844
2.131	0.334022
2.134	0.335189
2.137	0.335144
2.14	0.335267
2.143	0.336200
2.146	0.336300
2.149	0.336756
2.152	0.337189
2.155	0.337811
2.158	0.338089
2.161	0.338344
2.164	0.338322
2.167	0.338400
2.17	0.337667
2.173	0.338533
2.176	0.339400
2.179	0.338844
2.182	0.338544
2.185	0.339100
2.188	0.340533
2.191	0.341022
2.194	0.341089
2.197	0.342011
2.2	0.343500
2.203	0.343700
2.206	0.343133
2.209	0.342367
2.212	0.343222
2.215	0.343744
2.218	0.344022
2.221	0.344967
2.224	0.344822
2.227	0.345056
2.23	0.346233
2.233	0.347444
2.236	0.348244
2.239	0.349578
2.242	0.349689
2.245	0.349944
2.248	0.349678
2.251	0.349778
2.254	0.349133
2.257	0.349367
2.26	0.350067
2.263	0.350311
2.266	0.351311
2.269	0.351467
2.272	0.351411
2.275	0.352900
2.278	0.352733
2.281	0.353078
2.284	0.353222
2.287	0.353600
2.29	0.353744
2.293	0.353522
2.296	0.354278
2.299	0.354856
2.302	0.355389
2.305	0.355289
2.308	0.355622
2.311	0.356422
2.314	0.356811
2.317	0.357000
2.32	0.358244
2.323	0.358256
2.326	0.358533
2.329	0.357633
2.332	0.359000
2.335	0.359044
2.338	0.358556
2.341	0.359656
2.344	0.359878
2.347	0.360356
2.35	0.360689
2.353	0.361778
2.356	0.361389
2.359	0.361011
2.362	0.362056
2.365	0.362522
2.368	0.362511
2.371	0.363422
2.374	0.362956
2.377	0.363500
2.38	0.364789
2.383	0.365589
2.386	0.365900
2.389	0.366011
2.392	0.365878
2.395	0.366800
2.398	0.366711
2.401	0.367156
2.404	0.366911
2.407	0.367467
2.41	0.368267
2.413	0.368056
2.416	0.369422
2.419	0.369778
2.422	0.369767
2.425	0.369433
2.428	0.369344
2.431	0.369289
2.434	0.370367
2.437	0.370989
2.44	0.370889
2.443	0.371178
2.446	0.371800
2.449	0.373222
2.452	0.373144
2.455	0.372567
2.458	0.373033
2.461	0.374122
2.464	0.374256
2.467	0.375311
2.47	0.375078
2.473	0.374211
2.476	0.375322
2.479	0.376022
2.482	0.377167
2.485	0.377311
2.488	0.377789
2.491	0.377900
2.494	0.377967
2.497	0.377578
2.5	0.377189
2.503	0.376644
2.506	0.376911
2.509	0.376844
2.512	0.377433
2.515	0.377567
