Brown University Keck/NASA Relab Spectrum LS-JBA-268/CLS640
Wavelength(micron)	Reflectance
0.351	0.616000
0.356	0.618000
0.361	0.619000
0.366	0.618000
0.371	0.618000
0.376	0.617000
0.381	0.616000
0.386	0.615000
0.391	0.614000
0.396	0.615000
0.401	0.617000
0.406	0.618000
0.411	0.618000
0.416	0.618000
0.421	0.619000
0.426	0.621000
0.431	0.621000
0.436	0.623000
0.441	0.624000
0.446	0.624000
0.451	0.625000
0.456	0.627000
0.461	0.628000
0.466	0.629000
0.471	0.629000
0.476	0.629000
0.481	0.629000
0.486	0.630000
0.491	0.630000
0.496	0.629000
0.501	0.630000
0.506	0.632000
0.511	0.633000
0.517	0.634000
0.522	0.635000
0.527	0.635000
0.532	0.636000
0.537	0.638000
0.542	0.639000
0.547	0.640000
0.552	0.640000
0.557	0.643000
0.562	0.643000
0.567	0.645000
0.572	0.647000
0.577	0.646000
0.582	0.646000
0.587	0.647000
0.593	0.651000
0.598	0.652000
0.603	0.653000
0.608	0.653000
0.613	0.654000
0.618	0.654000
0.623	0.655000
0.628	0.657000
0.634	0.659000
0.639	0.659000
0.644	0.660000
0.649	0.662000
0.654	0.663000
0.659	0.664000
0.665	0.665000
0.67	0.665000
0.675	0.666000
0.68	0.667000
0.686	0.669000
0.691	0.669000
0.696	0.669000
0.702	0.671000
0.707	0.671000
0.712	0.671000
0.718	0.673000
0.723	0.673000
0.728	0.673000
0.734	0.673000
0.739	0.673000
0.744	0.673000
0.75	0.673000
0.755	0.673000
0.76	0.673000
0.766	0.671000
0.771	0.671000
0.776	0.670000
0.781	0.669000
0.787	0.666000
0.792	0.666000
0.797	0.665000
0.802	0.665000
0.808	0.664000
0.813	0.663000
0.818	0.663000
0.823	0.662000
0.828	0.662000
0.833	0.662000
0.839	0.660000
0.844	0.659000
0.849	0.658000
0.854	0.658000
0.859	0.658000
0.864	0.658000
0.869	0.658000
0.874	0.658000
0.879	0.659000
0.885	0.659000
0.89	0.659000
0.895	0.661000
0.9	0.662000
0.905	0.662000
0.91	0.662000
0.915	0.663000
0.92	0.664000
0.925	0.664000
0.93	0.665000
0.935	0.666000
0.94	0.668000
0.945	0.669000
0.95	0.669000
0.955	0.672000
0.96	0.673000
0.965	0.674000
0.97	0.677000
0.975	0.679000
0.981	0.681000
0.986	0.682000
0.991	0.684000
0.996	0.688000
1.001	0.691000
1.006	0.693000
1.011	0.695000
1.016	0.696000
1.021	0.698000
1.026	0.701000
1.031	0.702000
1.036	0.706000
1.041	0.709000
1.046	0.710000
1.051	0.713000
1.056	0.715000
1.061	0.718000
1.066	0.721000
1.071	0.723000
1.076	0.725000
1.081	0.727000
1.086	0.729000
1.091	0.729000
1.096	0.729000
1.101	0.732000
1.106	0.735000
1.111	0.737000
1.116	0.740000
1.121	0.741000
1.126	0.743000
1.131	0.745000
1.136	0.745000
1.141	0.746000
1.146	0.747000
1.151	0.749000
1.156	0.752000
1.161	0.752000
1.166	0.753000
1.171	0.754000
1.176	0.757000
1.181	0.758000
1.186	0.760000
1.191	0.761000
1.196	0.761000
1.201	0.761000
1.206	0.762000
1.211	0.763000
1.216	0.763000
1.221	0.765000
1.226	0.767000
1.231	0.768000
1.236	0.769000
1.241	0.769000
1.246	0.770000
1.251	0.772000
1.256	0.774000
1.261	0.776000
1.266	0.776000
1.271	0.778000
1.277	0.778000
1.282	0.778000
1.287	0.779000
1.292	0.780000
1.297	0.782000
1.302	0.784000
1.307	0.784000
1.312	0.786000
1.317	0.788000
1.322	0.788000
1.327	0.788000
1.332	0.791000
1.337	0.793000
1.342	0.794000
1.347	0.796000
1.352	0.795000
1.357	0.795000
1.362	0.797000
1.367	0.798000
1.372	0.799000
1.377	0.801000
1.382	0.802000
1.387	0.802000
1.392	0.802000
1.397	0.803000
1.402	0.805000
1.407	0.808000
1.412	0.810000
1.417	0.812000
1.422	0.812000
1.427	0.812000
1.432	0.812000
1.437	0.812000
1.442	0.813000
1.447	0.813000
1.452	0.813000
1.457	0.815000
1.462	0.817000
1.467	0.818000
1.472	0.818000
1.477	0.818000
1.482	0.817000
1.487	0.817000
1.492	0.818000
1.497	0.819000
1.502	0.819000
1.507	0.819000
1.512	0.819000
1.517	0.820000
1.522	0.820000
1.527	0.820000
1.532	0.820000
1.537	0.820000
1.542	0.820000
1.547	0.820000
1.552	0.820000
1.557	0.819000
1.562	0.818000
1.567	0.818000
1.572	0.818000
1.577	0.818000
1.582	0.817000
1.587	0.817000
1.592	0.817000
1.597	0.817000
1.602	0.817000
1.607	0.817000
1.612	0.817000
1.617	0.817000
1.622	0.816000
1.627	0.815000
1.632	0.814000
1.637	0.814000
1.642	0.813000
1.647	0.813000
1.652	0.813000
1.657	0.813000
1.662	0.812000
1.667	0.812000
1.672	0.812000
1.677	0.811000
1.682	0.811000
1.687	0.811000
1.692	0.810000
1.697	0.810000
1.702	0.810000
1.707	0.810000
1.712	0.811000
1.717	0.811000
1.722	0.811000
1.727	0.811000
1.732	0.810000
1.737	0.810000
1.742	0.810000
1.747	0.810000
1.752	0.810000
1.757	0.810000
1.762	0.810000
1.767	0.809000
1.772	0.810000
1.777	0.809000
1.782	0.810000
1.787	0.809000
1.792	0.810000
1.797	0.811000
1.802	0.811000
1.807	0.810000
1.812	0.811000
1.817	0.810000
1.822	0.810000
1.827	0.810000
1.832	0.812000
1.837	0.812000
1.842	0.811000
1.847	0.811000
1.852	0.811000
1.857	0.810000
1.862	0.811000
1.867	0.812000
1.872	0.813000
1.877	0.813000
1.882	0.814000
1.887	0.815000
1.892	0.815000
1.897	0.817000
1.902	0.817000
1.907	0.818000
1.912	0.818000
1.917	0.818000
1.922	0.819000
1.927	0.820000
1.932	0.821000
1.937	0.821000
1.942	0.823000
1.947	0.823000
1.952	0.823000
1.957	0.823000
1.962	0.824000
1.967	0.826000
1.972	0.827000
1.977	0.828000
1.982	0.830000
1.987	0.830000
1.992	0.832000
1.997	0.833000
2.002	0.834000
2.007	0.836000
2.012	0.836000
2.017	0.838000
2.022	0.838000
2.027	0.839000
2.032	0.841000
2.037	0.843000
2.042	0.843000
2.047	0.844000
2.052	0.846000
2.057	0.847000
2.062	0.848000
2.067	0.851000
2.072	0.853000
2.077	0.854000
2.082	0.856000
2.087	0.856000
2.092	0.856000
2.097	0.858000
2.102	0.860000
2.107	0.861000
2.112	0.863000
2.117	0.863000
2.122	0.865000
2.127	0.867000
2.132	0.869000
2.137	0.869000
2.142	0.871000
2.147	0.873000
2.152	0.874000
2.157	0.876000
2.162	0.877000
2.167	0.878000
2.172	0.879000
2.177	0.881000
2.182	0.883000
2.187	0.884000
2.192	0.885000
2.197	0.888000
2.202	0.890000
2.207	0.892000
2.212	0.893000
2.217	0.894000
2.222	0.894000
2.227	0.896000
2.232	0.897000
2.237	0.900000
2.242	0.901000
2.247	0.902000
2.252	0.904000
2.257	0.907000
2.262	0.909000
2.267	0.909000
2.272	0.909000
2.277	0.912000
2.282	0.912000
2.287	0.914000
2.292	0.916000
2.297	0.920000
2.302	0.922000
2.307	0.923000
2.312	0.925000
2.317	0.926000
2.322	0.926000
2.327	0.930000
2.332	0.931000
2.337	0.932000
2.342	0.933000
2.347	0.935000
2.352	0.938000
2.357	0.940000
2.362	0.941000
2.367	0.943000
2.372	0.943000
2.377	0.945000
2.382	0.949000
2.387	0.951000
2.392	0.952000
2.397	0.955000
2.402	0.956000
2.407	0.957000
2.412	0.961000
2.417	0.962000
2.422	0.965000
2.427	0.966000
2.432	0.968000
2.437	0.969000
2.442	0.969000
2.447	0.971000
2.452	0.973000
2.457	0.976000
2.462	0.978000
2.467	0.979000
2.472	0.980000
2.477	0.982000
2.482	0.984000
2.487	0.986000
2.492	0.987000
2.497	0.989000
2.502	0.990000
2.507	0.991000
2.512	0.993000
2.517	0.994000
2.522	0.995000
2.527	0.996000
2.532	0.995000
2.537	0.995000
