Brown University Keck/NASA Relab Spectrum LS-JBA-006-N1/CLS719
Wavelength(micron)	Reflectance
0.351	0.200000
0.356	0.204000
0.361	0.207000
0.366	0.209000
0.371	0.211000
0.376	0.215000
0.381	0.218000
0.386	0.223000
0.391	0.226000
0.396	0.228000
0.401	0.230000
0.406	0.236000
0.411	0.239000
0.416	0.243000
0.421	0.246000
0.426	0.250000
0.431	0.253000
0.436	0.256000
0.441	0.260000
0.446	0.264000
0.451	0.267000
0.456	0.269000
0.461	0.272000
0.466	0.275000
0.471	0.276000
0.476	0.280000
0.481	0.284000
0.486	0.285000
0.491	0.290000
0.496	0.292000
0.501	0.294000
0.506	0.297000
0.511	0.300000
0.517	0.302000
0.522	0.304000
0.527	0.306000
0.532	0.310000
0.537	0.312000
0.542	0.314000
0.547	0.319000
0.552	0.322000
0.557	0.324000
0.562	0.327000
0.567	0.328000
0.572	0.330000
0.577	0.334000
0.582	0.338000
0.587	0.340000
0.593	0.342000
0.598	0.344000
0.603	0.345000
0.608	0.348000
0.613	0.351000
0.618	0.353000
0.623	0.357000
0.628	0.360000
0.634	0.361000
0.639	0.363000
0.644	0.365000
0.649	0.369000
0.654	0.372000
0.659	0.374000
0.665	0.376000
0.67	0.378000
0.675	0.381000
0.68	0.383000
0.686	0.386000
0.691	0.388000
0.696	0.390000
0.702	0.391000
0.707	0.394000
0.712	0.397000
0.718	0.400000
0.723	0.401000
0.728	0.403000
0.734	0.404000
0.739	0.408000
0.744	0.411000
0.75	0.412000
0.755	0.414000
0.76	0.417000
0.766	0.419000
0.771	0.421000
0.776	0.423000
0.781	0.424000
0.787	0.426000
0.792	0.428000
0.797	0.429000
0.802	0.431000
0.808	0.433000
0.813	0.434000
0.818	0.435000
0.823	0.436000
0.828	0.437000
0.833	0.439000
0.839	0.442000
0.844	0.443000
0.849	0.444000
0.854	0.445000
0.859	0.446000
0.864	0.448000
0.869	0.450000
0.874	0.451000
0.879	0.452000
0.885	0.454000
0.89	0.454000
0.895	0.454000
0.9	0.454000
0.905	0.457000
0.91	0.459000
0.915	0.461000
0.92	0.462000
0.925	0.462000
0.93	0.463000
0.935	0.465000
0.94	0.468000
0.945	0.470000
0.95	0.470000
0.955	0.471000
0.96	0.472000
0.965	0.474000
0.97	0.476000
0.975	0.477000
0.981	0.479000
0.986	0.480000
0.991	0.481000
0.996	0.483000
1.001	0.484000
1.006	0.486000
1.011	0.488000
1.016	0.491000
1.021	0.493000
1.026	0.496000
1.031	0.498000
1.036	0.501000
1.041	0.501000
1.046	0.505000
1.051	0.507000
1.056	0.509000
1.061	0.511000
1.066	0.516000
1.071	0.517000
1.076	0.518000
1.081	0.520000
1.086	0.524000
1.091	0.525000
1.096	0.527000
1.101	0.529000
1.106	0.531000
1.111	0.534000
1.116	0.536000
1.121	0.538000
1.126	0.539000
1.131	0.543000
1.136	0.545000
1.141	0.546000
1.146	0.548000
1.151	0.551000
1.156	0.553000
1.161	0.555000
1.166	0.558000
1.171	0.558000
1.176	0.559000
1.181	0.561000
1.186	0.562000
1.191	0.564000
1.196	0.565000
1.201	0.566000
1.206	0.570000
1.211	0.570000
1.216	0.572000
1.221	0.573000
1.226	0.576000
1.231	0.578000
1.236	0.579000
1.241	0.581000
1.246	0.582000
1.251	0.586000
1.256	0.587000
1.261	0.589000
1.266	0.591000
1.271	0.594000
1.277	0.594000
1.282	0.595000
1.287	0.595000
1.292	0.597000
1.297	0.598000
1.302	0.600000
1.307	0.602000
1.312	0.603000
1.317	0.605000
1.322	0.607000
1.327	0.609000
1.332	0.611000
1.337	0.614000
1.342	0.614000
1.347	0.617000
1.352	0.619000
1.357	0.620000
1.362	0.622000
1.367	0.623000
1.372	0.625000
1.377	0.626000
1.382	0.628000
1.387	0.628000
1.392	0.630000
1.397	0.631000
1.402	0.634000
1.407	0.635000
1.412	0.637000
1.417	0.638000
1.422	0.640000
1.427	0.642000
1.432	0.643000
1.437	0.646000
1.442	0.647000
1.447	0.649000
1.452	0.651000
1.457	0.652000
1.462	0.653000
1.467	0.654000
1.472	0.657000
1.477	0.658000
1.482	0.659000
1.487	0.663000
1.492	0.664000
1.497	0.664000
1.502	0.664000
1.507	0.665000
1.512	0.666000
1.517	0.668000
1.522	0.671000
1.527	0.673000
1.532	0.673000
1.537	0.674000
1.542	0.675000
1.547	0.677000
1.552	0.678000
1.557	0.681000
1.562	0.681000
1.567	0.682000
1.572	0.683000
1.577	0.684000
1.582	0.685000
1.587	0.686000
1.592	0.688000
1.597	0.692000
1.602	0.692000
1.607	0.694000
1.612	0.693000
1.617	0.693000
1.622	0.696000
1.627	0.697000
1.632	0.699000
1.637	0.700000
1.642	0.703000
1.647	0.703000
1.652	0.704000
1.657	0.705000
1.662	0.706000
1.667	0.708000
1.672	0.709000
1.677	0.710000
1.682	0.711000
1.687	0.712000
1.692	0.713000
1.697	0.714000
1.702	0.716000
1.707	0.717000
1.712	0.718000
1.717	0.721000
1.722	0.722000
1.727	0.722000
1.732	0.723000
1.737	0.725000
1.742	0.728000
1.747	0.731000
1.752	0.731000
1.757	0.731000
1.762	0.731000
1.767	0.731000
1.772	0.733000
1.777	0.734000
1.782	0.736000
1.787	0.737000
1.792	0.739000
1.797	0.740000
1.802	0.743000
1.807	0.745000
1.812	0.746000
1.817	0.746000
1.822	0.747000
1.827	0.748000
1.832	0.748000
1.837	0.750000
1.842	0.750000
1.847	0.752000
1.852	0.753000
1.857	0.756000
1.862	0.758000
1.867	0.760000
1.872	0.761000
1.877	0.762000
1.882	0.763000
1.887	0.764000
1.892	0.766000
1.897	0.769000
1.902	0.769000
1.907	0.770000
1.912	0.770000
1.917	0.772000
1.922	0.774000
1.927	0.776000
1.932	0.778000
1.937	0.779000
1.942	0.779000
1.947	0.780000
1.952	0.781000
1.957	0.782000
1.962	0.782000
1.967	0.783000
1.972	0.785000
1.977	0.787000
1.982	0.787000
1.987	0.788000
1.992	0.789000
1.997	0.790000
2.002	0.790000
2.007	0.791000
2.012	0.791000
2.017	0.792000
2.022	0.793000
2.027	0.793000
2.032	0.794000
2.037	0.796000
2.042	0.798000
2.047	0.800000
2.052	0.801000
2.057	0.801000
2.062	0.801000
2.067	0.803000
2.072	0.805000
2.077	0.806000
2.082	0.806000
2.087	0.806000
2.092	0.807000
2.097	0.808000
2.102	0.810000
2.107	0.810000
2.112	0.811000
2.117	0.812000
2.122	0.813000
2.127	0.814000
2.132	0.815000
2.137	0.815000
2.142	0.815000
2.147	0.817000
2.152	0.819000
2.157	0.819000
2.162	0.821000
2.167	0.823000
2.172	0.824000
2.177	0.826000
2.182	0.827000
2.187	0.828000
2.192	0.828000
2.197	0.828000
2.202	0.829000
2.207	0.830000
2.212	0.832000
2.217	0.833000
2.222	0.835000
2.227	0.836000
2.232	0.838000
2.237	0.839000
2.242	0.840000
2.247	0.840000
2.252	0.841000
2.257	0.843000
2.262	0.843000
2.267	0.844000
2.272	0.847000
2.277	0.848000
2.282	0.848000
2.287	0.850000
2.292	0.853000
2.297	0.855000
2.302	0.856000
2.307	0.857000
2.312	0.856000
2.317	0.857000
2.322	0.859000
2.327	0.861000
2.332	0.863000
2.337	0.863000
2.342	0.865000
2.347	0.867000
2.352	0.867000
2.357	0.870000
2.362	0.871000
2.367	0.871000
2.372	0.874000
2.377	0.875000
2.382	0.876000
2.387	0.877000
2.392	0.878000
2.397	0.881000
2.402	0.883000
2.407	0.884000
2.412	0.885000
2.417	0.885000
2.422	0.887000
2.427	0.890000
2.432	0.892000
2.437	0.894000
2.442	0.895000
2.447	0.896000
2.452	0.898000
2.457	0.899000
2.462	0.901000
2.467	0.903000
2.472	0.904000
2.477	0.905000
2.482	0.906000
2.487	0.907000
2.492	0.910000
2.497	0.910000
2.502	0.911000
2.507	0.913000
2.512	0.914000
2.517	0.915000
2.522	0.915000
2.527	0.915000
2.532	0.915000
2.537	0.915000
