Brown University Keck/NASA Relab Spectrum LS-JBA-182-N/CLS775
Wavelength(micron)	Reflectance
0.351	0.171000
0.356	0.177000
0.361	0.181000
0.366	0.184000
0.371	0.186000
0.376	0.192000
0.381	0.195000
0.386	0.198000
0.391	0.202000
0.396	0.205000
0.401	0.209000
0.406	0.213000
0.411	0.217000
0.416	0.220000
0.421	0.222000
0.426	0.227000
0.431	0.231000
0.436	0.235000
0.441	0.239000
0.446	0.242000
0.451	0.245000
0.456	0.249000
0.461	0.251000
0.466	0.255000
0.471	0.259000
0.476	0.261000
0.481	0.264000
0.486	0.267000
0.491	0.271000
0.496	0.273000
0.501	0.277000
0.506	0.279000
0.511	0.282000
0.517	0.284000
0.522	0.287000
0.527	0.291000
0.532	0.295000
0.537	0.298000
0.542	0.302000
0.547	0.304000
0.552	0.307000
0.557	0.311000
0.562	0.313000
0.567	0.315000
0.572	0.317000
0.577	0.319000
0.582	0.322000
0.587	0.326000
0.593	0.328000
0.598	0.331000
0.603	0.333000
0.608	0.337000
0.613	0.339000
0.618	0.341000
0.623	0.342000
0.628	0.345000
0.634	0.347000
0.639	0.350000
0.644	0.352000
0.649	0.354000
0.654	0.356000
0.659	0.359000
0.665	0.361000
0.67	0.362000
0.675	0.364000
0.68	0.368000
0.686	0.370000
0.691	0.372000
0.696	0.374000
0.702	0.375000
0.707	0.378000
0.712	0.379000
0.718	0.381000
0.723	0.384000
0.728	0.386000
0.734	0.388000
0.739	0.389000
0.744	0.391000
0.75	0.394000
0.755	0.395000
0.76	0.397000
0.766	0.398000
0.771	0.400000
0.776	0.401000
0.781	0.402000
0.787	0.403000
0.792	0.404000
0.797	0.405000
0.802	0.406000
0.808	0.408000
0.813	0.408000
0.818	0.409000
0.823	0.409000
0.828	0.410000
0.833	0.411000
0.839	0.411000
0.844	0.411000
0.849	0.412000
0.854	0.413000
0.859	0.413000
0.864	0.414000
0.869	0.416000
0.874	0.417000
0.879	0.418000
0.885	0.418000
0.89	0.419000
0.895	0.419000
0.9	0.420000
0.905	0.421000
0.91	0.422000
0.915	0.422000
0.92	0.424000
0.925	0.425000
0.93	0.426000
0.935	0.427000
0.94	0.429000
0.945	0.430000
0.95	0.432000
0.955	0.433000
0.96	0.434000
0.965	0.435000
0.97	0.436000
0.975	0.438000
0.981	0.440000
0.986	0.442000
0.991	0.444000
0.996	0.446000
1.001	0.447000
1.006	0.450000
1.011	0.452000
1.016	0.454000
1.021	0.455000
1.026	0.457000
1.031	0.459000
1.036	0.461000
1.041	0.462000
1.046	0.464000
1.051	0.465000
1.056	0.467000
1.061	0.469000
1.066	0.471000
1.071	0.472000
1.076	0.473000
1.081	0.475000
1.086	0.476000
1.091	0.477000
1.096	0.479000
1.101	0.480000
1.106	0.481000
1.111	0.483000
1.116	0.485000
1.121	0.486000
1.126	0.488000
1.131	0.489000
1.136	0.490000
1.141	0.492000
1.146	0.494000
1.151	0.496000
1.156	0.497000
1.161	0.499000
1.166	0.500000
1.171	0.502000
1.176	0.503000
1.181	0.504000
1.186	0.506000
1.191	0.507000
1.196	0.509000
1.201	0.509000
1.206	0.510000
1.211	0.511000
1.216	0.512000
1.221	0.513000
1.226	0.514000
1.231	0.515000
1.236	0.519000
1.241	0.519000
1.246	0.520000
1.251	0.521000
1.256	0.521000
1.261	0.523000
1.266	0.525000
1.271	0.526000
1.277	0.527000
1.282	0.528000
1.287	0.529000
1.292	0.529000
1.297	0.531000
1.302	0.532000
1.307	0.534000
1.312	0.536000
1.317	0.536000
1.322	0.537000
1.327	0.539000
1.332	0.540000
1.337	0.541000
1.342	0.543000
1.347	0.544000
1.352	0.546000
1.357	0.548000
1.362	0.548000
1.367	0.548000
1.372	0.548000
1.377	0.549000
1.382	0.550000
1.387	0.551000
1.392	0.552000
1.397	0.553000
1.402	0.554000
1.407	0.556000
1.412	0.558000
1.417	0.560000
1.422	0.561000
1.427	0.562000
1.432	0.563000
1.437	0.564000
1.442	0.565000
1.447	0.566000
1.452	0.567000
1.457	0.568000
1.462	0.570000
1.467	0.571000
1.472	0.571000
1.477	0.573000
1.482	0.574000
1.487	0.574000
1.492	0.575000
1.497	0.577000
1.502	0.578000
1.507	0.579000
1.512	0.580000
1.517	0.581000
1.522	0.582000
1.527	0.582000
1.532	0.582000
1.537	0.583000
1.542	0.584000
1.547	0.585000
1.552	0.585000
1.557	0.586000
1.562	0.587000
1.567	0.588000
1.572	0.589000
1.577	0.590000
1.582	0.590000
1.587	0.591000
1.592	0.591000
1.597	0.592000
1.602	0.592000
1.607	0.594000
1.612	0.595000
1.617	0.594000
1.622	0.595000
1.627	0.596000
1.632	0.597000
1.637	0.598000
1.642	0.599000
1.647	0.599000
1.652	0.599000
1.657	0.599000
1.662	0.600000
1.667	0.601000
1.672	0.601000
1.677	0.602000
1.682	0.602000
1.687	0.602000
1.692	0.603000
1.697	0.604000
1.702	0.604000
1.707	0.604000
1.712	0.605000
1.717	0.605000
1.722	0.607000
1.727	0.607000
1.732	0.607000
1.737	0.608000
1.742	0.609000
1.747	0.609000
1.752	0.610000
1.757	0.610000
1.762	0.611000
1.767	0.612000
1.772	0.612000
1.777	0.612000
1.782	0.613000
1.787	0.614000
1.792	0.614000
1.797	0.615000
1.802	0.615000
1.807	0.616000
1.812	0.616000
1.817	0.617000
1.822	0.617000
1.827	0.619000
1.832	0.620000
1.837	0.620000
1.842	0.619000
1.847	0.620000
1.852	0.621000
1.857	0.622000
1.862	0.621000
1.867	0.621000
1.872	0.622000
1.877	0.623000
1.882	0.624000
1.887	0.623000
1.892	0.625000
1.897	0.626000
1.902	0.626000
1.907	0.627000
1.912	0.628000
1.917	0.627000
1.922	0.628000
1.927	0.628000
1.932	0.629000
1.937	0.630000
1.942	0.630000
1.947	0.631000
1.952	0.633000
1.957	0.634000
1.962	0.635000
1.967	0.635000
1.972	0.636000
1.977	0.636000
1.982	0.637000
1.987	0.637000
1.992	0.637000
1.997	0.638000
2.002	0.640000
2.007	0.640000
2.012	0.642000
2.017	0.642000
2.022	0.643000
2.027	0.643000
2.032	0.645000
2.037	0.646000
2.042	0.646000
2.047	0.647000
2.052	0.647000
2.057	0.648000
2.062	0.649000
2.067	0.650000
2.072	0.651000
2.077	0.652000
2.082	0.653000
2.087	0.653000
2.092	0.654000
2.097	0.655000
2.102	0.655000
2.107	0.656000
2.112	0.657000
2.117	0.658000
2.122	0.659000
2.127	0.659000
2.132	0.659000
2.137	0.661000
2.142	0.662000
2.147	0.663000
2.152	0.663000
2.157	0.664000
2.162	0.665000
2.167	0.666000
2.172	0.667000
2.177	0.667000
2.182	0.667000
2.187	0.668000
2.192	0.670000
2.197	0.671000
2.202	0.672000
2.207	0.673000
2.212	0.674000
2.217	0.674000
2.222	0.675000
2.227	0.676000
2.232	0.677000
2.237	0.678000
2.242	0.679000
2.247	0.681000
2.252	0.682000
2.257	0.682000
2.262	0.683000
2.267	0.684000
2.272	0.685000
2.277	0.685000
2.282	0.686000
2.287	0.688000
2.292	0.689000
2.297	0.689000
2.302	0.690000
2.307	0.691000
2.312	0.692000
2.317	0.693000
2.322	0.694000
2.327	0.695000
2.332	0.696000
2.337	0.697000
2.342	0.698000
2.347	0.700000
2.352	0.700000
2.357	0.700000
2.362	0.701000
2.367	0.701000
2.372	0.702000
2.377	0.703000
2.382	0.704000
2.387	0.705000
2.392	0.706000
2.397	0.708000
2.402	0.709000
2.407	0.710000
2.412	0.711000
2.417	0.711000
2.422	0.712000
2.427	0.713000
2.432	0.714000
2.437	0.715000
2.442	0.716000
2.447	0.717000
2.452	0.718000
2.457	0.718000
2.462	0.719000
2.467	0.719000
2.472	0.721000
2.477	0.722000
2.482	0.722000
2.487	0.723000
2.492	0.724000
2.497	0.725000
2.502	0.726000
2.507	0.727000
2.512	0.728000
2.517	0.728000
2.522	0.728000
2.527	0.726000
2.532	0.725000
2.537	0.725000
