Brown University Keck/NASA Relab Spectrum LS-JBA-P1/CLS714
Wavelength(micron)	Reflectance
2.092	0.836000
2.097	0.837000
2.102	0.837000
2.107	0.838000
2.112	0.840000
2.117	0.839000
2.122	0.840000
2.127	0.842000
2.132	0.845000
2.137	0.845000
2.142	0.845000
2.147	0.845000
2.152	0.847000
2.157	0.846000
2.162	0.848000
2.167	0.849000
2.172	0.850000
2.177	0.850000
2.182	0.850000
2.187	0.852000
2.192	0.852000
2.197	0.853000
2.202	0.853000
2.207	0.855000
2.212	0.855000
2.217	0.857000
2.222	0.857000
2.227	0.860000
2.232	0.860000
2.237	0.863000
2.242	0.864000
2.247	0.865000
2.252	0.867000
2.257	0.868000
2.262	0.868000
2.267	0.873000
2.272	0.873000
2.277	0.876000
2.282	0.877000
2.287	0.878000
2.292	0.881000
2.297	0.881000
2.302	0.883000
2.307	0.883000
2.312	0.888000
2.317	0.889000
2.322	0.890000
2.327	0.892000
2.332	0.894000
2.337	0.895000
2.342	0.896000
2.347	0.899000
2.352	0.900000
2.357	0.901000
2.362	0.902000
2.367	0.905000
2.372	0.905000
2.377	0.909000
2.382	0.908000
2.387	0.909000
2.392	0.912000
2.397	0.915000
2.402	0.916000
2.407	0.917000
2.412	0.918000
2.417	0.920000
2.422	0.922000
2.427	0.922000
2.432	0.922000
2.437	0.925000
2.442	0.927000
2.447	0.929000
2.452	0.931000
2.457	0.930000
2.462	0.933000
2.467	0.937000
2.472	0.939000
2.477	0.940000
2.482	0.940000
2.487	0.943000
2.492	0.943000
2.497	0.943000
2.502	0.945000
2.507	0.945000
2.512	0.945000
2.517	0.945000
2.522	0.943000
2.527	0.943000
2.532	0.943000
2.537	0.939000
