Brown University Keck/NASA Relab Spectrum LS-JBA-222-P/CLS791
Wavelength(micron)	Reflectance
0.351	0.160000
0.356	0.164000
0.361	0.167000
0.366	0.170000
0.371	0.172000
0.376	0.175000
0.381	0.176000
0.386	0.178000
0.391	0.181000
0.396	0.183000
0.401	0.185000
0.406	0.188000
0.411	0.189000
0.416	0.191000
0.421	0.193000
0.426	0.194000
0.431	0.196000
0.436	0.197000
0.441	0.200000
0.446	0.202000
0.451	0.202000
0.456	0.204000
0.461	0.206000
0.466	0.208000
0.471	0.210000
0.476	0.211000
0.481	0.211000
0.486	0.212000
0.491	0.213000
0.496	0.214000
0.501	0.216000
0.506	0.217000
0.511	0.219000
0.517	0.220000
0.522	0.220000
0.527	0.221000
0.532	0.222000
0.537	0.224000
0.542	0.226000
0.547	0.227000
0.552	0.228000
0.557	0.228000
0.562	0.229000
0.567	0.231000
0.572	0.232000
0.577	0.233000
0.582	0.233000
0.587	0.235000
0.593	0.237000
0.598	0.238000
0.603	0.239000
0.608	0.240000
0.613	0.242000
0.618	0.243000
0.623	0.243000
0.628	0.245000
0.634	0.246000
0.639	0.248000
0.644	0.248000
0.649	0.249000
0.654	0.251000
0.659	0.251000
0.665	0.253000
0.67	0.254000
0.675	0.255000
0.68	0.256000
0.686	0.258000
0.691	0.259000
0.696	0.259000
0.702	0.260000
0.707	0.261000
0.712	0.263000
0.718	0.264000
0.723	0.265000
0.728	0.266000
0.734	0.267000
0.739	0.268000
0.744	0.269000
0.75	0.270000
0.755	0.271000
0.76	0.272000
0.766	0.273000
0.771	0.273000
0.776	0.274000
0.781	0.274000
0.787	0.275000
0.792	0.275000
0.797	0.275000
0.802	0.276000
0.808	0.276000
0.813	0.277000
0.818	0.277000
0.823	0.277000
0.828	0.278000
0.833	0.278000
0.839	0.278000
0.844	0.278000
0.849	0.278000
0.854	0.277000
0.859	0.277000
0.864	0.277000
0.869	0.278000
0.874	0.278000
0.879	0.278000
0.885	0.278000
0.89	0.278000
0.895	0.278000
0.9	0.278000
0.905	0.278000
0.91	0.279000
0.915	0.279000
0.92	0.280000
0.925	0.280000
0.93	0.280000
0.935	0.281000
0.94	0.281000
0.945	0.282000
0.95	0.283000
0.955	0.284000
0.96	0.285000
0.965	0.286000
0.97	0.288000
0.975	0.288000
0.981	0.289000
0.986	0.290000
0.991	0.291000
0.996	0.292000
1.001	0.292000
1.006	0.293000
1.011	0.295000
1.016	0.296000
1.021	0.297000
1.026	0.298000
1.031	0.298000
1.036	0.299000
1.041	0.300000
1.046	0.301000
1.051	0.303000
1.056	0.305000
1.061	0.305000
1.066	0.306000
1.071	0.307000
1.076	0.307000
1.081	0.308000
1.086	0.309000
1.091	0.309000
1.096	0.310000
1.101	0.311000
1.106	0.312000
1.111	0.313000
1.116	0.314000
1.121	0.315000
1.126	0.316000
1.131	0.317000
1.136	0.317000
1.141	0.318000
1.146	0.319000
1.151	0.319000
1.156	0.320000
1.161	0.321000
1.166	0.322000
1.171	0.323000
1.176	0.324000
1.181	0.324000
1.186	0.325000
1.191	0.325000
1.196	0.325000
1.201	0.326000
1.206	0.326000
1.211	0.327000
1.216	0.327000
1.221	0.328000
1.226	0.328000
1.231	0.329000
1.236	0.330000
1.241	0.330000
1.246	0.331000
1.251	0.332000
1.256	0.333000
1.261	0.333000
1.266	0.334000
1.271	0.335000
1.277	0.335000
1.282	0.335000
1.287	0.336000
1.292	0.336000
1.297	0.337000
1.302	0.337000
1.307	0.338000
1.312	0.339000
1.317	0.340000
1.322	0.341000
1.327	0.341000
1.332	0.343000
1.337	0.343000
1.342	0.344000
1.347	0.344000
1.352	0.345000
1.357	0.345000
1.362	0.346000
1.367	0.347000
1.372	0.347000
1.377	0.347000
1.382	0.348000
1.387	0.348000
1.392	0.349000
1.397	0.350000
1.402	0.351000
1.407	0.352000
1.412	0.352000
1.417	0.353000
1.422	0.353000
1.427	0.354000
1.432	0.355000
1.437	0.355000
1.442	0.356000
1.447	0.356000
1.452	0.358000
1.457	0.358000
1.462	0.359000
1.467	0.359000
1.472	0.360000
1.477	0.360000
1.482	0.361000
1.487	0.362000
1.492	0.362000
1.497	0.362000
1.502	0.362000
1.507	0.363000
1.512	0.363000
1.517	0.364000
1.522	0.364000
1.527	0.365000
1.532	0.365000
1.537	0.365000
1.542	0.366000
1.547	0.366000
1.552	0.367000
1.557	0.367000
1.562	0.367000
1.567	0.368000
1.572	0.368000
1.577	0.368000
1.582	0.370000
1.587	0.370000
1.592	0.370000
1.597	0.370000
1.602	0.370000
1.607	0.370000
1.612	0.370000
1.617	0.371000
1.622	0.371000
1.627	0.371000
1.632	0.371000
1.637	0.372000
1.642	0.373000
1.647	0.373000
1.652	0.373000
1.657	0.373000
1.662	0.373000
1.667	0.373000
1.672	0.374000
1.677	0.374000
1.682	0.374000
1.687	0.374000
1.692	0.376000
1.697	0.376000
1.702	0.376000
1.707	0.376000
1.712	0.376000
1.717	0.376000
1.722	0.376000
1.727	0.376000
1.732	0.376000
1.737	0.376000
1.742	0.376000
1.747	0.376000
1.752	0.377000
1.757	0.377000
1.762	0.378000
1.767	0.378000
1.772	0.378000
1.777	0.378000
1.782	0.378000
1.787	0.379000
1.792	0.379000
1.797	0.379000
1.802	0.379000
1.807	0.380000
1.812	0.380000
1.817	0.380000
1.822	0.380000
1.827	0.381000
1.832	0.381000
1.837	0.382000
1.842	0.382000
1.847	0.382000
1.852	0.382000
1.857	0.381000
1.862	0.382000
1.867	0.382000
1.872	0.382000
1.877	0.383000
1.882	0.383000
1.887	0.383000
1.892	0.383000
1.897	0.384000
1.902	0.384000
1.907	0.385000
1.912	0.384000
1.917	0.384000
1.922	0.385000
1.927	0.385000
1.932	0.385000
1.937	0.386000
1.942	0.386000
1.947	0.386000
1.952	0.386000
1.957	0.387000
1.962	0.388000
1.967	0.389000
1.972	0.390000
1.977	0.390000
1.982	0.390000
1.987	0.390000
1.992	0.390000
1.997	0.391000
2.002	0.391000
2.007	0.391000
2.012	0.392000
2.017	0.392000
2.022	0.392000
2.027	0.392000
2.032	0.393000
2.037	0.394000
2.042	0.394000
2.047	0.395000
2.052	0.396000
2.057	0.396000
2.062	0.397000
2.067	0.398000
2.072	0.399000
2.077	0.399000
2.082	0.399000
2.087	0.400000
2.092	0.400000
2.097	0.401000
2.102	0.401000
2.107	0.401000
2.112	0.402000
2.117	0.403000
2.122	0.403000
2.127	0.403000
2.132	0.404000
2.137	0.404000
2.142	0.405000
2.147	0.406000
2.152	0.407000
2.157	0.407000
2.162	0.408000
2.167	0.408000
2.172	0.409000
2.177	0.409000
2.182	0.409000
2.187	0.410000
2.192	0.410000
2.197	0.410000
2.202	0.411000
2.207	0.411000
2.212	0.412000
2.217	0.412000
2.222	0.413000
2.227	0.413000
2.232	0.415000
2.237	0.414000
2.242	0.416000
2.247	0.416000
2.252	0.417000
2.257	0.418000
2.262	0.418000
2.267	0.418000
2.272	0.419000
2.277	0.419000
2.282	0.420000
2.287	0.420000
2.292	0.421000
2.297	0.421000
2.302	0.422000
2.307	0.422000
2.312	0.423000
2.317	0.423000
2.322	0.424000
2.327	0.425000
2.332	0.425000
2.337	0.425000
2.342	0.425000
2.347	0.426000
2.352	0.427000
2.357	0.427000
2.362	0.428000
2.367	0.428000
2.372	0.429000
2.377	0.429000
2.382	0.429000
2.387	0.431000
2.392	0.432000
2.397	0.433000
2.402	0.433000
2.407	0.434000
2.412	0.435000
2.417	0.435000
2.422	0.436000
2.427	0.436000
2.432	0.437000
2.437	0.437000
2.442	0.437000
2.447	0.438000
2.452	0.439000
2.457	0.439000
2.462	0.439000
2.467	0.439000
2.472	0.440000
2.477	0.440000
2.482	0.440000
2.487	0.440000
2.492	0.439000
2.497	0.439000
2.502	0.438000
2.507	0.437000
2.512	0.435000
2.517	0.434000
2.522	0.433000
2.527	0.432000
2.532	0.431000
2.537	0.430000
