Brown University Keck/NASA Relab Spectrum LS-JBA-172-P/CLS759
Wavelength(micron)	Reflectance
0.351	0.310000
0.356	0.316000
0.361	0.324000
0.366	0.328000
0.371	0.333000
0.376	0.338000
0.381	0.341000
0.386	0.346000
0.391	0.350000
0.396	0.354000
0.401	0.358000
0.406	0.362000
0.411	0.367000
0.416	0.370000
0.421	0.375000
0.426	0.379000
0.431	0.383000
0.436	0.387000
0.441	0.390000
0.446	0.394000
0.451	0.397000
0.456	0.400000
0.461	0.405000
0.466	0.409000
0.471	0.412000
0.476	0.415000
0.481	0.416000
0.486	0.420000
0.491	0.425000
0.496	0.426000
0.501	0.429000
0.506	0.432000
0.511	0.434000
0.517	0.435000
0.522	0.438000
0.527	0.441000
0.532	0.443000
0.537	0.445000
0.542	0.450000
0.547	0.452000
0.552	0.454000
0.557	0.456000
0.562	0.458000
0.567	0.460000
0.572	0.463000
0.577	0.466000
0.582	0.467000
0.587	0.470000
0.593	0.475000
0.598	0.477000
0.603	0.481000
0.608	0.482000
0.613	0.484000
0.618	0.487000
0.623	0.490000
0.628	0.490000
0.634	0.493000
0.639	0.494000
0.644	0.497000
0.649	0.501000
0.654	0.501000
0.659	0.503000
0.665	0.505000
0.67	0.508000
0.675	0.511000
0.68	0.513000
0.686	0.516000
0.691	0.518000
0.696	0.519000
0.702	0.521000
0.707	0.524000
0.712	0.526000
0.718	0.527000
0.723	0.529000
0.728	0.531000
0.734	0.534000
0.739	0.536000
0.744	0.537000
0.75	0.539000
0.755	0.541000
0.76	0.542000
0.766	0.544000
0.771	0.544000
0.776	0.545000
0.781	0.545000
0.787	0.545000
0.792	0.545000
0.797	0.545000
0.802	0.545000
0.808	0.545000
0.813	0.545000
0.818	0.544000
0.823	0.544000
0.828	0.544000
0.833	0.543000
0.839	0.543000
0.844	0.542000
0.849	0.541000
0.854	0.541000
0.859	0.540000
0.864	0.539000
0.869	0.538000
0.874	0.538000
0.879	0.538000
0.885	0.538000
0.89	0.538000
0.895	0.538000
0.9	0.538000
0.905	0.538000
0.91	0.538000
0.915	0.538000
0.92	0.539000
0.925	0.539000
0.93	0.540000
0.935	0.542000
0.94	0.544000
0.945	0.546000
0.95	0.547000
0.955	0.548000
0.96	0.551000
0.965	0.553000
0.97	0.554000
0.975	0.555000
0.981	0.558000
0.986	0.561000
0.991	0.562000
0.996	0.564000
1.001	0.566000
1.006	0.567000
1.011	0.571000
1.016	0.573000
1.021	0.574000
1.026	0.576000
1.031	0.579000
1.036	0.581000
1.041	0.584000
1.046	0.585000
1.051	0.587000
1.056	0.590000
1.061	0.592000
1.066	0.594000
1.071	0.596000
1.076	0.598000
1.081	0.600000
1.086	0.602000
1.091	0.603000
1.096	0.604000
1.101	0.606000
1.106	0.608000
1.111	0.609000
1.116	0.611000
1.121	0.613000
1.126	0.615000
1.131	0.616000
1.136	0.619000
1.141	0.621000
1.146	0.622000
1.151	0.624000
1.156	0.626000
1.161	0.626000
1.166	0.628000
1.171	0.629000
1.176	0.630000
1.181	0.631000
1.186	0.633000
1.191	0.634000
1.196	0.636000
1.201	0.637000
1.206	0.638000
1.211	0.639000
1.216	0.639000
1.221	0.641000
1.226	0.641000
1.231	0.642000
1.236	0.643000
1.241	0.644000
1.246	0.645000
1.251	0.647000
1.256	0.648000
1.261	0.649000
1.266	0.650000
1.271	0.650000
1.277	0.652000
1.282	0.653000
1.287	0.654000
1.292	0.655000
1.297	0.656000
1.302	0.657000
1.307	0.659000
1.312	0.660000
1.317	0.661000
1.322	0.664000
1.327	0.664000
1.332	0.666000
1.337	0.667000
1.342	0.668000
1.347	0.670000
1.352	0.672000
1.357	0.673000
1.362	0.675000
1.367	0.675000
1.372	0.676000
1.377	0.676000
1.382	0.677000
1.387	0.678000
1.392	0.680000
1.397	0.681000
1.402	0.683000
1.407	0.684000
1.412	0.685000
1.417	0.686000
1.422	0.688000
1.427	0.689000
1.432	0.691000
1.437	0.692000
1.442	0.692000
1.447	0.693000
1.452	0.694000
1.457	0.696000
1.462	0.697000
1.467	0.698000
1.472	0.699000
1.477	0.699000
1.482	0.701000
1.487	0.701000
1.492	0.702000
1.497	0.703000
1.502	0.704000
1.507	0.705000
1.512	0.706000
1.517	0.706000
1.522	0.706000
1.527	0.708000
1.532	0.708000
1.537	0.709000
1.542	0.710000
1.547	0.711000
1.552	0.712000
1.557	0.712000
1.562	0.712000
1.567	0.712000
1.572	0.713000
1.577	0.713000
1.582	0.714000
1.587	0.715000
1.592	0.715000
1.597	0.714000
1.602	0.715000
1.607	0.715000
1.612	0.716000
1.617	0.716000
1.622	0.716000
1.627	0.716000
1.632	0.717000
1.637	0.717000
1.642	0.718000
1.647	0.718000
1.652	0.718000
1.657	0.719000
1.662	0.719000
1.667	0.719000
1.672	0.720000
1.677	0.720000
1.682	0.721000
1.687	0.721000
1.692	0.721000
1.697	0.721000
1.702	0.721000
1.707	0.721000
1.712	0.721000
1.717	0.721000
1.722	0.721000
1.727	0.721000
1.732	0.721000
1.737	0.721000
1.742	0.721000
1.747	0.721000
1.752	0.721000
1.757	0.722000
1.762	0.721000
1.767	0.721000
1.772	0.722000
1.777	0.722000
1.782	0.722000
1.787	0.723000
1.792	0.723000
1.797	0.723000
1.802	0.723000
1.807	0.723000
1.812	0.723000
1.817	0.723000
1.822	0.723000
1.827	0.724000
1.832	0.724000
1.837	0.724000
1.842	0.724000
1.847	0.725000
1.852	0.725000
1.857	0.724000
1.862	0.724000
1.867	0.725000
1.872	0.725000
1.877	0.725000
1.882	0.726000
1.887	0.727000
1.892	0.727000
1.897	0.728000
1.902	0.727000
1.907	0.727000
1.912	0.727000
1.917	0.728000
1.922	0.728000
1.927	0.728000
1.932	0.729000
1.937	0.730000
1.942	0.730000
1.947	0.730000
1.952	0.731000
1.957	0.732000
1.962	0.733000
1.967	0.734000
1.972	0.734000
1.977	0.735000
1.982	0.736000
1.987	0.736000
1.992	0.736000
1.997	0.736000
2.002	0.737000
2.007	0.737000
2.012	0.739000
2.017	0.740000
2.022	0.740000
2.027	0.741000
2.032	0.741000
2.037	0.743000
2.042	0.745000
2.047	0.745000
2.052	0.746000
2.057	0.747000
2.062	0.747000
2.067	0.747000
2.072	0.750000
2.077	0.750000
2.082	0.750000
2.087	0.751000
2.092	0.752000
2.097	0.753000
2.102	0.754000
2.107	0.755000
2.112	0.757000
2.117	0.757000
2.122	0.758000
2.127	0.759000
2.132	0.759000
2.137	0.760000
2.142	0.761000
2.147	0.762000
2.152	0.763000
2.157	0.764000
2.162	0.766000
2.167	0.766000
2.172	0.767000
2.177	0.768000
2.182	0.770000
2.187	0.771000
2.192	0.773000
2.197	0.774000
2.202	0.774000
2.207	0.775000
2.212	0.776000
2.217	0.777000
2.222	0.778000
2.227	0.780000
2.232	0.781000
2.237	0.783000
2.242	0.784000
2.247	0.785000
2.252	0.786000
2.257	0.786000
2.262	0.787000
2.267	0.789000
2.272	0.790000
2.277	0.791000
2.282	0.793000
2.287	0.793000
2.292	0.794000
2.297	0.795000
2.302	0.795000
2.307	0.797000
2.312	0.799000
2.317	0.800000
2.322	0.801000
2.327	0.802000
2.332	0.803000
2.337	0.804000
2.342	0.806000
2.347	0.807000
2.352	0.807000
2.357	0.809000
2.362	0.810000
2.367	0.811000
2.372	0.812000
2.377	0.814000
2.382	0.815000
2.387	0.816000
2.392	0.817000
2.397	0.818000
2.402	0.818000
2.407	0.821000
2.412	0.822000
2.417	0.823000
2.422	0.824000
2.427	0.825000
2.432	0.826000
2.437	0.827000
2.442	0.828000
2.447	0.830000
2.452	0.831000
2.457	0.832000
2.462	0.833000
2.467	0.834000
2.472	0.835000
2.477	0.836000
2.482	0.837000
2.487	0.839000
2.492	0.841000
2.497	0.841000
2.502	0.842000
2.507	0.843000
2.512	0.844000
2.517	0.844000
2.522	0.844000
2.527	0.843000
2.532	0.842000
2.537	0.842000
