Brown University Keck/NASA Relab Spectrum LS-JBA-060/CLS727
Wavelength(micron)	Reflectance
0.351	0.178000
0.356	0.180000
0.361	0.182000
0.366	0.185000
0.371	0.187000
0.376	0.190000
0.381	0.192000
0.386	0.194000
0.391	0.195000
0.396	0.198000
0.401	0.202000
0.406	0.204000
0.411	0.206000
0.416	0.209000
0.421	0.212000
0.426	0.214000
0.431	0.215000
0.436	0.218000
0.441	0.220000
0.446	0.222000
0.451	0.223000
0.456	0.227000
0.461	0.230000
0.466	0.231000
0.471	0.232000
0.476	0.233000
0.481	0.236000
0.486	0.238000
0.491	0.238000
0.496	0.240000
0.501	0.241000
0.506	0.243000
0.511	0.246000
0.517	0.249000
0.522	0.251000
0.527	0.253000
0.532	0.256000
0.537	0.258000
0.542	0.261000
0.547	0.262000
0.552	0.265000
0.557	0.267000
0.562	0.269000
0.567	0.271000
0.572	0.272000
0.577	0.275000
0.582	0.279000
0.587	0.280000
0.593	0.281000
0.598	0.283000
0.603	0.286000
0.608	0.288000
0.613	0.289000
0.618	0.290000
0.623	0.293000
0.628	0.296000
0.634	0.298000
0.639	0.300000
0.644	0.304000
0.649	0.306000
0.654	0.306000
0.659	0.307000
0.665	0.309000
0.67	0.313000
0.675	0.314000
0.68	0.315000
0.686	0.318000
0.691	0.320000
0.696	0.321000
0.702	0.322000
0.707	0.325000
0.712	0.327000
0.718	0.329000
0.723	0.331000
0.728	0.332000
0.734	0.334000
0.739	0.335000
0.744	0.337000
0.75	0.340000
0.755	0.341000
0.76	0.343000
0.766	0.343000
0.771	0.343000
0.776	0.343000
0.781	0.344000
0.787	0.346000
0.792	0.346000
0.797	0.347000
0.802	0.348000
0.808	0.348000
0.813	0.348000
0.818	0.349000
0.823	0.349000
0.828	0.349000
0.833	0.349000
0.839	0.349000
0.844	0.349000
0.849	0.349000
0.854	0.349000
0.859	0.349000
0.864	0.349000
0.869	0.349000
0.874	0.349000
0.879	0.349000
0.885	0.349000
0.89	0.349000
0.895	0.349000
0.9	0.349000
0.905	0.351000
0.91	0.352000
0.915	0.352000
0.92	0.352000
0.925	0.353000
0.93	0.354000
0.935	0.354000
0.94	0.355000
0.945	0.356000
0.95	0.359000
0.955	0.359000
0.96	0.360000
0.965	0.361000
0.97	0.363000
0.975	0.365000
0.981	0.367000
0.986	0.369000
0.991	0.371000
0.996	0.372000
1.001	0.373000
1.006	0.376000
1.011	0.377000
1.016	0.380000
1.021	0.383000
1.026	0.386000
1.031	0.388000
1.036	0.391000
1.041	0.393000
1.046	0.394000
1.051	0.399000
1.056	0.403000
1.061	0.407000
1.066	0.408000
1.071	0.409000
1.076	0.412000
1.081	0.414000
1.086	0.416000
1.091	0.417000
1.096	0.419000
1.101	0.423000
1.106	0.425000
1.111	0.429000
1.116	0.432000
1.121	0.435000
1.126	0.438000
1.131	0.440000
1.136	0.444000
1.141	0.445000
1.146	0.448000
1.151	0.451000
1.156	0.453000
1.161	0.456000
1.166	0.459000
1.171	0.461000
1.176	0.462000
1.181	0.463000
1.186	0.466000
1.191	0.468000
1.196	0.471000
1.201	0.473000
1.206	0.474000
1.211	0.475000
1.216	0.477000
1.221	0.480000
1.226	0.483000
1.231	0.485000
1.236	0.488000
1.241	0.489000
1.246	0.490000
1.251	0.491000
1.256	0.493000
1.261	0.496000
1.266	0.499000
1.271	0.501000
1.277	0.501000
1.282	0.503000
1.287	0.506000
1.292	0.508000
1.297	0.509000
1.302	0.510000
1.307	0.513000
1.312	0.517000
1.317	0.518000
1.322	0.521000
1.327	0.523000
1.332	0.525000
1.337	0.528000
1.342	0.530000
1.347	0.532000
1.352	0.534000
1.357	0.537000
1.362	0.542000
1.367	0.544000
1.372	0.548000
1.377	0.548000
1.382	0.549000
1.387	0.550000
1.392	0.552000
1.397	0.553000
1.402	0.557000
1.407	0.561000
1.412	0.563000
1.417	0.565000
1.422	0.568000
1.427	0.571000
1.432	0.571000
1.437	0.572000
1.442	0.575000
1.447	0.576000
1.452	0.578000
1.457	0.580000
1.462	0.582000
1.467	0.586000
1.472	0.588000
1.477	0.589000
1.482	0.592000
1.487	0.593000
1.492	0.594000
1.497	0.596000
1.502	0.598000
1.507	0.600000
1.512	0.601000
1.517	0.604000
1.522	0.605000
1.527	0.606000
1.532	0.608000
1.537	0.611000
1.542	0.612000
1.547	0.613000
1.552	0.615000
1.557	0.616000
1.562	0.618000
1.567	0.619000
1.572	0.620000
1.577	0.621000
1.582	0.623000
1.587	0.626000
1.592	0.626000
1.597	0.628000
1.602	0.629000
1.607	0.629000
1.612	0.632000
1.617	0.634000
1.622	0.635000
1.627	0.636000
1.632	0.636000
1.637	0.637000
1.642	0.638000
1.647	0.639000
1.652	0.640000
1.657	0.641000
1.662	0.643000
1.667	0.644000
1.672	0.645000
1.677	0.646000
1.682	0.646000
1.687	0.647000
1.692	0.649000
1.697	0.649000
1.702	0.649000
1.707	0.651000
1.712	0.653000
1.717	0.654000
1.722	0.655000
1.727	0.656000
1.732	0.656000
1.737	0.658000
1.742	0.658000
1.747	0.659000
1.752	0.660000
1.757	0.661000
1.762	0.663000
1.767	0.664000
1.772	0.664000
1.777	0.665000
1.782	0.666000
1.787	0.666000
1.792	0.668000
1.797	0.669000
1.802	0.670000
1.807	0.671000
1.812	0.672000
1.817	0.674000
1.822	0.675000
1.827	0.675000
1.832	0.676000
1.837	0.677000
1.842	0.676000
1.847	0.679000
1.852	0.680000
1.857	0.681000
1.862	0.682000
1.867	0.684000
1.872	0.685000
1.877	0.686000
1.882	0.687000
1.887	0.688000
1.892	0.689000
1.897	0.690000
1.902	0.691000
1.907	0.692000
1.912	0.694000
1.917	0.695000
1.922	0.695000
1.927	0.696000
1.932	0.697000
1.937	0.699000
1.942	0.700000
1.947	0.701000
1.952	0.704000
1.957	0.705000
1.962	0.705000
1.967	0.706000
1.972	0.707000
1.977	0.707000
1.982	0.707000
1.987	0.708000
1.992	0.710000
1.997	0.712000
2.002	0.714000
2.007	0.716000
2.012	0.716000
2.017	0.718000
2.022	0.720000
2.027	0.720000
2.032	0.721000
2.037	0.722000
2.042	0.725000
2.047	0.727000
2.052	0.728000
2.057	0.730000
2.062	0.731000
2.067	0.731000
2.072	0.734000
2.077	0.736000
2.082	0.737000
2.087	0.738000
2.092	0.739000
2.097	0.741000
2.102	0.744000
2.107	0.746000
2.112	0.746000
2.117	0.747000
2.122	0.748000
2.127	0.751000
2.132	0.751000
2.137	0.753000
2.142	0.755000
2.147	0.756000
2.152	0.758000
2.157	0.759000
2.162	0.762000
2.167	0.763000
2.172	0.765000
2.177	0.767000
2.182	0.768000
2.187	0.771000
2.192	0.773000
2.197	0.775000
2.202	0.776000
2.207	0.778000
2.212	0.780000
2.217	0.783000
2.222	0.784000
2.227	0.785000
2.232	0.787000
2.237	0.790000
2.242	0.792000
2.247	0.792000
2.252	0.795000
2.257	0.799000
2.262	0.801000
2.267	0.802000
2.272	0.805000
2.277	0.806000
2.282	0.809000
2.287	0.812000
2.292	0.815000
2.297	0.816000
2.302	0.819000
2.307	0.822000
2.312	0.824000
2.317	0.825000
2.322	0.828000
2.327	0.830000
2.332	0.832000
2.337	0.836000
2.342	0.837000
2.347	0.838000
2.352	0.841000
2.357	0.845000
2.362	0.847000
2.367	0.850000
2.372	0.853000
2.377	0.855000
2.382	0.858000
2.387	0.859000
2.392	0.862000
2.397	0.865000
2.402	0.866000
2.407	0.868000
2.412	0.872000
2.417	0.875000
2.422	0.878000
2.427	0.880000
2.432	0.883000
2.437	0.886000
2.442	0.887000
2.447	0.891000
2.452	0.894000
2.457	0.896000
2.462	0.899000
2.467	0.902000
2.472	0.904000
2.477	0.906000
2.482	0.909000
2.487	0.912000
2.492	0.914000
2.497	0.917000
2.502	0.918000
2.507	0.921000
2.512	0.921000
2.517	0.921000
2.522	0.922000
2.527	0.923000
2.532	0.924000
2.537	0.925000
