Brown University Keck/NASA Relab Spectrum SA-JBA-031/CLS832
Wavelength(micron)	Reflectance
0.351	0.200000
0.356	0.205000
0.361	0.208000
0.366	0.211000
0.371	0.214000
0.376	0.216000
0.381	0.220000
0.386	0.222000
0.391	0.224000
0.396	0.227000
0.401	0.232000
0.406	0.234000
0.411	0.236000
0.416	0.240000
0.421	0.242000
0.426	0.245000
0.431	0.248000
0.436	0.252000
0.441	0.253000
0.446	0.255000
0.451	0.259000
0.456	0.260000
0.461	0.262000
0.466	0.264000
0.471	0.266000
0.476	0.267000
0.481	0.268000
0.486	0.270000
0.491	0.271000
0.496	0.273000
0.501	0.273000
0.506	0.275000
0.511	0.276000
0.517	0.277000
0.522	0.278000
0.527	0.279000
0.532	0.280000
0.537	0.281000
0.542	0.281000
0.547	0.282000
0.552	0.284000
0.557	0.284000
0.562	0.284000
0.567	0.285000
0.572	0.287000
0.577	0.288000
0.582	0.289000
0.587	0.289000
0.593	0.290000
0.598	0.290000
0.603	0.290000
0.608	0.290000
0.613	0.291000
0.618	0.292000
0.623	0.292000
0.628	0.292000
0.634	0.293000
0.639	0.293000
0.644	0.293000
0.649	0.294000
0.654	0.293000
0.659	0.293000
0.665	0.293000
0.67	0.293000
0.675	0.293000
0.68	0.293000
0.686	0.293000
0.691	0.293000
0.696	0.293000
0.702	0.293000
0.707	0.293000
0.712	0.293000
0.718	0.293000
0.723	0.293000
0.728	0.293000
0.734	0.293000
0.739	0.292000
0.744	0.292000
0.75	0.291000
0.755	0.291000
0.76	0.290000
0.766	0.289000
0.771	0.289000
0.776	0.289000
0.781	0.288000
0.787	0.288000
0.792	0.287000
0.797	0.286000
0.802	0.286000
0.808	0.286000
0.813	0.286000
0.818	0.285000
0.823	0.285000
0.828	0.285000
0.833	0.284000
0.839	0.283000
0.844	0.282000
0.849	0.281000
0.854	0.281000
0.859	0.280000
0.864	0.280000
0.869	0.280000
0.874	0.280000
0.879	0.280000
0.885	0.279000
0.89	0.278000
0.895	0.278000
0.9	0.278000
0.905	0.278000
0.91	0.278000
0.915	0.277000
0.92	0.277000
0.925	0.277000
0.93	0.277000
0.935	0.277000
0.94	0.277000
0.945	0.277000
0.95	0.277000
0.955	0.277000
0.96	0.277000
0.965	0.276000
0.97	0.276000
0.975	0.276000
0.981	0.276000
0.986	0.275000
0.991	0.275000
0.996	0.275000
1.001	0.274000
1.006	0.274000
1.011	0.273000
1.016	0.273000
1.021	0.273000
1.026	0.272000
1.031	0.272000
1.036	0.272000
1.041	0.272000
1.046	0.272000
1.051	0.271000
1.056	0.271000
1.061	0.270000
1.066	0.270000
1.071	0.270000
1.076	0.270000
1.081	0.269000
1.086	0.269000
1.091	0.269000
1.096	0.269000
1.101	0.269000
1.106	0.269000
1.111	0.268000
1.116	0.268000
1.121	0.268000
1.126	0.268000
1.131	0.267000
1.136	0.267000
1.141	0.267000
1.146	0.266000
1.151	0.266000
1.156	0.265000
1.161	0.265000
1.166	0.264000
1.171	0.264000
1.176	0.264000
1.181	0.263000
1.186	0.263000
1.191	0.263000
1.196	0.263000
1.201	0.263000
1.206	0.262000
1.211	0.262000
1.216	0.261000
1.221	0.261000
1.226	0.261000
1.231	0.261000
1.236	0.261000
1.241	0.260000
1.246	0.260000
1.251	0.260000
1.256	0.259000
1.261	0.259000
1.266	0.258000
1.271	0.258000
1.277	0.258000
1.282	0.258000
1.287	0.257000
1.292	0.257000
1.297	0.256000
1.302	0.256000
1.307	0.255000
1.312	0.255000
1.317	0.255000
1.322	0.255000
1.327	0.255000
1.332	0.254000
1.337	0.254000
1.342	0.253000
1.347	0.253000
1.352	0.252000
1.357	0.252000
1.362	0.251000
1.367	0.251000
1.372	0.251000
1.377	0.251000
1.382	0.248000
1.387	0.247000
1.392	0.247000
1.397	0.247000
1.402	0.246000
1.407	0.246000
1.412	0.245000
1.417	0.246000
1.422	0.246000
1.427	0.246000
1.432	0.246000
1.437	0.246000
1.442	0.246000
1.447	0.245000
1.452	0.244000
1.457	0.244000
1.462	0.244000
1.467	0.244000
1.472	0.243000
1.477	0.243000
1.482	0.243000
1.487	0.243000
1.492	0.242000
1.497	0.241000
1.502	0.241000
1.507	0.241000
1.512	0.240000
1.517	0.239000
1.522	0.239000
1.527	0.239000
1.532	0.238000
1.537	0.238000
1.542	0.238000
1.547	0.238000
1.552	0.237000
1.557	0.237000
1.562	0.237000
1.567	0.236000
1.572	0.235000
1.577	0.235000
1.582	0.235000
1.587	0.235000
1.592	0.234000
1.597	0.234000
1.602	0.234000
1.607	0.233000
1.612	0.232000
1.617	0.232000
1.622	0.232000
1.627	0.231000
1.632	0.230000
1.637	0.230000
1.642	0.230000
1.647	0.229000
1.652	0.229000
1.657	0.229000
1.662	0.229000
1.667	0.229000
1.672	0.229000
1.677	0.228000
1.682	0.228000
1.687	0.228000
1.692	0.227000
1.697	0.227000
1.702	0.226000
1.707	0.226000
1.712	0.225000
1.717	0.225000
1.722	0.224000
1.727	0.223000
1.732	0.223000
1.737	0.222000
1.742	0.221000
1.747	0.221000
1.752	0.221000
1.757	0.221000
1.762	0.221000
1.767	0.220000
1.772	0.220000
1.777	0.220000
1.782	0.220000
1.787	0.219000
1.792	0.219000
1.797	0.218000
1.802	0.218000
1.807	0.218000
1.812	0.218000
1.817	0.217000
1.822	0.217000
1.827	0.217000
1.832	0.216000
1.837	0.216000
1.842	0.215000
1.847	0.213000
1.852	0.213000
1.857	0.212000
1.862	0.212000
1.867	0.212000
1.872	0.212000
1.877	0.211000
1.882	0.211000
1.887	0.210000
1.892	0.210000
1.897	0.209000
1.902	0.208000
1.907	0.208000
1.912	0.208000
1.917	0.208000
1.922	0.208000
1.927	0.207000
1.932	0.207000
1.937	0.207000
1.942	0.206000
1.947	0.206000
1.952	0.206000
1.957	0.207000
1.962	0.206000
1.967	0.205000
1.972	0.205000
1.977	0.204000
1.982	0.204000
1.987	0.203000
1.992	0.203000
1.997	0.203000
2.002	0.202000
2.007	0.202000
2.012	0.202000
2.017	0.202000
2.022	0.201000
2.027	0.200000
2.032	0.200000
2.037	0.200000
2.042	0.201000
2.047	0.201000
2.052	0.201000
2.057	0.201000
2.062	0.200000
2.067	0.200000
2.072	0.199000
2.077	0.199000
2.082	0.198000
2.087	0.198000
2.092	0.198000
2.097	0.197000
2.102	0.196000
2.107	0.196000
2.112	0.196000
2.117	0.196000
2.122	0.196000
2.127	0.195000
2.132	0.195000
2.137	0.195000
2.142	0.194000
2.147	0.194000
2.152	0.194000
2.157	0.193000
2.162	0.193000
2.167	0.193000
2.172	0.193000
2.177	0.193000
2.182	0.193000
2.187	0.193000
2.192	0.193000
2.197	0.192000
2.202	0.192000
2.207	0.192000
2.212	0.192000
2.217	0.192000
2.222	0.192000
2.227	0.192000
2.232	0.191000
2.237	0.191000
2.242	0.191000
2.247	0.191000
2.252	0.190000
2.257	0.190000
2.262	0.188000
2.267	0.188000
2.272	0.188000
2.277	0.188000
2.282	0.187000
2.287	0.187000
2.292	0.187000
2.297	0.187000
2.302	0.187000
2.307	0.186000
2.312	0.186000
2.317	0.185000
2.322	0.185000
2.327	0.185000
2.332	0.185000
2.337	0.183000
2.342	0.183000
2.347	0.183000
2.352	0.183000
2.357	0.183000
2.362	0.183000
2.367	0.182000
2.372	0.182000
2.377	0.182000
2.382	0.182000
2.387	0.182000
2.392	0.183000
2.397	0.183000
2.402	0.183000
2.407	0.182000
2.412	0.182000
2.417	0.182000
2.422	0.181000
2.427	0.181000
2.432	0.180000
2.437	0.179000
2.442	0.179000
2.447	0.179000
2.452	0.179000
2.457	0.179000
2.462	0.179000
2.467	0.178000
2.472	0.178000
2.477	0.178000
2.482	0.178000
2.487	0.178000
2.492	0.178000
2.497	0.178000
2.502	0.177000
2.507	0.177000
2.512	0.177000
2.517	0.176000
2.522	0.175000
2.527	0.175000
2.532	0.175000
2.537	0.175000
