Brown University Keck/NASA Relab Spectrum LS-JBA-273/CLS815
Wavelength(micron)	Reflectance
0.351	0.187000
0.356	0.193000
0.361	0.197000
0.366	0.201000
0.371	0.205000
0.376	0.208000
0.381	0.212000
0.386	0.214000
0.391	0.216000
0.396	0.218000
0.401	0.221000
0.406	0.222000
0.411	0.223000
0.416	0.225000
0.421	0.225000
0.426	0.225000
0.431	0.226000
0.436	0.228000
0.441	0.228000
0.446	0.227000
0.451	0.227000
0.456	0.228000
0.461	0.228000
0.466	0.228000
0.471	0.228000
0.476	0.228000
0.481	0.228000
0.486	0.228000
0.491	0.228000
0.496	0.228000
0.501	0.228000
0.506	0.229000
0.511	0.230000
0.517	0.230000
0.522	0.230000
0.527	0.230000
0.532	0.230000
0.537	0.230000
0.542	0.230000
0.547	0.230000
0.552	0.229000
0.557	0.229000
0.562	0.229000
0.567	0.229000
0.572	0.228000
0.577	0.228000
0.582	0.228000
0.587	0.229000
0.593	0.229000
0.598	0.229000
0.603	0.229000
0.608	0.228000
0.613	0.229000
0.618	0.229000
0.623	0.230000
0.628	0.230000
0.634	0.230000
0.639	0.230000
0.644	0.230000
0.649	0.230000
0.654	0.230000
0.659	0.230000
0.665	0.231000
0.67	0.231000
0.675	0.231000
0.68	0.232000
0.686	0.232000
0.691	0.232000
0.696	0.232000
0.702	0.232000
0.707	0.232000
0.712	0.234000
0.718	0.234000
0.723	0.234000
0.728	0.234000
0.734	0.234000
0.739	0.234000
0.744	0.234000
0.75	0.234000
0.755	0.234000
0.76	0.234000
0.766	0.233000
0.771	0.233000
0.776	0.231000
0.781	0.230000
0.787	0.229000
0.792	0.228000
0.797	0.228000
0.802	0.226000
0.808	0.224000
0.813	0.222000
0.818	0.220000
0.823	0.219000
0.828	0.216000
0.833	0.213000
0.839	0.211000
0.844	0.209000
0.849	0.205000
0.854	0.203000
0.859	0.202000
0.864	0.200000
0.869	0.198000
0.874	0.195000
0.879	0.194000
0.885	0.192000
0.89	0.191000
0.895	0.191000
0.9	0.190000
0.905	0.189000
0.91	0.188000
0.915	0.188000
0.92	0.189000
0.925	0.189000
0.93	0.189000
0.935	0.191000
0.94	0.192000
0.945	0.194000
0.95	0.195000
0.955	0.196000
0.96	0.198000
0.965	0.201000
0.97	0.203000
0.975	0.204000
0.981	0.207000
0.986	0.210000
0.991	0.212000
0.996	0.214000
1.001	0.218000
1.006	0.221000
1.011	0.223000
1.016	0.225000
1.021	0.229000
1.026	0.231000
1.031	0.232000
1.036	0.235000
1.041	0.238000
1.046	0.240000
1.051	0.241000
1.056	0.244000
1.061	0.246000
1.066	0.248000
1.071	0.249000
1.076	0.251000
1.081	0.252000
1.086	0.253000
1.091	0.254000
1.096	0.255000
1.101	0.256000
1.106	0.257000
1.111	0.258000
1.116	0.259000
1.121	0.260000
1.126	0.261000
1.131	0.261000
1.136	0.262000
1.141	0.262000
1.146	0.263000
1.151	0.263000
1.156	0.263000
1.161	0.263000
1.166	0.263000
1.171	0.263000
1.176	0.263000
1.181	0.263000
1.186	0.263000
1.191	0.263000
1.196	0.263000
1.201	0.263000
1.206	0.263000
1.211	0.263000
1.216	0.263000
1.221	0.263000
1.226	0.263000
1.231	0.263000
1.236	0.264000
1.241	0.264000
1.246	0.264000
1.251	0.264000
1.256	0.264000
1.261	0.264000
1.266	0.264000
1.271	0.265000
1.277	0.265000
1.282	0.266000
1.287	0.266000
1.292	0.266000
1.297	0.266000
1.302	0.267000
1.307	0.267000
1.312	0.267000
1.317	0.268000
1.322	0.269000
1.327	0.269000
1.332	0.270000
1.337	0.270000
1.342	0.270000
1.347	0.270000
1.352	0.271000
1.357	0.271000
1.362	0.272000
1.367	0.272000
1.372	0.271000
1.377	0.272000
1.382	0.273000
1.387	0.274000
1.392	0.274000
1.397	0.274000
1.402	0.274000
1.407	0.274000
1.412	0.275000
1.417	0.277000
1.422	0.277000
1.427	0.278000
1.432	0.278000
1.437	0.278000
1.442	0.278000
1.447	0.278000
1.452	0.278000
1.457	0.278000
1.462	0.278000
1.467	0.278000
1.472	0.278000
1.477	0.278000
1.482	0.278000
1.487	0.277000
1.492	0.277000
1.497	0.277000
1.502	0.277000
1.507	0.277000
1.512	0.277000
1.517	0.277000
1.522	0.277000
1.527	0.277000
1.532	0.277000
1.537	0.276000
1.542	0.276000
1.547	0.276000
1.552	0.276000
1.557	0.276000
1.562	0.275000
1.567	0.275000
1.572	0.275000
1.577	0.275000
1.582	0.274000
1.587	0.273000
1.592	0.273000
1.597	0.273000
1.602	0.273000
1.607	0.272000
1.612	0.272000
1.617	0.272000
1.622	0.271000
1.627	0.271000
1.632	0.271000
1.637	0.269000
1.642	0.269000
1.647	0.269000
1.652	0.268000
1.657	0.268000
1.662	0.268000
1.667	0.267000
1.672	0.267000
1.677	0.266000
1.682	0.266000
1.687	0.265000
1.692	0.265000
1.697	0.264000
1.702	0.263000
1.707	0.263000
1.712	0.263000
1.717	0.262000
1.722	0.262000
1.727	0.261000
1.732	0.260000
1.737	0.260000
1.742	0.260000
1.747	0.260000
1.752	0.259000
1.757	0.259000
1.762	0.259000
1.767	0.258000
1.772	0.258000
1.777	0.258000
1.782	0.257000
1.787	0.257000
1.792	0.256000
1.797	0.256000
1.802	0.256000
1.807	0.256000
1.812	0.255000
1.817	0.255000
1.822	0.255000
1.827	0.255000
1.832	0.255000
1.837	0.255000
1.842	0.254000
1.847	0.254000
1.852	0.254000
1.857	0.254000
1.862	0.254000
1.867	0.254000
1.872	0.254000
1.877	0.254000
1.882	0.253000
1.887	0.253000
1.892	0.253000
1.897	0.253000
1.902	0.253000
1.907	0.253000
1.912	0.253000
1.917	0.253000
1.922	0.253000
1.927	0.253000
1.932	0.254000
1.937	0.254000
1.942	0.255000
1.947	0.255000
1.952	0.255000
1.957	0.255000
1.962	0.255000
1.967	0.255000
1.972	0.256000
1.977	0.256000
1.982	0.256000
1.987	0.257000
1.992	0.257000
1.997	0.257000
2.002	0.257000
2.007	0.257000
2.012	0.258000
2.017	0.258000
2.022	0.259000
2.027	0.259000
2.032	0.260000
2.037	0.260000
2.042	0.260000
2.047	0.260000
2.052	0.261000
2.057	0.262000
2.062	0.262000
2.067	0.263000
2.072	0.264000
2.077	0.265000
2.082	0.266000
2.087	0.266000
2.092	0.267000
2.097	0.267000
2.102	0.268000
2.107	0.269000
2.112	0.269000
2.117	0.270000
2.122	0.271000
2.127	0.271000
2.132	0.272000
2.137	0.272000
2.142	0.273000
2.147	0.274000
2.152	0.274000
2.157	0.275000
2.162	0.276000
2.167	0.277000
2.172	0.278000
2.177	0.279000
2.182	0.279000
2.187	0.280000
2.192	0.280000
2.197	0.281000
2.202	0.282000
2.207	0.283000
2.212	0.283000
2.217	0.284000
2.222	0.286000
2.227	0.287000
2.232	0.287000
2.237	0.288000
2.242	0.288000
2.247	0.289000
2.252	0.289000
2.257	0.290000
2.262	0.291000
2.267	0.291000
2.272	0.293000
2.277	0.294000
2.282	0.294000
2.287	0.295000
2.292	0.296000
2.297	0.296000
2.302	0.296000
2.307	0.297000
2.312	0.297000
2.317	0.298000
2.322	0.299000
2.327	0.300000
2.332	0.302000
2.337	0.302000
2.342	0.303000
2.347	0.304000
2.352	0.304000
2.357	0.305000
2.362	0.305000
2.367	0.305000
2.372	0.306000
2.377	0.307000
2.382	0.308000
2.387	0.308000
2.392	0.308000
2.397	0.311000
2.402	0.311000
2.407	0.312000
2.412	0.312000
2.417	0.314000
2.422	0.314000
2.427	0.314000
2.432	0.314000
2.437	0.315000
2.442	0.315000
2.447	0.317000
2.452	0.317000
2.457	0.317000
2.462	0.317000
2.467	0.317000
2.472	0.318000
2.477	0.319000
2.482	0.320000
2.487	0.323000
2.492	0.330000
2.497	0.334000
2.502	0.322000
2.507	0.322000
2.512	0.322000
2.517	0.322000
2.522	0.322000
2.527	0.322000
2.532	0.322000
2.537	0.322000
