Brown University Keck/NASA Relab Spectrum LS-JBA-229-M/CLS801
Wavelength(micron)	Reflectance
0.351	0.202000
0.356	0.209000
0.361	0.212000
0.366	0.214000
0.371	0.216000
0.376	0.217000
0.381	0.218000
0.386	0.225000
0.391	0.229000
0.396	0.232000
0.401	0.234000
0.406	0.239000
0.411	0.240000
0.416	0.242000
0.421	0.243000
0.426	0.250000
0.431	0.250000
0.436	0.253000
0.441	0.258000
0.446	0.258000
0.451	0.259000
0.456	0.265000
0.461	0.269000
0.466	0.268000
0.471	0.272000
0.476	0.272000
0.481	0.273000
0.486	0.276000
0.491	0.280000
0.496	0.283000
0.501	0.284000
0.506	0.284000
0.511	0.285000
0.517	0.288000
0.522	0.294000
0.527	0.300000
0.532	0.305000
0.537	0.309000
0.542	0.313000
0.547	0.316000
0.552	0.317000
0.557	0.318000
0.562	0.320000
0.567	0.323000
0.572	0.327000
0.577	0.327000
0.582	0.331000
0.587	0.334000
0.593	0.335000
0.598	0.338000
0.603	0.340000
0.608	0.342000
0.613	0.347000
0.618	0.348000
0.623	0.353000
0.628	0.354000
0.634	0.356000
0.639	0.358000
0.644	0.359000
0.649	0.364000
0.654	0.365000
0.659	0.368000
0.665	0.371000
0.67	0.375000
0.675	0.378000
0.68	0.380000
0.686	0.382000
0.691	0.384000
0.696	0.385000
0.702	0.387000
0.707	0.388000
0.712	0.389000
0.718	0.393000
0.723	0.397000
0.728	0.401000
0.734	0.402000
0.739	0.406000
0.744	0.409000
0.75	0.411000
0.755	0.413000
0.76	0.414000
0.766	0.417000
0.771	0.418000
0.776	0.418000
0.781	0.418000
0.787	0.419000
0.792	0.421000
0.797	0.421000
0.802	0.422000
0.808	0.424000
0.813	0.424000
0.818	0.425000
0.823	0.425000
0.828	0.426000
0.833	0.427000
0.839	0.427000
0.844	0.428000
0.849	0.429000
0.854	0.429000
0.859	0.429000
0.864	0.430000
0.869	0.430000
0.874	0.431000
0.879	0.433000
0.885	0.434000
0.89	0.434000
0.895	0.434000
0.9	0.436000
0.905	0.436000
0.91	0.438000
0.915	0.438000
0.92	0.442000
0.925	0.442000
0.93	0.444000
0.935	0.444000
0.94	0.444000
0.945	0.448000
0.95	0.450000
0.955	0.452000
0.96	0.453000
0.965	0.455000
0.97	0.458000
0.975	0.460000
0.981	0.462000
0.986	0.464000
0.991	0.468000
0.996	0.470000
1.001	0.473000
1.006	0.477000
1.011	0.480000
1.016	0.482000
1.021	0.483000
1.026	0.485000
1.031	0.489000
1.036	0.490000
1.041	0.493000
1.046	0.497000
1.051	0.500000
1.056	0.501000
1.061	0.506000
1.066	0.508000
1.071	0.513000
1.076	0.514000
1.081	0.516000
1.086	0.519000
1.091	0.519000
1.096	0.522000
1.101	0.524000
1.106	0.528000
1.111	0.530000
1.116	0.533000
1.121	0.537000
1.126	0.542000
1.131	0.543000
1.136	0.545000
1.141	0.547000
1.146	0.550000
1.151	0.554000
1.156	0.555000
1.161	0.557000
1.166	0.559000
1.171	0.560000
1.176	0.563000
1.181	0.566000
1.186	0.568000
1.191	0.571000
1.196	0.571000
1.201	0.573000
1.206	0.576000
1.211	0.577000
1.216	0.578000
1.221	0.580000
1.226	0.581000
1.231	0.584000
1.236	0.585000
1.241	0.589000
1.246	0.591000
1.251	0.592000
1.256	0.593000
1.261	0.596000
1.266	0.596000
1.271	0.596000
1.277	0.601000
1.282	0.602000
1.287	0.603000
1.292	0.606000
1.297	0.609000
1.302	0.612000
1.307	0.614000
1.312	0.615000
1.317	0.617000
1.322	0.618000
1.327	0.621000
1.332	0.625000
1.337	0.627000
1.342	0.630000
1.347	0.632000
1.352	0.633000
1.357	0.631000
1.362	0.632000
1.367	0.632000
1.372	0.633000
1.377	0.632000
1.382	0.634000
1.387	0.639000
1.392	0.640000
1.397	0.643000
1.402	0.646000
1.407	0.649000
1.412	0.651000
1.417	0.655000
1.422	0.657000
1.427	0.659000
1.432	0.661000
1.437	0.665000
1.442	0.666000
1.447	0.667000
1.452	0.669000
1.457	0.670000
1.462	0.673000
1.467	0.673000
1.472	0.678000
1.477	0.678000
1.482	0.678000
1.487	0.680000
1.492	0.683000
1.497	0.684000
1.502	0.687000
1.507	0.688000
1.512	0.689000
1.517	0.690000
1.522	0.690000
1.527	0.690000
1.532	0.694000
1.537	0.695000
1.542	0.697000
1.547	0.699000
1.552	0.698000
1.557	0.702000
1.562	0.703000
1.567	0.703000
1.572	0.704000
1.577	0.708000
1.582	0.709000
1.587	0.711000
1.592	0.712000
1.597	0.712000
1.602	0.714000
1.607	0.716000
1.612	0.717000
1.617	0.719000
1.622	0.719000
1.627	0.720000
1.632	0.722000
1.637	0.725000
1.642	0.726000
1.647	0.726000
1.652	0.727000
1.657	0.728000
1.662	0.730000
1.667	0.731000
1.672	0.732000
1.677	0.734000
1.682	0.734000
1.687	0.736000
1.692	0.739000
1.697	0.739000
1.702	0.741000
1.707	0.742000
1.712	0.744000
1.717	0.746000
1.722	0.745000
1.727	0.747000
1.732	0.749000
1.737	0.750000
1.742	0.751000
1.747	0.751000
1.752	0.753000
1.757	0.756000
1.762	0.756000
1.767	0.759000
1.772	0.759000
1.777	0.761000
1.782	0.764000
1.787	0.765000
1.792	0.767000
1.797	0.768000
1.802	0.768000
1.807	0.768000
1.812	0.772000
1.817	0.770000
1.822	0.772000
1.827	0.774000
1.832	0.776000
1.837	0.776000
1.842	0.777000
1.847	0.779000
1.852	0.780000
1.857	0.780000
1.862	0.783000
1.867	0.783000
1.872	0.785000
1.877	0.786000
1.882	0.788000
1.887	0.789000
1.892	0.790000
1.897	0.792000
1.902	0.794000
1.907	0.794000
1.912	0.795000
1.917	0.797000
1.922	0.796000
1.927	0.798000
1.932	0.799000
1.937	0.800000
1.942	0.801000
1.947	0.803000
1.952	0.804000
1.957	0.807000
1.962	0.809000
1.967	0.810000
1.972	0.811000
1.977	0.814000
1.982	0.814000
1.987	0.815000
1.992	0.817000
1.997	0.818000
2.002	0.819000
2.007	0.821000
2.012	0.822000
2.017	0.824000
2.022	0.825000
2.027	0.826000
2.032	0.829000
2.037	0.830000
2.042	0.832000
2.047	0.833000
2.052	0.837000
2.057	0.838000
2.062	0.840000
2.067	0.840000
2.072	0.842000
2.077	0.843000
2.082	0.844000
2.087	0.845000
2.092	0.849000
2.097	0.849000
2.102	0.851000
2.107	0.851000
2.112	0.853000
2.117	0.855000
2.122	0.856000
2.127	0.856000
2.132	0.858000
2.137	0.861000
2.142	0.862000
2.147	0.862000
2.152	0.862000
2.157	0.862000
2.162	0.868000
2.167	0.868000
2.172	0.871000
2.177	0.873000
2.182	0.874000
2.187	0.875000
2.192	0.877000
2.197	0.877000
2.202	0.878000
2.207	0.882000
2.212	0.884000
2.217	0.884000
2.222	0.886000
2.227	0.886000
2.232	0.892000
2.237	0.892000
2.242	0.892000
2.247	0.893000
2.252	0.895000
2.257	0.897000
2.262	0.900000
2.267	0.901000
2.272	0.905000
2.277	0.906000
2.282	0.909000
2.287	0.909000
2.292	0.911000
2.297	0.914000
2.302	0.915000
2.307	0.917000
2.312	0.921000
2.317	0.921000
2.322	0.925000
2.327	0.924000
2.332	0.925000
2.337	0.927000
2.342	0.928000
2.347	0.929000
2.352	0.931000
2.357	0.934000
2.362	0.936000
2.367	0.938000
2.372	0.939000
2.377	0.941000
2.382	0.943000
2.387	0.945000
2.392	0.946000
2.397	0.947000
2.402	0.947000
2.407	0.950000
2.412	0.952000
2.417	0.956000
2.422	0.957000
2.427	0.959000
2.432	0.963000
2.437	0.963000
2.442	0.965000
2.447	0.970000
2.452	0.972000
2.457	0.973000
2.462	0.974000
2.467	0.978000
2.472	0.978000
2.477	0.980000
2.482	0.982000
2.487	0.983000
2.492	0.986000
2.497	0.989000
2.502	0.989000
2.507	0.994000
2.512	0.995000
2.517	0.996000
2.522	0.993000
2.527	0.989000
2.532	0.986000
2.537	0.986000
