Brown University Keck/NASA Relab Spectrum LS-JBA-159-P2/wls043
Wavelength(micron)	Reflectance	Standard Deviation
0.35	0.147000	-0.10E+04
0.353	0.151000	-0.10E+04
0.356	0.152000	-0.10E+04
0.359	0.154000	-0.10E+04
0.362	0.155333	-0.10E+04
0.365	0.156000	-0.10E+04
0.368	0.158000	-0.10E+04
0.371	0.158667	-0.10E+04
0.374	0.160000	-0.10E+04
0.377	0.162000	-0.10E+04
0.38	0.163000	-0.10E+04
0.383	0.166000	-0.10E+04
0.386	0.166333	-0.10E+04
0.389	0.167000	-0.10E+04
0.392	0.168333	-0.10E+04
0.395	0.169000	-0.10E+04
0.398	0.171000	-0.10E+04
0.401	0.172000	-0.10E+04
0.404	0.174000	-0.10E+04
0.407	0.175333	-0.10E+04
0.41	0.176000	-0.10E+04
0.413	0.177000	-0.10E+04
0.416	0.178000	-0.10E+04
0.419	0.180000	-0.10E+04
0.422	0.181333	-0.10E+04
0.425	0.182000	-0.10E+04
0.428	0.184000	-0.10E+04
0.431	0.184667	-0.10E+04
0.434	0.186000	-0.10E+04
0.437	0.188000	-0.10E+04
0.44	0.189000	-0.10E+04
0.443	0.192000	-0.10E+04
0.446	0.192000	-0.10E+04
0.449	0.192000	-0.10E+04
0.452	0.192667	-0.10E+04
0.455	0.193000	-0.10E+04
0.458	0.194000	-0.10E+04
0.461	0.195000	-0.10E+04
0.464	0.197000	-0.10E+04
0.467	0.197667	-0.10E+04
0.47	0.198000	-0.10E+04
0.473	0.201000	-0.10E+04
0.476	0.201333	-0.10E+04
0.479	0.202000	-0.10E+04
0.482	0.203333	-0.10E+04
0.485	0.204000	-0.10E+04
0.488	0.205000	-0.10E+04
0.491	0.205333	-0.10E+04
0.494	0.206000	-0.10E+04
0.497	0.207333	-0.10E+04
0.5	0.208000	-0.10E+04
0.503	0.210000	-0.10E+04
0.506	0.210667	-0.10E+04
0.509	0.212000	-0.10E+04
0.512	0.212667	-0.10E+04
0.515	0.213000	-0.10E+04
0.518	0.214000	-0.10E+04
0.521	0.214333	-0.10E+04
0.524	0.215000	-0.10E+04
0.527	0.216333	-0.10E+04
0.53	0.217000	-0.10E+04
0.533	0.219000	-0.10E+04
0.536	0.219667	-0.10E+04
0.539	0.221000	-0.10E+04
0.542	0.221000	-0.10E+04
0.545	0.221000	-0.10E+04
0.548	0.223000	-0.10E+04
0.551	0.223333	-0.10E+04
0.554	0.224000	-0.10E+04
0.557	0.224667	-0.10E+04
0.56	0.225000	-0.10E+04
0.563	0.226000	-0.10E+04
0.566	0.226333	-0.10E+04
0.569	0.227000	-0.10E+04
0.572	0.228333	-0.10E+04
0.575	0.229000	-0.10E+04
0.578	0.230000	-0.10E+04
0.581	0.230333	-0.10E+04
0.584	0.231000	-0.10E+04
0.587	0.232333	-0.10E+04
0.59	0.233000	-0.10E+04
0.593	0.235000	-0.10E+04
0.596	0.235667	-0.10E+04
0.599	0.237000	-0.10E+04
0.602	0.237667	-0.10E+04
0.605	0.238000	-0.10E+04
0.608	0.240000	-0.10E+04
0.611	0.240333	-0.10E+04
0.614	0.241000	-0.10E+04
0.617	0.241667	-0.10E+04
0.62	0.242000	-0.10E+04
0.623	0.243000	-0.10E+04
0.626	0.243667	-0.10E+04
0.629	0.245000	-0.10E+04
0.632	0.245667	-0.10E+04
0.635	0.246000	-0.10E+04
0.638	0.248000	-0.10E+04
0.641	0.248333	-0.10E+04
0.644	0.249000	-0.10E+04
0.647	0.250333	-0.10E+04
0.65	0.251000	-0.10E+04
0.653	0.251000	-0.10E+04
0.656	0.251667	-0.10E+04
0.659	0.253000	-0.10E+04
0.662	0.253667	-0.10E+04
0.665	0.254000	-0.10E+04
0.668	0.255000	-0.10E+04
0.671	0.255667	-0.10E+04
0.674	0.257000	-0.10E+04
0.677	0.257667	-0.10E+04
0.68	0.258000	-0.10E+04
0.683	0.260000	-0.10E+04
0.686	0.260000	-0.10E+04
0.689	0.260000	-0.10E+04
0.692	0.260667	-0.10E+04
0.695	0.261000	-0.10E+04
0.698	0.262000	-0.10E+04
0.701	0.262333	-0.10E+04
0.704	0.263000	-0.10E+04
0.707	0.263667	-0.10E+04
0.71	0.264000	-0.10E+04
0.713	0.265000	-0.10E+04
0.716	0.265333	-0.10E+04
0.719	0.266000	-0.10E+04
0.722	0.266667	-0.10E+04
0.725	0.267000	-0.10E+04
0.728	0.268000	-0.10E+04
0.731	0.268667	-0.10E+04
0.734	0.270000	-0.10E+04
0.737	0.270000	-0.10E+04
0.74	0.270000	-0.10E+04
0.743	0.271000	-0.10E+04
0.746	0.271333	-0.10E+04
0.749	0.272000	-0.10E+04
0.752	0.273333	-0.10E+04
0.755	0.274000	-0.10E+04
0.758	0.274000	-0.10E+04
0.761	0.274333	-0.10E+04
0.764	0.275000	-0.10E+04
0.767	0.275667	-0.10E+04
0.77	0.276000	-0.10E+04
0.773	0.277000	-0.10E+04
0.776	0.277333	-0.10E+04
0.779	0.278000	-0.10E+04
0.782	0.278000	-0.10E+04
0.785	0.278000	-0.10E+04
0.788	0.278000	-0.10E+04
0.791	0.278333	-0.10E+04
0.794	0.279000	-0.10E+04
0.797	0.279000	-0.10E+04
0.8	0.279000	-0.10E+04
0.803	0.279000	-0.10E+04
0.806	0.279333	-0.10E+04
0.809	0.280000	-0.10E+04
0.812	0.280000	-0.10E+04
0.815	0.280000	-0.10E+04
0.818	0.280000	-0.10E+04
0.821	0.280000	-0.10E+04
0.824	0.280000	-0.10E+04
0.827	0.280000	-0.10E+04
0.83	0.280000	-0.10E+04
0.833	0.280000	-0.10E+04
0.836	0.280333	-0.10E+04
0.839	0.281000	-0.10E+04
0.842	0.281667	-0.10E+04
0.845	0.282000	-0.10E+04
0.848	0.282000	-0.10E+04
0.851	0.282000	-0.10E+04
0.854	0.282000	-0.10E+04
0.857	0.282667	-0.10E+04
0.86	0.283000	-0.10E+04
0.863	0.283000	-0.10E+04
0.866	0.283000	-0.10E+04
0.869	0.283000	-0.10E+04
0.872	0.283000	-0.10E+04
0.875	0.283000	-0.10E+04
0.878	0.283000	-0.10E+04
0.881	0.283333	-0.10E+04
0.884	0.284000	-0.10E+04
0.887	0.284000	-0.10E+04
0.89	0.284000	-0.10E+04
0.893	0.285000	-0.10E+04
0.896	0.285333	-0.10E+04
0.899	0.286000	-0.10E+04
0.902	0.286000	-0.10E+04
0.905	0.286000	-0.10E+04
0.908	0.287000	-0.10E+04
0.911	0.287333	-0.10E+04
0.914	0.288000	-0.10E+04
0.917	0.288000	-0.10E+04
0.92	0.288000	-0.10E+04
0.923	0.288000	-0.10E+04
0.926	0.288333	-0.10E+04
0.929	0.289000	-0.10E+04
0.932	0.289000	-0.10E+04
0.935	0.289000	-0.10E+04
0.938	0.291000	-0.10E+04
0.941	0.291333	-0.10E+04
0.944	0.292000	-0.10E+04
0.947	0.292667	-0.10E+04
0.95	0.293000	-0.10E+04
0.953	0.295000	-0.10E+04
0.956	0.295000	-0.10E+04
0.959	0.295000	-0.10E+04
0.962	0.295667	-0.10E+04
0.965	0.296000	-0.10E+04
0.968	0.297000	-0.10E+04
0.971	0.297333	-0.10E+04
0.974	0.298000	-0.10E+04
0.977	0.298667	-0.10E+04
0.98	0.299000	-0.10E+04
0.983	0.300000	-0.10E+04
0.986	0.300000	-0.10E+04
0.989	0.300000	-0.10E+04
0.992	0.302000	-0.10E+04
0.995	0.303000	-0.10E+04
0.998	0.303000	-0.10E+04
1.001	0.303333	-0.10E+04
1.004	0.304000	-0.10E+04
1.007	0.304667	-0.10E+04
1.01	0.305000	-0.10E+04
1.013	0.306000	-0.10E+04
1.016	0.306000	-0.10E+04
1.019	0.306000	-0.10E+04
1.022	0.306667	-0.10E+04
1.025	0.307000	-0.10E+04
1.028	0.308000	-0.10E+04
1.031	0.308333	-0.10E+04
1.034	0.309000	-0.10E+04
1.037	0.310333	-0.10E+04
1.04	0.311000	-0.10E+04
1.043	0.312000	-0.10E+04
1.046	0.312667	-0.10E+04
1.049	0.314000	-0.10E+04
1.052	0.314000	-0.10E+04
1.055	0.314000	-0.10E+04
1.058	0.315000	-0.10E+04
1.061	0.315333	-0.10E+04
1.064	0.316000	-0.10E+04
1.067	0.316667	-0.10E+04
1.07	0.317000	-0.10E+04
1.073	0.317000	-0.10E+04
1.076	0.317000	-0.10E+04
1.079	0.317000	-0.10E+04
1.082	0.317667	-0.10E+04
1.085	0.318000	-0.10E+04
1.088	0.319000	-0.10E+04
1.091	0.319333	-0.10E+04
1.094	0.320000	-0.10E+04
1.097	0.321333	-0.10E+04
1.1	0.322000	-0.10E+04
1.103	0.323000	-0.10E+04
1.106	0.323000	-0.10E+04
1.109	0.323000	-0.10E+04
1.112	0.324333	-0.10E+04
1.115	0.325000	-0.10E+04
1.118	0.325000	-0.10E+04
1.121	0.325000	-0.10E+04
1.124	0.325000	-0.10E+04
1.127	0.325667	-0.10E+04
1.13	0.326000	-0.10E+04
1.133	0.326000	-0.10E+04
1.136	0.326667	-0.10E+04
1.139	0.328000	-0.10E+04
1.142	0.328667	-0.10E+04
1.145	0.329000	-0.10E+04
1.148	0.330000	-0.10E+04
1.151	0.330333	-0.10E+04
1.154	0.331000	-0.10E+04
1.157	0.331667	-0.10E+04
1.16	0.332000	-0.10E+04
1.163	0.332000	-0.10E+04
1.166	0.332333	-0.10E+04
1.169	0.333000	-0.10E+04
1.172	0.333000	-0.10E+04
1.175	0.333000	-0.10E+04
1.178	0.334000	-0.10E+04
1.181	0.334333	-0.10E+04
1.184	0.335000	-0.10E+04
1.187	0.335000	-0.10E+04
1.19	0.335000	-0.10E+04
1.193	0.335000	-0.10E+04
1.196	0.335333	-0.10E+04
1.199	0.336000	-0.10E+04
1.202	0.336667	-0.10E+04
1.205	0.337000	-0.10E+04
1.208	0.338000	-0.10E+04
1.211	0.338333	-0.10E+04
1.214	0.339000	-0.10E+04
1.217	0.339667	-0.10E+04
1.22	0.340000	-0.10E+04
1.223	0.340000	-0.10E+04
1.226	0.340333	-0.10E+04
1.229	0.341000	-0.10E+04
1.232	0.341667	-0.10E+04
1.235	0.342000	-0.10E+04
1.238	0.343000	-0.10E+04
1.241	0.343000	-0.10E+04
1.244	0.343000	-0.10E+04
1.247	0.343667	-0.10E+04
1.25	0.344000	-0.10E+04
1.253	0.344000	-0.10E+04
1.256	0.344000	-0.10E+04
1.259	0.344000	-0.10E+04
1.262	0.344667	-0.10E+04
1.265	0.345000	-0.10E+04
1.268	0.347000	-0.10E+04
1.271	0.347000	-0.10E+04
1.274	0.347000	-0.10E+04
1.277	0.347667	-0.10E+04
1.28	0.348000	-0.10E+04
1.283	0.349000	-0.10E+04
1.286	0.349000	-0.10E+04
1.289	0.349000	-0.10E+04
1.292	0.350333	-0.10E+04
1.295	0.351000	-0.10E+04
1.298	0.351000	-0.10E+04
1.301	0.351333	-0.10E+04
1.304	0.352000	-0.10E+04
1.307	0.352000	-0.10E+04
1.31	0.352000	-0.10E+04
1.313	0.353000	-0.10E+04
1.316	0.353333	-0.10E+04
1.319	0.354000	-0.10E+04
1.322	0.354667	-0.10E+04
1.325	0.355000	-0.10E+04
1.328	0.356000	-0.10E+04
1.331	0.356333	-0.10E+04
1.334	0.357000	-0.10E+04
1.337	0.357667	-0.10E+04
1.34	0.358000	-0.10E+04
1.343	0.360000	-0.10E+04
1.346	0.360000	-0.10E+04
1.349	0.360000	-0.10E+04
1.352	0.360667	-0.10E+04
1.355	0.361000	-0.10E+04
1.358	0.361000	-0.10E+04
1.361	0.361000	-0.10E+04
1.364	0.361000	-0.10E+04
1.367	0.361667	-0.10E+04
1.37	0.362000	-0.10E+04
1.373	0.363000	-0.10E+04
1.376	0.363333	-0.10E+04
1.379	0.364000	-0.10E+04
1.382	0.364667	-0.10E+04
1.385	0.365000	-0.10E+04
1.388	0.366000	-0.10E+04
1.391	0.366000	-0.10E+04
1.394	0.366000	-0.10E+04
1.397	0.367333	-0.10E+04
1.4	0.368000	-0.10E+04
1.403	0.368000	-0.10E+04
1.406	0.368333	-0.10E+04
1.409	0.369000	-0.10E+04
1.412	0.369000	-0.10E+04
1.415	0.369000	-0.10E+04
1.418	0.370000	-0.10E+04
1.421	0.370333	-0.10E+04
1.424	0.371000	-0.10E+04
1.427	0.371000	-0.10E+04
1.43	0.371000	-0.10E+04
1.433	0.372000	-0.10E+04
1.436	0.372333	-0.10E+04
1.439	0.373000	-0.10E+04
1.442	0.373000	-0.10E+04
1.445	0.373000	-0.10E+04
1.448	0.374000	-0.10E+04
1.451	0.374000	-0.10E+04
1.454	0.374000	-0.10E+04
1.457	0.375333	-0.10E+04
1.46	0.376000	-0.10E+04
1.463	0.376000	-0.10E+04
1.466	0.376333	-0.10E+04
1.469	0.377000	-0.10E+04
1.472	0.377000	-0.10E+04
1.475	0.377000	-0.10E+04
1.478	0.378000	-0.10E+04
1.481	0.378000	-0.10E+04
1.484	0.378000	-0.10E+04
1.487	0.378667	-0.10E+04
1.49	0.379000	-0.10E+04
1.493	0.380000	-0.10E+04
1.496	0.380000	-0.10E+04
1.499	0.380000	-0.10E+04
1.502	0.380000	-0.10E+04
1.505	0.380000	-0.10E+04
1.508	0.381000	-0.10E+04
1.511	0.381000	-0.10E+04
1.514	0.381000	-0.10E+04
1.517	0.381667	-0.10E+04
1.52	0.382000	-0.10E+04
1.523	0.383000	-0.10E+04
1.526	0.383000	-0.10E+04
1.529	0.383000	-0.10E+04
1.532	0.383000	-0.10E+04
1.535	0.383000	-0.10E+04
1.538	0.383000	-0.10E+04
1.541	0.383000	-0.10E+04
1.544	0.383000	-0.10E+04
1.547	0.383667	-0.10E+04
1.55	0.384000	-0.10E+04
1.553	0.385000	-0.10E+04
1.556	0.385333	-0.10E+04
1.559	0.386000	-0.10E+04
1.562	0.386000	-0.10E+04
1.565	0.386000	-0.10E+04
1.568	0.386000	-0.10E+04
1.571	0.386333	-0.10E+04
1.574	0.387000	-0.10E+04
1.577	0.387667	-0.10E+04
1.58	0.388000	-0.10E+04
1.583	0.388000	-0.10E+04
1.586	0.388333	-0.10E+04
1.589	0.389000	-0.10E+04
1.592	0.389000	-0.10E+04
1.595	0.389000	-0.10E+04
1.598	0.389000	-0.10E+04
1.601	0.389000	-0.10E+04
1.604	0.389000	-0.10E+04
1.607	0.389667	-0.10E+04
1.61	0.390000	-0.10E+04
1.613	0.390000	-0.10E+04
1.616	0.390000	-0.10E+04
1.619	0.390000	-0.10E+04
1.622	0.390000	-0.10E+04
1.625	0.390000	-0.10E+04
1.628	0.391000	-0.10E+04
1.631	0.391000	-0.10E+04
1.634	0.391000	-0.10E+04
1.637	0.391000	-0.10E+04
1.64	0.391000	-0.10E+04
1.643	0.391000	-0.10E+04
1.646	0.391333	-0.10E+04
1.649	0.392000	-0.10E+04
1.652	0.392000	-0.10E+04
1.655	0.392000	-0.10E+04
1.658	0.392000	-0.10E+04
1.661	0.392333	-0.10E+04
1.664	0.393000	-0.10E+04
1.667	0.393000	-0.10E+04
1.67	0.393000	-0.10E+04
1.673	0.394000	-0.10E+04
1.676	0.394000	-0.10E+04
1.679	0.394000	-0.10E+04
1.682	0.394000	-0.10E+04
1.685	0.394000	-0.10E+04
1.688	0.394000	-0.10E+04
1.691	0.394333	-0.10E+04
1.694	0.395000	-0.10E+04
1.697	0.395000	-0.10E+04
1.7	0.395000	-0.10E+04
1.703	0.395000	-0.10E+04
1.706	0.395000	-0.10E+04
1.709	0.395000	-0.10E+04
1.712	0.395667	-0.10E+04
1.715	0.396000	-0.10E+04
1.718	0.397000	-0.10E+04
1.721	0.397333	-0.10E+04
1.724	0.398000	-0.10E+04
1.727	0.398000	-0.10E+04
1.73	0.398000	-0.10E+04
1.733	0.398000	-0.10E+04
1.736	0.398333	-0.10E+04
1.739	0.399000	-0.10E+04
1.742	0.399000	-0.10E+04
1.745	0.399000	-0.10E+04
1.748	0.399000	-0.10E+04
1.751	0.399000	-0.10E+04
1.754	0.399000	-0.10E+04
1.757	0.399000	-0.10E+04
1.76	0.399000	-0.10E+04
1.763	0.400000	-0.10E+04
1.766	0.400000	-0.10E+04
1.769	0.400000	-0.10E+04
1.772	0.400000	-0.10E+04
1.775	0.400000	-0.10E+04
1.778	0.400000	-0.10E+04
1.781	0.400000	-0.10E+04
1.784	0.400000	-0.10E+04
1.787	0.400000	-0.10E+04
1.79	0.400000	-0.10E+04
1.793	0.401000	-0.10E+04
1.796	0.401333	-0.10E+04
1.799	0.402000	-0.10E+04
1.802	0.402000	-0.10E+04
1.805	0.402000	-0.10E+04
1.808	0.402000	-0.10E+04
1.811	0.402333	-0.10E+04
1.814	0.403000	-0.10E+04
1.817	0.403000	-0.10E+04
1.82	0.403000	-0.10E+04
1.823	0.404000	-0.10E+04
1.826	0.404333	-0.10E+04
1.829	0.405000	-0.10E+04
1.832	0.405667	-0.10E+04
1.835	0.406000	-0.10E+04
1.838	0.406000	-0.10E+04
1.841	0.406333	-0.10E+04
1.844	0.407000	-0.10E+04
1.847	0.407000	-0.10E+04
1.85	0.407000	-0.10E+04
1.853	0.407000	-0.10E+04
1.856	0.407333	-0.10E+04
1.859	0.408000	-0.10E+04
1.862	0.408000	-0.10E+04
1.865	0.408000	-0.10E+04
1.868	0.408000	-0.10E+04
1.871	0.408333	-0.10E+04
1.874	0.409000	-0.10E+04
1.877	0.409000	-0.10E+04
1.88	0.409000	-0.10E+04
1.883	0.410000	-0.10E+04
1.886	0.410000	-0.10E+04
1.889	0.410000	-0.10E+04
1.892	0.410000	-0.10E+04
1.895	0.410000	-0.10E+04
1.898	0.411000	-0.10E+04
1.901	0.411000	-0.10E+04
1.904	0.411000	-0.10E+04
1.907	0.411667	-0.10E+04
1.91	0.412000	-0.10E+04
1.913	0.412000	-0.10E+04
1.916	0.412333	-0.10E+04
1.919	0.413000	-0.10E+04
1.922	0.413667	-0.10E+04
1.925	0.414000	-0.10E+04
1.928	0.414000	-0.10E+04
1.931	0.414333	-0.10E+04
1.934	0.415000	-0.10E+04
1.937	0.415000	-0.10E+04
1.94	0.415000	-0.10E+04
1.943	0.415000	-0.10E+04
1.946	0.415333	-0.10E+04
1.949	0.416000	-0.10E+04
1.952	0.416667	-0.10E+04
1.955	0.417000	-0.10E+04
1.958	0.417000	-0.10E+04
1.961	0.417000	-0.10E+04
1.964	0.417000	-0.10E+04
1.967	0.417000	-0.10E+04
1.97	0.417000	-0.10E+04
1.973	0.417000	-0.10E+04
1.976	0.417333	-0.10E+04
1.979	0.418000	-0.10E+04
1.982	0.418000	-0.10E+04
1.985	0.418000	-0.10E+04
1.988	0.418000	-0.10E+04
1.991	0.418333	-0.10E+04
1.994	0.419000	-0.10E+04
1.997	0.419667	-0.10E+04
2	0.420000	-0.10E+04
2.003	0.420000	-0.10E+04
2.006	0.420000	-0.10E+04
2.009	0.420000	-0.10E+04
2.012	0.420667	-0.10E+04
2.015	0.421000	-0.10E+04
2.018	0.422000	-0.10E+04
2.021	0.422000	-0.10E+04
2.024	0.422000	-0.10E+04
2.027	0.422667	-0.10E+04
2.03	0.423000	-0.10E+04
2.033	0.424000	-0.10E+04
2.036	0.424000	-0.10E+04
2.039	0.424000	-0.10E+04
2.042	0.424000	-0.10E+04
2.045	0.424000	-0.10E+04
2.048	0.425000	-0.10E+04
2.051	0.425000	-0.10E+04
2.054	0.425000	-0.10E+04
2.057	0.425667	-0.10E+04
2.06	0.426000	-0.10E+04
2.063	0.426000	-0.10E+04
2.066	0.426000	-0.10E+04
2.069	0.426000	-0.10E+04
2.072	0.426667	-0.10E+04
2.075	0.427000	-0.10E+04
2.078	0.428000	-0.10E+04
2.081	0.428000	-0.10E+04
2.084	0.428000	-0.10E+04
2.087	0.428000	-0.10E+04
2.09	0.428000	-0.10E+04
2.093	0.429000	-0.10E+04
2.096	0.429333	-0.10E+04
2.099	0.430000	-0.10E+04
2.102	0.430667	-0.10E+04
2.105	0.431000	-0.10E+04
2.108	0.431000	-0.10E+04
2.111	0.431333	-0.10E+04
2.114	0.432000	-0.10E+04
2.117	0.432667	-0.10E+04
2.12	0.433000	-0.10E+04
2.123	0.433000	-0.10E+04
2.126	0.433000	-0.10E+04
2.129	0.433000	-0.10E+04
2.132	0.433667	-0.10E+04
2.135	0.434000	-0.10E+04
2.138	0.435000	-0.10E+04
2.141	0.435333	-0.10E+04
2.144	0.436000	-0.10E+04
2.147	0.436000	-0.10E+04
2.15	0.436000	-0.10E+04
2.153	0.436000	-0.10E+04
2.156	0.436000	-0.10E+04
2.159	0.436000	-0.10E+04
2.162	0.436667	-0.10E+04
2.165	0.437000	-0.10E+04
2.168	0.438000	-0.10E+04
2.171	0.438333	-0.10E+04
2.174	0.439000	-0.10E+04
2.177	0.439000	-0.10E+04
2.18	0.439000	-0.10E+04
2.183	0.440000	-0.10E+04
2.186	0.440333	-0.10E+04
2.189	0.441000	-0.10E+04
2.192	0.441667	-0.10E+04
2.195	0.442000	-0.10E+04
2.198	0.443000	-0.10E+04
2.201	0.443000	-0.10E+04
2.204	0.443000	-0.10E+04
2.207	0.443667	-0.10E+04
2.21	0.444000	-0.10E+04
2.213	0.445000	-0.10E+04
2.216	0.445000	-0.10E+04
2.219	0.445000	-0.10E+04
2.222	0.445000	-0.10E+04
2.225	0.445000	-0.10E+04
2.228	0.446000	-0.10E+04
2.231	0.446000	-0.10E+04
2.234	0.446000	-0.10E+04
2.237	0.446667	-0.10E+04
2.24	0.447000	-0.10E+04
2.243	0.448000	-0.10E+04
2.246	0.448333	-0.10E+04
2.249	0.449000	-0.10E+04
2.252	0.449667	-0.10E+04
2.255	0.450000	-0.10E+04
2.258	0.451000	-0.10E+04
2.261	0.451000	-0.10E+04
2.264	0.451000	-0.10E+04
2.267	0.452333	-0.10E+04
2.27	0.453000	-0.10E+04
2.273	0.453000	-0.10E+04
2.276	0.453000	-0.10E+04
2.279	0.453000	-0.10E+04
2.282	0.453667	-0.10E+04
2.285	0.454000	-0.10E+04
2.288	0.454000	-0.10E+04
2.291	0.454333	-0.10E+04
2.294	0.455000	-0.10E+04
2.297	0.455667	-0.10E+04
2.3	0.456000	-0.10E+04
2.303	0.457000	-0.10E+04
2.306	0.457333	-0.10E+04
2.309	0.458000	-0.10E+04
2.312	0.458667	-0.10E+04
2.315	0.459000	-0.10E+04
2.318	0.460000	-0.10E+04
2.321	0.460000	-0.10E+04
2.324	0.460000	-0.10E+04
2.327	0.460667	-0.10E+04
2.33	0.461000	-0.10E+04
2.333	0.462000	-0.10E+04
2.336	0.462000	-0.10E+04
2.339	0.462000	-0.10E+04
2.342	0.462000	-0.10E+04
2.345	0.462000	-0.10E+04
2.348	0.463000	-0.10E+04
2.351	0.463000	-0.10E+04
2.354	0.463000	-0.10E+04
2.357	0.463000	-0.10E+04
2.36	0.463000	-0.10E+04
2.363	0.464000	-0.10E+04
2.366	0.464333	-0.10E+04
2.369	0.465000	-0.10E+04
2.372	0.465667	-0.10E+04
2.375	0.466000	-0.10E+04
2.378	0.467000	-0.10E+04
2.381	0.467000	-0.10E+04
2.384	0.467000	-0.10E+04
2.387	0.467667	-0.10E+04
2.39	0.468000	-0.10E+04
2.393	0.469000	-0.10E+04
2.396	0.469000	-0.10E+04
2.399	0.469000	-0.10E+04
2.402	0.469000	-0.10E+04
2.405	0.469000	-0.10E+04
2.408	0.470000	-0.10E+04
2.411	0.470000	-0.10E+04
2.414	0.470000	-0.10E+04
2.417	0.470000	-0.10E+04
2.42	0.470000	-0.10E+04
2.423	0.471000	-0.10E+04
2.426	0.471000	-0.10E+04
2.429	0.471000	-0.10E+04
2.432	0.471000	-0.10E+04
2.435	0.471000	-0.10E+04
2.438	0.473000	-0.10E+04
2.441	0.473000	-0.10E+04
2.444	0.473000	-0.10E+04
2.447	0.473000	-0.10E+04
2.45	0.473000	-0.10E+04
2.453	0.474000	-0.10E+04
2.456	0.474333	-0.10E+04
2.459	0.475000	-0.10E+04
2.462	0.475000	-0.10E+04
2.465	0.475000	-0.10E+04
2.468	0.476000	-0.10E+04
2.471	0.476000	-0.10E+04
2.474	0.476000	-0.10E+04
2.477	0.476667	-0.10E+04
2.48	0.477000	-0.10E+04
2.483	0.478000	-0.10E+04
2.486	0.478000	-0.10E+04
2.489	0.478000	-0.10E+04
2.492	0.478667	-0.10E+04
2.495	0.479000	-0.10E+04
2.498	0.479000	-0.10E+04
