Brown University Keck/NASA Relab Spectrum LS-JBA-201/wls098
Wavelength(micron)	Reflectance	Standard Deviation
0.35	0.109767	-0.10E+04
0.353	0.109733	-0.10E+04
0.356	0.109533	-0.10E+04
0.359	0.109500	-0.10E+04
0.362	0.108700	-0.10E+04
0.365	0.107633	-0.10E+04
0.368	0.108367	-0.10E+04
0.371	0.109533	-0.10E+04
0.374	0.109833	-0.10E+04
0.377	0.109400	-0.10E+04
0.38	0.108933	-0.10E+04
0.383	0.108900	-0.10E+04
0.386	0.109600	-0.10E+04
0.389	0.109933	-0.10E+04
0.392	0.110767	-0.10E+04
0.395	0.110433	-0.10E+04
0.398	0.109700	-0.10E+04
0.401	0.110367	-0.10E+04
0.404	0.111567	-0.10E+04
0.407	0.110833	-0.10E+04
0.41	0.110333	-0.10E+04
0.413	0.110900	-0.10E+04
0.416	0.112000	-0.10E+04
0.419	0.112167	-0.10E+04
0.422	0.111767	-0.10E+04
0.425	0.112367	-0.10E+04
0.428	0.112533	-0.10E+04
0.431	0.112767	-0.10E+04
0.434	0.112067	-0.10E+04
0.437	0.112967	-0.10E+04
0.44	0.113600	-0.10E+04
0.443	0.113467	-0.10E+04
0.446	0.113333	-0.10E+04
0.449	0.113767	-0.10E+04
0.452	0.113467	-0.10E+04
0.455	0.114200	-0.10E+04
0.458	0.114133	-0.10E+04
0.461	0.114200	-0.10E+04
0.464	0.113900	-0.10E+04
0.467	0.114200	-0.10E+04
0.47	0.114433	-0.10E+04
0.473	0.114533	-0.10E+04
0.476	0.115067	-0.10E+04
0.479	0.116200	-0.10E+04
0.482	0.116567	-0.10E+04
0.485	0.115733	-0.10E+04
0.488	0.116267	-0.10E+04
0.491	0.117533	-0.10E+04
0.494	0.118133	-0.10E+04
0.497	0.119200	-0.10E+04
0.5	0.118700	-0.10E+04
0.503	0.118467	-0.10E+04
0.506	0.118533	-0.10E+04
0.509	0.118300	-0.10E+04
0.512	0.119067	-0.10E+04
0.515	0.119233	-0.10E+04
0.518	0.119400	-0.10E+04
0.521	0.119667	-0.10E+04
0.524	0.119533	-0.10E+04
0.527	0.120933	-0.10E+04
0.53	0.120933	-0.10E+04
0.533	0.120200	-0.10E+04
0.536	0.120167	-0.10E+04
0.539	0.120467	-0.10E+04
0.542	0.120433	-0.10E+04
0.545	0.121833	-0.10E+04
0.548	0.122000	-0.10E+04
0.551	0.121333	-0.10E+04
0.554	0.122300	-0.10E+04
0.557	0.122833	-0.10E+04
0.56	0.122967	-0.10E+04
0.563	0.123100	-0.10E+04
0.566	0.123767	-0.10E+04
0.569	0.124133	-0.10E+04
0.572	0.123167	-0.10E+04
0.575	0.122733	-0.10E+04
0.578	0.122567	-0.10E+04
0.581	0.124200	-0.10E+04
0.584	0.124400	-0.10E+04
0.587	0.124500	-0.10E+04
0.59	0.124267	-0.10E+04
0.593	0.125067	-0.10E+04
0.596	0.125067	-0.10E+04
0.599	0.126700	-0.10E+04
0.602	0.128267	-0.10E+04
0.605	0.127100	-0.10E+04
0.608	0.125900	-0.10E+04
0.611	0.126233	-0.10E+04
0.614	0.127467	-0.10E+04
0.617	0.127767	-0.10E+04
0.62	0.128267	-0.10E+04
0.623	0.128800	-0.10E+04
0.626	0.127033	-0.10E+04
0.629	0.127800	-0.10E+04
0.632	0.129133	-0.10E+04
0.635	0.128967	-0.10E+04
0.638	0.130133	-0.10E+04
0.641	0.130133	-0.10E+04
0.644	0.133267	-0.10E+04
0.647	0.135767	-0.10E+04
0.65	0.134167	-0.10E+04
0.653	0.132500	-0.10E+04
0.656	0.132533	-0.10E+04
0.659	0.131567	-0.10E+04
0.662	0.130133	-0.10E+04
0.665	0.131333	-0.10E+04
0.668	0.130300	-0.10E+04
0.671	0.131333	-0.10E+04
0.674	0.133000	-0.10E+04
0.677	0.130600	-0.10E+04
0.68	0.130400	-0.10E+04
0.683	0.131000	-0.10E+04
0.686	0.133800	-0.10E+04
0.689	0.132467	-0.10E+04
0.692	0.132167	-0.10E+04
0.695	0.131433	-0.10E+04
0.698	0.134000	-0.10E+04
0.701	0.134800	-0.10E+04
0.704	0.137033	-0.10E+04
0.707	0.135900	-0.10E+04
0.71	0.134200	-0.10E+04
0.713	0.134167	-0.10E+04
0.716	0.134400	-0.10E+04
0.719	0.134133	-0.10E+04
0.722	0.134167	-0.10E+04
0.725	0.133267	-0.10E+04
0.728	0.134200	-0.10E+04
0.731	0.134300	-0.10E+04
0.734	0.135600	-0.10E+04
0.737	0.136867	-0.10E+04
0.74	0.138500	-0.10E+04
0.743	0.140700	-0.10E+04
0.746	0.141833	-0.10E+04
0.749	0.141000	-0.10E+04
0.752	0.138633	-0.10E+04
0.755	0.137700	-0.10E+04
0.758	0.136867	-0.10E+04
0.761	0.138533	-0.10E+04
0.764	0.139067	-0.10E+04
0.767	0.139900	-0.10E+04
0.77	0.140100	-0.10E+04
0.773	0.140200	-0.10E+04
0.776	0.138700	-0.10E+04
0.779	0.138367	-0.10E+04
0.782	0.139300	-0.10E+04
0.785	0.138933	-0.10E+04
0.788	0.139300	-0.10E+04
0.791	0.138833	-0.10E+04
0.794	0.140633	-0.10E+04
0.797	0.141067	-0.10E+04
0.8	0.141500	-0.10E+04
0.803	0.140533	-0.10E+04
0.806	0.139367	-0.10E+04
0.809	0.137167	-0.10E+04
0.812	0.135367	-0.10E+04
0.815	0.136667	-0.10E+04
0.818	0.137667	-0.10E+04
0.821	0.138867	-0.10E+04
0.824	0.139867	-0.10E+04
0.827	0.140267	-0.10E+04
0.83	0.142867	-0.10E+04
0.833	0.145933	-0.10E+04
0.836	0.143800	-0.10E+04
0.839	0.142367	-0.10E+04
0.842	0.141233	-0.10E+04
0.845	0.142600	-0.10E+04
0.848	0.143600	-0.10E+04
0.851	0.141433	-0.10E+04
0.854	0.139500	-0.10E+04
0.857	0.139900	-0.10E+04
0.86	0.139167	-0.10E+04
0.863	0.141933	-0.10E+04
0.866	0.142033	-0.10E+04
0.869	0.141233	-0.10E+04
0.872	0.143067	-0.10E+04
0.875	0.142667	-0.10E+04
0.878	0.144667	-0.10E+04
0.881	0.144967	-0.10E+04
0.884	0.143967	-0.10E+04
0.887	0.142500	-0.10E+04
0.89	0.143500	-0.10E+04
0.893	0.143100	-0.10E+04
0.896	0.142733	-0.10E+04
0.899	0.142300	-0.10E+04
0.902	0.143567	-0.10E+04
0.905	0.144200	-0.10E+04
0.908	0.143733	-0.10E+04
0.911	0.144933	-0.10E+04
0.914	0.140933	-0.10E+04
0.917	0.139233	-0.10E+04
0.92	0.140200	-0.10E+04
0.923	0.141000	-0.10E+04
0.926	0.142700	-0.10E+04
0.929	0.146900	-0.10E+04
0.932	0.149433	-0.10E+04
0.935	0.150567	-0.10E+04
0.938	0.148133	-0.10E+04
0.941	0.148367	-0.10E+04
0.944	0.149033	-0.10E+04
0.947	0.149467	-0.10E+04
0.95	0.148000	-0.10E+04
0.953	0.145467	-0.10E+04
0.956	0.145033	-0.10E+04
0.959	0.143933	-0.10E+04
0.962	0.144133	-0.10E+04
0.965	0.147767	-0.10E+04
0.968	0.149667	-0.10E+04
0.971	0.147467	-0.10E+04
0.974	0.146767	-0.10E+04
0.977	0.147567	-0.10E+04
0.98	0.147833	-0.10E+04
0.983	0.148133	-0.10E+04
0.986	0.150067	-0.10E+04
0.989	0.150167	-0.10E+04
0.992	0.149000	-0.10E+04
0.995	0.149067	-0.10E+04
0.998	0.149867	-0.10E+04
1.001	0.152333	-0.10E+04
1.004	0.154167	-0.10E+04
1.007	0.151033	-0.10E+04
1.01	0.150600	-0.10E+04
1.013	0.152200	-0.10E+04
1.016	0.152133	-0.10E+04
1.019	0.150600	-0.10E+04
1.022	0.153633	-0.10E+04
1.025	0.154000	-0.10E+04
1.028	0.153100	-0.10E+04
1.031	0.154267	-0.10E+04
1.034	0.154733	-0.10E+04
1.037	0.155600	-0.10E+04
1.04	0.155700	-0.10E+04
1.043	0.155700	-0.10E+04
1.046	0.156300	-0.10E+04
1.049	0.157067	-0.10E+04
1.052	0.156133	-0.10E+04
1.055	0.157033	-0.10E+04
1.058	0.155500	-0.10E+04
1.061	0.154967	-0.10E+04
1.064	0.154367	-0.10E+04
1.067	0.156333	-0.10E+04
1.07	0.159500	-0.10E+04
1.073	0.159467	-0.10E+04
1.076	0.159833	-0.10E+04
1.079	0.159500	-0.10E+04
1.082	0.160367	-0.10E+04
1.085	0.158233	-0.10E+04
1.088	0.156400	-0.10E+04
1.091	0.159500	-0.10E+04
1.094	0.160433	-0.10E+04
1.097	0.161000	-0.10E+04
1.1	0.160300	-0.10E+04
1.103	0.160300	-0.10E+04
1.106	0.160833	-0.10E+04
1.109	0.160800	-0.10E+04
1.112	0.162167	-0.10E+04
1.115	0.161333	-0.10E+04
1.118	0.162000	-0.10E+04
1.121	0.162000	-0.10E+04
1.124	0.161567	-0.10E+04
1.127	0.161600	-0.10E+04
1.13	0.164033	-0.10E+04
1.133	0.165667	-0.10E+04
1.136	0.166000	-0.10E+04
1.139	0.163333	-0.10E+04
1.142	0.163600	-0.10E+04
1.145	0.162800	-0.10E+04
1.148	0.163000	-0.10E+04
1.151	0.164500	-0.10E+04
1.154	0.166500	-0.10E+04
1.157	0.168667	-0.10E+04
1.16	0.168667	-0.10E+04
1.163	0.166467	-0.10E+04
1.166	0.164967	-0.10E+04
1.169	0.163867	-0.10E+04
1.172	0.164633	-0.10E+04
1.175	0.167233	-0.10E+04
1.178	0.169400	-0.10E+04
1.181	0.169800	-0.10E+04
1.184	0.169000	-0.10E+04
1.187	0.168800	-0.10E+04
1.19	0.168033	-0.10E+04
1.193	0.168433	-0.10E+04
1.196	0.168233	-0.10E+04
1.199	0.169767	-0.10E+04
1.202	0.171467	-0.10E+04
1.205	0.170767	-0.10E+04
1.208	0.170400	-0.10E+04
1.211	0.171033	-0.10E+04
1.214	0.171600	-0.10E+04
1.217	0.171667	-0.10E+04
1.22	0.173900	-0.10E+04
1.223	0.173367	-0.10E+04
1.226	0.172533	-0.10E+04
1.229	0.172067	-0.10E+04
1.232	0.172100	-0.10E+04
1.235	0.172167	-0.10E+04
1.238	0.173400	-0.10E+04
1.241	0.174267	-0.10E+04
1.244	0.173633	-0.10E+04
1.247	0.175400	-0.10E+04
1.25	0.175467	-0.10E+04
1.253	0.176067	-0.10E+04
1.256	0.176100	-0.10E+04
1.259	0.175833	-0.10E+04
1.262	0.174433	-0.10E+04
1.265	0.173433	-0.10E+04
1.268	0.176867	-0.10E+04
1.271	0.178100	-0.10E+04
1.274	0.177867	-0.10E+04
1.277	0.178900	-0.10E+04
1.28	0.180200	-0.10E+04
1.283	0.178033	-0.10E+04
1.286	0.178933	-0.10E+04
1.289	0.177867	-0.10E+04
1.292	0.176567	-0.10E+04
1.295	0.176300	-0.10E+04
1.298	0.176300	-0.10E+04
1.301	0.177167	-0.10E+04
1.304	0.178167	-0.10E+04
1.307	0.180200	-0.10E+04
1.31	0.181467	-0.10E+04
1.313	0.181100	-0.10E+04
1.316	0.180967	-0.10E+04
1.319	0.181567	-0.10E+04
1.322	0.181033	-0.10E+04
1.325	0.181067	-0.10E+04
1.328	0.181367	-0.10E+04
1.331	0.181733	-0.10E+04
1.334	0.182533	-0.10E+04
1.337	0.181133	-0.10E+04
1.34	0.181767	-0.10E+04
1.343	0.183133	-0.10E+04
1.346	0.185333	-0.10E+04
1.349	0.184867	-0.10E+04
1.352	0.184433	-0.10E+04
1.355	0.180867	-0.10E+04
1.358	0.180367	-0.10E+04
1.361	0.180967	-0.10E+04
1.364	0.182733	-0.10E+04
1.367	0.183633	-0.10E+04
1.37	0.182500	-0.10E+04
1.373	0.186033	-0.10E+04
1.376	0.186233	-0.10E+04
1.379	0.186167	-0.10E+04
1.382	0.186867	-0.10E+04
1.385	0.187033	-0.10E+04
1.388	0.188600	-0.10E+04
1.391	0.188300	-0.10E+04
1.394	0.189133	-0.10E+04
1.397	0.192400	-0.10E+04
1.4	0.190133	-0.10E+04
1.403	0.190300	-0.10E+04
1.406	0.189933	-0.10E+04
1.409	0.187267	-0.10E+04
1.412	0.187700	-0.10E+04
1.415	0.190467	-0.10E+04
1.418	0.191067	-0.10E+04
1.421	0.191000	-0.10E+04
1.424	0.191367	-0.10E+04
1.427	0.191100	-0.10E+04
1.43	0.190233	-0.10E+04
1.433	0.191967	-0.10E+04
1.436	0.192267	-0.10E+04
1.439	0.191733	-0.10E+04
1.442	0.192200	-0.10E+04
1.445	0.193667	-0.10E+04
1.448	0.196400	-0.10E+04
1.451	0.197567	-0.10E+04
1.454	0.193000	-0.10E+04
1.457	0.192333	-0.10E+04
1.46	0.191800	-0.10E+04
1.463	0.193800	-0.10E+04
1.466	0.196967	-0.10E+04
1.469	0.197100	-0.10E+04
1.472	0.195933	-0.10E+04
1.475	0.195167	-0.10E+04
1.478	0.195633	-0.10E+04
1.481	0.192967	-0.10E+04
1.484	0.192800	-0.10E+04
1.487	0.194600	-0.10E+04
1.49	0.195300	-0.10E+04
1.493	0.196900	-0.10E+04
1.496	0.197233	-0.10E+04
1.499	0.196167	-0.10E+04
1.502	0.196567	-0.10E+04
1.505	0.196100	-0.10E+04
1.508	0.194633	-0.10E+04
1.511	0.195267	-0.10E+04
1.514	0.199067	-0.10E+04
1.517	0.199867	-0.10E+04
1.52	0.199367	-0.10E+04
1.523	0.200833	-0.10E+04
1.526	0.200600	-0.10E+04
1.529	0.198767	-0.10E+04
1.532	0.200967	-0.10E+04
1.535	0.200867	-0.10E+04
1.538	0.202933	-0.10E+04
1.541	0.202300	-0.10E+04
1.544	0.199233	-0.10E+04
1.547	0.195967	-0.10E+04
1.55	0.198067	-0.10E+04
1.553	0.201033	-0.10E+04
1.556	0.203800	-0.10E+04
1.559	0.204633	-0.10E+04
1.562	0.202833	-0.10E+04
1.565	0.200567	-0.10E+04
1.568	0.200200	-0.10E+04
1.571	0.202433	-0.10E+04
1.574	0.202133	-0.10E+04
1.577	0.201933	-0.10E+04
1.58	0.203000	-0.10E+04
1.583	0.202367	-0.10E+04
1.586	0.202967	-0.10E+04
1.589	0.203333	-0.10E+04
1.592	0.205067	-0.10E+04
1.595	0.207067	-0.10E+04
1.598	0.206833	-0.10E+04
1.601	0.207400	-0.10E+04
1.604	0.206200	-0.10E+04
1.607	0.204400	-0.10E+04
1.61	0.201467	-0.10E+04
1.613	0.201667	-0.10E+04
1.616	0.202200	-0.10E+04
1.619	0.204367	-0.10E+04
1.622	0.207000	-0.10E+04
1.625	0.206867	-0.10E+04
1.628	0.208333	-0.10E+04
1.631	0.209467	-0.10E+04
1.634	0.209367	-0.10E+04
1.637	0.209167	-0.10E+04
1.64	0.208200	-0.10E+04
1.643	0.208433	-0.10E+04
1.646	0.207533	-0.10E+04
1.649	0.206267	-0.10E+04
1.652	0.206600	-0.10E+04
1.655	0.207133	-0.10E+04
1.658	0.208633	-0.10E+04
1.661	0.208633	-0.10E+04
1.664	0.209100	-0.10E+04
1.667	0.211433	-0.10E+04
1.67	0.210967	-0.10E+04
1.673	0.208833	-0.10E+04
1.676	0.208067	-0.10E+04
1.679	0.210833	-0.10E+04
1.682	0.216167	-0.10E+04
1.685	0.214867	-0.10E+04
1.688	0.213467	-0.10E+04
1.691	0.211867	-0.10E+04
1.694	0.210967	-0.10E+04
1.697	0.210533	-0.10E+04
1.7	0.212267	-0.10E+04
1.703	0.212767	-0.10E+04
1.706	0.211433	-0.10E+04
1.709	0.212033	-0.10E+04
1.712	0.212100	-0.10E+04
1.715	0.212833	-0.10E+04
1.718	0.213833	-0.10E+04
1.721	0.213000	-0.10E+04
1.724	0.211767	-0.10E+04
1.727	0.212767	-0.10E+04
1.73	0.214467	-0.10E+04
1.733	0.214700	-0.10E+04
1.736	0.212400	-0.10E+04
1.739	0.212333	-0.10E+04
1.742	0.212267	-0.10E+04
1.745	0.212000	-0.10E+04
1.748	0.212367	-0.10E+04
1.751	0.214667	-0.10E+04
1.754	0.215767	-0.10E+04
1.757	0.216433	-0.10E+04
1.76	0.216767	-0.10E+04
1.763	0.216467	-0.10E+04
1.766	0.216867	-0.10E+04
1.769	0.216900	-0.10E+04
1.772	0.216767	-0.10E+04
1.775	0.217267	-0.10E+04
1.778	0.217167	-0.10E+04
1.781	0.216700	-0.10E+04
1.784	0.216500	-0.10E+04
1.787	0.216533	-0.10E+04
1.79	0.216633	-0.10E+04
1.793	0.217567	-0.10E+04
1.796	0.217500	-0.10E+04
1.799	0.218067	-0.10E+04
1.802	0.218133	-0.10E+04
1.805	0.217600	-0.10E+04
1.808	0.217800	-0.10E+04
1.811	0.218900	-0.10E+04
1.814	0.218633	-0.10E+04
1.817	0.217433	-0.10E+04
1.82	0.218800	-0.10E+04
1.823	0.218733	-0.10E+04
1.826	0.218533	-0.10E+04
1.829	0.219433	-0.10E+04
1.832	0.221700	-0.10E+04
1.835	0.222567	-0.10E+04
1.838	0.221900	-0.10E+04
1.841	0.221500	-0.10E+04
1.844	0.219667	-0.10E+04
1.847	0.220867	-0.10E+04
1.85	0.222300	-0.10E+04
1.853	0.221633	-0.10E+04
1.856	0.221133	-0.10E+04
1.859	0.223700	-0.10E+04
1.862	0.223900	-0.10E+04
1.865	0.222500	-0.10E+04
1.868	0.223133	-0.10E+04
1.871	0.224167	-0.10E+04
1.874	0.223600	-0.10E+04
1.877	0.225167	-0.10E+04
1.88	0.225600	-0.10E+04
1.883	0.227167	-0.10E+04
1.886	0.226367	-0.10E+04
1.889	0.226167	-0.10E+04
1.892	0.227867	-0.10E+04
1.895	0.226567	-0.10E+04
1.898	0.226200	-0.10E+04
1.901	0.228067	-0.10E+04
1.904	0.228100	-0.10E+04
1.907	0.228033	-0.10E+04
1.91	0.227867	-0.10E+04
1.913	0.229067	-0.10E+04
1.916	0.227667	-0.10E+04
1.919	0.228833	-0.10E+04
1.922	0.230800	-0.10E+04
1.925	0.231100	-0.10E+04
1.928	0.230633	-0.10E+04
1.931	0.229333	-0.10E+04
1.934	0.228833	-0.10E+04
1.937	0.227833	-0.10E+04
1.94	0.226333	-0.10E+04
1.943	0.227967	-0.10E+04
1.946	0.231000	-0.10E+04
1.949	0.230400	-0.10E+04
1.952	0.231633	-0.10E+04
1.955	0.235000	-0.10E+04
1.958	0.236300	-0.10E+04
1.961	0.236500	-0.10E+04
1.964	0.234267	-0.10E+04
1.967	0.234100	-0.10E+04
1.97	0.233500	-0.10E+04
1.973	0.234667	-0.10E+04
1.976	0.233800	-0.10E+04
1.979	0.234567	-0.10E+04
1.982	0.236900	-0.10E+04
1.985	0.234767	-0.10E+04
1.988	0.235133	-0.10E+04
1.991	0.235967	-0.10E+04
1.994	0.236133	-0.10E+04
1.997	0.237767	-0.10E+04
2	0.238300	-0.10E+04
2.003	0.238767	-0.10E+04
2.006	0.237600	-0.10E+04
2.009	0.237200	-0.10E+04
2.012	0.237633	-0.10E+04
2.015	0.238700	-0.10E+04
2.018	0.239200	-0.10E+04
2.021	0.238533	-0.10E+04
2.024	0.239433	-0.10E+04
2.027	0.237867	-0.10E+04
2.03	0.238767	-0.10E+04
2.033	0.239567	-0.10E+04
2.036	0.240067	-0.10E+04
2.039	0.240633	-0.10E+04
2.042	0.242033	-0.10E+04
2.045	0.241200	-0.10E+04
2.048	0.238300	-0.10E+04
2.051	0.239533	-0.10E+04
2.054	0.241067	-0.10E+04
2.057	0.242733	-0.10E+04
2.06	0.243200	-0.10E+04
2.063	0.243900	-0.10E+04
2.066	0.243667	-0.10E+04
2.069	0.244467	-0.10E+04
2.072	0.244100	-0.10E+04
2.075	0.242067	-0.10E+04
2.078	0.241300	-0.10E+04
2.081	0.241400	-0.10E+04
2.084	0.242300	-0.10E+04
2.087	0.244567	-0.10E+04
2.09	0.245633	-0.10E+04
2.093	0.247300	-0.10E+04
2.096	0.248000	-0.10E+04
2.099	0.249100	-0.10E+04
2.102	0.248433	-0.10E+04
2.105	0.248100	-0.10E+04
2.108	0.245833	-0.10E+04
2.111	0.245567	-0.10E+04
2.114	0.244733	-0.10E+04
2.117	0.246000	-0.10E+04
2.12	0.248967	-0.10E+04
2.123	0.250167	-0.10E+04
2.126	0.249200	-0.10E+04
2.129	0.248100	-0.10E+04
2.132	0.250000	-0.10E+04
2.135	0.248700	-0.10E+04
2.138	0.249267	-0.10E+04
2.141	0.251467	-0.10E+04
2.144	0.250933	-0.10E+04
2.147	0.249467	-0.10E+04
2.15	0.248933	-0.10E+04
2.153	0.247267	-0.10E+04
2.156	0.245633	-0.10E+04
2.159	0.245567	-0.10E+04
2.162	0.245367	-0.10E+04
2.165	0.245000	-0.10E+04
2.168	0.245567	-0.10E+04
2.171	0.246333	-0.10E+04
2.174	0.246767	-0.10E+04
2.177	0.245933	-0.10E+04
2.18	0.246733	-0.10E+04
2.183	0.246433	-0.10E+04
2.186	0.247033	-0.10E+04
2.189	0.249500	-0.10E+04
2.192	0.248700	-0.10E+04
2.195	0.248867	-0.10E+04
2.198	0.250433	-0.10E+04
2.201	0.251633	-0.10E+04
2.204	0.252700	-0.10E+04
2.207	0.253600	-0.10E+04
2.21	0.254433	-0.10E+04
2.213	0.253633	-0.10E+04
2.216	0.255533	-0.10E+04
2.219	0.255200	-0.10E+04
2.222	0.254367	-0.10E+04
2.225	0.255867	-0.10E+04
2.228	0.257267	-0.10E+04
2.231	0.256967	-0.10E+04
2.234	0.256400	-0.10E+04
2.237	0.258733	-0.10E+04
2.24	0.261433	-0.10E+04
2.243	0.262500	-0.10E+04
2.246	0.264433	-0.10E+04
2.249	0.260833	-0.10E+04
2.252	0.260400	-0.10E+04
2.255	0.262400	-0.10E+04
2.258	0.263600	-0.10E+04
2.261	0.262467	-0.10E+04
2.264	0.260667	-0.10E+04
2.267	0.262767	-0.10E+04
2.27	0.263800	-0.10E+04
2.273	0.261500	-0.10E+04
2.276	0.260000	-0.10E+04
2.279	0.260400	-0.10E+04
2.282	0.260567	-0.10E+04
2.285	0.259067	-0.10E+04
2.288	0.263400	-0.10E+04
2.291	0.264967	-0.10E+04
2.294	0.266233	-0.10E+04
2.297	0.264867	-0.10E+04
2.3	0.263733	-0.10E+04
2.303	0.263667	-0.10E+04
2.306	0.264333	-0.10E+04
2.309	0.264833	-0.10E+04
2.312	0.262467	-0.10E+04
2.315	0.263400	-0.10E+04
2.318	0.265400	-0.10E+04
2.321	0.266833	-0.10E+04
2.324	0.266200	-0.10E+04
2.327	0.265033	-0.10E+04
2.33	0.266133	-0.10E+04
2.333	0.267033	-0.10E+04
2.336	0.268333	-0.10E+04
2.339	0.269067	-0.10E+04
2.342	0.270500	-0.10E+04
2.345	0.270100	-0.10E+04
2.348	0.268733	-0.10E+04
2.351	0.270800	-0.10E+04
2.354	0.270667	-0.10E+04
2.357	0.271767	-0.10E+04
2.36	0.271733	-0.10E+04
2.363	0.271600	-0.10E+04
2.366	0.270800	-0.10E+04
2.369	0.270300	-0.10E+04
2.372	0.271500	-0.10E+04
2.375	0.272800	-0.10E+04
2.378	0.273333	-0.10E+04
2.381	0.273100	-0.10E+04
2.384	0.274000	-0.10E+04
2.387	0.274033	-0.10E+04
2.39	0.273267	-0.10E+04
2.393	0.272600	-0.10E+04
2.396	0.271100	-0.10E+04
2.399	0.271233	-0.10E+04
2.402	0.274033	-0.10E+04
2.405	0.274800	-0.10E+04
2.408	0.274967	-0.10E+04
2.411	0.274533	-0.10E+04
2.414	0.273167	-0.10E+04
2.417	0.272933	-0.10E+04
2.42	0.276200	-0.10E+04
2.423	0.276733	-0.10E+04
2.426	0.277633	-0.10E+04
2.429	0.278633	-0.10E+04
2.432	0.278100	-0.10E+04
2.435	0.276200	-0.10E+04
2.438	0.276333	-0.10E+04
2.441	0.276533	-0.10E+04
2.444	0.279733	-0.10E+04
2.447	0.277067	-0.10E+04
2.45	0.276967	-0.10E+04
2.453	0.278500	-0.10E+04
2.456	0.279867	-0.10E+04
2.459	0.278933	-0.10E+04
2.462	0.277900	-0.10E+04
2.465	0.278167	-0.10E+04
2.468	0.277467	-0.10E+04
2.471	0.280000	-0.10E+04
2.474	0.280433	-0.10E+04
2.477	0.281133	-0.10E+04
2.48	0.280000	-0.10E+04
2.483	0.279100	-0.10E+04
2.486	0.279000	-0.10E+04
2.489	0.282567	-0.10E+04
2.492	0.284233	-0.10E+04
2.495	0.285433	-0.10E+04
2.498	0.285567	-0.10E+04
