Brown University Keck/NASA Relab Spectrum LS-JBA-221/wls002
Wavelength(micron)	Reflectance	Standard Deviation
0.35	0.193000	-0.10E+04
0.353	0.195000	-0.10E+04
0.356	0.196333	-0.10E+04
0.359	0.199000	-0.10E+04
0.362	0.201667	-0.10E+04
0.365	0.203000	-0.10E+04
0.368	0.205000	-0.10E+04
0.371	0.205667	-0.10E+04
0.374	0.207000	-0.10E+04
0.377	0.209000	-0.10E+04
0.38	0.210000	-0.10E+04
0.383	0.212000	-0.10E+04
0.386	0.212667	-0.10E+04
0.389	0.214000	-0.10E+04
0.392	0.216000	-0.10E+04
0.395	0.217000	-0.10E+04
0.398	0.219000	-0.10E+04
0.401	0.219667	-0.10E+04
0.404	0.221000	-0.10E+04
0.407	0.222333	-0.10E+04
0.41	0.223000	-0.10E+04
0.413	0.225000	-0.10E+04
0.416	0.225333	-0.10E+04
0.419	0.226000	-0.10E+04
0.422	0.227333	-0.10E+04
0.425	0.228000	-0.10E+04
0.428	0.231000	-0.10E+04
0.431	0.231333	-0.10E+04
0.434	0.232000	-0.10E+04
0.437	0.232667	-0.10E+04
0.44	0.233000	-0.10E+04
0.443	0.235000	-0.10E+04
0.446	0.235333	-0.10E+04
0.449	0.236000	-0.10E+04
0.452	0.236667	-0.10E+04
0.455	0.237000	-0.10E+04
0.458	0.240000	-0.10E+04
0.461	0.240000	-0.10E+04
0.464	0.240000	-0.10E+04
0.467	0.240667	-0.10E+04
0.47	0.241000	-0.10E+04
0.473	0.242000	-0.10E+04
0.476	0.242333	-0.10E+04
0.479	0.243000	-0.10E+04
0.482	0.244333	-0.10E+04
0.485	0.245000	-0.10E+04
0.488	0.246000	-0.10E+04
0.491	0.246333	-0.10E+04
0.494	0.247000	-0.10E+04
0.497	0.247667	-0.10E+04
0.5	0.248000	-0.10E+04
0.503	0.250000	-0.10E+04
0.506	0.250000	-0.10E+04
0.509	0.250000	-0.10E+04
0.512	0.250667	-0.10E+04
0.515	0.251000	-0.10E+04
0.518	0.253000	-0.10E+04
0.521	0.253333	-0.10E+04
0.524	0.254000	-0.10E+04
0.527	0.254000	-0.10E+04
0.53	0.254000	-0.10E+04
0.533	0.256000	-0.10E+04
0.536	0.256333	-0.10E+04
0.539	0.257000	-0.10E+04
0.542	0.258333	-0.10E+04
0.545	0.259000	-0.10E+04
0.548	0.260000	-0.10E+04
0.551	0.260333	-0.10E+04
0.554	0.261000	-0.10E+04
0.557	0.261667	-0.10E+04
0.56	0.262000	-0.10E+04
0.563	0.262000	-0.10E+04
0.566	0.262333	-0.10E+04
0.569	0.263000	-0.10E+04
0.572	0.263667	-0.10E+04
0.575	0.264000	-0.10E+04
0.578	0.265000	-0.10E+04
0.581	0.265667	-0.10E+04
0.584	0.267000	-0.10E+04
0.587	0.267667	-0.10E+04
0.59	0.268000	-0.10E+04
0.593	0.269000	-0.10E+04
0.596	0.269333	-0.10E+04
0.599	0.270000	-0.10E+04
0.602	0.270667	-0.10E+04
0.605	0.271000	-0.10E+04
0.608	0.271600	-0.10E+04
0.611	0.271600	-0.10E+04
0.614	0.271600	-0.10E+04
0.617	0.272941	-0.10E+04
0.62	0.273612	-0.10E+04
0.623	0.274618	-0.10E+04
0.626	0.274953	-0.10E+04
0.629	0.275624	-0.10E+04
0.632	0.276294	-0.10E+04
0.635	0.276630	-0.10E+04
0.638	0.278641	-0.10E+04
0.641	0.278977	-0.10E+04
0.644	0.279647	-0.10E+04
0.647	0.280989	-0.10E+04
0.65	0.281659	-0.10E+04
0.653	0.282665	-0.10E+04
0.656	0.283000	-0.10E+04
0.659	0.283671	-0.10E+04
0.662	0.284342	-0.10E+04
0.665	0.284677	-0.10E+04
0.668	0.285683	-0.10E+04
0.671	0.286018	-0.10E+04
0.674	0.286689	-0.10E+04
0.677	0.288030	-0.10E+04
0.68	0.288701	-0.10E+04
0.683	0.289707	-0.10E+04
0.686	0.290042	-0.10E+04
0.689	0.290713	-0.10E+04
0.692	0.290713	-0.10E+04
0.695	0.290713	-0.10E+04
0.698	0.291719	-0.10E+04
0.701	0.292389	-0.10E+04
0.704	0.293730	-0.10E+04
0.707	0.294401	-0.10E+04
0.71	0.294736	-0.10E+04
0.713	0.296748	-0.10E+04
0.716	0.297083	-0.10E+04
0.719	0.297754	-0.10E+04
0.722	0.297754	-0.10E+04
0.725	0.297754	-0.10E+04
0.728	0.298760	-0.10E+04
0.731	0.299095	-0.10E+04
0.734	0.299766	-0.10E+04
0.737	0.300437	-0.10E+04
0.74	0.300772	-0.10E+04
0.743	0.301778	-0.10E+04
0.746	0.302113	-0.10E+04
0.749	0.302784	-0.10E+04
0.752	0.304125	-0.10E+04
0.755	0.304796	-0.10E+04
0.758	0.305801	-0.10E+04
0.761	0.306137	-0.10E+04
0.764	0.306807	-0.10E+04
0.767	0.306807	-0.10E+04
0.77	0.306807	-0.10E+04
0.773	0.307813	-0.10E+04
0.776	0.307813	-0.10E+04
0.779	0.307813	-0.10E+04
0.782	0.308484	-0.10E+04
0.785	0.308819	-0.10E+04
0.788	0.308819	-0.10E+04
0.791	0.308819	-0.10E+04
0.794	0.308819	-0.10E+04
0.797	0.308819	-0.10E+04
0.8	0.308819	-0.10E+04
0.803	0.308819	-0.10E+04
0.806	0.308819	-0.10E+04
0.809	0.308819	-0.10E+04
0.812	0.308819	-0.10E+04
0.815	0.308819	-0.10E+04
0.818	0.308819	-0.10E+04
0.821	0.308484	-0.10E+04
0.824	0.307813	-0.10E+04
0.827	0.307813	-0.10E+04
0.83	0.307813	-0.10E+04
0.833	0.307813	-0.10E+04
0.836	0.307813	-0.10E+04
0.839	0.307813	-0.10E+04
0.842	0.307813	-0.10E+04
0.845	0.307813	-0.10E+04
0.848	0.307813	-0.10E+04
0.851	0.307813	-0.10E+04
0.854	0.307813	-0.10E+04
0.857	0.307813	-0.10E+04
0.86	0.307813	-0.10E+04
0.863	0.307813	-0.10E+04
0.866	0.307813	-0.10E+04
0.869	0.307813	-0.10E+04
0.872	0.307813	-0.10E+04
0.875	0.307813	-0.10E+04
0.878	0.307813	-0.10E+04
0.881	0.307813	-0.10E+04
0.884	0.307813	-0.10E+04
0.887	0.307813	-0.10E+04
0.89	0.307813	-0.10E+04
0.893	0.307813	-0.10E+04
0.896	0.307813	-0.10E+04
0.899	0.307813	-0.10E+04
0.902	0.308484	-0.10E+04
0.905	0.308819	-0.10E+04
0.908	0.308819	-0.10E+04
0.911	0.308819	-0.10E+04
0.914	0.308819	-0.10E+04
0.917	0.309490	-0.10E+04
0.92	0.309825	-0.10E+04
0.923	0.310831	-0.10E+04
0.926	0.310831	-0.10E+04
0.929	0.310831	-0.10E+04
0.932	0.310831	-0.10E+04
0.935	0.310831	-0.10E+04
0.938	0.311837	-0.10E+04
0.941	0.312508	-0.10E+04
0.944	0.313849	-0.10E+04
0.947	0.314519	-0.10E+04
0.95	0.314855	-0.10E+04
0.953	0.314855	-0.10E+04
0.956	0.315190	-0.10E+04
0.959	0.315861	-0.10E+04
0.962	0.316531	-0.10E+04
0.965	0.316867	-0.10E+04
0.968	0.317873	-0.10E+04
0.971	0.318208	-0.10E+04
0.974	0.318879	-0.10E+04
0.977	0.319549	-0.10E+04
0.98	0.319884	-0.10E+04
0.983	0.320890	-0.10E+04
0.986	0.321561	-0.10E+04
0.989	0.322902	-0.10E+04
0.992	0.324243	-0.10E+04
0.995	0.324914	-0.10E+04
0.998	0.324914	-0.10E+04
1.001	0.325249	-0.10E+04
1.004	0.325920	-0.10E+04
1.007	0.326591	-0.10E+04
1.01	0.326926	-0.10E+04
1.013	0.327932	-0.10E+04
1.016	0.328602	-0.10E+04
1.019	0.329944	-0.10E+04
1.022	0.330614	-0.10E+04
1.025	0.330950	-0.10E+04
1.028	0.331956	-0.10E+04
1.031	0.332291	-0.10E+04
1.034	0.332961	-0.10E+04
1.037	0.333632	-0.10E+04
1.04	0.333967	-0.10E+04
1.043	0.334973	-0.10E+04
1.046	0.335309	-0.10E+04
1.049	0.335979	-0.10E+04
1.052	0.336650	-0.10E+04
1.055	0.336985	-0.10E+04
1.058	0.338997	-0.10E+04
1.061	0.338997	-0.10E+04
1.064	0.338997	-0.10E+04
1.067	0.339668	-0.10E+04
1.07	0.340003	-0.10E+04
1.073	0.341009	-0.10E+04
1.076	0.341344	-0.10E+04
1.079	0.342015	-0.10E+04
1.082	0.342685	-0.10E+04
1.085	0.343021	-0.10E+04
1.088	0.344027	-0.10E+04
1.091	0.344362	-0.10E+04
1.094	0.345033	-0.10E+04
1.097	0.345033	-0.10E+04
1.1	0.345033	-0.10E+04
1.103	0.346039	-0.10E+04
1.106	0.346039	-0.10E+04
1.109	0.346039	-0.10E+04
1.112	0.346709	-0.10E+04
1.115	0.347044	-0.10E+04
1.118	0.348050	-0.10E+04
1.121	0.348386	-0.10E+04
1.124	0.349056	-0.10E+04
1.127	0.349727	-0.10E+04
1.13	0.350062	-0.10E+04
1.133	0.351068	-0.10E+04
1.136	0.351403	-0.10E+04
1.139	0.352074	-0.10E+04
1.142	0.352745	-0.10E+04
1.145	0.353080	-0.10E+04
1.148	0.354086	-0.10E+04
1.151	0.354086	-0.10E+04
1.154	0.354086	-0.10E+04
1.157	0.354086	-0.10E+04
1.16	0.354086	-0.10E+04
1.163	0.355092	-0.10E+04
1.166	0.355092	-0.10E+04
1.169	0.355092	-0.10E+04
1.172	0.355762	-0.10E+04
1.175	0.356098	-0.10E+04
1.178	0.357104	-0.10E+04
1.181	0.357104	-0.10E+04
1.184	0.357104	-0.10E+04
1.187	0.357774	-0.10E+04
1.19	0.358110	-0.10E+04
1.193	0.359116	-0.10E+04
1.196	0.359451	-0.10E+04
1.199	0.360121	-0.10E+04
1.202	0.360121	-0.10E+04
1.205	0.360121	-0.10E+04
1.208	0.360121	-0.10E+04
1.211	0.360457	-0.10E+04
1.214	0.361127	-0.10E+04
1.217	0.361798	-0.10E+04
1.22	0.362133	-0.10E+04
1.223	0.362133	-0.10E+04
1.226	0.362133	-0.10E+04
1.229	0.362133	-0.10E+04
1.232	0.362804	-0.10E+04
1.235	0.363139	-0.10E+04
1.238	0.363139	-0.10E+04
1.241	0.363475	-0.10E+04
1.244	0.364145	-0.10E+04
1.247	0.364816	-0.10E+04
1.25	0.365151	-0.10E+04
1.253	0.366157	-0.10E+04
1.256	0.366157	-0.10E+04
1.259	0.366157	-0.10E+04
1.262	0.366828	-0.10E+04
1.265	0.367163	-0.10E+04
1.268	0.367163	-0.10E+04
1.271	0.367498	-0.10E+04
1.274	0.368169	-0.10E+04
1.277	0.368169	-0.10E+04
1.28	0.368169	-0.10E+04
1.283	0.369175	-0.10E+04
1.286	0.369510	-0.10E+04
1.289	0.370181	-0.10E+04
1.292	0.370181	-0.10E+04
1.295	0.370181	-0.10E+04
1.298	0.371187	-0.10E+04
1.301	0.371522	-0.10E+04
1.304	0.372193	-0.10E+04
1.307	0.372193	-0.10E+04
1.31	0.372193	-0.10E+04
1.313	0.373199	-0.10E+04
1.316	0.373534	-0.10E+04
1.319	0.374204	-0.10E+04
1.322	0.374875	-0.10E+04
1.325	0.375210	-0.10E+04
1.328	0.375210	-0.10E+04
1.331	0.375546	-0.10E+04
1.334	0.376216	-0.10E+04
1.337	0.377558	-0.10E+04
1.34	0.378228	-0.10E+04
1.343	0.378228	-0.10E+04
1.346	0.378228	-0.10E+04
1.349	0.378228	-0.10E+04
1.352	0.378899	-0.10E+04
1.355	0.379234	-0.10E+04
1.358	0.379234	-0.10E+04
1.361	0.379569	-0.10E+04
1.364	0.380240	-0.10E+04
1.367	0.380240	-0.10E+04
1.37	0.380240	-0.10E+04
1.373	0.380240	-0.10E+04
1.376	0.380575	-0.10E+04
1.379	0.381246	-0.10E+04
1.382	0.381917	-0.10E+04
1.385	0.382252	-0.10E+04
1.388	0.383258	-0.10E+04
1.391	0.383258	-0.10E+04
1.394	0.383258	-0.10E+04
1.397	0.383928	-0.10E+04
1.4	0.384264	-0.10E+04
1.403	0.385270	-0.10E+04
1.406	0.385605	-0.10E+04
1.409	0.386276	-0.10E+04
1.412	0.386946	-0.10E+04
1.415	0.387281	-0.10E+04
1.418	0.387281	-0.10E+04
1.421	0.387617	-0.10E+04
1.424	0.388287	-0.10E+04
1.427	0.388287	-0.10E+04
1.43	0.388287	-0.10E+04
1.433	0.388287	-0.10E+04
1.436	0.388623	-0.10E+04
1.439	0.389293	-0.10E+04
1.442	0.389293	-0.10E+04
1.445	0.389293	-0.10E+04
1.448	0.390299	-0.10E+04
1.451	0.390635	-0.10E+04
1.454	0.391305	-0.10E+04
1.457	0.391976	-0.10E+04
1.46	0.392311	-0.10E+04
1.463	0.392311	-0.10E+04
1.466	0.392646	-0.10E+04
1.469	0.393317	-0.10E+04
1.472	0.393317	-0.10E+04
1.475	0.393317	-0.10E+04
1.478	0.393317	-0.10E+04
1.481	0.393317	-0.10E+04
1.484	0.393317	-0.10E+04
1.487	0.393988	-0.10E+04
1.49	0.394323	-0.10E+04
1.493	0.394323	-0.10E+04
1.496	0.394658	-0.10E+04
1.499	0.395329	-0.10E+04
1.502	0.395329	-0.10E+04
1.505	0.395329	-0.10E+04
1.508	0.395329	-0.10E+04
1.511	0.395664	-0.10E+04
1.514	0.396335	-0.10E+04
1.517	0.396335	-0.10E+04
1.52	0.396335	-0.10E+04
1.523	0.396335	-0.10E+04
1.526	0.396670	-0.10E+04
1.529	0.397341	-0.10E+04
1.532	0.397341	-0.10E+04
1.535	0.397341	-0.10E+04
1.538	0.398347	-0.10E+04
1.541	0.398347	-0.10E+04
1.544	0.398347	-0.10E+04
1.547	0.398347	-0.10E+04
1.55	0.398347	-0.10E+04
1.553	0.398347	-0.10E+04
1.556	0.398682	-0.10E+04
1.559	0.399353	-0.10E+04
1.562	0.399353	-0.10E+04
1.565	0.399353	-0.10E+04
1.568	0.400358	-0.10E+04
1.571	0.400358	-0.10E+04
1.574	0.400358	-0.10E+04
1.577	0.400358	-0.10E+04
1.58	0.400358	-0.10E+04
1.583	0.400358	-0.10E+04
1.586	0.400694	-0.10E+04
1.589	0.401364	-0.10E+04
1.592	0.401364	-0.10E+04
1.595	0.401364	-0.10E+04
1.598	0.401364	-0.10E+04
1.601	0.401364	-0.10E+04
1.604	0.401364	-0.10E+04
1.607	0.401364	-0.10E+04
1.61	0.401364	-0.10E+04
1.613	0.402370	-0.10E+04
1.616	0.402370	-0.10E+04
1.619	0.402370	-0.10E+04
1.622	0.402370	-0.10E+04
1.625	0.402370	-0.10E+04
1.628	0.402370	-0.10E+04
1.631	0.402370	-0.10E+04
1.634	0.402370	-0.10E+04
1.637	0.402370	-0.10E+04
1.64	0.402370	-0.10E+04
1.643	0.402370	-0.10E+04
1.646	0.402370	-0.10E+04
1.649	0.402370	-0.10E+04
1.652	0.403041	-0.10E+04
1.655	0.403376	-0.10E+04
1.658	0.403376	-0.10E+04
1.661	0.403376	-0.10E+04
1.664	0.403376	-0.10E+04
1.667	0.403376	-0.10E+04
1.67	0.403376	-0.10E+04
1.673	0.403376	-0.10E+04
1.676	0.403376	-0.10E+04
1.679	0.403376	-0.10E+04
1.682	0.404718	-0.10E+04
1.685	0.405388	-0.10E+04
1.688	0.405388	-0.10E+04
1.691	0.405388	-0.10E+04
1.694	0.405388	-0.10E+04
1.697	0.404718	-0.10E+04
1.7	0.404382	-0.10E+04
1.703	0.404382	-0.10E+04
1.706	0.404718	-0.10E+04
1.709	0.405388	-0.10E+04
1.712	0.405388	-0.10E+04
1.715	0.405388	-0.10E+04
1.718	0.405388	-0.10E+04
1.721	0.405388	-0.10E+04
1.724	0.405388	-0.10E+04
1.727	0.405388	-0.10E+04
1.73	0.405388	-0.10E+04
1.733	0.405388	-0.10E+04
1.736	0.405723	-0.10E+04
1.739	0.406394	-0.10E+04
1.742	0.406394	-0.10E+04
1.745	0.406394	-0.10E+04
1.748	0.406394	-0.10E+04
1.751	0.406394	-0.10E+04
1.754	0.406394	-0.10E+04
1.757	0.406394	-0.10E+04
1.76	0.406394	-0.10E+04
1.763	0.407400	-0.10E+04
1.766	0.407400	-0.10E+04
1.769	0.407400	-0.10E+04
1.772	0.407400	-0.10E+04
1.775	0.407400	-0.10E+04
1.778	0.407400	-0.10E+04
1.781	0.407735	-0.10E+04
1.784	0.408406	-0.10E+04
1.787	0.408406	-0.10E+04
1.79	0.408406	-0.10E+04
1.793	0.409412	-0.10E+04
1.796	0.409412	-0.10E+04
1.799	0.409412	-0.10E+04
1.802	0.409412	-0.10E+04
1.805	0.409412	-0.10E+04
1.808	0.409412	-0.10E+04
1.811	0.409412	-0.10E+04
1.814	0.409412	-0.10E+04
1.817	0.409412	-0.10E+04
1.82	0.409412	-0.10E+04
1.823	0.410418	-0.10E+04
1.826	0.410418	-0.10E+04
1.829	0.410418	-0.10E+04
1.832	0.410418	-0.10E+04
1.835	0.410418	-0.10E+04
1.838	0.410418	-0.10E+04
1.841	0.410418	-0.10E+04
1.844	0.410418	-0.10E+04
1.847	0.410418	-0.10E+04
1.85	0.410418	-0.10E+04
1.853	0.410418	-0.10E+04
1.856	0.410753	-0.10E+04
1.859	0.411424	-0.10E+04
1.862	0.411424	-0.10E+04
1.865	0.411424	-0.10E+04
1.868	0.411424	-0.10E+04
1.871	0.411424	-0.10E+04
1.874	0.411424	-0.10E+04
1.877	0.412094	-0.10E+04
1.88	0.412430	-0.10E+04
1.883	0.412430	-0.10E+04
1.886	0.412765	-0.10E+04
1.889	0.413436	-0.10E+04
1.892	0.413436	-0.10E+04
1.895	0.413436	-0.10E+04
1.898	0.413436	-0.10E+04
1.901	0.413436	-0.10E+04
1.904	0.413436	-0.10E+04
1.907	0.414106	-0.10E+04
1.91	0.414441	-0.10E+04
1.913	0.414441	-0.10E+04
1.916	0.414441	-0.10E+04
1.919	0.414441	-0.10E+04
1.922	0.415112	-0.10E+04
1.925	0.415447	-0.10E+04
1.928	0.415447	-0.10E+04
1.931	0.415447	-0.10E+04
1.934	0.415447	-0.10E+04
1.937	0.415447	-0.10E+04
1.94	0.415447	-0.10E+04
1.943	0.416453	-0.10E+04
1.946	0.416789	-0.10E+04
1.949	0.417459	-0.10E+04
1.952	0.417459	-0.10E+04
1.955	0.417459	-0.10E+04
1.958	0.417459	-0.10E+04
1.961	0.417795	-0.10E+04
1.964	0.418465	-0.10E+04
1.967	0.418465	-0.10E+04
1.97	0.418465	-0.10E+04
1.973	0.418465	-0.10E+04
1.976	0.418801	-0.10E+04
1.979	0.419471	-0.10E+04
1.982	0.419471	-0.10E+04
1.985	0.419471	-0.10E+04
1.988	0.419471	-0.10E+04
1.991	0.419806	-0.10E+04
1.994	0.420477	-0.10E+04
1.997	0.420477	-0.10E+04
2	0.420477	-0.10E+04
2.003	0.420477	-0.10E+04
2.006	0.420477	-0.10E+04
2.009	0.420477	-0.10E+04
2.012	0.421148	-0.10E+04
2.015	0.421483	-0.10E+04
2.018	0.421483	-0.10E+04
2.021	0.421483	-0.10E+04
2.024	0.421483	-0.10E+04
2.027	0.422154	-0.10E+04
2.03	0.422489	-0.10E+04
2.033	0.422489	-0.10E+04
2.036	0.422824	-0.10E+04
2.039	0.423495	-0.10E+04
2.042	0.424165	-0.10E+04
2.045	0.424501	-0.10E+04
2.048	0.425507	-0.10E+04
2.051	0.425507	-0.10E+04
2.054	0.425507	-0.10E+04
2.057	0.425507	-0.10E+04
2.06	0.425507	-0.10E+04
2.063	0.426513	-0.10E+04
2.066	0.426848	-0.10E+04
2.069	0.427519	-0.10E+04
2.072	0.427519	-0.10E+04
2.075	0.427519	-0.10E+04
2.078	0.427519	-0.10E+04
2.081	0.427854	-0.10E+04
2.084	0.428524	-0.10E+04
2.087	0.428524	-0.10E+04
2.09	0.428524	-0.10E+04
2.093	0.428524	-0.10E+04
2.096	0.428860	-0.10E+04
2.099	0.429530	-0.10E+04
2.102	0.430201	-0.10E+04
2.105	0.430536	-0.10E+04
2.108	0.430536	-0.10E+04
2.111	0.430536	-0.10E+04
2.114	0.430536	-0.10E+04
2.117	0.431207	-0.10E+04
2.12	0.431542	-0.10E+04
2.123	0.431542	-0.10E+04
2.126	0.431878	-0.10E+04
2.129	0.432548	-0.10E+04
2.132	0.433219	-0.10E+04
2.135	0.433554	-0.10E+04
2.138	0.433554	-0.10E+04
2.141	0.433889	-0.10E+04
2.144	0.434560	-0.10E+04
2.147	0.435231	-0.10E+04
2.15	0.435566	-0.10E+04
2.153	0.435566	-0.10E+04
2.156	0.435901	-0.10E+04
2.159	0.436572	-0.10E+04
2.162	0.436572	-0.10E+04
2.165	0.436572	-0.10E+04
2.168	0.436572	-0.10E+04
2.171	0.437242	-0.10E+04
2.174	0.438584	-0.10E+04
2.177	0.438584	-0.10E+04
2.18	0.438584	-0.10E+04
2.183	0.438584	-0.10E+04
2.186	0.438584	-0.10E+04
2.189	0.438584	-0.10E+04
2.192	0.439254	-0.10E+04
2.195	0.439590	-0.10E+04
2.198	0.439590	-0.10E+04
2.201	0.439590	-0.10E+04
2.204	0.439590	-0.10E+04
2.207	0.440260	-0.10E+04
2.21	0.440596	-0.10E+04
2.213	0.441601	-0.10E+04
2.216	0.441937	-0.10E+04
2.219	0.442607	-0.10E+04
2.222	0.442607	-0.10E+04
2.225	0.442607	-0.10E+04
2.228	0.443613	-0.10E+04
2.231	0.443613	-0.10E+04
2.234	0.443613	-0.10E+04
2.237	0.444284	-0.10E+04
2.24	0.444619	-0.10E+04
2.243	0.444619	-0.10E+04
2.246	0.444955	-0.10E+04
2.249	0.445625	-0.10E+04
2.252	0.445625	-0.10E+04
2.255	0.445625	-0.10E+04
2.258	0.446631	-0.10E+04
2.261	0.446966	-0.10E+04
2.264	0.447637	-0.10E+04
2.267	0.447637	-0.10E+04
2.27	0.447637	-0.10E+04
2.273	0.448643	-0.10E+04
2.276	0.448643	-0.10E+04
2.279	0.448643	-0.10E+04
2.282	0.448643	-0.10E+04
2.285	0.448643	-0.10E+04
2.288	0.449649	-0.10E+04
2.291	0.449984	-0.10E+04
2.294	0.450655	-0.10E+04
2.297	0.450655	-0.10E+04
2.3	0.450655	-0.10E+04
2.303	0.452667	-0.10E+04
2.306	0.452667	-0.10E+04
2.309	0.452667	-0.10E+04
2.312	0.453337	-0.10E+04
2.315	0.453673	-0.10E+04
2.318	0.453673	-0.10E+04
2.321	0.454008	-0.10E+04
2.324	0.454679	-0.10E+04
2.327	0.455349	-0.10E+04
2.33	0.455684	-0.10E+04
2.333	0.455684	-0.10E+04
2.336	0.455684	-0.10E+04
2.339	0.455684	-0.10E+04
2.342	0.455684	-0.10E+04
2.345	0.455684	-0.10E+04
2.348	0.456690	-0.10E+04
2.351	0.456690	-0.10E+04
2.354	0.456690	-0.10E+04
2.357	0.457361	-0.10E+04
2.36	0.457696	-0.10E+04
2.363	0.458702	-0.10E+04
2.366	0.458702	-0.10E+04
2.369	0.458702	-0.10E+04
2.372	0.459373	-0.10E+04
2.375	0.459708	-0.10E+04
2.378	0.460714	-0.10E+04
2.381	0.460714	-0.10E+04
2.384	0.460714	-0.10E+04
2.387	0.461385	-0.10E+04
2.39	0.461720	-0.10E+04
2.393	0.461720	-0.10E+04
2.396	0.462055	-0.10E+04
2.399	0.462726	-0.10E+04
2.402	0.463397	-0.10E+04
2.405	0.463732	-0.10E+04
2.408	0.463732	-0.10E+04
2.411	0.463732	-0.10E+04
2.414	0.463732	-0.10E+04
2.417	0.464402	-0.10E+04
2.42	0.464738	-0.10E+04
2.423	0.464738	-0.10E+04
2.426	0.465073	-0.10E+04
2.429	0.465744	-0.10E+04
2.432	0.465744	-0.10E+04
2.435	0.465744	-0.10E+04
2.438	0.466750	-0.10E+04
2.441	0.467085	-0.10E+04
2.444	0.467756	-0.10E+04
2.447	0.468426	-0.10E+04
2.45	0.468761	-0.10E+04
2.453	0.468761	-0.10E+04
2.456	0.468761	-0.10E+04
2.459	0.468761	-0.10E+04
2.462	0.468761	-0.10E+04
2.465	0.468761	-0.10E+04
2.468	0.469767	-0.10E+04
2.471	0.470103	-0.10E+04
2.474	0.470773	-0.10E+04
2.477	0.470773	-0.10E+04
2.48	0.470773	-0.10E+04
2.483	0.470773	-0.10E+04
2.486	0.470773	-0.10E+04
2.489	0.470773	-0.10E+04
2.492	0.470103	-0.10E+04
2.495	0.469767	-0.10E+04
2.498	0.468761	-0.10E+04
