Brown University Keck/NASA Relab Spectrum LS-JBA-172-P/wls056
Wavelength(micron)	Reflectance	Standard Deviation
0.35	0.229000	-0.10E+04
0.353	0.234000	-0.10E+04
0.356	0.235667	-0.10E+04
0.359	0.239000	-0.10E+04
0.362	0.240333	-0.10E+04
0.365	0.241000	-0.10E+04
0.368	0.246000	-0.10E+04
0.371	0.247333	-0.10E+04
0.374	0.250000	-0.10E+04
0.377	0.250667	-0.10E+04
0.38	0.251000	-0.10E+04
0.383	0.254000	-0.10E+04
0.386	0.255000	-0.10E+04
0.389	0.257000	-0.10E+04
0.392	0.259000	-0.10E+04
0.395	0.260000	-0.10E+04
0.398	0.262000	-0.10E+04
0.401	0.263333	-0.10E+04
0.404	0.266000	-0.10E+04
0.407	0.268000	-0.10E+04
0.41	0.269000	-0.10E+04
0.413	0.272000	-0.10E+04
0.416	0.272667	-0.10E+04
0.419	0.274000	-0.10E+04
0.422	0.275333	-0.10E+04
0.425	0.276000	-0.10E+04
0.428	0.279000	-0.10E+04
0.431	0.279667	-0.10E+04
0.434	0.281000	-0.10E+04
0.437	0.282333	-0.10E+04
0.44	0.283000	-0.10E+04
0.443	0.287000	-0.10E+04
0.446	0.287333	-0.10E+04
0.449	0.288000	-0.10E+04
0.452	0.290000	-0.10E+04
0.455	0.291000	-0.10E+04
0.458	0.293000	-0.10E+04
0.461	0.294000	-0.10E+04
0.464	0.296000	-0.10E+04
0.467	0.297333	-0.10E+04
0.47	0.298000	-0.10E+04
0.473	0.301000	-0.10E+04
0.476	0.301667	-0.10E+04
0.479	0.303000	-0.10E+04
0.482	0.304333	-0.10E+04
0.485	0.305000	-0.10E+04
0.488	0.306000	-0.10E+04
0.491	0.306333	-0.10E+04
0.494	0.307000	-0.10E+04
0.497	0.308333	-0.10E+04
0.5	0.309000	-0.10E+04
0.503	0.311000	-0.10E+04
0.506	0.312000	-0.10E+04
0.509	0.314000	-0.10E+04
0.512	0.314667	-0.10E+04
0.515	0.315000	-0.10E+04
0.518	0.317000	-0.10E+04
0.521	0.317333	-0.10E+04
0.524	0.318000	-0.10E+04
0.527	0.320000	-0.10E+04
0.53	0.321000	-0.10E+04
0.533	0.323000	-0.10E+04
0.536	0.323333	-0.10E+04
0.539	0.324000	-0.10E+04
0.542	0.325333	-0.10E+04
0.545	0.326000	-0.10E+04
0.548	0.327000	-0.10E+04
0.551	0.327667	-0.10E+04
0.554	0.329000	-0.10E+04
0.557	0.329667	-0.10E+04
0.56	0.330000	-0.10E+04
0.563	0.332000	-0.10E+04
0.566	0.332667	-0.10E+04
0.569	0.334000	-0.10E+04
0.572	0.334667	-0.10E+04
0.575	0.335000	-0.10E+04
0.578	0.335000	-0.10E+04
0.581	0.336000	-0.10E+04
0.584	0.338000	-0.10E+04
0.587	0.340667	-0.10E+04
0.59	0.342000	-0.10E+04
0.593	0.342000	-0.10E+04
0.596	0.343000	-0.10E+04
0.599	0.345000	-0.10E+04
0.602	0.345667	-0.10E+04
0.605	0.346000	-0.10E+04
0.608	0.346800	-0.10E+04
0.611	0.347139	-0.10E+04
0.614	0.347817	-0.10E+04
0.617	0.349173	-0.10E+04
0.62	0.349851	-0.10E+04
0.623	0.349851	-0.10E+04
0.626	0.350190	-0.10E+04
0.629	0.350868	-0.10E+04
0.632	0.351546	-0.10E+04
0.635	0.351885	-0.10E+04
0.638	0.354936	-0.10E+04
0.641	0.355614	-0.10E+04
0.644	0.356970	-0.10E+04
0.647	0.357648	-0.10E+04
0.65	0.357987	-0.10E+04
0.653	0.359004	-0.10E+04
0.656	0.359682	-0.10E+04
0.659	0.361038	-0.10E+04
0.662	0.362394	-0.10E+04
0.665	0.363072	-0.10E+04
0.668	0.364089	-0.10E+04
0.671	0.365106	-0.10E+04
0.674	0.367140	-0.10E+04
0.677	0.367818	-0.10E+04
0.68	0.368157	-0.10E+04
0.683	0.369174	-0.10E+04
0.686	0.369852	-0.10E+04
0.689	0.371208	-0.10E+04
0.692	0.371886	-0.10E+04
0.695	0.372225	-0.10E+04
0.698	0.373242	-0.10E+04
0.701	0.373920	-0.10E+04
0.704	0.375276	-0.10E+04
0.707	0.375954	-0.10E+04
0.71	0.376293	-0.10E+04
0.713	0.378327	-0.10E+04
0.716	0.378666	-0.10E+04
0.719	0.379344	-0.10E+04
0.722	0.380022	-0.10E+04
0.725	0.380361	-0.10E+04
0.728	0.382395	-0.10E+04
0.731	0.382734	-0.10E+04
0.734	0.383412	-0.10E+04
0.737	0.384090	-0.10E+04
0.74	0.384429	-0.10E+04
0.743	0.385446	-0.10E+04
0.746	0.385785	-0.10E+04
0.749	0.386463	-0.10E+04
0.752	0.387141	-0.10E+04
0.755	0.387480	-0.10E+04
0.758	0.388497	-0.10E+04
0.761	0.388836	-0.10E+04
0.764	0.389514	-0.10E+04
0.767	0.389514	-0.10E+04
0.77	0.389514	-0.10E+04
0.773	0.389514	-0.10E+04
0.776	0.389514	-0.10E+04
0.779	0.389514	-0.10E+04
0.782	0.389514	-0.10E+04
0.785	0.389514	-0.10E+04
0.788	0.389514	-0.10E+04
0.791	0.389514	-0.10E+04
0.794	0.389514	-0.10E+04
0.797	0.389514	-0.10E+04
0.8	0.389514	-0.10E+04
0.803	0.389514	-0.10E+04
0.806	0.389175	-0.10E+04
0.809	0.388497	-0.10E+04
0.812	0.388497	-0.10E+04
0.815	0.388497	-0.10E+04
0.818	0.387480	-0.10E+04
0.821	0.387480	-0.10E+04
0.824	0.387480	-0.10E+04
0.827	0.387480	-0.10E+04
0.83	0.387480	-0.10E+04
0.833	0.386463	-0.10E+04
0.836	0.386463	-0.10E+04
0.839	0.386463	-0.10E+04
0.842	0.386463	-0.10E+04
0.845	0.386463	-0.10E+04
0.848	0.385446	-0.10E+04
0.851	0.385446	-0.10E+04
0.854	0.385446	-0.10E+04
0.857	0.385446	-0.10E+04
0.86	0.385446	-0.10E+04
0.863	0.384429	-0.10E+04
0.866	0.384429	-0.10E+04
0.869	0.384429	-0.10E+04
0.872	0.384429	-0.10E+04
0.875	0.384429	-0.10E+04
0.878	0.384429	-0.10E+04
0.881	0.384429	-0.10E+04
0.884	0.384429	-0.10E+04
0.887	0.384429	-0.10E+04
0.89	0.384429	-0.10E+04
0.893	0.384429	-0.10E+04
0.896	0.384768	-0.10E+04
0.899	0.385446	-0.10E+04
0.902	0.385446	-0.10E+04
0.905	0.385446	-0.10E+04
0.908	0.385446	-0.10E+04
0.911	0.385446	-0.10E+04
0.914	0.385446	-0.10E+04
0.917	0.385446	-0.10E+04
0.92	0.385446	-0.10E+04
0.923	0.386463	-0.10E+04
0.926	0.386802	-0.10E+04
0.929	0.387480	-0.10E+04
0.932	0.388836	-0.10E+04
0.935	0.389514	-0.10E+04
0.938	0.390531	-0.10E+04
0.941	0.391209	-0.10E+04
0.944	0.392565	-0.10E+04
0.947	0.392565	-0.10E+04
0.95	0.392565	-0.10E+04
0.953	0.394599	-0.10E+04
0.956	0.395277	-0.10E+04
0.959	0.396633	-0.10E+04
0.962	0.397311	-0.10E+04
0.965	0.397650	-0.10E+04
0.968	0.398667	-0.10E+04
0.971	0.399006	-0.10E+04
0.974	0.399684	-0.10E+04
0.977	0.401040	-0.10E+04
0.98	0.401718	-0.10E+04
0.983	0.402735	-0.10E+04
0.986	0.403414	-0.10E+04
0.989	0.404770	-0.10E+04
0.992	0.405448	-0.10E+04
0.995	0.405786	-0.10E+04
0.998	0.407821	-0.10E+04
1.001	0.408160	-0.10E+04
1.004	0.408838	-0.10E+04
1.007	0.409516	-0.10E+04
1.01	0.409855	-0.10E+04
1.013	0.411889	-0.10E+04
1.016	0.412567	-0.10E+04
1.019	0.413923	-0.10E+04
1.022	0.414601	-0.10E+04
1.025	0.414940	-0.10E+04
1.028	0.416974	-0.10E+04
1.031	0.417313	-0.10E+04
1.034	0.417991	-0.10E+04
1.037	0.419347	-0.10E+04
1.04	0.420025	-0.10E+04
1.043	0.421042	-0.10E+04
1.046	0.421720	-0.10E+04
1.049	0.423076	-0.10E+04
1.052	0.423754	-0.10E+04
1.055	0.424093	-0.10E+04
1.058	0.425110	-0.10E+04
1.061	0.425449	-0.10E+04
1.064	0.426127	-0.10E+04
1.067	0.426805	-0.10E+04
1.07	0.427144	-0.10E+04
1.073	0.428161	-0.10E+04
1.076	0.428161	-0.10E+04
1.079	0.428161	-0.10E+04
1.082	0.430195	-0.10E+04
1.085	0.431212	-0.10E+04
1.088	0.432229	-0.10E+04
1.091	0.432568	-0.10E+04
1.094	0.433246	-0.10E+04
1.097	0.433924	-0.10E+04
1.1	0.434263	-0.10E+04
1.103	0.435280	-0.10E+04
1.106	0.435619	-0.10E+04
1.109	0.436297	-0.10E+04
1.112	0.437653	-0.10E+04
1.115	0.438331	-0.10E+04
1.118	0.440365	-0.10E+04
1.121	0.440704	-0.10E+04
1.124	0.441382	-0.10E+04
1.127	0.442060	-0.10E+04
1.13	0.442399	-0.10E+04
1.133	0.443416	-0.10E+04
1.136	0.443416	-0.10E+04
1.139	0.443416	-0.10E+04
1.142	0.444094	-0.10E+04
1.145	0.444433	-0.10E+04
1.148	0.445450	-0.10E+04
1.151	0.445789	-0.10E+04
1.154	0.446467	-0.10E+04
1.157	0.447145	-0.10E+04
1.16	0.447484	-0.10E+04
1.163	0.449518	-0.10E+04
1.166	0.449857	-0.10E+04
1.169	0.450535	-0.10E+04
1.172	0.450535	-0.10E+04
1.175	0.450535	-0.10E+04
1.178	0.450535	-0.10E+04
1.181	0.451213	-0.10E+04
1.184	0.452569	-0.10E+04
1.187	0.452569	-0.10E+04
1.19	0.452569	-0.10E+04
1.193	0.453586	-0.10E+04
1.196	0.453586	-0.10E+04
1.199	0.453586	-0.10E+04
1.202	0.453586	-0.10E+04
1.205	0.453586	-0.10E+04
1.208	0.454603	-0.10E+04
1.211	0.454942	-0.10E+04
1.214	0.455620	-0.10E+04
1.217	0.456976	-0.10E+04
1.22	0.457654	-0.10E+04
1.223	0.458671	-0.10E+04
1.226	0.458671	-0.10E+04
1.229	0.458671	-0.10E+04
1.232	0.459349	-0.10E+04
1.235	0.459688	-0.10E+04
1.238	0.460705	-0.10E+04
1.241	0.461044	-0.10E+04
1.244	0.461722	-0.10E+04
1.247	0.461722	-0.10E+04
1.25	0.461722	-0.10E+04
1.253	0.461722	-0.10E+04
1.256	0.462061	-0.10E+04
1.259	0.462739	-0.10E+04
1.262	0.463417	-0.10E+04
1.265	0.463756	-0.10E+04
1.268	0.464773	-0.10E+04
1.271	0.464773	-0.10E+04
1.274	0.464773	-0.10E+04
1.277	0.465451	-0.10E+04
1.28	0.465790	-0.10E+04
1.283	0.466807	-0.10E+04
1.286	0.467146	-0.10E+04
1.289	0.467824	-0.10E+04
1.292	0.468502	-0.10E+04
1.295	0.468841	-0.10E+04
1.298	0.469858	-0.10E+04
1.301	0.470197	-0.10E+04
1.304	0.470875	-0.10E+04
1.307	0.470875	-0.10E+04
1.31	0.470875	-0.10E+04
1.313	0.471892	-0.10E+04
1.316	0.472231	-0.10E+04
1.319	0.472909	-0.10E+04
1.322	0.473587	-0.10E+04
1.325	0.473926	-0.10E+04
1.328	0.474943	-0.10E+04
1.331	0.475621	-0.10E+04
1.334	0.476977	-0.10E+04
1.337	0.477655	-0.10E+04
1.34	0.477994	-0.10E+04
1.343	0.479011	-0.10E+04
1.346	0.479011	-0.10E+04
1.349	0.479011	-0.10E+04
1.352	0.479011	-0.10E+04
1.355	0.479011	-0.10E+04
1.358	0.480028	-0.10E+04
1.361	0.480367	-0.10E+04
1.364	0.481045	-0.10E+04
1.367	0.481723	-0.10E+04
1.37	0.482062	-0.10E+04
1.373	0.482062	-0.10E+04
1.376	0.482401	-0.10E+04
1.379	0.483079	-0.10E+04
1.382	0.483757	-0.10E+04
1.385	0.484096	-0.10E+04
1.388	0.485113	-0.10E+04
1.391	0.485452	-0.10E+04
1.394	0.486130	-0.10E+04
1.397	0.486808	-0.10E+04
1.4	0.487147	-0.10E+04
1.403	0.488164	-0.10E+04
1.406	0.488503	-0.10E+04
1.409	0.489181	-0.10E+04
1.412	0.489181	-0.10E+04
1.415	0.489181	-0.10E+04
1.418	0.490198	-0.10E+04
1.421	0.490537	-0.10E+04
1.424	0.491215	-0.10E+04
1.427	0.491893	-0.10E+04
1.43	0.492232	-0.10E+04
1.433	0.493249	-0.10E+04
1.436	0.493588	-0.10E+04
1.439	0.494266	-0.10E+04
1.442	0.494266	-0.10E+04
1.445	0.494266	-0.10E+04
1.448	0.494266	-0.10E+04
1.451	0.494605	-0.10E+04
1.454	0.495283	-0.10E+04
1.457	0.495961	-0.10E+04
1.46	0.496300	-0.10E+04
1.463	0.497317	-0.10E+04
1.466	0.497656	-0.10E+04
1.469	0.498334	-0.10E+04
1.472	0.498334	-0.10E+04
1.475	0.498334	-0.10E+04
1.478	0.499351	-0.10E+04
1.481	0.499351	-0.10E+04
1.484	0.499351	-0.10E+04
1.487	0.500029	-0.10E+04
1.49	0.500368	-0.10E+04
1.493	0.500368	-0.10E+04
1.496	0.500707	-0.10E+04
1.499	0.501385	-0.10E+04
1.502	0.501385	-0.10E+04
1.505	0.501385	-0.10E+04
1.508	0.501385	-0.10E+04
1.511	0.501724	-0.10E+04
1.514	0.502402	-0.10E+04
1.517	0.502402	-0.10E+04
1.52	0.502402	-0.10E+04
1.523	0.503419	-0.10E+04
1.526	0.503758	-0.10E+04
1.529	0.504436	-0.10E+04
1.532	0.504436	-0.10E+04
1.535	0.504436	-0.10E+04
1.538	0.504436	-0.10E+04
1.541	0.504775	-0.10E+04
1.544	0.505453	-0.10E+04
1.547	0.505453	-0.10E+04
1.55	0.505453	-0.10E+04
1.553	0.505453	-0.10E+04
1.556	0.505792	-0.10E+04
1.559	0.506470	-0.10E+04
1.562	0.507148	-0.10E+04
1.565	0.507487	-0.10E+04
1.568	0.507487	-0.10E+04
1.571	0.507487	-0.10E+04
1.574	0.507487	-0.10E+04
1.577	0.508843	-0.10E+04
1.58	0.509521	-0.10E+04
1.583	0.509521	-0.10E+04
1.586	0.509521	-0.10E+04
1.589	0.509521	-0.10E+04
1.592	0.509521	-0.10E+04
1.595	0.509521	-0.10E+04
1.598	0.509521	-0.10E+04
1.601	0.509521	-0.10E+04
1.604	0.509521	-0.10E+04
1.607	0.509521	-0.10E+04
1.61	0.509521	-0.10E+04
1.613	0.509521	-0.10E+04
1.616	0.509521	-0.10E+04
1.619	0.509521	-0.10E+04
1.622	0.509521	-0.10E+04
1.625	0.509521	-0.10E+04
1.628	0.509521	-0.10E+04
1.631	0.509521	-0.10E+04
1.634	0.509521	-0.10E+04
1.637	0.510199	-0.10E+04
1.64	0.510538	-0.10E+04
1.643	0.510538	-0.10E+04
1.646	0.510538	-0.10E+04
1.649	0.510538	-0.10E+04
1.652	0.510538	-0.10E+04
1.655	0.510538	-0.10E+04
1.658	0.510538	-0.10E+04
1.661	0.510538	-0.10E+04
1.664	0.510538	-0.10E+04
1.667	0.510538	-0.10E+04
1.67	0.510538	-0.10E+04
1.673	0.510538	-0.10E+04
1.676	0.510538	-0.10E+04
1.679	0.510538	-0.10E+04
1.682	0.510538	-0.10E+04
1.685	0.510538	-0.10E+04
1.688	0.510538	-0.10E+04
1.691	0.510538	-0.10E+04
1.694	0.510538	-0.10E+04
1.697	0.510538	-0.10E+04
1.7	0.510538	-0.10E+04
1.703	0.510538	-0.10E+04
1.706	0.510877	-0.10E+04
1.709	0.511555	-0.10E+04
1.712	0.511555	-0.10E+04
1.715	0.511555	-0.10E+04
1.718	0.511555	-0.10E+04
1.721	0.511555	-0.10E+04
1.724	0.511555	-0.10E+04
1.727	0.511555	-0.10E+04
1.73	0.511555	-0.10E+04
1.733	0.511555	-0.10E+04
1.736	0.511555	-0.10E+04
1.739	0.511555	-0.10E+04
1.742	0.511555	-0.10E+04
1.745	0.511555	-0.10E+04
1.748	0.512572	-0.10E+04
1.751	0.512572	-0.10E+04
1.754	0.512572	-0.10E+04
1.757	0.512572	-0.10E+04
1.76	0.512572	-0.10E+04
1.763	0.512572	-0.10E+04
1.766	0.512572	-0.10E+04
1.769	0.512572	-0.10E+04
1.772	0.512572	-0.10E+04
1.775	0.512572	-0.10E+04
1.778	0.513589	-0.10E+04
1.781	0.513589	-0.10E+04
1.784	0.513589	-0.10E+04
1.787	0.513589	-0.10E+04
1.79	0.513589	-0.10E+04
1.793	0.513589	-0.10E+04
1.796	0.513589	-0.10E+04
1.799	0.513589	-0.10E+04
1.802	0.513589	-0.10E+04
1.805	0.513589	-0.10E+04
1.808	0.513589	-0.10E+04
1.811	0.513589	-0.10E+04
1.814	0.513589	-0.10E+04
1.817	0.514267	-0.10E+04
1.82	0.514606	-0.10E+04
1.823	0.514606	-0.10E+04
1.826	0.514267	-0.10E+04
1.829	0.513589	-0.10E+04
1.832	0.514267	-0.10E+04
1.835	0.514606	-0.10E+04
1.838	0.515624	-0.10E+04
1.841	0.515624	-0.10E+04
1.844	0.515624	-0.10E+04
1.847	0.516301	-0.10E+04
1.85	0.516640	-0.10E+04
1.853	0.516640	-0.10E+04
1.856	0.516640	-0.10E+04
1.859	0.516640	-0.10E+04
1.862	0.517318	-0.10E+04
1.865	0.517657	-0.10E+04
1.868	0.517657	-0.10E+04
1.871	0.517657	-0.10E+04
1.874	0.517657	-0.10E+04
1.877	0.518335	-0.10E+04
1.88	0.518674	-0.10E+04
1.883	0.518674	-0.10E+04
1.886	0.518674	-0.10E+04
1.889	0.518674	-0.10E+04
1.892	0.518674	-0.10E+04
1.895	0.518674	-0.10E+04
1.898	0.519691	-0.10E+04
1.901	0.519691	-0.10E+04
1.904	0.519691	-0.10E+04
1.907	0.519691	-0.10E+04
1.91	0.519691	-0.10E+04
1.913	0.519691	-0.10E+04
1.916	0.519691	-0.10E+04
1.919	0.519691	-0.10E+04
1.922	0.520369	-0.10E+04
1.925	0.520709	-0.10E+04
1.928	0.521726	-0.10E+04
1.931	0.521726	-0.10E+04
1.934	0.521726	-0.10E+04
1.937	0.521726	-0.10E+04
1.94	0.521726	-0.10E+04
1.943	0.521726	-0.10E+04
1.946	0.521726	-0.10E+04
1.949	0.521726	-0.10E+04
1.952	0.521726	-0.10E+04
1.955	0.521726	-0.10E+04
1.958	0.522743	-0.10E+04
1.961	0.523081	-0.10E+04
1.964	0.523759	-0.10E+04
1.967	0.523759	-0.10E+04
1.97	0.523759	-0.10E+04
1.973	0.523759	-0.10E+04
1.976	0.524099	-0.10E+04
1.979	0.524777	-0.10E+04
1.982	0.524777	-0.10E+04
1.985	0.524777	-0.10E+04
1.988	0.525794	-0.10E+04
1.991	0.525794	-0.10E+04
1.994	0.525794	-0.10E+04
1.997	0.526471	-0.10E+04
2	0.526811	-0.10E+04
2.003	0.526811	-0.10E+04
2.006	0.526811	-0.10E+04
2.009	0.526811	-0.10E+04
2.012	0.526811	-0.10E+04
2.015	0.526811	-0.10E+04
2.018	0.526811	-0.10E+04
2.021	0.527150	-0.10E+04
2.024	0.527828	-0.10E+04
2.027	0.527828	-0.10E+04
2.03	0.527828	-0.10E+04
2.033	0.528845	-0.10E+04
2.036	0.529184	-0.10E+04
2.039	0.529862	-0.10E+04
2.042	0.529862	-0.10E+04
2.045	0.529862	-0.10E+04
2.048	0.530879	-0.10E+04
2.051	0.531218	-0.10E+04
2.054	0.531896	-0.10E+04
2.057	0.531896	-0.10E+04
2.06	0.531896	-0.10E+04
2.063	0.532913	-0.10E+04
2.066	0.532913	-0.10E+04
2.069	0.532913	-0.10E+04
2.072	0.533591	-0.10E+04
2.075	0.533930	-0.10E+04
2.078	0.534947	-0.10E+04
2.081	0.534947	-0.10E+04
2.084	0.534947	-0.10E+04
2.087	0.535625	-0.10E+04
2.09	0.535964	-0.10E+04
2.093	0.535964	-0.10E+04
2.096	0.536303	-0.10E+04
2.099	0.536981	-0.10E+04
2.102	0.536981	-0.10E+04
2.105	0.536981	-0.10E+04
2.108	0.536981	-0.10E+04
2.111	0.537320	-0.10E+04
2.114	0.537998	-0.10E+04
2.117	0.538676	-0.10E+04
2.12	0.539015	-0.10E+04
2.123	0.539015	-0.10E+04
2.126	0.539354	-0.10E+04
2.129	0.540032	-0.10E+04
2.132	0.540710	-0.10E+04
2.135	0.541049	-0.10E+04
2.138	0.542066	-0.10E+04
2.141	0.542066	-0.10E+04
2.144	0.542066	-0.10E+04
2.147	0.542744	-0.10E+04
2.15	0.543083	-0.10E+04
2.153	0.544100	-0.10E+04
2.156	0.544100	-0.10E+04
2.159	0.544100	-0.10E+04
2.162	0.544778	-0.10E+04
2.165	0.545117	-0.10E+04
2.168	0.545117	-0.10E+04
2.171	0.545456	-0.10E+04
2.174	0.546134	-0.10E+04
2.177	0.546812	-0.10E+04
2.18	0.547151	-0.10E+04
2.183	0.548168	-0.10E+04
2.186	0.548168	-0.10E+04
2.189	0.548168	-0.10E+04
2.192	0.548846	-0.10E+04
2.195	0.549185	-0.10E+04
2.198	0.550202	-0.10E+04
2.201	0.550541	-0.10E+04
2.204	0.551219	-0.10E+04
2.207	0.551897	-0.10E+04
2.21	0.552236	-0.10E+04
2.213	0.553253	-0.10E+04
2.216	0.553592	-0.10E+04
2.219	0.554270	-0.10E+04
2.222	0.554270	-0.10E+04
2.225	0.554270	-0.10E+04
2.228	0.555287	-0.10E+04
2.231	0.555626	-0.10E+04
2.234	0.556304	-0.10E+04
2.237	0.556304	-0.10E+04
2.24	0.556304	-0.10E+04
2.243	0.557321	-0.10E+04
2.246	0.557321	-0.10E+04
2.249	0.557321	-0.10E+04
2.252	0.558677	-0.10E+04
2.255	0.559355	-0.10E+04
2.258	0.560372	-0.10E+04
2.261	0.560711	-0.10E+04
2.264	0.561389	-0.10E+04
2.267	0.562067	-0.10E+04
2.27	0.562406	-0.10E+04
2.273	0.562406	-0.10E+04
2.276	0.562745	-0.10E+04
2.279	0.563423	-0.10E+04
2.282	0.564101	-0.10E+04
2.285	0.564440	-0.10E+04
2.288	0.565457	-0.10E+04
2.291	0.565457	-0.10E+04
2.294	0.565457	-0.10E+04
2.297	0.566135	-0.10E+04
2.3	0.566474	-0.10E+04
2.303	0.567491	-0.10E+04
2.306	0.567830	-0.10E+04
2.309	0.568508	-0.10E+04
2.312	0.569186	-0.10E+04
2.315	0.569525	-0.10E+04
2.318	0.570542	-0.10E+04
2.321	0.570881	-0.10E+04
2.324	0.571559	-0.10E+04
2.327	0.571559	-0.10E+04
2.33	0.571559	-0.10E+04
2.333	0.572576	-0.10E+04
2.336	0.572915	-0.10E+04
2.339	0.573593	-0.10E+04
2.342	0.573593	-0.10E+04
2.345	0.573593	-0.10E+04
2.348	0.574610	-0.10E+04
2.351	0.574949	-0.10E+04
2.354	0.575627	-0.10E+04
2.357	0.576305	-0.10E+04
2.36	0.576644	-0.10E+04
2.363	0.577661	-0.10E+04
2.366	0.577661	-0.10E+04
2.369	0.577661	-0.10E+04
2.372	0.578339	-0.10E+04
2.375	0.578678	-0.10E+04
2.378	0.579695	-0.10E+04
2.381	0.580034	-0.10E+04
2.384	0.580712	-0.10E+04
2.387	0.580712	-0.10E+04
2.39	0.580712	-0.10E+04
2.393	0.581729	-0.10E+04
2.396	0.582068	-0.10E+04
2.399	0.582746	-0.10E+04
2.402	0.582746	-0.10E+04
2.405	0.582746	-0.10E+04
2.408	0.582746	-0.10E+04
2.411	0.583085	-0.10E+04
2.414	0.583763	-0.10E+04
2.417	0.583763	-0.10E+04
2.42	0.583763	-0.10E+04
2.423	0.584780	-0.10E+04
2.426	0.585119	-0.10E+04
2.429	0.585797	-0.10E+04
2.432	0.586475	-0.10E+04
2.435	0.586814	-0.10E+04
2.438	0.587831	-0.10E+04
2.441	0.588170	-0.10E+04
2.444	0.588848	-0.10E+04
2.447	0.588848	-0.10E+04
2.45	0.588848	-0.10E+04
2.453	0.589865	-0.10E+04
2.456	0.590204	-0.10E+04
2.459	0.590882	-0.10E+04
2.462	0.591560	-0.10E+04
2.465	0.591899	-0.10E+04
2.468	0.592916	-0.10E+04
2.471	0.593255	-0.10E+04
2.474	0.593933	-0.10E+04
2.477	0.593933	-0.10E+04
2.48	0.593933	-0.10E+04
2.483	0.593933	-0.10E+04
2.486	0.594272	-0.10E+04
2.489	0.594950	-0.10E+04
2.492	0.595628	-0.10E+04
2.495	0.595967	-0.10E+04
2.498	0.596984	-0.10E+04
