Brown University Keck/NASA Relab Spectrum LS-JBA-089-P2/wls046
Wavelength(micron)	Reflectance	Standard Deviation
0.35	0.063000	-0.10E+04
0.353	0.064000	-0.10E+04
0.356	0.065333	-0.10E+04
0.359	0.068000	-0.10E+04
0.362	0.068667	-0.10E+04
0.365	0.069000	-0.10E+04
0.368	0.070000	-0.10E+04
0.371	0.070000	-0.10E+04
0.374	0.070000	-0.10E+04
0.377	0.070667	-0.10E+04
0.38	0.071000	-0.10E+04
0.383	0.072000	-0.10E+04
0.386	0.072667	-0.10E+04
0.389	0.074000	-0.10E+04
0.392	0.075333	-0.10E+04
0.395	0.076000	-0.10E+04
0.398	0.078000	-0.10E+04
0.401	0.078333	-0.10E+04
0.404	0.079000	-0.10E+04
0.407	0.079000	-0.10E+04
0.41	0.079000	-0.10E+04
0.413	0.081000	-0.10E+04
0.416	0.081333	-0.10E+04
0.419	0.082000	-0.10E+04
0.422	0.082667	-0.10E+04
0.425	0.083000	-0.10E+04
0.428	0.086000	-0.10E+04
0.431	0.086333	-0.10E+04
0.434	0.087000	-0.10E+04
0.437	0.087000	-0.10E+04
0.44	0.087000	-0.10E+04
0.443	0.088000	-0.10E+04
0.446	0.088333	-0.10E+04
0.449	0.089000	-0.10E+04
0.452	0.089667	-0.10E+04
0.455	0.090000	-0.10E+04
0.458	0.092000	-0.10E+04
0.461	0.092667	-0.10E+04
0.464	0.094000	-0.10E+04
0.467	0.094667	-0.10E+04
0.47	0.095000	-0.10E+04
0.473	0.096000	-0.10E+04
0.476	0.096000	-0.10E+04
0.479	0.096000	-0.10E+04
0.482	0.097333	-0.10E+04
0.485	0.098000	-0.10E+04
0.488	0.099000	-0.10E+04
0.491	0.099000	-0.10E+04
0.494	0.099000	-0.10E+04
0.497	0.100333	-0.10E+04
0.5	0.101000	-0.10E+04
0.503	0.102000	-0.10E+04
0.506	0.102667	-0.10E+04
0.509	0.104000	-0.10E+04
0.512	0.104667	-0.10E+04
0.515	0.105000	-0.10E+04
0.518	0.106000	-0.10E+04
0.521	0.106667	-0.10E+04
0.524	0.108000	-0.10E+04
0.527	0.108000	-0.10E+04
0.53	0.108000	-0.10E+04
0.533	0.108000	-0.10E+04
0.536	0.108667	-0.10E+04
0.539	0.110000	-0.10E+04
0.542	0.110667	-0.10E+04
0.545	0.111000	-0.10E+04
0.548	0.112000	-0.10E+04
0.551	0.112333	-0.10E+04
0.554	0.113000	-0.10E+04
0.557	0.113667	-0.10E+04
0.56	0.114000	-0.10E+04
0.563	0.115000	-0.10E+04
0.566	0.115333	-0.10E+04
0.569	0.116000	-0.10E+04
0.572	0.116667	-0.10E+04
0.575	0.117000	-0.10E+04
0.578	0.117000	-0.10E+04
0.581	0.117667	-0.10E+04
0.584	0.119000	-0.10E+04
0.587	0.119667	-0.10E+04
0.59	0.120000	-0.10E+04
0.593	0.120000	-0.10E+04
0.596	0.120667	-0.10E+04
0.599	0.122000	-0.10E+04
0.602	0.122667	-0.10E+04
0.605	0.123000	-0.10E+04
0.608	0.123000	-0.10E+04
0.611	0.123333	-0.10E+04
0.614	0.124000	-0.10E+04
0.617	0.125333	-0.10E+04
0.62	0.126000	-0.10E+04
0.623	0.126000	-0.10E+04
0.626	0.126333	-0.10E+04
0.629	0.127000	-0.10E+04
0.632	0.127000	-0.10E+04
0.635	0.127000	-0.10E+04
0.638	0.129000	-0.10E+04
0.641	0.129000	-0.10E+04
0.644	0.129000	-0.10E+04
0.647	0.129667	-0.10E+04
0.65	0.130000	-0.10E+04
0.653	0.131000	-0.10E+04
0.656	0.131000	-0.10E+04
0.659	0.131000	-0.10E+04
0.662	0.132333	-0.10E+04
0.665	0.133000	-0.10E+04
0.668	0.134000	-0.10E+04
0.671	0.134000	-0.10E+04
0.674	0.134000	-0.10E+04
0.677	0.134667	-0.10E+04
0.68	0.135000	-0.10E+04
0.683	0.135000	-0.10E+04
0.686	0.135333	-0.10E+04
0.689	0.136000	-0.10E+04
0.692	0.136667	-0.10E+04
0.695	0.137000	-0.10E+04
0.698	0.138000	-0.10E+04
0.701	0.138333	-0.10E+04
0.704	0.139000	-0.10E+04
0.707	0.139000	-0.10E+04
0.71	0.139000	-0.10E+04
0.713	0.140000	-0.10E+04
0.716	0.140000	-0.10E+04
0.719	0.140000	-0.10E+04
0.722	0.140667	-0.10E+04
0.725	0.141000	-0.10E+04
0.728	0.142000	-0.10E+04
0.731	0.142333	-0.10E+04
0.734	0.143000	-0.10E+04
0.737	0.143000	-0.10E+04
0.74	0.143000	-0.10E+04
0.743	0.144000	-0.10E+04
0.746	0.144333	-0.10E+04
0.749	0.145000	-0.10E+04
0.752	0.145667	-0.10E+04
0.755	0.146000	-0.10E+04
0.758	0.146000	-0.10E+04
0.761	0.146333	-0.10E+04
0.764	0.147000	-0.10E+04
0.767	0.147000	-0.10E+04
0.77	0.147000	-0.10E+04
0.773	0.148000	-0.10E+04
0.776	0.148000	-0.10E+04
0.779	0.148000	-0.10E+04
0.782	0.148000	-0.10E+04
0.785	0.148000	-0.10E+04
0.788	0.148000	-0.10E+04
0.791	0.148000	-0.10E+04
0.794	0.148000	-0.10E+04
0.797	0.148667	-0.10E+04
0.8	0.149000	-0.10E+04
0.803	0.149000	-0.10E+04
0.806	0.149000	-0.10E+04
0.809	0.149000	-0.10E+04
0.812	0.149000	-0.10E+04
0.815	0.149000	-0.10E+04
0.818	0.149000	-0.10E+04
0.821	0.149000	-0.10E+04
0.824	0.149000	-0.10E+04
0.827	0.149000	-0.10E+04
0.83	0.149000	-0.10E+04
0.833	0.149000	-0.10E+04
0.836	0.149000	-0.10E+04
0.839	0.149000	-0.10E+04
0.842	0.150333	-0.10E+04
0.845	0.151000	-0.10E+04
0.848	0.150000	-0.10E+04
0.851	0.150333	-0.10E+04
0.854	0.151000	-0.10E+04
0.857	0.151000	-0.10E+04
0.86	0.151000	-0.10E+04
0.863	0.151000	-0.10E+04
0.866	0.151000	-0.10E+04
0.869	0.151000	-0.10E+04
0.872	0.151000	-0.10E+04
0.875	0.151000	-0.10E+04
0.878	0.151000	-0.10E+04
0.881	0.151333	-0.10E+04
0.884	0.152000	-0.10E+04
0.887	0.152000	-0.10E+04
0.89	0.152000	-0.10E+04
0.893	0.152000	-0.10E+04
0.896	0.152000	-0.10E+04
0.899	0.152000	-0.10E+04
0.902	0.152667	-0.10E+04
0.905	0.153000	-0.10E+04
0.908	0.153000	-0.10E+04
0.911	0.153333	-0.10E+04
0.914	0.154000	-0.10E+04
0.917	0.154667	-0.10E+04
0.92	0.155000	-0.10E+04
0.923	0.155000	-0.10E+04
0.926	0.155000	-0.10E+04
0.929	0.155000	-0.10E+04
0.932	0.155667	-0.10E+04
0.935	0.156000	-0.10E+04
0.938	0.156000	-0.10E+04
0.941	0.156333	-0.10E+04
0.944	0.157000	-0.10E+04
0.947	0.157000	-0.10E+04
0.95	0.157000	-0.10E+04
0.953	0.157000	-0.10E+04
0.956	0.157333	-0.10E+04
0.959	0.158000	-0.10E+04
0.962	0.158667	-0.10E+04
0.965	0.159000	-0.10E+04
0.968	0.160000	-0.10E+04
0.971	0.160667	-0.10E+04
0.974	0.162000	-0.10E+04
0.977	0.163333	-0.10E+04
0.98	0.164000	-0.10E+04
0.983	0.164000	-0.10E+04
0.986	0.164333	-0.10E+04
0.989	0.165000	-0.10E+04
0.992	0.165000	-0.10E+04
0.995	0.165000	-0.10E+04
0.998	0.166000	-0.10E+04
1.001	0.166000	-0.10E+04
1.004	0.166000	-0.10E+04
1.007	0.166667	-0.10E+04
1.01	0.167000	-0.10E+04
1.013	0.168000	-0.10E+04
1.016	0.169000	-0.10E+04
1.019	0.171000	-0.10E+04
1.022	0.171667	-0.10E+04
1.025	0.172000	-0.10E+04
1.028	0.173000	-0.10E+04
1.031	0.173000	-0.10E+04
1.034	0.173000	-0.10E+04
1.037	0.173000	-0.10E+04
1.04	0.173000	-0.10E+04
1.043	0.174000	-0.10E+04
1.046	0.174000	-0.10E+04
1.049	0.174000	-0.10E+04
1.052	0.174667	-0.10E+04
1.055	0.175000	-0.10E+04
1.058	0.176000	-0.10E+04
1.061	0.176667	-0.10E+04
1.064	0.178000	-0.10E+04
1.067	0.179333	-0.10E+04
1.07	0.180000	-0.10E+04
1.073	0.180000	-0.10E+04
1.076	0.180333	-0.10E+04
1.079	0.181000	-0.10E+04
1.082	0.181000	-0.10E+04
1.085	0.181000	-0.10E+04
1.088	0.182000	-0.10E+04
1.091	0.182000	-0.10E+04
1.094	0.182000	-0.10E+04
1.097	0.182667	-0.10E+04
1.1	0.183000	-0.10E+04
1.103	0.183000	-0.10E+04
1.106	0.183000	-0.10E+04
1.109	0.183000	-0.10E+04
1.112	0.183667	-0.10E+04
1.115	0.184000	-0.10E+04
1.118	0.185000	-0.10E+04
1.121	0.185000	-0.10E+04
1.124	0.185000	-0.10E+04
1.127	0.187000	-0.10E+04
1.13	0.188000	-0.10E+04
1.133	0.189000	-0.10E+04
1.136	0.189000	-0.10E+04
1.139	0.189000	-0.10E+04
1.142	0.189667	-0.10E+04
1.145	0.190000	-0.10E+04
1.148	0.190000	-0.10E+04
1.151	0.190000	-0.10E+04
1.154	0.190000	-0.10E+04
1.157	0.190667	-0.10E+04
1.16	0.191000	-0.10E+04
1.163	0.191000	-0.10E+04
1.166	0.191000	-0.10E+04
1.169	0.191000	-0.10E+04
1.172	0.191667	-0.10E+04
1.175	0.192000	-0.10E+04
1.178	0.193000	-0.10E+04
1.181	0.193000	-0.10E+04
1.184	0.193000	-0.10E+04
1.187	0.193667	-0.10E+04
1.19	0.194000	-0.10E+04
1.193	0.194000	-0.10E+04
1.196	0.194333	-0.10E+04
1.199	0.195000	-0.10E+04
1.202	0.196333	-0.10E+04
1.205	0.197000	-0.10E+04
1.208	0.197000	-0.10E+04
1.211	0.197333	-0.10E+04
1.214	0.198000	-0.10E+04
1.217	0.198667	-0.10E+04
1.22	0.199000	-0.10E+04
1.223	0.199000	-0.10E+04
1.226	0.199000	-0.10E+04
1.229	0.199000	-0.10E+04
1.232	0.199667	-0.10E+04
1.235	0.200000	-0.10E+04
1.238	0.200000	-0.10E+04
1.241	0.200333	-0.10E+04
1.244	0.201000	-0.10E+04
1.247	0.201667	-0.10E+04
1.25	0.202000	-0.10E+04
1.253	0.202000	-0.10E+04
1.256	0.202000	-0.10E+04
1.259	0.202000	-0.10E+04
1.262	0.203333	-0.10E+04
1.265	0.204000	-0.10E+04
1.268	0.205000	-0.10E+04
1.271	0.205333	-0.10E+04
1.274	0.206000	-0.10E+04
1.277	0.206000	-0.10E+04
1.28	0.206000	-0.10E+04
1.283	0.207000	-0.10E+04
1.286	0.207000	-0.10E+04
1.289	0.207000	-0.10E+04
1.292	0.207667	-0.10E+04
1.295	0.208000	-0.10E+04
1.298	0.208000	-0.10E+04
1.301	0.208333	-0.10E+04
1.304	0.209000	-0.10E+04
1.307	0.209000	-0.10E+04
1.31	0.209000	-0.10E+04
1.313	0.210000	-0.10E+04
1.316	0.210000	-0.10E+04
1.319	0.210000	-0.10E+04
1.322	0.210667	-0.10E+04
1.325	0.211000	-0.10E+04
1.328	0.211000	-0.10E+04
1.331	0.211000	-0.10E+04
1.334	0.211000	-0.10E+04
1.337	0.212333	-0.10E+04
1.34	0.213000	-0.10E+04
1.343	0.214000	-0.10E+04
1.346	0.214333	-0.10E+04
1.349	0.215000	-0.10E+04
1.352	0.215667	-0.10E+04
1.355	0.216000	-0.10E+04
1.358	0.216000	-0.10E+04
1.361	0.216000	-0.10E+04
1.364	0.216000	-0.10E+04
1.367	0.216667	-0.10E+04
1.37	0.217000	-0.10E+04
1.373	0.218000	-0.10E+04
1.376	0.218333	-0.10E+04
1.379	0.219000	-0.10E+04
1.382	0.219000	-0.10E+04
1.385	0.219000	-0.10E+04
1.388	0.219000	-0.10E+04
1.391	0.219333	-0.10E+04
1.394	0.220000	-0.10E+04
1.397	0.220000	-0.10E+04
1.4	0.220000	-0.10E+04
1.403	0.221000	-0.10E+04
1.406	0.221333	-0.10E+04
1.409	0.222000	-0.10E+04
1.412	0.222000	-0.10E+04
1.415	0.222000	-0.10E+04
1.418	0.223000	-0.10E+04
1.421	0.223333	-0.10E+04
1.424	0.224000	-0.10E+04
1.427	0.224000	-0.10E+04
1.43	0.224000	-0.10E+04
1.433	0.225000	-0.10E+04
1.436	0.225333	-0.10E+04
1.439	0.226000	-0.10E+04
1.442	0.226667	-0.10E+04
1.445	0.227000	-0.10E+04
1.448	0.227000	-0.10E+04
1.451	0.227000	-0.10E+04
1.454	0.227000	-0.10E+04
1.457	0.227000	-0.10E+04
1.46	0.227000	-0.10E+04
1.463	0.228000	-0.10E+04
1.466	0.228000	-0.10E+04
1.469	0.228000	-0.10E+04
1.472	0.228000	-0.10E+04
1.475	0.228000	-0.10E+04
1.478	0.228000	-0.10E+04
1.481	0.228333	-0.10E+04
1.484	0.229000	-0.10E+04
1.487	0.229000	-0.10E+04
1.49	0.229000	-0.10E+04
1.493	0.231000	-0.10E+04
1.496	0.231000	-0.10E+04
1.499	0.231000	-0.10E+04
1.502	0.231000	-0.10E+04
1.505	0.231000	-0.10E+04
1.508	0.232000	-0.10E+04
1.511	0.232000	-0.10E+04
1.514	0.232000	-0.10E+04
1.517	0.232667	-0.10E+04
1.52	0.233000	-0.10E+04
1.523	0.233000	-0.10E+04
1.526	0.233000	-0.10E+04
1.529	0.233000	-0.10E+04
1.532	0.233000	-0.10E+04
1.535	0.233000	-0.10E+04
1.538	0.235000	-0.10E+04
1.541	0.235000	-0.10E+04
1.544	0.235000	-0.10E+04
1.547	0.235667	-0.10E+04
1.55	0.236000	-0.10E+04
1.553	0.236000	-0.10E+04
1.556	0.236000	-0.10E+04
1.559	0.236000	-0.10E+04
1.562	0.236000	-0.10E+04
1.565	0.236000	-0.10E+04
1.568	0.236000	-0.10E+04
1.571	0.236000	-0.10E+04
1.574	0.236000	-0.10E+04
1.577	0.236667	-0.10E+04
1.58	0.237000	-0.10E+04
1.583	0.237000	-0.10E+04
1.586	0.237000	-0.10E+04
1.589	0.237000	-0.10E+04
1.592	0.237667	-0.10E+04
1.595	0.238000	-0.10E+04
1.598	0.238000	-0.10E+04
1.601	0.238333	-0.10E+04
1.604	0.239000	-0.10E+04
1.607	0.239000	-0.10E+04
1.61	0.239000	-0.10E+04
1.613	0.239000	-0.10E+04
1.616	0.239000	-0.10E+04
1.619	0.239000	-0.10E+04
1.622	0.239667	-0.10E+04
1.625	0.240000	-0.10E+04
1.628	0.240000	-0.10E+04
1.631	0.240000	-0.10E+04
1.634	0.240000	-0.10E+04
1.637	0.240667	-0.10E+04
1.64	0.241000	-0.10E+04
1.643	0.241000	-0.10E+04
1.646	0.241000	-0.10E+04
1.649	0.241000	-0.10E+04
1.652	0.241000	-0.10E+04
1.655	0.241000	-0.10E+04
1.658	0.242000	-0.10E+04
1.661	0.242000	-0.10E+04
1.664	0.242000	-0.10E+04
1.667	0.242000	-0.10E+04
1.67	0.242000	-0.10E+04
1.673	0.242000	-0.10E+04
1.676	0.242333	-0.10E+04
1.679	0.243000	-0.10E+04
1.682	0.243667	-0.10E+04
1.685	0.244000	-0.10E+04
1.688	0.244000	-0.10E+04
1.691	0.244000	-0.10E+04
1.694	0.244000	-0.10E+04
1.697	0.244000	-0.10E+04
1.7	0.244000	-0.10E+04
1.703	0.244000	-0.10E+04
1.706	0.244333	-0.10E+04
1.709	0.245000	-0.10E+04
1.712	0.245000	-0.10E+04
1.715	0.245000	-0.10E+04
1.718	0.245000	-0.10E+04
1.721	0.245000	-0.10E+04
1.724	0.245000	-0.10E+04
1.727	0.245000	-0.10E+04
1.73	0.245000	-0.10E+04
1.733	0.246000	-0.10E+04
1.736	0.246000	-0.10E+04
1.739	0.246000	-0.10E+04
1.742	0.246000	-0.10E+04
1.745	0.246000	-0.10E+04
1.748	0.247000	-0.10E+04
1.751	0.247000	-0.10E+04
1.754	0.247000	-0.10E+04
1.757	0.247000	-0.10E+04
1.76	0.247000	-0.10E+04
1.763	0.247000	-0.10E+04
1.766	0.247333	-0.10E+04
1.769	0.248000	-0.10E+04
1.772	0.248000	-0.10E+04
1.775	0.248000	-0.10E+04
1.778	0.248000	-0.10E+04
1.781	0.248000	-0.10E+04
1.784	0.248000	-0.10E+04
1.787	0.248000	-0.10E+04
1.79	0.248000	-0.10E+04
1.793	0.249000	-0.10E+04
1.796	0.249000	-0.10E+04
1.799	0.249000	-0.10E+04
1.802	0.249000	-0.10E+04
1.805	0.249000	-0.10E+04
1.808	0.249000	-0.10E+04
1.811	0.249000	-0.10E+04
1.814	0.249000	-0.10E+04
1.817	0.250333	-0.10E+04
1.82	0.251000	-0.10E+04
1.823	0.251000	-0.10E+04
1.826	0.251000	-0.10E+04
1.829	0.251000	-0.10E+04
1.832	0.251000	-0.10E+04
1.835	0.251000	-0.10E+04
1.838	0.251000	-0.10E+04
1.841	0.251333	-0.10E+04
1.844	0.252000	-0.10E+04
1.847	0.252000	-0.10E+04
1.85	0.252000	-0.10E+04
1.853	0.252000	-0.10E+04
1.856	0.252333	-0.10E+04
1.859	0.253000	-0.10E+04
1.862	0.253000	-0.10E+04
1.865	0.253000	-0.10E+04
1.868	0.254000	-0.10E+04
1.871	0.254000	-0.10E+04
1.874	0.254000	-0.10E+04
1.877	0.254667	-0.10E+04
1.88	0.255000	-0.10E+04
1.883	0.256000	-0.10E+04
1.886	0.256000	-0.10E+04
1.889	0.256000	-0.10E+04
1.892	0.256000	-0.10E+04
1.895	0.256000	-0.10E+04
1.898	0.257000	-0.10E+04
1.901	0.257000	-0.10E+04
1.904	0.257000	-0.10E+04
1.907	0.257667	-0.10E+04
1.91	0.258000	-0.10E+04
1.913	0.258000	-0.10E+04
1.916	0.258000	-0.10E+04
1.919	0.258000	-0.10E+04
1.922	0.258000	-0.10E+04
1.925	0.258000	-0.10E+04
1.928	0.258000	-0.10E+04
1.931	0.258000	-0.10E+04
1.934	0.258000	-0.10E+04
1.937	0.258000	-0.10E+04
1.94	0.258000	-0.10E+04
1.943	0.259000	-0.10E+04
1.946	0.259000	-0.10E+04
1.949	0.259000	-0.10E+04
1.952	0.259000	-0.10E+04
1.955	0.259000	-0.10E+04
1.958	0.260000	-0.10E+04
1.961	0.260000	-0.10E+04
1.964	0.260000	-0.10E+04
1.967	0.260000	-0.10E+04
1.97	0.260000	-0.10E+04
1.973	0.261000	-0.10E+04
1.976	0.261000	-0.10E+04
1.979	0.261000	-0.10E+04
1.982	0.261667	-0.10E+04
1.985	0.262000	-0.10E+04
1.988	0.262000	-0.10E+04
1.991	0.262333	-0.10E+04
1.994	0.263000	-0.10E+04
1.997	0.263667	-0.10E+04
2	0.264000	-0.10E+04
2.003	0.265000	-0.10E+04
2.006	0.265000	-0.10E+04
2.009	0.265000	-0.10E+04
2.012	0.265000	-0.10E+04
2.015	0.265000	-0.10E+04
2.018	0.265000	-0.10E+04
2.021	0.265333	-0.10E+04
2.024	0.266000	-0.10E+04
2.027	0.266000	-0.10E+04
2.03	0.266000	-0.10E+04
2.033	0.266000	-0.10E+04
2.036	0.266000	-0.10E+04
2.039	0.266000	-0.10E+04
2.042	0.266667	-0.10E+04
2.045	0.267000	-0.10E+04
2.048	0.267000	-0.10E+04
2.051	0.267000	-0.10E+04
2.054	0.267000	-0.10E+04
2.057	0.267667	-0.10E+04
2.06	0.268000	-0.10E+04
2.063	0.268000	-0.10E+04
2.066	0.268333	-0.10E+04
2.069	0.269000	-0.10E+04
2.072	0.269667	-0.10E+04
2.075	0.270000	-0.10E+04
2.078	0.270000	-0.10E+04
2.081	0.270000	-0.10E+04
2.084	0.270000	-0.10E+04
2.087	0.270667	-0.10E+04
2.09	0.271000	-0.10E+04
2.093	0.273000	-0.10E+04
2.096	0.273000	-0.10E+04
2.099	0.273000	-0.10E+04
2.102	0.273667	-0.10E+04
2.105	0.274000	-0.10E+04
2.108	0.274000	-0.10E+04
2.111	0.274000	-0.10E+04
2.114	0.274000	-0.10E+04
2.117	0.274667	-0.10E+04
2.12	0.275000	-0.10E+04
2.123	0.275000	-0.10E+04
2.126	0.275000	-0.10E+04
2.129	0.275000	-0.10E+04
2.132	0.275000	-0.10E+04
2.135	0.275000	-0.10E+04
2.138	0.276000	-0.10E+04
2.141	0.276000	-0.10E+04
2.144	0.276000	-0.10E+04
2.147	0.276667	-0.10E+04
2.15	0.277000	-0.10E+04
2.153	0.278000	-0.10E+04
2.156	0.278000	-0.10E+04
2.159	0.278000	-0.10E+04
2.162	0.278667	-0.10E+04
2.165	0.279000	-0.10E+04
2.168	0.281000	-0.10E+04
2.171	0.281000	-0.10E+04
2.174	0.281000	-0.10E+04
2.177	0.281667	-0.10E+04
2.18	0.282000	-0.10E+04
2.183	0.282000	-0.10E+04
2.186	0.282000	-0.10E+04
2.189	0.282000	-0.10E+04
2.192	0.282000	-0.10E+04
2.195	0.282000	-0.10E+04
2.198	0.283000	-0.10E+04
2.201	0.283000	-0.10E+04
2.204	0.283000	-0.10E+04
2.207	0.283000	-0.10E+04
2.21	0.283000	-0.10E+04
2.213	0.283000	-0.10E+04
2.216	0.283333	-0.10E+04
2.219	0.284000	-0.10E+04
2.222	0.284000	-0.10E+04
2.225	0.284000	-0.10E+04
2.228	0.284000	-0.10E+04
2.231	0.284000	-0.10E+04
2.234	0.284000	-0.10E+04
2.237	0.285333	-0.10E+04
2.24	0.286000	-0.10E+04
2.243	0.287000	-0.10E+04
2.246	0.287000	-0.10E+04
2.249	0.287000	-0.10E+04
2.252	0.288333	-0.10E+04
2.255	0.289000	-0.10E+04
2.258	0.290000	-0.10E+04
2.261	0.290333	-0.10E+04
2.264	0.291000	-0.10E+04
2.267	0.291000	-0.10E+04
2.27	0.291000	-0.10E+04
2.273	0.292000	-0.10E+04
2.276	0.292000	-0.10E+04
2.279	0.292000	-0.10E+04
2.282	0.292000	-0.10E+04
2.285	0.292000	-0.10E+04
2.288	0.292000	-0.10E+04
2.291	0.292333	-0.10E+04
2.294	0.293000	-0.10E+04
2.297	0.293667	-0.10E+04
2.3	0.294000	-0.10E+04
2.303	0.295000	-0.10E+04
2.306	0.295000	-0.10E+04
2.309	0.295000	-0.10E+04
2.312	0.295667	-0.10E+04
2.315	0.296000	-0.10E+04
2.318	0.297000	-0.10E+04
2.321	0.297667	-0.10E+04
2.324	0.299000	-0.10E+04
2.327	0.299000	-0.10E+04
2.33	0.299000	-0.10E+04
2.333	0.300000	-0.10E+04
2.336	0.300000	-0.10E+04
2.339	0.300000	-0.10E+04
2.342	0.300000	-0.10E+04
2.345	0.300000	-0.10E+04
2.348	0.301000	-0.10E+04
2.351	0.301000	-0.10E+04
2.354	0.301000	-0.10E+04
2.357	0.301000	-0.10E+04
2.36	0.301000	-0.10E+04
2.363	0.302000	-0.10E+04
2.366	0.302000	-0.10E+04
2.369	0.302000	-0.10E+04
2.372	0.302667	-0.10E+04
2.375	0.303000	-0.10E+04
2.378	0.303000	-0.10E+04
2.381	0.303333	-0.10E+04
2.384	0.304000	-0.10E+04
2.387	0.304000	-0.10E+04
2.39	0.304000	-0.10E+04
2.393	0.305000	-0.10E+04
2.396	0.305333	-0.10E+04
2.399	0.306000	-0.10E+04
2.402	0.306667	-0.10E+04
2.405	0.307000	-0.10E+04
2.408	0.308000	-0.10E+04
2.411	0.308000	-0.10E+04
2.414	0.308000	-0.10E+04
2.417	0.308667	-0.10E+04
2.42	0.309000	-0.10E+04
2.423	0.309000	-0.10E+04
2.426	0.309000	-0.10E+04
2.429	0.309000	-0.10E+04
2.432	0.309667	-0.10E+04
2.435	0.310000	-0.10E+04
2.438	0.310000	-0.10E+04
2.441	0.310000	-0.10E+04
2.444	0.310000	-0.10E+04
2.447	0.310667	-0.10E+04
2.45	0.311000	-0.10E+04
2.453	0.311000	-0.10E+04
2.456	0.311667	-0.10E+04
2.459	0.313000	-0.10E+04
2.462	0.313000	-0.10E+04
2.465	0.313000	-0.10E+04
2.468	0.313000	-0.10E+04
2.471	0.313000	-0.10E+04
2.474	0.313000	-0.10E+04
2.477	0.313000	-0.10E+04
2.48	0.313000	-0.10E+04
2.483	0.313000	-0.10E+04
2.486	0.313000	-0.10E+04
2.489	0.313000	-0.10E+04
2.492	0.313000	-0.10E+04
2.495	0.313000	-0.10E+04
2.498	0.313000	-0.10E+04
