Brown University Keck/NASA Relab Spectrum LS-JBA-229-M/wls199
Wavelength(micron)	Reflectance	Standard Deviation
0.35	0.049000	-0.10E+04
0.353	0.050000	-0.10E+04
0.356	0.050000	-0.10E+04
0.359	0.050000	-0.10E+04
0.362	0.050000	-0.10E+04
0.365	0.050000	-0.10E+04
0.368	0.051000	-0.10E+04
0.371	0.051667	-0.10E+04
0.374	0.053000	-0.10E+04
0.377	0.053000	-0.10E+04
0.38	0.053000	-0.10E+04
0.383	0.053000	-0.10E+04
0.386	0.053000	-0.10E+04
0.389	0.053000	-0.10E+04
0.392	0.053667	-0.10E+04
0.395	0.054000	-0.10E+04
0.398	0.055000	-0.10E+04
0.401	0.055333	-0.10E+04
0.404	0.056000	-0.10E+04
0.407	0.056000	-0.10E+04
0.41	0.056000	-0.10E+04
0.413	0.057000	-0.10E+04
0.416	0.057333	-0.10E+04
0.419	0.058000	-0.10E+04
0.422	0.058000	-0.10E+04
0.425	0.058000	-0.10E+04
0.428	0.059000	-0.10E+04
0.431	0.059000	-0.10E+04
0.434	0.059000	-0.10E+04
0.437	0.059667	-0.10E+04
0.44	0.060000	-0.10E+04
0.443	0.060000	-0.10E+04
0.446	0.060000	-0.10E+04
0.449	0.060000	-0.10E+04
0.452	0.061333	-0.10E+04
0.455	0.062000	-0.10E+04
0.458	0.062000	-0.10E+04
0.461	0.062000	-0.10E+04
0.464	0.062000	-0.10E+04
0.467	0.062000	-0.10E+04
0.47	0.062000	-0.10E+04
0.473	0.063000	-0.10E+04
0.476	0.063333	-0.10E+04
0.479	0.064000	-0.10E+04
0.482	0.064000	-0.10E+04
0.485	0.064000	-0.10E+04
0.488	0.063000	-0.10E+04
0.491	0.063667	-0.10E+04
0.494	0.065000	-0.10E+04
0.497	0.065000	-0.10E+04
0.5	0.065000	-0.10E+04
0.503	0.066000	-0.10E+04
0.506	0.066333	-0.10E+04
0.509	0.067000	-0.10E+04
0.512	0.067000	-0.10E+04
0.515	0.067000	-0.10E+04
0.518	0.068000	-0.10E+04
0.521	0.068000	-0.10E+04
0.524	0.068000	-0.10E+04
0.527	0.068667	-0.10E+04
0.53	0.069000	-0.10E+04
0.533	0.070000	-0.10E+04
0.536	0.070333	-0.10E+04
0.539	0.071000	-0.10E+04
0.542	0.071000	-0.10E+04
0.545	0.071000	-0.10E+04
0.548	0.071000	-0.10E+04
0.551	0.071333	-0.10E+04
0.554	0.072000	-0.10E+04
0.557	0.072667	-0.10E+04
0.56	0.073000	-0.10E+04
0.563	0.073000	-0.10E+04
0.566	0.073333	-0.10E+04
0.569	0.074000	-0.10E+04
0.572	0.074667	-0.10E+04
0.575	0.075000	-0.10E+04
0.578	0.075000	-0.10E+04
0.581	0.075333	-0.10E+04
0.584	0.076000	-0.10E+04
0.587	0.076667	-0.10E+04
0.59	0.077000	-0.10E+04
0.593	0.077000	-0.10E+04
0.596	0.077000	-0.10E+04
0.599	0.077000	-0.10E+04
0.602	0.077000	-0.10E+04
0.605	0.077000	-0.10E+04
0.608	0.077000	-0.10E+04
0.611	0.077362	-0.10E+04
0.614	0.078084	-0.10E+04
0.617	0.078084	-0.10E+04
0.62	0.078084	-0.10E+04
0.623	0.079169	-0.10E+04
0.626	0.079531	-0.10E+04
0.629	0.080254	-0.10E+04
0.632	0.080254	-0.10E+04
0.635	0.080254	-0.10E+04
0.638	0.081338	-0.10E+04
0.641	0.081700	-0.10E+04
0.644	0.082423	-0.10E+04
0.647	0.082423	-0.10E+04
0.65	0.082423	-0.10E+04
0.653	0.083507	-0.10E+04
0.656	0.083507	-0.10E+04
0.659	0.083507	-0.10E+04
0.662	0.083507	-0.10E+04
0.665	0.083507	-0.10E+04
0.668	0.083507	-0.10E+04
0.671	0.084230	-0.10E+04
0.674	0.085676	-0.10E+04
0.677	0.085676	-0.10E+04
0.68	0.085676	-0.10E+04
0.683	0.085676	-0.10E+04
0.686	0.086038	-0.10E+04
0.689	0.086761	-0.10E+04
0.692	0.086761	-0.10E+04
0.695	0.086761	-0.10E+04
0.698	0.087845	-0.10E+04
0.701	0.087845	-0.10E+04
0.704	0.087845	-0.10E+04
0.707	0.088568	-0.10E+04
0.71	0.088930	-0.10E+04
0.713	0.090014	-0.10E+04
0.716	0.090376	-0.10E+04
0.719	0.091099	-0.10E+04
0.722	0.091099	-0.10E+04
0.725	0.091099	-0.10E+04
0.728	0.092183	-0.10E+04
0.731	0.092183	-0.10E+04
0.734	0.092183	-0.10E+04
0.737	0.092183	-0.10E+04
0.74	0.092183	-0.10E+04
0.743	0.092183	-0.10E+04
0.746	0.092545	-0.10E+04
0.749	0.093268	-0.10E+04
0.752	0.093991	-0.10E+04
0.755	0.094352	-0.10E+04
0.758	0.094352	-0.10E+04
0.761	0.094352	-0.10E+04
0.764	0.094352	-0.10E+04
0.767	0.094352	-0.10E+04
0.77	0.094352	-0.10E+04
0.773	0.095437	-0.10E+04
0.776	0.095437	-0.10E+04
0.779	0.095437	-0.10E+04
0.782	0.095437	-0.10E+04
0.785	0.095437	-0.10E+04
0.788	0.095437	-0.10E+04
0.791	0.095437	-0.10E+04
0.794	0.095437	-0.10E+04
0.797	0.095437	-0.10E+04
0.8	0.095437	-0.10E+04
0.803	0.095437	-0.10E+04
0.806	0.095437	-0.10E+04
0.809	0.095437	-0.10E+04
0.812	0.095437	-0.10E+04
0.815	0.095437	-0.10E+04
0.818	0.095437	-0.10E+04
0.821	0.095437	-0.10E+04
0.824	0.095437	-0.10E+04
0.827	0.095437	-0.10E+04
0.83	0.095437	-0.10E+04
0.833	0.095437	-0.10E+04
0.836	0.095798	-0.10E+04
0.839	0.096521	-0.10E+04
0.842	0.096521	-0.10E+04
0.845	0.096521	-0.10E+04
0.848	0.096521	-0.10E+04
0.851	0.096883	-0.10E+04
0.854	0.097606	-0.10E+04
0.857	0.097606	-0.10E+04
0.86	0.097606	-0.10E+04
0.863	0.097606	-0.10E+04
0.866	0.097244	-0.10E+04
0.869	0.096521	-0.10E+04
0.872	0.096521	-0.10E+04
0.875	0.096521	-0.10E+04
0.878	0.098690	-0.10E+04
0.881	0.098690	-0.10E+04
0.884	0.098690	-0.10E+04
0.887	0.098690	-0.10E+04
0.89	0.098690	-0.10E+04
0.893	0.099775	-0.10E+04
0.896	0.099775	-0.10E+04
0.899	0.099775	-0.10E+04
0.902	0.099775	-0.10E+04
0.905	0.099775	-0.10E+04
0.908	0.099775	-0.10E+04
0.911	0.099775	-0.10E+04
0.914	0.099775	-0.10E+04
0.917	0.100498	-0.10E+04
0.92	0.100859	-0.10E+04
0.923	0.100859	-0.10E+04
0.926	0.100859	-0.10E+04
0.929	0.100859	-0.10E+04
0.932	0.100859	-0.10E+04
0.935	0.100859	-0.10E+04
0.938	0.101944	-0.10E+04
0.941	0.101944	-0.10E+04
0.944	0.101944	-0.10E+04
0.947	0.101944	-0.10E+04
0.95	0.101944	-0.10E+04
0.953	0.103028	-0.10E+04
0.956	0.103028	-0.10E+04
0.959	0.103028	-0.10E+04
0.962	0.103751	-0.10E+04
0.965	0.104113	-0.10E+04
0.968	0.105197	-0.10E+04
0.971	0.105197	-0.10E+04
0.974	0.105197	-0.10E+04
0.977	0.105197	-0.10E+04
0.98	0.105197	-0.10E+04
0.983	0.105197	-0.10E+04
0.986	0.105920	-0.10E+04
0.989	0.107366	-0.10E+04
0.992	0.108089	-0.10E+04
0.995	0.108451	-0.10E+04
0.998	0.108451	-0.10E+04
1.001	0.108812	-0.10E+04
1.004	0.109535	-0.10E+04
1.007	0.110258	-0.10E+04
1.01	0.110620	-0.10E+04
1.013	0.110620	-0.10E+04
1.016	0.110981	-0.10E+04
1.019	0.111704	-0.10E+04
1.022	0.111704	-0.10E+04
1.025	0.111704	-0.10E+04
1.028	0.111704	-0.10E+04
1.031	0.112066	-0.10E+04
1.034	0.112789	-0.10E+04
1.037	0.113512	-0.10E+04
1.04	0.113873	-0.10E+04
1.043	0.113873	-0.10E+04
1.046	0.113873	-0.10E+04
1.049	0.113873	-0.10E+04
1.052	0.114596	-0.10E+04
1.055	0.114958	-0.10E+04
1.058	0.114958	-0.10E+04
1.061	0.115681	-0.10E+04
1.064	0.117127	-0.10E+04
1.067	0.117127	-0.10E+04
1.07	0.117127	-0.10E+04
1.073	0.117127	-0.10E+04
1.076	0.117488	-0.10E+04
1.079	0.118211	-0.10E+04
1.082	0.118934	-0.10E+04
1.085	0.119296	-0.10E+04
1.088	0.120380	-0.10E+04
1.091	0.120380	-0.10E+04
1.094	0.120380	-0.10E+04
1.097	0.121103	-0.10E+04
1.1	0.121465	-0.10E+04
1.103	0.121465	-0.10E+04
1.106	0.121826	-0.10E+04
1.109	0.122549	-0.10E+04
1.112	0.122549	-0.10E+04
1.115	0.122549	-0.10E+04
1.118	0.123634	-0.10E+04
1.121	0.123634	-0.10E+04
1.124	0.123634	-0.10E+04
1.127	0.123634	-0.10E+04
1.13	0.123634	-0.10E+04
1.133	0.124718	-0.10E+04
1.136	0.124718	-0.10E+04
1.139	0.124718	-0.10E+04
1.142	0.124718	-0.10E+04
1.145	0.124718	-0.10E+04
1.148	0.126887	-0.10E+04
1.151	0.126887	-0.10E+04
1.154	0.126887	-0.10E+04
1.157	0.127610	-0.10E+04
1.16	0.127972	-0.10E+04
1.163	0.127972	-0.10E+04
1.166	0.127972	-0.10E+04
1.169	0.127972	-0.10E+04
1.172	0.128695	-0.10E+04
1.175	0.129056	-0.10E+04
1.178	0.130141	-0.10E+04
1.181	0.130141	-0.10E+04
1.184	0.130141	-0.10E+04
1.187	0.130141	-0.10E+04
1.19	0.130141	-0.10E+04
1.193	0.130141	-0.10E+04
1.196	0.130502	-0.10E+04
1.199	0.131225	-0.10E+04
1.202	0.131948	-0.10E+04
1.205	0.132310	-0.10E+04
1.208	0.132310	-0.10E+04
1.211	0.132310	-0.10E+04
1.214	0.132310	-0.10E+04
1.217	0.133033	-0.10E+04
1.22	0.133394	-0.10E+04
1.223	0.133394	-0.10E+04
1.226	0.133394	-0.10E+04
1.229	0.133394	-0.10E+04
1.232	0.133394	-0.10E+04
1.235	0.133394	-0.10E+04
1.238	0.133394	-0.10E+04
1.241	0.134117	-0.10E+04
1.244	0.135563	-0.10E+04
1.247	0.135563	-0.10E+04
1.25	0.135563	-0.10E+04
1.253	0.135563	-0.10E+04
1.256	0.135563	-0.10E+04
1.259	0.135563	-0.10E+04
1.262	0.136286	-0.10E+04
1.265	0.136648	-0.10E+04
1.268	0.137732	-0.10E+04
1.271	0.137732	-0.10E+04
1.274	0.137732	-0.10E+04
1.277	0.137732	-0.10E+04
1.28	0.137732	-0.10E+04
1.283	0.138817	-0.10E+04
1.286	0.138817	-0.10E+04
1.289	0.138817	-0.10E+04
1.292	0.139540	-0.10E+04
1.295	0.139901	-0.10E+04
1.298	0.140986	-0.10E+04
1.301	0.141347	-0.10E+04
1.304	0.142070	-0.10E+04
1.307	0.142070	-0.10E+04
1.31	0.142070	-0.10E+04
1.313	0.142070	-0.10E+04
1.316	0.142070	-0.10E+04
1.319	0.142070	-0.10E+04
1.322	0.142070	-0.10E+04
1.325	0.142070	-0.10E+04
1.328	0.143155	-0.10E+04
1.331	0.143155	-0.10E+04
1.334	0.143155	-0.10E+04
1.337	0.143155	-0.10E+04
1.34	0.143155	-0.10E+04
1.343	0.143155	-0.10E+04
1.346	0.143155	-0.10E+04
1.349	0.143155	-0.10E+04
1.352	0.143155	-0.10E+04
1.355	0.143155	-0.10E+04
1.358	0.143155	-0.10E+04
1.361	0.143516	-0.10E+04
1.364	0.144239	-0.10E+04
1.367	0.144239	-0.10E+04
1.37	0.144239	-0.10E+04
1.373	0.145324	-0.10E+04
1.376	0.145685	-0.10E+04
1.379	0.146408	-0.10E+04
1.382	0.147131	-0.10E+04
1.385	0.147493	-0.10E+04
1.388	0.147493	-0.10E+04
1.391	0.147854	-0.10E+04
1.394	0.148577	-0.10E+04
1.397	0.149300	-0.10E+04
1.4	0.149662	-0.10E+04
1.403	0.149662	-0.10E+04
1.406	0.149662	-0.10E+04
1.409	0.149662	-0.10E+04
1.412	0.150385	-0.10E+04
1.415	0.150746	-0.10E+04
1.418	0.151831	-0.10E+04
1.421	0.151831	-0.10E+04
1.424	0.151831	-0.10E+04
1.427	0.151831	-0.10E+04
1.43	0.151831	-0.10E+04
1.433	0.151831	-0.10E+04
1.436	0.151831	-0.10E+04
1.439	0.151831	-0.10E+04
1.442	0.152554	-0.10E+04
1.445	0.152915	-0.10E+04
1.448	0.152915	-0.10E+04
1.451	0.152915	-0.10E+04
1.454	0.152915	-0.10E+04
1.457	0.152915	-0.10E+04
1.46	0.152915	-0.10E+04
1.463	0.154000	-0.10E+04
1.466	0.154000	-0.10E+04
1.469	0.154000	-0.10E+04
1.472	0.154000	-0.10E+04
1.475	0.154000	-0.10E+04
1.478	0.155085	-0.10E+04
1.481	0.155446	-0.10E+04
1.484	0.156169	-0.10E+04
1.487	0.156169	-0.10E+04
1.49	0.156169	-0.10E+04
1.493	0.156169	-0.10E+04
1.496	0.156169	-0.10E+04
1.499	0.156169	-0.10E+04
1.502	0.156892	-0.10E+04
1.505	0.157254	-0.10E+04
1.508	0.157254	-0.10E+04
1.511	0.157615	-0.10E+04
1.514	0.158338	-0.10E+04
1.517	0.158338	-0.10E+04
1.52	0.158338	-0.10E+04
1.523	0.159423	-0.10E+04
1.526	0.159423	-0.10E+04
1.529	0.159423	-0.10E+04
1.532	0.159423	-0.10E+04
1.535	0.159423	-0.10E+04
1.538	0.159423	-0.10E+04
1.541	0.159423	-0.10E+04
1.544	0.159423	-0.10E+04
1.547	0.160146	-0.10E+04
1.55	0.160507	-0.10E+04
1.553	0.160507	-0.10E+04
1.556	0.160507	-0.10E+04
1.559	0.160507	-0.10E+04
1.562	0.160507	-0.10E+04
1.565	0.160507	-0.10E+04
1.568	0.160507	-0.10E+04
1.571	0.160869	-0.10E+04
1.574	0.161592	-0.10E+04
1.577	0.161592	-0.10E+04
1.58	0.161592	-0.10E+04
1.583	0.161592	-0.10E+04
1.586	0.161953	-0.10E+04
1.589	0.162676	-0.10E+04
1.592	0.162676	-0.10E+04
1.595	0.162676	-0.10E+04
1.598	0.162676	-0.10E+04
1.601	0.163038	-0.10E+04
1.604	0.163761	-0.10E+04
1.607	0.163761	-0.10E+04
1.61	0.163761	-0.10E+04
1.613	0.164845	-0.10E+04
1.616	0.164845	-0.10E+04
1.619	0.164845	-0.10E+04
1.622	0.164845	-0.10E+04
1.625	0.164845	-0.10E+04
1.628	0.164845	-0.10E+04
1.631	0.165207	-0.10E+04
1.634	0.165930	-0.10E+04
1.637	0.165930	-0.10E+04
1.64	0.165930	-0.10E+04
1.643	0.165930	-0.10E+04
1.646	0.165930	-0.10E+04
1.649	0.165930	-0.10E+04
1.652	0.165930	-0.10E+04
1.655	0.165930	-0.10E+04
1.658	0.167014	-0.10E+04
1.661	0.167014	-0.10E+04
1.664	0.167014	-0.10E+04
1.667	0.167014	-0.10E+04
1.67	0.167014	-0.10E+04
1.673	0.168099	-0.10E+04
1.676	0.168099	-0.10E+04
1.679	0.168099	-0.10E+04
1.682	0.168099	-0.10E+04
1.685	0.168099	-0.10E+04
1.688	0.169183	-0.10E+04
1.691	0.169183	-0.10E+04
1.694	0.169183	-0.10E+04
1.697	0.169183	-0.10E+04
1.7	0.169183	-0.10E+04
1.703	0.170268	-0.10E+04
1.706	0.170268	-0.10E+04
1.709	0.170268	-0.10E+04
1.712	0.170268	-0.10E+04
1.715	0.170268	-0.10E+04
1.718	0.170268	-0.10E+04
1.721	0.170268	-0.10E+04
1.724	0.170268	-0.10E+04
1.727	0.170991	-0.10E+04
1.73	0.171352	-0.10E+04
1.733	0.171352	-0.10E+04
1.736	0.171714	-0.10E+04
1.739	0.172437	-0.10E+04
1.742	0.172437	-0.10E+04
1.745	0.172437	-0.10E+04
1.748	0.172437	-0.10E+04
1.751	0.172798	-0.10E+04
1.754	0.173521	-0.10E+04
1.757	0.173521	-0.10E+04
1.76	0.173521	-0.10E+04
1.763	0.173521	-0.10E+04
1.766	0.173521	-0.10E+04
1.769	0.173521	-0.10E+04
1.772	0.173521	-0.10E+04
1.775	0.173521	-0.10E+04
1.778	0.174606	-0.10E+04
1.781	0.174606	-0.10E+04
1.784	0.174606	-0.10E+04
1.787	0.174606	-0.10E+04
1.79	0.174606	-0.10E+04
1.793	0.175690	-0.10E+04
1.796	0.175690	-0.10E+04
1.799	0.175690	-0.10E+04
1.802	0.175690	-0.10E+04
1.805	0.175690	-0.10E+04
1.808	0.175690	-0.10E+04
1.811	0.176052	-0.10E+04
1.814	0.176775	-0.10E+04
1.817	0.176775	-0.10E+04
1.82	0.176775	-0.10E+04
1.823	0.177859	-0.10E+04
1.826	0.177859	-0.10E+04
1.829	0.177859	-0.10E+04
1.832	0.177859	-0.10E+04
1.835	0.177859	-0.10E+04
1.838	0.177859	-0.10E+04
1.841	0.177859	-0.10E+04
1.844	0.177859	-0.10E+04
1.847	0.178582	-0.10E+04
1.85	0.178944	-0.10E+04
1.853	0.178944	-0.10E+04
1.856	0.178944	-0.10E+04
1.859	0.178944	-0.10E+04
1.862	0.178944	-0.10E+04
1.865	0.178944	-0.10E+04
1.868	0.180028	-0.10E+04
1.871	0.180028	-0.10E+04
1.874	0.180028	-0.10E+04
1.877	0.180751	-0.10E+04
1.88	0.181113	-0.10E+04
1.883	0.181113	-0.10E+04
1.886	0.181113	-0.10E+04
1.889	0.181113	-0.10E+04
1.892	0.181836	-0.10E+04
1.895	0.182197	-0.10E+04
1.898	0.182197	-0.10E+04
1.901	0.182559	-0.10E+04
1.904	0.183282	-0.10E+04
1.907	0.183282	-0.10E+04
1.91	0.183282	-0.10E+04
1.913	0.183282	-0.10E+04
1.916	0.183282	-0.10E+04
1.919	0.183282	-0.10E+04
1.922	0.183282	-0.10E+04
1.925	0.183282	-0.10E+04
1.928	0.184366	-0.10E+04
1.931	0.184366	-0.10E+04
1.934	0.184366	-0.10E+04
1.937	0.184366	-0.10E+04
1.94	0.184366	-0.10E+04
1.943	0.185451	-0.10E+04
1.946	0.185451	-0.10E+04
1.949	0.185451	-0.10E+04
1.952	0.185451	-0.10E+04
1.955	0.185451	-0.10E+04
1.958	0.185451	-0.10E+04
1.961	0.185451	-0.10E+04
1.964	0.185451	-0.10E+04
1.967	0.185451	-0.10E+04
1.97	0.185451	-0.10E+04
1.973	0.186535	-0.10E+04
1.976	0.186535	-0.10E+04
1.979	0.186535	-0.10E+04
1.982	0.186535	-0.10E+04
1.985	0.186535	-0.10E+04
1.988	0.186535	-0.10E+04
1.991	0.186897	-0.10E+04
1.994	0.187620	-0.10E+04
1.997	0.187620	-0.10E+04
2	0.187620	-0.10E+04
2.003	0.188704	-0.10E+04
2.006	0.188704	-0.10E+04
2.009	0.188704	-0.10E+04
2.012	0.188704	-0.10E+04
2.015	0.188704	-0.10E+04
2.018	0.188704	-0.10E+04
2.021	0.188704	-0.10E+04
2.024	0.188704	-0.10E+04
2.027	0.188704	-0.10E+04
2.03	0.188704	-0.10E+04
2.033	0.188704	-0.10E+04
2.036	0.189066	-0.10E+04
2.039	0.189789	-0.10E+04
2.042	0.191235	-0.10E+04
2.045	0.191958	-0.10E+04
2.048	0.191958	-0.10E+04
2.051	0.191958	-0.10E+04
2.054	0.191958	-0.10E+04
2.057	0.191958	-0.10E+04
2.06	0.191958	-0.10E+04
2.063	0.191958	-0.10E+04
2.066	0.192319	-0.10E+04
2.069	0.193042	-0.10E+04
2.072	0.193042	-0.10E+04
2.075	0.193042	-0.10E+04
2.078	0.194127	-0.10E+04
2.081	0.194127	-0.10E+04
2.084	0.194127	-0.10E+04
2.087	0.194127	-0.10E+04
2.09	0.194127	-0.10E+04
2.093	0.194127	-0.10E+04
2.096	0.194127	-0.10E+04
2.099	0.194127	-0.10E+04
2.102	0.194127	-0.10E+04
2.105	0.194127	-0.10E+04
2.108	0.194127	-0.10E+04
2.111	0.194127	-0.10E+04
2.114	0.194127	-0.10E+04
2.117	0.194850	-0.10E+04
2.12	0.195211	-0.10E+04
2.123	0.195211	-0.10E+04
2.126	0.195573	-0.10E+04
2.129	0.196296	-0.10E+04
2.132	0.196296	-0.10E+04
2.135	0.196296	-0.10E+04
2.138	0.196296	-0.10E+04
2.141	0.196657	-0.10E+04
2.144	0.197380	-0.10E+04
2.147	0.197380	-0.10E+04
2.15	0.197380	-0.10E+04
2.153	0.197380	-0.10E+04
2.156	0.197380	-0.10E+04
2.159	0.197380	-0.10E+04
2.162	0.198103	-0.10E+04
2.165	0.198465	-0.10E+04
2.168	0.198465	-0.10E+04
2.171	0.198826	-0.10E+04
2.174	0.199549	-0.10E+04
2.177	0.200272	-0.10E+04
2.18	0.200634	-0.10E+04
2.183	0.200634	-0.10E+04
2.186	0.200634	-0.10E+04
2.189	0.200634	-0.10E+04
2.192	0.201357	-0.10E+04
2.195	0.201718	-0.10E+04
2.198	0.201718	-0.10E+04
2.201	0.201718	-0.10E+04
2.204	0.201718	-0.10E+04
2.207	0.201718	-0.10E+04
2.21	0.201718	-0.10E+04
2.213	0.202803	-0.10E+04
2.216	0.202803	-0.10E+04
2.219	0.202803	-0.10E+04
2.222	0.202803	-0.10E+04
2.225	0.202803	-0.10E+04
2.228	0.203887	-0.10E+04
2.231	0.203887	-0.10E+04
2.234	0.203887	-0.10E+04
2.237	0.203887	-0.10E+04
2.24	0.203887	-0.10E+04
2.243	0.203887	-0.10E+04
2.246	0.203887	-0.10E+04
2.249	0.203887	-0.10E+04
2.252	0.204610	-0.10E+04
2.255	0.204972	-0.10E+04
2.258	0.206056	-0.10E+04
2.261	0.206056	-0.10E+04
2.264	0.206056	-0.10E+04
2.267	0.206779	-0.10E+04
2.27	0.207141	-0.10E+04
2.273	0.207141	-0.10E+04
2.276	0.207141	-0.10E+04
2.279	0.207141	-0.10E+04
2.282	0.207864	-0.10E+04
2.285	0.208225	-0.10E+04
2.288	0.209310	-0.10E+04
2.291	0.209310	-0.10E+04
2.294	0.209310	-0.10E+04
2.297	0.210033	-0.10E+04
2.3	0.210394	-0.10E+04
2.303	0.210394	-0.10E+04
2.306	0.210756	-0.10E+04
2.309	0.211479	-0.10E+04
2.312	0.211479	-0.10E+04
2.315	0.211479	-0.10E+04
2.318	0.211479	-0.10E+04
2.321	0.211840	-0.10E+04
2.324	0.212563	-0.10E+04
2.327	0.212563	-0.10E+04
2.33	0.212563	-0.10E+04
2.333	0.212563	-0.10E+04
2.336	0.212563	-0.10E+04
2.339	0.212563	-0.10E+04
2.342	0.212563	-0.10E+04
2.345	0.212563	-0.10E+04
2.348	0.213648	-0.10E+04
2.351	0.213648	-0.10E+04
2.354	0.213648	-0.10E+04
2.357	0.214371	-0.10E+04
2.36	0.214732	-0.10E+04
2.363	0.214732	-0.10E+04
2.366	0.214732	-0.10E+04
2.369	0.214732	-0.10E+04
2.372	0.214732	-0.10E+04
2.375	0.214732	-0.10E+04
2.378	0.215817	-0.10E+04
2.381	0.215817	-0.10E+04
2.384	0.215817	-0.10E+04
2.387	0.215817	-0.10E+04
2.39	0.215817	-0.10E+04
2.393	0.215817	-0.10E+04
2.396	0.216178	-0.10E+04
2.399	0.216901	-0.10E+04
2.402	0.217624	-0.10E+04
2.405	0.217986	-0.10E+04
2.408	0.219070	-0.10E+04
2.411	0.219070	-0.10E+04
2.414	0.219070	-0.10E+04
2.417	0.219793	-0.10E+04
2.42	0.220155	-0.10E+04
2.423	0.220155	-0.10E+04
2.426	0.220516	-0.10E+04
2.429	0.221239	-0.10E+04
2.432	0.221239	-0.10E+04
2.435	0.221239	-0.10E+04
2.438	0.221239	-0.10E+04
2.441	0.221239	-0.10E+04
2.444	0.221239	-0.10E+04
2.447	0.221962	-0.10E+04
2.45	0.222324	-0.10E+04
2.453	0.222324	-0.10E+04
2.456	0.222685	-0.10E+04
2.459	0.223408	-0.10E+04
2.462	0.223408	-0.10E+04
2.465	0.223408	-0.10E+04
2.468	0.223408	-0.10E+04
2.471	0.223770	-0.10E+04
2.474	0.224493	-0.10E+04
2.477	0.224493	-0.10E+04
2.48	0.224493	-0.10E+04
2.483	0.224493	-0.10E+04
2.486	0.224493	-0.10E+04
2.489	0.224493	-0.10E+04
2.492	0.225216	-0.10E+04
2.495	0.225577	-0.10E+04
2.498	0.226662	-0.10E+04
