Brown University Keck/NASA Relab Spectrum LS-JBA-232-N/wls176
Wavelength(micron)	Reflectance	Standard Deviation
0.35	0.122633	-0.10E+04
0.353	0.123033	-0.10E+04
0.356	0.123733	-0.10E+04
0.359	0.125333	-0.10E+04
0.362	0.125133	-0.10E+04
0.365	0.126167	-0.10E+04
0.368	0.125767	-0.10E+04
0.371	0.125400	-0.10E+04
0.374	0.125533	-0.10E+04
0.377	0.126200	-0.10E+04
0.38	0.127233	-0.10E+04
0.383	0.127467	-0.10E+04
0.386	0.127300	-0.10E+04
0.389	0.126867	-0.10E+04
0.392	0.127600	-0.10E+04
0.395	0.127967	-0.10E+04
0.398	0.127167	-0.10E+04
0.401	0.126100	-0.10E+04
0.404	0.125900	-0.10E+04
0.407	0.127767	-0.10E+04
0.41	0.128833	-0.10E+04
0.413	0.129000	-0.10E+04
0.416	0.128967	-0.10E+04
0.419	0.129233	-0.10E+04
0.422	0.130467	-0.10E+04
0.425	0.131133	-0.10E+04
0.428	0.131800	-0.10E+04
0.431	0.133033	-0.10E+04
0.434	0.132967	-0.10E+04
0.437	0.133900	-0.10E+04
0.44	0.133267	-0.10E+04
0.443	0.132933	-0.10E+04
0.446	0.134167	-0.10E+04
0.449	0.134600	-0.10E+04
0.452	0.134767	-0.10E+04
0.455	0.135667	-0.10E+04
0.458	0.136167	-0.10E+04
0.461	0.136333	-0.10E+04
0.464	0.136600	-0.10E+04
0.467	0.136900	-0.10E+04
0.47	0.137400	-0.10E+04
0.473	0.138500	-0.10E+04
0.476	0.138167	-0.10E+04
0.479	0.137900	-0.10E+04
0.482	0.138233	-0.10E+04
0.485	0.139267	-0.10E+04
0.488	0.140133	-0.10E+04
0.491	0.141167	-0.10E+04
0.494	0.142367	-0.10E+04
0.497	0.142300	-0.10E+04
0.5	0.142033	-0.10E+04
0.503	0.142867	-0.10E+04
0.506	0.143000	-0.10E+04
0.509	0.144700	-0.10E+04
0.512	0.144933	-0.10E+04
0.515	0.144633	-0.10E+04
0.518	0.145800	-0.10E+04
0.521	0.145967	-0.10E+04
0.524	0.145833	-0.10E+04
0.527	0.146600	-0.10E+04
0.53	0.146367	-0.10E+04
0.533	0.146633	-0.10E+04
0.536	0.146733	-0.10E+04
0.539	0.148300	-0.10E+04
0.542	0.148967	-0.10E+04
0.545	0.148267	-0.10E+04
0.548	0.148000	-0.10E+04
0.551	0.148567	-0.10E+04
0.554	0.148600	-0.10E+04
0.557	0.149100	-0.10E+04
0.56	0.149967	-0.10E+04
0.563	0.151767	-0.10E+04
0.566	0.153000	-0.10E+04
0.569	0.153600	-0.10E+04
0.572	0.154333	-0.10E+04
0.575	0.153033	-0.10E+04
0.578	0.152500	-0.10E+04
0.581	0.153467	-0.10E+04
0.584	0.153800	-0.10E+04
0.587	0.154433	-0.10E+04
0.59	0.155800	-0.10E+04
0.593	0.157433	-0.10E+04
0.596	0.157800	-0.10E+04
0.599	0.157967	-0.10E+04
0.602	0.157333	-0.10E+04
0.605	0.158100	-0.10E+04
0.608	0.158867	-0.10E+04
0.611	0.159633	-0.10E+04
0.614	0.159733	-0.10E+04
0.617	0.159633	-0.10E+04
0.62	0.158733	-0.10E+04
0.623	0.159933	-0.10E+04
0.626	0.161700	-0.10E+04
0.629	0.160500	-0.10E+04
0.632	0.160267	-0.10E+04
0.635	0.160667	-0.10E+04
0.638	0.162233	-0.10E+04
0.641	0.165167	-0.10E+04
0.644	0.165000	-0.10E+04
0.647	0.164600	-0.10E+04
0.65	0.164833	-0.10E+04
0.653	0.164767	-0.10E+04
0.656	0.166667	-0.10E+04
0.659	0.166233	-0.10E+04
0.662	0.168233	-0.10E+04
0.665	0.169167	-0.10E+04
0.668	0.168000	-0.10E+04
0.671	0.165400	-0.10E+04
0.674	0.165533	-0.10E+04
0.677	0.168700	-0.10E+04
0.68	0.170733	-0.10E+04
0.683	0.171300	-0.10E+04
0.686	0.169967	-0.10E+04
0.689	0.168167	-0.10E+04
0.692	0.168067	-0.10E+04
0.695	0.168467	-0.10E+04
0.698	0.168033	-0.10E+04
0.701	0.168967	-0.10E+04
0.704	0.169567	-0.10E+04
0.707	0.170967	-0.10E+04
0.71	0.173767	-0.10E+04
0.713	0.173000	-0.10E+04
0.716	0.173500	-0.10E+04
0.719	0.173533	-0.10E+04
0.722	0.172667	-0.10E+04
0.725	0.172400	-0.10E+04
0.728	0.172700	-0.10E+04
0.731	0.173367	-0.10E+04
0.734	0.174433	-0.10E+04
0.737	0.177833	-0.10E+04
0.74	0.178467	-0.10E+04
0.743	0.178300	-0.10E+04
0.746	0.178533	-0.10E+04
0.749	0.179433	-0.10E+04
0.752	0.179400	-0.10E+04
0.755	0.178400	-0.10E+04
0.758	0.177967	-0.10E+04
0.761	0.180100	-0.10E+04
0.764	0.179567	-0.10E+04
0.767	0.180500	-0.10E+04
0.77	0.181000	-0.10E+04
0.773	0.183867	-0.10E+04
0.776	0.185433	-0.10E+04
0.779	0.182733	-0.10E+04
0.782	0.179267	-0.10E+04
0.785	0.179667	-0.10E+04
0.788	0.179867	-0.10E+04
0.791	0.181300	-0.10E+04
0.794	0.182033	-0.10E+04
0.797	0.181600	-0.10E+04
0.8	0.183633	-0.10E+04
0.803	0.183067	-0.10E+04
0.806	0.183733	-0.10E+04
0.809	0.186900	-0.10E+04
0.812	0.188367	-0.10E+04
0.815	0.188633	-0.10E+04
0.818	0.186467	-0.10E+04
0.821	0.185600	-0.10E+04
0.824	0.185400	-0.10E+04
0.827	0.185700	-0.10E+04
0.83	0.187133	-0.10E+04
0.833	0.186200	-0.10E+04
0.836	0.186567	-0.10E+04
0.839	0.187933	-0.10E+04
0.842	0.189467	-0.10E+04
0.845	0.188033	-0.10E+04
0.848	0.190433	-0.10E+04
0.851	0.190100	-0.10E+04
0.854	0.188433	-0.10E+04
0.857	0.190500	-0.10E+04
0.86	0.190767	-0.10E+04
0.863	0.188333	-0.10E+04
0.866	0.187033	-0.10E+04
0.869	0.188233	-0.10E+04
0.872	0.189033	-0.10E+04
0.875	0.193100	-0.10E+04
0.878	0.194100	-0.10E+04
0.881	0.194133	-0.10E+04
0.884	0.194233	-0.10E+04
0.887	0.195567	-0.10E+04
0.89	0.194767	-0.10E+04
0.893	0.195667	-0.10E+04
0.896	0.194167	-0.10E+04
0.899	0.191400	-0.10E+04
0.902	0.191667	-0.10E+04
0.905	0.191333	-0.10E+04
0.908	0.193833	-0.10E+04
0.911	0.194467	-0.10E+04
0.914	0.193433	-0.10E+04
0.917	0.194167	-0.10E+04
0.92	0.194867	-0.10E+04
0.923	0.194333	-0.10E+04
0.926	0.194033	-0.10E+04
0.929	0.194700	-0.10E+04
0.932	0.197100	-0.10E+04
0.935	0.197833	-0.10E+04
0.938	0.197467	-0.10E+04
0.941	0.198033	-0.10E+04
0.944	0.198067	-0.10E+04
0.947	0.198533	-0.10E+04
0.95	0.199467	-0.10E+04
0.953	0.197400	-0.10E+04
0.956	0.194500	-0.10E+04
0.959	0.194467	-0.10E+04
0.962	0.193800	-0.10E+04
0.965	0.193800	-0.10E+04
0.968	0.195700	-0.10E+04
0.971	0.198833	-0.10E+04
0.974	0.199867	-0.10E+04
0.977	0.198967	-0.10E+04
0.98	0.197600	-0.10E+04
0.983	0.199133	-0.10E+04
0.986	0.201667	-0.10E+04
0.989	0.203600	-0.10E+04
0.992	0.202600	-0.10E+04
0.995	0.203600	-0.10E+04
0.998	0.201700	-0.10E+04
1.001	0.204033	-0.10E+04
1.004	0.204233	-0.10E+04
1.007	0.203133	-0.10E+04
1.01	0.202467	-0.10E+04
1.013	0.204867	-0.10E+04
1.016	0.206467	-0.10E+04
1.019	0.205600	-0.10E+04
1.022	0.203133	-0.10E+04
1.025	0.201267	-0.10E+04
1.028	0.203800	-0.10E+04
1.031	0.205500	-0.10E+04
1.034	0.206267	-0.10E+04
1.037	0.208400	-0.10E+04
1.04	0.207167	-0.10E+04
1.043	0.207933	-0.10E+04
1.046	0.206100	-0.10E+04
1.049	0.205300	-0.10E+04
1.052	0.204433	-0.10E+04
1.055	0.206667	-0.10E+04
1.058	0.209300	-0.10E+04
1.061	0.209333	-0.10E+04
1.064	0.211933	-0.10E+04
1.067	0.216233	-0.10E+04
1.07	0.217867	-0.10E+04
1.073	0.215367	-0.10E+04
1.076	0.215567	-0.10E+04
1.079	0.216500	-0.10E+04
1.082	0.213167	-0.10E+04
1.085	0.215233	-0.10E+04
1.088	0.214733	-0.10E+04
1.091	0.213133	-0.10E+04
1.094	0.213967	-0.10E+04
1.097	0.214633	-0.10E+04
1.1	0.215467	-0.10E+04
1.103	0.216667	-0.10E+04
1.106	0.218967	-0.10E+04
1.109	0.221100	-0.10E+04
1.112	0.219433	-0.10E+04
1.115	0.219367	-0.10E+04
1.118	0.219667	-0.10E+04
1.121	0.218267	-0.10E+04
1.124	0.221267	-0.10E+04
1.127	0.222367	-0.10E+04
1.13	0.223700	-0.10E+04
1.133	0.223133	-0.10E+04
1.136	0.223133	-0.10E+04
1.139	0.222800	-0.10E+04
1.142	0.223300	-0.10E+04
1.145	0.224733	-0.10E+04
1.148	0.225767	-0.10E+04
1.151	0.226300	-0.10E+04
1.154	0.226567	-0.10E+04
1.157	0.226167	-0.10E+04
1.16	0.225300	-0.10E+04
1.163	0.226067	-0.10E+04
1.166	0.227767	-0.10E+04
1.169	0.226700	-0.10E+04
1.172	0.227733	-0.10E+04
1.175	0.228500	-0.10E+04
1.178	0.228500	-0.10E+04
1.181	0.228500	-0.10E+04
1.184	0.228667	-0.10E+04
1.187	0.231333	-0.10E+04
1.19	0.230833	-0.10E+04
1.193	0.231933	-0.10E+04
1.196	0.231833	-0.10E+04
1.199	0.232533	-0.10E+04
1.202	0.231000	-0.10E+04
1.205	0.231467	-0.10E+04
1.208	0.232167	-0.10E+04
1.211	0.232733	-0.10E+04
1.214	0.234067	-0.10E+04
1.217	0.236833	-0.10E+04
1.22	0.236733	-0.10E+04
1.223	0.235333	-0.10E+04
1.226	0.236967	-0.10E+04
1.229	0.235433	-0.10E+04
1.232	0.233633	-0.10E+04
1.235	0.235433	-0.10E+04
1.238	0.236067	-0.10E+04
1.241	0.238000	-0.10E+04
1.244	0.237967	-0.10E+04
1.247	0.238300	-0.10E+04
1.25	0.238833	-0.10E+04
1.253	0.242500	-0.10E+04
1.256	0.244000	-0.10E+04
1.259	0.241600	-0.10E+04
1.262	0.239433	-0.10E+04
1.265	0.241567	-0.10E+04
1.268	0.241800	-0.10E+04
1.271	0.239333	-0.10E+04
1.274	0.238100	-0.10E+04
1.277	0.240000	-0.10E+04
1.28	0.240100	-0.10E+04
1.283	0.240967	-0.10E+04
1.286	0.241833	-0.10E+04
1.289	0.242867	-0.10E+04
1.292	0.242067	-0.10E+04
1.295	0.241300	-0.10E+04
1.298	0.241200	-0.10E+04
1.301	0.241500	-0.10E+04
1.304	0.242767	-0.10E+04
1.307	0.244167	-0.10E+04
1.31	0.243233	-0.10E+04
1.313	0.244400	-0.10E+04
1.316	0.245267	-0.10E+04
1.319	0.245667	-0.10E+04
1.322	0.245000	-0.10E+04
1.325	0.244567	-0.10E+04
1.328	0.246167	-0.10E+04
1.331	0.246633	-0.10E+04
1.334	0.245167	-0.10E+04
1.337	0.244233	-0.10E+04
1.34	0.245967	-0.10E+04
1.343	0.248433	-0.10E+04
1.346	0.250033	-0.10E+04
1.349	0.250333	-0.10E+04
1.352	0.249133	-0.10E+04
1.355	0.248567	-0.10E+04
1.358	0.248967	-0.10E+04
1.361	0.248767	-0.10E+04
1.364	0.248600	-0.10E+04
1.367	0.248200	-0.10E+04
1.37	0.248967	-0.10E+04
1.373	0.248133	-0.10E+04
1.376	0.250867	-0.10E+04
1.379	0.252567	-0.10E+04
1.382	0.252467	-0.10E+04
1.385	0.251300	-0.10E+04
1.388	0.252700	-0.10E+04
1.391	0.254633	-0.10E+04
1.394	0.254100	-0.10E+04
1.397	0.253867	-0.10E+04
1.4	0.255233	-0.10E+04
1.403	0.256300	-0.10E+04
1.406	0.253600	-0.10E+04
1.409	0.253133	-0.10E+04
1.412	0.256400	-0.10E+04
1.415	0.256033	-0.10E+04
1.418	0.257000	-0.10E+04
1.421	0.258200	-0.10E+04
1.424	0.258733	-0.10E+04
1.427	0.257500	-0.10E+04
1.43	0.258367	-0.10E+04
1.433	0.259833	-0.10E+04
1.436	0.258600	-0.10E+04
1.439	0.258000	-0.10E+04
1.442	0.260000	-0.10E+04
1.445	0.263233	-0.10E+04
1.448	0.264533	-0.10E+04
1.451	0.265000	-0.10E+04
1.454	0.264633	-0.10E+04
1.457	0.264067	-0.10E+04
1.46	0.262733	-0.10E+04
1.463	0.263667	-0.10E+04
1.466	0.264500	-0.10E+04
1.469	0.265133	-0.10E+04
1.472	0.266100	-0.10E+04
1.475	0.266433	-0.10E+04
1.478	0.267533	-0.10E+04
1.481	0.269033	-0.10E+04
1.484	0.270033	-0.10E+04
1.487	0.270167	-0.10E+04
1.49	0.266200	-0.10E+04
1.493	0.265733	-0.10E+04
1.496	0.265033	-0.10E+04
1.499	0.266967	-0.10E+04
1.502	0.266967	-0.10E+04
1.505	0.266900	-0.10E+04
1.508	0.269000	-0.10E+04
1.511	0.266400	-0.10E+04
1.514	0.264400	-0.10E+04
1.517	0.265367	-0.10E+04
1.52	0.267800	-0.10E+04
1.523	0.271600	-0.10E+04
1.526	0.272067	-0.10E+04
1.529	0.272100	-0.10E+04
1.532	0.272667	-0.10E+04
1.535	0.272900	-0.10E+04
1.538	0.272500	-0.10E+04
1.541	0.274000	-0.10E+04
1.544	0.274667	-0.10E+04
1.547	0.273933	-0.10E+04
1.55	0.272233	-0.10E+04
1.553	0.272933	-0.10E+04
1.556	0.273433	-0.10E+04
1.559	0.276233	-0.10E+04
1.562	0.276033	-0.10E+04
1.565	0.274833	-0.10E+04
1.568	0.274767	-0.10E+04
1.571	0.276333	-0.10E+04
1.574	0.277367	-0.10E+04
1.577	0.278033	-0.10E+04
1.58	0.276767	-0.10E+04
1.583	0.275633	-0.10E+04
1.586	0.276300	-0.10E+04
1.589	0.278867	-0.10E+04
1.592	0.279567	-0.10E+04
1.595	0.278367	-0.10E+04
1.598	0.275967	-0.10E+04
1.601	0.276200	-0.10E+04
1.604	0.278000	-0.10E+04
1.607	0.279467	-0.10E+04
1.61	0.281333	-0.10E+04
1.613	0.280467	-0.10E+04
1.616	0.278333	-0.10E+04
1.619	0.278233	-0.10E+04
1.622	0.279000	-0.10E+04
1.625	0.277767	-0.10E+04
1.628	0.276133	-0.10E+04
1.631	0.278100	-0.10E+04
1.634	0.278367	-0.10E+04
1.637	0.279567	-0.10E+04
1.64	0.279700	-0.10E+04
1.643	0.279700	-0.10E+04
1.646	0.279733	-0.10E+04
1.649	0.280433	-0.10E+04
1.652	0.280800	-0.10E+04
1.655	0.279933	-0.10E+04
1.658	0.278933	-0.10E+04
1.661	0.277133	-0.10E+04
1.664	0.277400	-0.10E+04
1.667	0.279433	-0.10E+04
1.67	0.280967	-0.10E+04
1.673	0.283567	-0.10E+04
1.676	0.280633	-0.10E+04
1.679	0.280033	-0.10E+04
1.682	0.280100	-0.10E+04
1.685	0.282633	-0.10E+04
1.688	0.284500	-0.10E+04
1.691	0.284333	-0.10E+04
1.694	0.283567	-0.10E+04
1.697	0.283133	-0.10E+04
1.7	0.285233	-0.10E+04
1.703	0.284500	-0.10E+04
1.706	0.284433	-0.10E+04
1.709	0.283700	-0.10E+04
1.712	0.286700	-0.10E+04
1.715	0.289400	-0.10E+04
1.718	0.288233	-0.10E+04
1.721	0.287500	-0.10E+04
1.724	0.285133	-0.10E+04
1.727	0.282867	-0.10E+04
1.73	0.283333	-0.10E+04
1.733	0.284700	-0.10E+04
1.736	0.285533	-0.10E+04
1.739	0.287367	-0.10E+04
1.742	0.289033	-0.10E+04
1.745	0.290833	-0.10E+04
1.748	0.287667	-0.10E+04
1.751	0.285967	-0.10E+04
1.754	0.287900	-0.10E+04
1.757	0.289367	-0.10E+04
1.76	0.289100	-0.10E+04
1.763	0.289867	-0.10E+04
1.766	0.288667	-0.10E+04
1.769	0.288967	-0.10E+04
1.772	0.289767	-0.10E+04
1.775	0.287633	-0.10E+04
1.778	0.288667	-0.10E+04
1.781	0.291033	-0.10E+04
1.784	0.288533	-0.10E+04
1.787	0.290167	-0.10E+04
1.79	0.292067	-0.10E+04
1.793	0.293267	-0.10E+04
1.796	0.293533	-0.10E+04
1.799	0.291300	-0.10E+04
1.802	0.291800	-0.10E+04
1.805	0.293633	-0.10E+04
1.808	0.293900	-0.10E+04
1.811	0.292900	-0.10E+04
1.814	0.295033	-0.10E+04
1.817	0.295700	-0.10E+04
1.82	0.296633	-0.10E+04
1.823	0.293133	-0.10E+04
1.826	0.292833	-0.10E+04
1.829	0.291400	-0.10E+04
1.832	0.294133	-0.10E+04
1.835	0.297833	-0.10E+04
1.838	0.296800	-0.10E+04
1.841	0.296767	-0.10E+04
1.844	0.295800	-0.10E+04
1.847	0.292133	-0.10E+04
1.85	0.293300	-0.10E+04
1.853	0.295900	-0.10E+04
1.856	0.294933	-0.10E+04
1.859	0.296200	-0.10E+04
1.862	0.297300	-0.10E+04
1.865	0.297333	-0.10E+04
1.868	0.296933	-0.10E+04
1.871	0.295467	-0.10E+04
1.874	0.296533	-0.10E+04
1.877	0.296733	-0.10E+04
1.88	0.297167	-0.10E+04
1.883	0.297967	-0.10E+04
1.886	0.297933	-0.10E+04
1.889	0.298000	-0.10E+04
1.892	0.297067	-0.10E+04
1.895	0.298700	-0.10E+04
1.898	0.303333	-0.10E+04
1.901	0.302700	-0.10E+04
1.904	0.303633	-0.10E+04
1.907	0.301567	-0.10E+04
1.91	0.300967	-0.10E+04
1.913	0.301833	-0.10E+04
1.916	0.301800	-0.10E+04
1.919	0.301900	-0.10E+04
1.922	0.303700	-0.10E+04
1.925	0.302367	-0.10E+04
1.928	0.301200	-0.10E+04
1.931	0.300533	-0.10E+04
1.934	0.302300	-0.10E+04
1.937	0.304667	-0.10E+04
1.94	0.306233	-0.10E+04
1.943	0.307133	-0.10E+04
1.946	0.306200	-0.10E+04
1.949	0.306900	-0.10E+04
1.952	0.307300	-0.10E+04
1.955	0.308000	-0.10E+04
1.958	0.308567	-0.10E+04
1.961	0.306367	-0.10E+04
1.964	0.307233	-0.10E+04
1.967	0.307633	-0.10E+04
1.97	0.309000	-0.10E+04
1.973	0.308067	-0.10E+04
1.976	0.308967	-0.10E+04
1.979	0.310700	-0.10E+04
1.982	0.309167	-0.10E+04
1.985	0.308500	-0.10E+04
1.988	0.309000	-0.10E+04
1.991	0.311367	-0.10E+04
1.994	0.312100	-0.10E+04
1.997	0.309667	-0.10E+04
2	0.308600	-0.10E+04
2.003	0.311100	-0.10E+04
2.006	0.313167	-0.10E+04
2.009	0.313533	-0.10E+04
2.012	0.312967	-0.10E+04
2.015	0.311133	-0.10E+04
2.018	0.309667	-0.10E+04
2.021	0.309700	-0.10E+04
2.024	0.310400	-0.10E+04
2.027	0.308733	-0.10E+04
2.03	0.310400	-0.10E+04
2.033	0.314200	-0.10E+04
2.036	0.317400	-0.10E+04
2.039	0.317733	-0.10E+04
2.042	0.313700	-0.10E+04
2.045	0.313333	-0.10E+04
2.048	0.312000	-0.10E+04
2.051	0.313233	-0.10E+04
2.054	0.314433	-0.10E+04
2.057	0.313767	-0.10E+04
2.06	0.314200	-0.10E+04
2.063	0.316633	-0.10E+04
2.066	0.315300	-0.10E+04
2.069	0.314633	-0.10E+04
2.072	0.312667	-0.10E+04
2.075	0.314000	-0.10E+04
2.078	0.315233	-0.10E+04
2.081	0.314800	-0.10E+04
2.084	0.314200	-0.10E+04
2.087	0.314500	-0.10E+04
2.09	0.316900	-0.10E+04
2.093	0.318033	-0.10E+04
2.096	0.316733	-0.10E+04
2.099	0.316267	-0.10E+04
2.102	0.315600	-0.10E+04
2.105	0.316967	-0.10E+04
2.108	0.317933	-0.10E+04
2.111	0.319567	-0.10E+04
2.114	0.319100	-0.10E+04
2.117	0.316400	-0.10E+04
2.12	0.316900	-0.10E+04
2.123	0.318367	-0.10E+04
2.126	0.319967	-0.10E+04
2.129	0.319767	-0.10E+04
2.132	0.319533	-0.10E+04
2.135	0.318100	-0.10E+04
2.138	0.316133	-0.10E+04
2.141	0.318833	-0.10E+04
2.144	0.319867	-0.10E+04
2.147	0.318533	-0.10E+04
2.15	0.317733	-0.10E+04
2.153	0.315300	-0.10E+04
2.156	0.317100	-0.10E+04
2.159	0.318433	-0.10E+04
2.162	0.317967	-0.10E+04
2.165	0.319400	-0.10E+04
2.168	0.317833	-0.10E+04
2.171	0.316867	-0.10E+04
2.174	0.316900	-0.10E+04
2.177	0.316167	-0.10E+04
2.18	0.316767	-0.10E+04
2.183	0.315900	-0.10E+04
2.186	0.315867	-0.10E+04
2.189	0.316367	-0.10E+04
2.192	0.318533	-0.10E+04
2.195	0.317933	-0.10E+04
2.198	0.315733	-0.10E+04
2.201	0.315567	-0.10E+04
2.204	0.315333	-0.10E+04
2.207	0.317867	-0.10E+04
2.21	0.319767	-0.10E+04
2.213	0.319400	-0.10E+04
2.216	0.319600	-0.10E+04
2.219	0.321367	-0.10E+04
2.222	0.321233	-0.10E+04
2.225	0.322800	-0.10E+04
2.228	0.324467	-0.10E+04
2.231	0.325400	-0.10E+04
2.234	0.327000	-0.10E+04
2.237	0.326667	-0.10E+04
2.24	0.326967	-0.10E+04
2.243	0.327767	-0.10E+04
2.246	0.328833	-0.10E+04
2.249	0.328700	-0.10E+04
2.252	0.328933	-0.10E+04
2.255	0.328100	-0.10E+04
2.258	0.329300	-0.10E+04
2.261	0.329267	-0.10E+04
2.264	0.327167	-0.10E+04
2.267	0.327667	-0.10E+04
2.27	0.328267	-0.10E+04
2.273	0.331767	-0.10E+04
2.276	0.333600	-0.10E+04
2.279	0.330500	-0.10E+04
2.282	0.329367	-0.10E+04
2.285	0.329633	-0.10E+04
2.288	0.332933	-0.10E+04
2.291	0.335367	-0.10E+04
2.294	0.337267	-0.10E+04
2.297	0.335400	-0.10E+04
2.3	0.333100	-0.10E+04
2.303	0.332467	-0.10E+04
2.306	0.333367	-0.10E+04
2.309	0.333967	-0.10E+04
2.312	0.332500	-0.10E+04
2.315	0.333667	-0.10E+04
2.318	0.335333	-0.10E+04
2.321	0.334933	-0.10E+04
2.324	0.339333	-0.10E+04
2.327	0.338267	-0.10E+04
2.33	0.338733	-0.10E+04
2.333	0.339367	-0.10E+04
2.336	0.339567	-0.10E+04
2.339	0.339567	-0.10E+04
2.342	0.341433	-0.10E+04
2.345	0.342233	-0.10E+04
2.348	0.343333	-0.10E+04
2.351	0.342100	-0.10E+04
2.354	0.343233	-0.10E+04
2.357	0.343200	-0.10E+04
2.36	0.344067	-0.10E+04
2.363	0.343267	-0.10E+04
2.366	0.345967	-0.10E+04
2.369	0.346367	-0.10E+04
2.372	0.344300	-0.10E+04
2.375	0.342667	-0.10E+04
2.378	0.344600	-0.10E+04
2.381	0.347867	-0.10E+04
2.384	0.345967	-0.10E+04
2.387	0.344000	-0.10E+04
2.39	0.341667	-0.10E+04
2.393	0.340933	-0.10E+04
2.396	0.341067	-0.10E+04
2.399	0.342867	-0.10E+04
2.402	0.342600	-0.10E+04
2.405	0.345200	-0.10E+04
2.408	0.348000	-0.10E+04
2.411	0.346900	-0.10E+04
2.414	0.346933	-0.10E+04
2.417	0.345767	-0.10E+04
2.42	0.346300	-0.10E+04
2.423	0.348933	-0.10E+04
2.426	0.349967	-0.10E+04
2.429	0.349000	-0.10E+04
2.432	0.347733	-0.10E+04
2.435	0.347167	-0.10E+04
2.438	0.348067	-0.10E+04
2.441	0.347467	-0.10E+04
2.444	0.347533	-0.10E+04
2.447	0.347867	-0.10E+04
2.45	0.349233	-0.10E+04
2.453	0.350233	-0.10E+04
2.456	0.351167	-0.10E+04
2.459	0.350767	-0.10E+04
2.462	0.353333	-0.10E+04
2.465	0.351200	-0.10E+04
2.468	0.350433	-0.10E+04
2.471	0.350733	-0.10E+04
2.474	0.353667	-0.10E+04
2.477	0.351800	-0.10E+04
2.48	0.349700	-0.10E+04
2.483	0.349900	-0.10E+04
2.486	0.350733	-0.10E+04
2.489	0.351133	-0.10E+04
2.492	0.351400	-0.10E+04
2.495	0.353200	-0.10E+04
2.498	0.354233	-0.10E+04
