Brown University Keck/NASA Relab Spectrum LS-JBA-110-P1/wls113
Wavelength(micron)	Reflectance	Standard Deviation
0.35	0.166067	-0.10E+04
0.353	0.166600	-0.10E+04
0.356	0.166033	-0.10E+04
0.359	0.165367	-0.10E+04
0.362	0.167500	-0.10E+04
0.365	0.168733	-0.10E+04
0.368	0.167900	-0.10E+04
0.371	0.167500	-0.10E+04
0.374	0.167767	-0.10E+04
0.377	0.168233	-0.10E+04
0.38	0.168433	-0.10E+04
0.383	0.169467	-0.10E+04
0.386	0.169400	-0.10E+04
0.389	0.168667	-0.10E+04
0.392	0.168367	-0.10E+04
0.395	0.168933	-0.10E+04
0.398	0.169300	-0.10E+04
0.401	0.169300	-0.10E+04
0.404	0.169567	-0.10E+04
0.407	0.172167	-0.10E+04
0.41	0.172733	-0.10E+04
0.413	0.172633	-0.10E+04
0.416	0.171833	-0.10E+04
0.419	0.171267	-0.10E+04
0.422	0.173200	-0.10E+04
0.425	0.173300	-0.10E+04
0.428	0.172767	-0.10E+04
0.431	0.174700	-0.10E+04
0.434	0.174700	-0.10E+04
0.437	0.174367	-0.10E+04
0.44	0.174867	-0.10E+04
0.443	0.175300	-0.10E+04
0.446	0.174900	-0.10E+04
0.449	0.175800	-0.10E+04
0.452	0.177167	-0.10E+04
0.455	0.178100	-0.10E+04
0.458	0.177333	-0.10E+04
0.461	0.177733	-0.10E+04
0.464	0.178467	-0.10E+04
0.467	0.178833	-0.10E+04
0.47	0.179100	-0.10E+04
0.473	0.181167	-0.10E+04
0.476	0.181967	-0.10E+04
0.479	0.180967	-0.10E+04
0.482	0.181267	-0.10E+04
0.485	0.180733	-0.10E+04
0.488	0.182033	-0.10E+04
0.491	0.182300	-0.10E+04
0.494	0.183267	-0.10E+04
0.497	0.185000	-0.10E+04
0.5	0.185867	-0.10E+04
0.503	0.185033	-0.10E+04
0.506	0.184567	-0.10E+04
0.509	0.185233	-0.10E+04
0.512	0.186567	-0.10E+04
0.515	0.187433	-0.10E+04
0.518	0.187267	-0.10E+04
0.521	0.187267	-0.10E+04
0.524	0.187900	-0.10E+04
0.527	0.187633	-0.10E+04
0.53	0.187900	-0.10E+04
0.533	0.188367	-0.10E+04
0.536	0.188500	-0.10E+04
0.539	0.189167	-0.10E+04
0.542	0.190633	-0.10E+04
0.545	0.191133	-0.10E+04
0.548	0.191233	-0.10E+04
0.551	0.192133	-0.10E+04
0.554	0.190933	-0.10E+04
0.557	0.191500	-0.10E+04
0.56	0.192567	-0.10E+04
0.563	0.193333	-0.10E+04
0.566	0.194333	-0.10E+04
0.569	0.195067	-0.10E+04
0.572	0.195500	-0.10E+04
0.575	0.195067	-0.10E+04
0.578	0.196233	-0.10E+04
0.581	0.196867	-0.10E+04
0.584	0.196200	-0.10E+04
0.587	0.195800	-0.10E+04
0.59	0.196667	-0.10E+04
0.593	0.198167	-0.10E+04
0.596	0.198200	-0.10E+04
0.599	0.199700	-0.10E+04
0.602	0.200767	-0.10E+04
0.605	0.199400	-0.10E+04
0.608	0.199433	-0.10E+04
0.611	0.200767	-0.10E+04
0.614	0.201433	-0.10E+04
0.617	0.202567	-0.10E+04
0.62	0.202467	-0.10E+04
0.623	0.203867	-0.10E+04
0.626	0.204500	-0.10E+04
0.629	0.204067	-0.10E+04
0.632	0.206133	-0.10E+04
0.635	0.206900	-0.10E+04
0.638	0.208967	-0.10E+04
0.641	0.208467	-0.10E+04
0.644	0.205900	-0.10E+04
0.647	0.203700	-0.10E+04
0.65	0.202500	-0.10E+04
0.653	0.202900	-0.10E+04
0.656	0.205800	-0.10E+04
0.659	0.204967	-0.10E+04
0.662	0.206333	-0.10E+04
0.665	0.208233	-0.10E+04
0.668	0.207333	-0.10E+04
0.671	0.209133	-0.10E+04
0.674	0.210000	-0.10E+04
0.677	0.211900	-0.10E+04
0.68	0.213233	-0.10E+04
0.683	0.215900	-0.10E+04
0.686	0.214600	-0.10E+04
0.689	0.212133	-0.10E+04
0.692	0.214167	-0.10E+04
0.695	0.213933	-0.10E+04
0.698	0.215400	-0.10E+04
0.701	0.218933	-0.10E+04
0.704	0.220800	-0.10E+04
0.707	0.220733	-0.10E+04
0.71	0.219267	-0.10E+04
0.713	0.216533	-0.10E+04
0.716	0.218367	-0.10E+04
0.719	0.223033	-0.10E+04
0.722	0.219900	-0.10E+04
0.725	0.219733	-0.10E+04
0.728	0.220000	-0.10E+04
0.731	0.218200	-0.10E+04
0.734	0.218033	-0.10E+04
0.737	0.219700	-0.10E+04
0.74	0.220167	-0.10E+04
0.743	0.217100	-0.10E+04
0.746	0.217500	-0.10E+04
0.749	0.218033	-0.10E+04
0.752	0.221333	-0.10E+04
0.755	0.220167	-0.10E+04
0.758	0.219733	-0.10E+04
0.761	0.219700	-0.10E+04
0.764	0.219567	-0.10E+04
0.767	0.220600	-0.10E+04
0.77	0.219967	-0.10E+04
0.773	0.223833	-0.10E+04
0.776	0.225700	-0.10E+04
0.779	0.225167	-0.10E+04
0.782	0.222367	-0.10E+04
0.785	0.221967	-0.10E+04
0.788	0.223933	-0.10E+04
0.791	0.225600	-0.10E+04
0.794	0.224600	-0.10E+04
0.797	0.223067	-0.10E+04
0.8	0.223333	-0.10E+04
0.803	0.226933	-0.10E+04
0.806	0.225467	-0.10E+04
0.809	0.223967	-0.10E+04
0.812	0.226133	-0.10E+04
0.815	0.226867	-0.10E+04
0.818	0.222867	-0.10E+04
0.821	0.222600	-0.10E+04
0.824	0.225633	-0.10E+04
0.827	0.228767	-0.10E+04
0.83	0.226767	-0.10E+04
0.833	0.225533	-0.10E+04
0.836	0.224867	-0.10E+04
0.839	0.224267	-0.10E+04
0.842	0.224100	-0.10E+04
0.845	0.224400	-0.10E+04
0.848	0.224933	-0.10E+04
0.851	0.222400	-0.10E+04
0.854	0.218933	-0.10E+04
0.857	0.221167	-0.10E+04
0.86	0.225433	-0.10E+04
0.863	0.225667	-0.10E+04
0.866	0.226567	-0.10E+04
0.869	0.224400	-0.10E+04
0.872	0.222100	-0.10E+04
0.875	0.221567	-0.10E+04
0.878	0.222900	-0.10E+04
0.881	0.222333	-0.10E+04
0.884	0.223367	-0.10E+04
0.887	0.223333	-0.10E+04
0.89	0.220133	-0.10E+04
0.893	0.221667	-0.10E+04
0.896	0.222800	-0.10E+04
0.899	0.222667	-0.10E+04
0.902	0.221733	-0.10E+04
0.905	0.221233	-0.10E+04
0.908	0.221933	-0.10E+04
0.911	0.222000	-0.10E+04
0.914	0.223000	-0.10E+04
0.917	0.225500	-0.10E+04
0.92	0.229133	-0.10E+04
0.923	0.230467	-0.10E+04
0.926	0.232333	-0.10E+04
0.929	0.233033	-0.10E+04
0.932	0.231333	-0.10E+04
0.935	0.231233	-0.10E+04
0.938	0.231133	-0.10E+04
0.941	0.231267	-0.10E+04
0.944	0.232667	-0.10E+04
0.947	0.230800	-0.10E+04
0.95	0.229500	-0.10E+04
0.953	0.231400	-0.10E+04
0.956	0.232267	-0.10E+04
0.959	0.236267	-0.10E+04
0.962	0.236900	-0.10E+04
0.965	0.237433	-0.10E+04
0.968	0.234333	-0.10E+04
0.971	0.231533	-0.10E+04
0.974	0.232333	-0.10E+04
0.977	0.234233	-0.10E+04
0.98	0.234067	-0.10E+04
0.983	0.231367	-0.10E+04
0.986	0.229933	-0.10E+04
0.989	0.231867	-0.10E+04
0.992	0.233700	-0.10E+04
0.995	0.232400	-0.10E+04
0.998	0.232767	-0.10E+04
1.001	0.235467	-0.10E+04
1.004	0.235367	-0.10E+04
1.007	0.235733	-0.10E+04
1.01	0.236433	-0.10E+04
1.013	0.236000	-0.10E+04
1.016	0.236167	-0.10E+04
1.019	0.235967	-0.10E+04
1.022	0.239000	-0.10E+04
1.025	0.238667	-0.10E+04
1.028	0.240267	-0.10E+04
1.031	0.244033	-0.10E+04
1.034	0.244500	-0.10E+04
1.037	0.243867	-0.10E+04
1.04	0.242233	-0.10E+04
1.043	0.241800	-0.10E+04
1.046	0.241767	-0.10E+04
1.049	0.245567	-0.10E+04
1.052	0.247800	-0.10E+04
1.055	0.247733	-0.10E+04
1.058	0.243700	-0.10E+04
1.061	0.242367	-0.10E+04
1.064	0.244900	-0.10E+04
1.067	0.247267	-0.10E+04
1.07	0.248767	-0.10E+04
1.073	0.248733	-0.10E+04
1.076	0.248767	-0.10E+04
1.079	0.248567	-0.10E+04
1.082	0.246600	-0.10E+04
1.085	0.248533	-0.10E+04
1.088	0.250433	-0.10E+04
1.091	0.253733	-0.10E+04
1.094	0.252667	-0.10E+04
1.097	0.253600	-0.10E+04
1.1	0.251667	-0.10E+04
1.103	0.251933	-0.10E+04
1.106	0.254667	-0.10E+04
1.109	0.256433	-0.10E+04
1.112	0.255900	-0.10E+04
1.115	0.254533	-0.10E+04
1.118	0.252100	-0.10E+04
1.121	0.254567	-0.10E+04
1.124	0.256467	-0.10E+04
1.127	0.258100	-0.10E+04
1.13	0.257533	-0.10E+04
1.133	0.259600	-0.10E+04
1.136	0.259567	-0.10E+04
1.139	0.257467	-0.10E+04
1.142	0.256367	-0.10E+04
1.145	0.255333	-0.10E+04
1.148	0.255233	-0.10E+04
1.151	0.256967	-0.10E+04
1.154	0.259867	-0.10E+04
1.157	0.260200	-0.10E+04
1.16	0.260467	-0.10E+04
1.163	0.259633	-0.10E+04
1.166	0.258400	-0.10E+04
1.169	0.259333	-0.10E+04
1.172	0.260567	-0.10E+04
1.175	0.262200	-0.10E+04
1.178	0.261567	-0.10E+04
1.181	0.257900	-0.10E+04
1.184	0.255733	-0.10E+04
1.187	0.258233	-0.10E+04
1.19	0.261667	-0.10E+04
1.193	0.262133	-0.10E+04
1.196	0.261133	-0.10E+04
1.199	0.260700	-0.10E+04
1.202	0.260400	-0.10E+04
1.205	0.262733	-0.10E+04
1.208	0.264367	-0.10E+04
1.211	0.266233	-0.10E+04
1.214	0.266700	-0.10E+04
1.217	0.265367	-0.10E+04
1.22	0.265300	-0.10E+04
1.223	0.264633	-0.10E+04
1.226	0.264633	-0.10E+04
1.229	0.266300	-0.10E+04
1.232	0.270200	-0.10E+04
1.235	0.269967	-0.10E+04
1.238	0.267467	-0.10E+04
1.241	0.265033	-0.10E+04
1.244	0.266967	-0.10E+04
1.247	0.269300	-0.10E+04
1.25	0.267367	-0.10E+04
1.253	0.270000	-0.10E+04
1.256	0.271967	-0.10E+04
1.259	0.270267	-0.10E+04
1.262	0.270600	-0.10E+04
1.265	0.268800	-0.10E+04
1.268	0.268633	-0.10E+04
1.271	0.269367	-0.10E+04
1.274	0.270800	-0.10E+04
1.277	0.270100	-0.10E+04
1.28	0.270233	-0.10E+04
1.283	0.272033	-0.10E+04
1.286	0.272267	-0.10E+04
1.289	0.273867	-0.10E+04
1.292	0.275267	-0.10E+04
1.295	0.279333	-0.10E+04
1.298	0.277033	-0.10E+04
1.301	0.273200	-0.10E+04
1.304	0.272433	-0.10E+04
1.307	0.274933	-0.10E+04
1.31	0.277933	-0.10E+04
1.313	0.279567	-0.10E+04
1.316	0.279100	-0.10E+04
1.319	0.277933	-0.10E+04
1.322	0.277800	-0.10E+04
1.325	0.276933	-0.10E+04
1.328	0.279433	-0.10E+04
1.331	0.279800	-0.10E+04
1.334	0.281733	-0.10E+04
1.337	0.284067	-0.10E+04
1.34	0.281767	-0.10E+04
1.343	0.279067	-0.10E+04
1.346	0.278367	-0.10E+04
1.349	0.280433	-0.10E+04
1.352	0.281400	-0.10E+04
1.355	0.279867	-0.10E+04
1.358	0.279467	-0.10E+04
1.361	0.281933	-0.10E+04
1.364	0.281833	-0.10E+04
1.367	0.281700	-0.10E+04
1.37	0.281600	-0.10E+04
1.373	0.280633	-0.10E+04
1.376	0.283400	-0.10E+04
1.379	0.284900	-0.10E+04
1.382	0.285067	-0.10E+04
1.385	0.286300	-0.10E+04
1.388	0.289033	-0.10E+04
1.391	0.288733	-0.10E+04
1.394	0.287333	-0.10E+04
1.397	0.287967	-0.10E+04
1.4	0.285500	-0.10E+04
1.403	0.287667	-0.10E+04
1.406	0.290233	-0.10E+04
1.409	0.288933	-0.10E+04
1.412	0.290733	-0.10E+04
1.415	0.293267	-0.10E+04
1.418	0.292800	-0.10E+04
1.421	0.290067	-0.10E+04
1.424	0.291533	-0.10E+04
1.427	0.291800	-0.10E+04
1.43	0.292367	-0.10E+04
1.433	0.290167	-0.10E+04
1.436	0.289767	-0.10E+04
1.439	0.289100	-0.10E+04
1.442	0.291733	-0.10E+04
1.445	0.294433	-0.10E+04
1.448	0.297067	-0.10E+04
1.451	0.296300	-0.10E+04
1.454	0.296033	-0.10E+04
1.457	0.297533	-0.10E+04
1.46	0.299233	-0.10E+04
1.463	0.298033	-0.10E+04
1.466	0.296500	-0.10E+04
1.469	0.296067	-0.10E+04
1.472	0.294367	-0.10E+04
1.475	0.295700	-0.10E+04
1.478	0.295233	-0.10E+04
1.481	0.294800	-0.10E+04
1.484	0.296100	-0.10E+04
1.487	0.298700	-0.10E+04
1.49	0.301400	-0.10E+04
1.493	0.300600	-0.10E+04
1.496	0.300867	-0.10E+04
1.499	0.303067	-0.10E+04
1.502	0.303500	-0.10E+04
1.505	0.304067	-0.10E+04
1.508	0.302833	-0.10E+04
1.511	0.303400	-0.10E+04
1.514	0.303433	-0.10E+04
1.517	0.303633	-0.10E+04
1.52	0.300967	-0.10E+04
1.523	0.301267	-0.10E+04
1.526	0.303167	-0.10E+04
1.529	0.303533	-0.10E+04
1.532	0.303900	-0.10E+04
1.535	0.302600	-0.10E+04
1.538	0.306400	-0.10E+04
1.541	0.304800	-0.10E+04
1.544	0.303067	-0.10E+04
1.547	0.305933	-0.10E+04
1.55	0.305900	-0.10E+04
1.553	0.305400	-0.10E+04
1.556	0.304700	-0.10E+04
1.559	0.306567	-0.10E+04
1.562	0.304833	-0.10E+04
1.565	0.307833	-0.10E+04
1.568	0.307567	-0.10E+04
1.571	0.307733	-0.10E+04
1.574	0.309633	-0.10E+04
1.577	0.308300	-0.10E+04
1.58	0.308900	-0.10E+04
1.583	0.309667	-0.10E+04
1.586	0.310567	-0.10E+04
1.589	0.312400	-0.10E+04
1.592	0.310400	-0.10E+04
1.595	0.310433	-0.10E+04
1.598	0.309367	-0.10E+04
1.601	0.309733	-0.10E+04
1.604	0.311400	-0.10E+04
1.607	0.313967	-0.10E+04
1.61	0.314300	-0.10E+04
1.613	0.312267	-0.10E+04
1.616	0.310333	-0.10E+04
1.619	0.312600	-0.10E+04
1.622	0.313933	-0.10E+04
1.625	0.312400	-0.10E+04
1.628	0.311433	-0.10E+04
1.631	0.313433	-0.10E+04
1.634	0.313533	-0.10E+04
1.637	0.313233	-0.10E+04
1.64	0.314067	-0.10E+04
1.643	0.313133	-0.10E+04
1.646	0.313667	-0.10E+04
1.649	0.314267	-0.10E+04
1.652	0.314967	-0.10E+04
1.655	0.312633	-0.10E+04
1.658	0.313433	-0.10E+04
1.661	0.313000	-0.10E+04
1.664	0.312833	-0.10E+04
1.667	0.313800	-0.10E+04
1.67	0.312567	-0.10E+04
1.673	0.314933	-0.10E+04
1.676	0.315567	-0.10E+04
1.679	0.313367	-0.10E+04
1.682	0.314200	-0.10E+04
1.685	0.313867	-0.10E+04
1.688	0.313833	-0.10E+04
1.691	0.314900	-0.10E+04
1.694	0.316667	-0.10E+04
1.697	0.316433	-0.10E+04
1.7	0.318033	-0.10E+04
1.703	0.317633	-0.10E+04
1.706	0.318167	-0.10E+04
1.709	0.317967	-0.10E+04
1.712	0.317167	-0.10E+04
1.715	0.316967	-0.10E+04
1.718	0.317167	-0.10E+04
1.721	0.314467	-0.10E+04
1.724	0.316700	-0.10E+04
1.727	0.318100	-0.10E+04
1.73	0.317100	-0.10E+04
1.733	0.316333	-0.10E+04
1.736	0.315533	-0.10E+04
1.739	0.317500	-0.10E+04
1.742	0.320167	-0.10E+04
1.745	0.320767	-0.10E+04
1.748	0.321667	-0.10E+04
1.751	0.322367	-0.10E+04
1.754	0.320767	-0.10E+04
1.757	0.321100	-0.10E+04
1.76	0.319700	-0.10E+04
1.763	0.320667	-0.10E+04
1.766	0.319100	-0.10E+04
1.769	0.321133	-0.10E+04
1.772	0.320000	-0.10E+04
1.775	0.318867	-0.10E+04
1.778	0.322400	-0.10E+04
1.781	0.322700	-0.10E+04
1.784	0.322000	-0.10E+04
1.787	0.322600	-0.10E+04
1.79	0.323267	-0.10E+04
1.793	0.320933	-0.10E+04
1.796	0.322300	-0.10E+04
1.799	0.323467	-0.10E+04
1.802	0.326467	-0.10E+04
1.805	0.326867	-0.10E+04
1.808	0.322533	-0.10E+04
1.811	0.321967	-0.10E+04
1.814	0.321633	-0.10E+04
1.817	0.319900	-0.10E+04
1.82	0.322633	-0.10E+04
1.823	0.323700	-0.10E+04
1.826	0.323533	-0.10E+04
1.829	0.323600	-0.10E+04
1.832	0.319967	-0.10E+04
1.835	0.318167	-0.10E+04
1.838	0.320767	-0.10E+04
1.841	0.323200	-0.10E+04
1.844	0.322500	-0.10E+04
1.847	0.324000	-0.10E+04
1.85	0.325167	-0.10E+04
1.853	0.325233	-0.10E+04
1.856	0.324767	-0.10E+04
1.859	0.325433	-0.10E+04
1.862	0.326533	-0.10E+04
1.865	0.325667	-0.10E+04
1.868	0.325533	-0.10E+04
1.871	0.327167	-0.10E+04
1.874	0.326233	-0.10E+04
1.877	0.326100	-0.10E+04
1.88	0.324267	-0.10E+04
1.883	0.326767	-0.10E+04
1.886	0.327800	-0.10E+04
1.889	0.326833	-0.10E+04
1.892	0.330133	-0.10E+04
1.895	0.332133	-0.10E+04
1.898	0.330433	-0.10E+04
1.901	0.331800	-0.10E+04
1.904	0.329633	-0.10E+04
1.907	0.328400	-0.10E+04
1.91	0.329833	-0.10E+04
1.913	0.330967	-0.10E+04
1.916	0.329667	-0.10E+04
1.919	0.332467	-0.10E+04
1.922	0.332933	-0.10E+04
1.925	0.332833	-0.10E+04
1.928	0.331067	-0.10E+04
1.931	0.332100	-0.10E+04
1.934	0.333800	-0.10E+04
1.937	0.334367	-0.10E+04
1.94	0.333833	-0.10E+04
1.943	0.332133	-0.10E+04
1.946	0.330600	-0.10E+04
1.949	0.332467	-0.10E+04
1.952	0.334267	-0.10E+04
1.955	0.334200	-0.10E+04
1.958	0.335267	-0.10E+04
1.961	0.335433	-0.10E+04
1.964	0.336033	-0.10E+04
1.967	0.335433	-0.10E+04
1.97	0.334733	-0.10E+04
1.973	0.334600	-0.10E+04
1.976	0.333433	-0.10E+04
1.979	0.336667	-0.10E+04
1.982	0.339267	-0.10E+04
1.985	0.338867	-0.10E+04
1.988	0.339300	-0.10E+04
1.991	0.340567	-0.10E+04
1.994	0.337367	-0.10E+04
1.997	0.335100	-0.10E+04
2	0.336500	-0.10E+04
2.003	0.337967	-0.10E+04
2.006	0.338933	-0.10E+04
2.009	0.341033	-0.10E+04
2.012	0.338267	-0.10E+04
2.015	0.338000	-0.10E+04
2.018	0.338867	-0.10E+04
2.021	0.340700	-0.10E+04
2.024	0.343167	-0.10E+04
2.027	0.344633	-0.10E+04
2.03	0.345200	-0.10E+04
2.033	0.341733	-0.10E+04
2.036	0.342467	-0.10E+04
2.039	0.341500	-0.10E+04
2.042	0.342833	-0.10E+04
2.045	0.341800	-0.10E+04
2.048	0.340800	-0.10E+04
2.051	0.341233	-0.10E+04
2.054	0.343233	-0.10E+04
2.057	0.344067	-0.10E+04
2.06	0.345267	-0.10E+04
2.063	0.346267	-0.10E+04
2.066	0.347267	-0.10E+04
2.069	0.347000	-0.10E+04
2.072	0.346633	-0.10E+04
2.075	0.348233	-0.10E+04
2.078	0.349300	-0.10E+04
2.081	0.351067	-0.10E+04
2.084	0.351900	-0.10E+04
2.087	0.350000	-0.10E+04
2.09	0.350033	-0.10E+04
2.093	0.351033	-0.10E+04
2.096	0.348600	-0.10E+04
2.099	0.347633	-0.10E+04
2.102	0.350600	-0.10E+04
2.105	0.348700	-0.10E+04
2.108	0.347500	-0.10E+04
2.111	0.348633	-0.10E+04
2.114	0.349767	-0.10E+04
2.117	0.350233	-0.10E+04
2.12	0.350733	-0.10E+04
2.123	0.350433	-0.10E+04
2.126	0.351933	-0.10E+04
2.129	0.351300	-0.10E+04
2.132	0.352100	-0.10E+04
2.135	0.352133	-0.10E+04
2.138	0.355067	-0.10E+04
2.141	0.355400	-0.10E+04
2.144	0.352500	-0.10E+04
2.147	0.353700	-0.10E+04
2.15	0.355167	-0.10E+04
2.153	0.355467	-0.10E+04
2.156	0.354833	-0.10E+04
2.159	0.357667	-0.10E+04
2.162	0.358267	-0.10E+04
2.165	0.357200	-0.10E+04
2.168	0.356600	-0.10E+04
2.171	0.357000	-0.10E+04
2.174	0.357933	-0.10E+04
2.177	0.356900	-0.10E+04
2.18	0.356400	-0.10E+04
2.183	0.357033	-0.10E+04
2.186	0.358600	-0.10E+04
2.189	0.359900	-0.10E+04
2.192	0.362600	-0.10E+04
2.195	0.362933	-0.10E+04
2.198	0.362467	-0.10E+04
2.201	0.362100	-0.10E+04
2.204	0.362133	-0.10E+04
2.207	0.363367	-0.10E+04
2.21	0.362267	-0.10E+04
2.213	0.362333	-0.10E+04
2.216	0.364533	-0.10E+04
2.219	0.365800	-0.10E+04
2.222	0.367700	-0.10E+04
2.225	0.367233	-0.10E+04
2.228	0.368300	-0.10E+04
2.231	0.366367	-0.10E+04
2.234	0.366833	-0.10E+04
2.237	0.370800	-0.10E+04
2.24	0.370767	-0.10E+04
2.243	0.371167	-0.10E+04
2.246	0.369900	-0.10E+04
2.249	0.369067	-0.10E+04
2.252	0.370200	-0.10E+04
2.255	0.368067	-0.10E+04
2.258	0.369867	-0.10E+04
2.261	0.369933	-0.10E+04
2.264	0.370300	-0.10E+04
2.267	0.368433	-0.10E+04
2.27	0.367933	-0.10E+04
2.273	0.368833	-0.10E+04
2.276	0.371700	-0.10E+04
2.279	0.372967	-0.10E+04
2.282	0.372233	-0.10E+04
2.285	0.373367	-0.10E+04
2.288	0.375067	-0.10E+04
2.291	0.374567	-0.10E+04
2.294	0.376833	-0.10E+04
2.297	0.377367	-0.10E+04
2.3	0.374900	-0.10E+04
2.303	0.374567	-0.10E+04
2.306	0.375400	-0.10E+04
2.309	0.378100	-0.10E+04
2.312	0.377667	-0.10E+04
2.315	0.377100	-0.10E+04
2.318	0.375367	-0.10E+04
2.321	0.377833	-0.10E+04
2.324	0.381800	-0.10E+04
2.327	0.380733	-0.10E+04
2.33	0.381100	-0.10E+04
2.333	0.380367	-0.10E+04
2.336	0.381667	-0.10E+04
2.339	0.382067	-0.10E+04
2.342	0.380933	-0.10E+04
2.345	0.380967	-0.10E+04
2.348	0.382867	-0.10E+04
2.351	0.386000	-0.10E+04
2.354	0.385600	-0.10E+04
2.357	0.385533	-0.10E+04
2.36	0.384333	-0.10E+04
2.363	0.386033	-0.10E+04
2.366	0.389300	-0.10E+04
2.369	0.388233	-0.10E+04
2.372	0.388567	-0.10E+04
2.375	0.386467	-0.10E+04
2.378	0.386167	-0.10E+04
2.381	0.388667	-0.10E+04
2.384	0.388200	-0.10E+04
2.387	0.387800	-0.10E+04
2.39	0.388033	-0.10E+04
2.393	0.388500	-0.10E+04
2.396	0.387433	-0.10E+04
2.399	0.385933	-0.10E+04
2.402	0.384400	-0.10E+04
2.405	0.384767	-0.10E+04
2.408	0.387633	-0.10E+04
2.411	0.388500	-0.10E+04
2.414	0.388567	-0.10E+04
2.417	0.391067	-0.10E+04
2.42	0.391233	-0.10E+04
2.423	0.391733	-0.10E+04
2.426	0.391400	-0.10E+04
2.429	0.390367	-0.10E+04
2.432	0.392067	-0.10E+04
2.435	0.390867	-0.10E+04
2.438	0.389267	-0.10E+04
2.441	0.389500	-0.10E+04
2.444	0.391033	-0.10E+04
2.447	0.390267	-0.10E+04
2.45	0.389967	-0.10E+04
2.453	0.390433	-0.10E+04
2.456	0.393000	-0.10E+04
2.459	0.395467	-0.10E+04
2.462	0.394367	-0.10E+04
2.465	0.395100	-0.10E+04
2.468	0.396567	-0.10E+04
2.471	0.394367	-0.10E+04
2.474	0.393167	-0.10E+04
2.477	0.396833	-0.10E+04
2.48	0.398067	-0.10E+04
2.483	0.396367	-0.10E+04
2.486	0.397133	-0.10E+04
2.489	0.398967	-0.10E+04
2.492	0.398033	-0.10E+04
2.495	0.399533	-0.10E+04
2.498	0.400100	-0.10E+04
