Brown University Keck/NASA Relab Spectrum LS-JBA-153-N/wls181
Wavelength(micron)	Reflectance	Standard Deviation
0.35	0.157000	-0.10E+04
0.353	0.161000	-0.10E+04
0.356	0.162333	-0.10E+04
0.359	0.165000	-0.10E+04
0.362	0.166333	-0.10E+04
0.365	0.167000	-0.10E+04
0.368	0.169000	-0.10E+04
0.371	0.169667	-0.10E+04
0.374	0.171000	-0.10E+04
0.377	0.173000	-0.10E+04
0.38	0.174000	-0.10E+04
0.383	0.177000	-0.10E+04
0.386	0.177667	-0.10E+04
0.389	0.179000	-0.10E+04
0.392	0.180333	-0.10E+04
0.395	0.181000	-0.10E+04
0.398	0.184000	-0.10E+04
0.401	0.185000	-0.10E+04
0.404	0.187000	-0.10E+04
0.407	0.187667	-0.10E+04
0.41	0.188000	-0.10E+04
0.413	0.191000	-0.10E+04
0.416	0.192333	-0.10E+04
0.419	0.195000	-0.10E+04
0.422	0.195667	-0.10E+04
0.425	0.196000	-0.10E+04
0.428	0.198000	-0.10E+04
0.431	0.199333	-0.10E+04
0.434	0.202000	-0.10E+04
0.437	0.202667	-0.10E+04
0.44	0.203000	-0.10E+04
0.443	0.205000	-0.10E+04
0.446	0.205667	-0.10E+04
0.449	0.207000	-0.10E+04
0.452	0.209667	-0.10E+04
0.455	0.211000	-0.10E+04
0.458	0.213000	-0.10E+04
0.461	0.213667	-0.10E+04
0.464	0.215000	-0.10E+04
0.467	0.216333	-0.10E+04
0.47	0.217000	-0.10E+04
0.473	0.219000	-0.10E+04
0.476	0.219667	-0.10E+04
0.479	0.221000	-0.10E+04
0.482	0.222333	-0.10E+04
0.485	0.223000	-0.10E+04
0.488	0.224000	-0.10E+04
0.491	0.224667	-0.10E+04
0.494	0.226000	-0.10E+04
0.497	0.228000	-0.10E+04
0.5	0.229000	-0.10E+04
0.503	0.231000	-0.10E+04
0.506	0.231333	-0.10E+04
0.509	0.232000	-0.10E+04
0.512	0.233333	-0.10E+04
0.515	0.234000	-0.10E+04
0.518	0.235000	-0.10E+04
0.521	0.236000	-0.10E+04
0.524	0.238000	-0.10E+04
0.527	0.239333	-0.10E+04
0.53	0.240000	-0.10E+04
0.533	0.242000	-0.10E+04
0.536	0.242333	-0.10E+04
0.539	0.243000	-0.10E+04
0.542	0.244333	-0.10E+04
0.545	0.245000	-0.10E+04
0.548	0.247000	-0.10E+04
0.551	0.247333	-0.10E+04
0.554	0.248000	-0.10E+04
0.557	0.249333	-0.10E+04
0.56	0.250000	-0.10E+04
0.563	0.252000	-0.10E+04
0.566	0.252667	-0.10E+04
0.569	0.254000	-0.10E+04
0.572	0.254667	-0.10E+04
0.575	0.255000	-0.10E+04
0.578	0.257000	-0.10E+04
0.581	0.257667	-0.10E+04
0.584	0.259000	-0.10E+04
0.587	0.260333	-0.10E+04
0.59	0.261000	-0.10E+04
0.593	0.262000	-0.10E+04
0.596	0.263000	-0.10E+04
0.599	0.265000	-0.10E+04
0.602	0.265667	-0.10E+04
0.605	0.266000	-0.10E+04
0.608	0.267000	-0.10E+04
0.611	0.267338	-0.10E+04
0.614	0.268015	-0.10E+04
0.617	0.269369	-0.10E+04
0.62	0.270046	-0.10E+04
0.623	0.271061	-0.10E+04
0.626	0.271399	-0.10E+04
0.629	0.272076	-0.10E+04
0.632	0.273430	-0.10E+04
0.635	0.274106	-0.10E+04
0.638	0.276137	-0.10E+04
0.641	0.276475	-0.10E+04
0.644	0.277152	-0.10E+04
0.647	0.278506	-0.10E+04
0.65	0.279182	-0.10E+04
0.653	0.280198	-0.10E+04
0.656	0.280875	-0.10E+04
0.659	0.282228	-0.10E+04
0.662	0.282905	-0.10E+04
0.665	0.283243	-0.10E+04
0.668	0.285274	-0.10E+04
0.671	0.285274	-0.10E+04
0.674	0.285274	-0.10E+04
0.677	0.286627	-0.10E+04
0.68	0.287304	-0.10E+04
0.683	0.288319	-0.10E+04
0.686	0.288658	-0.10E+04
0.689	0.289335	-0.10E+04
0.692	0.290011	-0.10E+04
0.695	0.290350	-0.10E+04
0.698	0.292380	-0.10E+04
0.701	0.292719	-0.10E+04
0.704	0.293395	-0.10E+04
0.707	0.293395	-0.10E+04
0.71	0.293395	-0.10E+04
0.713	0.294411	-0.10E+04
0.716	0.295087	-0.10E+04
0.719	0.296441	-0.10E+04
0.722	0.297118	-0.10E+04
0.725	0.297456	-0.10E+04
0.728	0.297456	-0.10E+04
0.731	0.298471	-0.10E+04
0.734	0.300502	-0.10E+04
0.737	0.300502	-0.10E+04
0.74	0.300502	-0.10E+04
0.743	0.302532	-0.10E+04
0.746	0.302532	-0.10E+04
0.749	0.302532	-0.10E+04
0.752	0.302532	-0.10E+04
0.755	0.302532	-0.10E+04
0.758	0.303548	-0.10E+04
0.761	0.304224	-0.10E+04
0.764	0.305578	-0.10E+04
0.767	0.305578	-0.10E+04
0.77	0.305578	-0.10E+04
0.773	0.305578	-0.10E+04
0.776	0.305578	-0.10E+04
0.779	0.305578	-0.10E+04
0.782	0.306255	-0.10E+04
0.785	0.306593	-0.10E+04
0.788	0.306593	-0.10E+04
0.791	0.306593	-0.10E+04
0.794	0.306593	-0.10E+04
0.797	0.306593	-0.10E+04
0.8	0.306593	-0.10E+04
0.803	0.306593	-0.10E+04
0.806	0.306593	-0.10E+04
0.809	0.306593	-0.10E+04
0.812	0.306593	-0.10E+04
0.815	0.306593	-0.10E+04
0.818	0.307608	-0.10E+04
0.821	0.307608	-0.10E+04
0.824	0.307608	-0.10E+04
0.827	0.307608	-0.10E+04
0.83	0.307608	-0.10E+04
0.833	0.307608	-0.10E+04
0.836	0.307608	-0.10E+04
0.839	0.307608	-0.10E+04
0.842	0.307608	-0.10E+04
0.845	0.307608	-0.10E+04
0.848	0.307608	-0.10E+04
0.851	0.307608	-0.10E+04
0.854	0.307608	-0.10E+04
0.857	0.308285	-0.10E+04
0.86	0.308624	-0.10E+04
0.863	0.308624	-0.10E+04
0.866	0.308624	-0.10E+04
0.869	0.308624	-0.10E+04
0.872	0.309300	-0.10E+04
0.875	0.309639	-0.10E+04
0.878	0.309639	-0.10E+04
0.881	0.309639	-0.10E+04
0.884	0.309639	-0.10E+04
0.887	0.310316	-0.10E+04
0.89	0.310654	-0.10E+04
0.893	0.310654	-0.10E+04
0.896	0.310992	-0.10E+04
0.899	0.311669	-0.10E+04
0.902	0.311669	-0.10E+04
0.905	0.311669	-0.10E+04
0.908	0.312684	-0.10E+04
0.911	0.313023	-0.10E+04
0.914	0.313700	-0.10E+04
0.917	0.313700	-0.10E+04
0.92	0.313700	-0.10E+04
0.923	0.314715	-0.10E+04
0.926	0.314715	-0.10E+04
0.929	0.314715	-0.10E+04
0.932	0.315392	-0.10E+04
0.935	0.315730	-0.10E+04
0.938	0.317760	-0.10E+04
0.941	0.318099	-0.10E+04
0.944	0.318776	-0.10E+04
0.947	0.319452	-0.10E+04
0.95	0.319791	-0.10E+04
0.953	0.320806	-0.10E+04
0.956	0.320806	-0.10E+04
0.959	0.320806	-0.10E+04
0.962	0.321483	-0.10E+04
0.965	0.321821	-0.10E+04
0.968	0.322836	-0.10E+04
0.971	0.323175	-0.10E+04
0.974	0.323852	-0.10E+04
0.977	0.324528	-0.10E+04
0.98	0.324867	-0.10E+04
0.983	0.325882	-0.10E+04
0.986	0.326559	-0.10E+04
0.989	0.327913	-0.10E+04
0.992	0.328589	-0.10E+04
0.995	0.328928	-0.10E+04
0.998	0.329943	-0.10E+04
1.001	0.330281	-0.10E+04
1.004	0.330958	-0.10E+04
1.007	0.330958	-0.10E+04
1.01	0.330958	-0.10E+04
1.013	0.331973	-0.10E+04
1.016	0.332312	-0.10E+04
1.019	0.332989	-0.10E+04
1.022	0.334342	-0.10E+04
1.025	0.335019	-0.10E+04
1.028	0.336034	-0.10E+04
1.031	0.336373	-0.10E+04
1.034	0.337049	-0.10E+04
1.037	0.337726	-0.10E+04
1.04	0.338065	-0.10E+04
1.043	0.339080	-0.10E+04
1.046	0.339418	-0.10E+04
1.049	0.340095	-0.10E+04
1.052	0.340095	-0.10E+04
1.055	0.340095	-0.10E+04
1.058	0.341110	-0.10E+04
1.061	0.341449	-0.10E+04
1.064	0.342125	-0.10E+04
1.067	0.342802	-0.10E+04
1.07	0.343141	-0.10E+04
1.073	0.344156	-0.10E+04
1.076	0.344494	-0.10E+04
1.079	0.345171	-0.10E+04
1.082	0.345848	-0.10E+04
1.085	0.346186	-0.10E+04
1.088	0.347202	-0.10E+04
1.091	0.347540	-0.10E+04
1.094	0.348217	-0.10E+04
1.097	0.348894	-0.10E+04
1.1	0.349232	-0.10E+04
1.103	0.349232	-0.10E+04
1.106	0.349570	-0.10E+04
1.109	0.350247	-0.10E+04
1.112	0.350924	-0.10E+04
1.115	0.351262	-0.10E+04
1.118	0.353293	-0.10E+04
1.121	0.353631	-0.10E+04
1.124	0.354308	-0.10E+04
1.127	0.354308	-0.10E+04
1.13	0.354308	-0.10E+04
1.133	0.356338	-0.10E+04
1.136	0.356677	-0.10E+04
1.139	0.357354	-0.10E+04
1.142	0.358030	-0.10E+04
1.145	0.358369	-0.10E+04
1.148	0.358369	-0.10E+04
1.151	0.358369	-0.10E+04
1.154	0.358369	-0.10E+04
1.157	0.359046	-0.10E+04
1.16	0.359384	-0.10E+04
1.163	0.360399	-0.10E+04
1.166	0.360399	-0.10E+04
1.169	0.360399	-0.10E+04
1.172	0.361076	-0.10E+04
1.175	0.361414	-0.10E+04
1.178	0.363445	-0.10E+04
1.181	0.363445	-0.10E+04
1.184	0.363445	-0.10E+04
1.187	0.363445	-0.10E+04
1.19	0.363445	-0.10E+04
1.193	0.365475	-0.10E+04
1.196	0.365814	-0.10E+04
1.199	0.366490	-0.10E+04
1.202	0.366490	-0.10E+04
1.205	0.366490	-0.10E+04
1.208	0.366490	-0.10E+04
1.211	0.366829	-0.10E+04
1.214	0.367506	-0.10E+04
1.217	0.368182	-0.10E+04
1.22	0.368521	-0.10E+04
1.223	0.369536	-0.10E+04
1.226	0.369536	-0.10E+04
1.229	0.369536	-0.10E+04
1.232	0.370213	-0.10E+04
1.235	0.370551	-0.10E+04
1.238	0.371567	-0.10E+04
1.241	0.371905	-0.10E+04
1.244	0.372582	-0.10E+04
1.247	0.372582	-0.10E+04
1.25	0.372582	-0.10E+04
1.253	0.374612	-0.10E+04
1.256	0.374612	-0.10E+04
1.259	0.374612	-0.10E+04
1.262	0.375289	-0.10E+04
1.265	0.375627	-0.10E+04
1.268	0.376643	-0.10E+04
1.271	0.376643	-0.10E+04
1.274	0.376643	-0.10E+04
1.277	0.377319	-0.10E+04
1.28	0.377658	-0.10E+04
1.283	0.378673	-0.10E+04
1.286	0.378673	-0.10E+04
1.289	0.378673	-0.10E+04
1.292	0.379350	-0.10E+04
1.295	0.379688	-0.10E+04
1.298	0.381719	-0.10E+04
1.301	0.381719	-0.10E+04
1.304	0.381719	-0.10E+04
1.307	0.382395	-0.10E+04
1.31	0.382734	-0.10E+04
1.313	0.383749	-0.10E+04
1.316	0.384087	-0.10E+04
1.319	0.384764	-0.10E+04
1.322	0.385441	-0.10E+04
1.325	0.385779	-0.10E+04
1.328	0.386795	-0.10E+04
1.331	0.387133	-0.10E+04
1.334	0.387810	-0.10E+04
1.337	0.388487	-0.10E+04
1.34	0.388825	-0.10E+04
1.343	0.388825	-0.10E+04
1.346	0.388825	-0.10E+04
1.349	0.388825	-0.10E+04
1.352	0.389502	-0.10E+04
1.355	0.389840	-0.10E+04
1.358	0.389840	-0.10E+04
1.361	0.390179	-0.10E+04
1.364	0.390855	-0.10E+04
1.367	0.391532	-0.10E+04
1.37	0.391871	-0.10E+04
1.373	0.391871	-0.10E+04
1.376	0.392209	-0.10E+04
1.379	0.392886	-0.10E+04
1.382	0.393563	-0.10E+04
1.385	0.393901	-0.10E+04
1.388	0.394916	-0.10E+04
1.391	0.395593	-0.10E+04
1.394	0.396947	-0.10E+04
1.397	0.396947	-0.10E+04
1.4	0.396947	-0.10E+04
1.403	0.397962	-0.10E+04
1.406	0.398300	-0.10E+04
1.409	0.398977	-0.10E+04
1.412	0.398977	-0.10E+04
1.415	0.398977	-0.10E+04
1.418	0.398977	-0.10E+04
1.421	0.399654	-0.10E+04
1.424	0.401008	-0.10E+04
1.427	0.401684	-0.10E+04
1.43	0.402023	-0.10E+04
1.433	0.402023	-0.10E+04
1.436	0.402361	-0.10E+04
1.439	0.403038	-0.10E+04
1.442	0.403715	-0.10E+04
1.445	0.404053	-0.10E+04
1.448	0.404053	-0.10E+04
1.451	0.404392	-0.10E+04
1.454	0.405068	-0.10E+04
1.457	0.405068	-0.10E+04
1.46	0.405068	-0.10E+04
1.463	0.406084	-0.10E+04
1.466	0.406422	-0.10E+04
1.469	0.407099	-0.10E+04
1.472	0.407099	-0.10E+04
1.475	0.407099	-0.10E+04
1.478	0.407099	-0.10E+04
1.481	0.407437	-0.10E+04
1.484	0.408114	-0.10E+04
1.487	0.408791	-0.10E+04
1.49	0.409129	-0.10E+04
1.493	0.409129	-0.10E+04
1.496	0.409468	-0.10E+04
1.499	0.410144	-0.10E+04
1.502	0.410144	-0.10E+04
1.505	0.410144	-0.10E+04
1.508	0.411160	-0.10E+04
1.511	0.411498	-0.10E+04
1.514	0.412175	-0.10E+04
1.517	0.412175	-0.10E+04
1.52	0.412175	-0.10E+04
1.523	0.413190	-0.10E+04
1.526	0.413190	-0.10E+04
1.529	0.413190	-0.10E+04
1.532	0.413867	-0.10E+04
1.535	0.414205	-0.10E+04
1.538	0.414205	-0.10E+04
1.541	0.414544	-0.10E+04
1.544	0.415221	-0.10E+04
1.547	0.415221	-0.10E+04
1.55	0.415221	-0.10E+04
1.553	0.415221	-0.10E+04
1.556	0.415221	-0.10E+04
1.559	0.415221	-0.10E+04
1.562	0.415897	-0.10E+04
1.565	0.416236	-0.10E+04
1.568	0.416236	-0.10E+04
1.571	0.416236	-0.10E+04
1.574	0.416236	-0.10E+04
1.577	0.416913	-0.10E+04
1.58	0.417251	-0.10E+04
1.583	0.417251	-0.10E+04
1.586	0.417251	-0.10E+04
1.589	0.417251	-0.10E+04
1.592	0.417928	-0.10E+04
1.595	0.418266	-0.10E+04
1.598	0.418266	-0.10E+04
1.601	0.418605	-0.10E+04
1.604	0.419281	-0.10E+04
1.607	0.419958	-0.10E+04
1.61	0.420297	-0.10E+04
1.613	0.420297	-0.10E+04
1.616	0.420297	-0.10E+04
1.619	0.420297	-0.10E+04
1.622	0.420297	-0.10E+04
1.625	0.420297	-0.10E+04
1.628	0.419281	-0.10E+04
1.631	0.419958	-0.10E+04
1.634	0.421312	-0.10E+04
1.637	0.421312	-0.10E+04
1.64	0.421312	-0.10E+04
1.643	0.422327	-0.10E+04
1.646	0.422327	-0.10E+04
1.649	0.422327	-0.10E+04
1.652	0.422327	-0.10E+04
1.655	0.422327	-0.10E+04
1.658	0.422327	-0.10E+04
1.661	0.422327	-0.10E+04
1.664	0.422327	-0.10E+04
1.667	0.423004	-0.10E+04
1.67	0.423342	-0.10E+04
1.673	0.423342	-0.10E+04
1.676	0.423681	-0.10E+04
1.679	0.424357	-0.10E+04
1.682	0.424357	-0.10E+04
1.685	0.424357	-0.10E+04
1.688	0.424357	-0.10E+04
1.691	0.424357	-0.10E+04
1.694	0.424357	-0.10E+04
1.697	0.424357	-0.10E+04
1.7	0.424357	-0.10E+04
1.703	0.424357	-0.10E+04
1.706	0.424357	-0.10E+04
1.709	0.424357	-0.10E+04
1.712	0.425034	-0.10E+04
1.715	0.425373	-0.10E+04
1.718	0.425373	-0.10E+04
1.721	0.425373	-0.10E+04
1.724	0.425373	-0.10E+04
1.727	0.425373	-0.10E+04
1.73	0.425373	-0.10E+04
1.733	0.426388	-0.10E+04
1.736	0.426726	-0.10E+04
1.739	0.427403	-0.10E+04
1.742	0.427403	-0.10E+04
1.745	0.427403	-0.10E+04
1.748	0.427403	-0.10E+04
1.751	0.427403	-0.10E+04
1.754	0.427403	-0.10E+04
1.757	0.427403	-0.10E+04
1.76	0.427403	-0.10E+04
1.763	0.428418	-0.10E+04
1.766	0.428418	-0.10E+04
1.769	0.428418	-0.10E+04
1.772	0.429095	-0.10E+04
1.775	0.429433	-0.10E+04
1.778	0.430449	-0.10E+04
1.781	0.430449	-0.10E+04
1.784	0.430449	-0.10E+04
1.787	0.430449	-0.10E+04
1.79	0.430449	-0.10E+04
1.793	0.430449	-0.10E+04
1.796	0.430449	-0.10E+04
1.799	0.430449	-0.10E+04
1.802	0.430449	-0.10E+04
1.805	0.430449	-0.10E+04
1.808	0.431464	-0.10E+04
1.811	0.431802	-0.10E+04
1.814	0.432479	-0.10E+04
1.817	0.432479	-0.10E+04
1.82	0.432479	-0.10E+04
1.823	0.432479	-0.10E+04
1.826	0.432479	-0.10E+04
1.829	0.432479	-0.10E+04
1.832	0.433156	-0.10E+04
1.835	0.433494	-0.10E+04
1.838	0.433494	-0.10E+04
1.841	0.433494	-0.10E+04
1.844	0.433494	-0.10E+04
1.847	0.433494	-0.10E+04
1.85	0.433494	-0.10E+04
1.853	0.434509	-0.10E+04
1.856	0.434509	-0.10E+04
1.859	0.434509	-0.10E+04
1.862	0.435186	-0.10E+04
1.865	0.435525	-0.10E+04
1.868	0.435525	-0.10E+04
1.871	0.436202	-0.10E+04
1.874	0.437555	-0.10E+04
1.877	0.437555	-0.10E+04
1.88	0.437555	-0.10E+04
1.883	0.437555	-0.10E+04
1.886	0.437894	-0.10E+04
1.889	0.438570	-0.10E+04
1.892	0.439247	-0.10E+04
1.895	0.439586	-0.10E+04
1.898	0.439586	-0.10E+04
1.901	0.439924	-0.10E+04
1.904	0.440601	-0.10E+04
1.907	0.440601	-0.10E+04
1.91	0.440601	-0.10E+04
1.913	0.440601	-0.10E+04
1.916	0.440939	-0.10E+04
1.919	0.441616	-0.10E+04
1.922	0.441616	-0.10E+04
1.925	0.441616	-0.10E+04
1.928	0.441616	-0.10E+04
1.931	0.441616	-0.10E+04
1.934	0.441616	-0.10E+04
1.937	0.442293	-0.10E+04
1.94	0.442631	-0.10E+04
1.943	0.442631	-0.10E+04
1.946	0.442631	-0.10E+04
1.949	0.442631	-0.10E+04
1.952	0.443308	-0.10E+04
1.955	0.443646	-0.10E+04
1.958	0.443646	-0.10E+04
1.961	0.443646	-0.10E+04
1.964	0.443646	-0.10E+04
1.967	0.443646	-0.10E+04
1.97	0.443646	-0.10E+04
1.973	0.445677	-0.10E+04
1.976	0.445677	-0.10E+04
1.979	0.445677	-0.10E+04
1.982	0.445677	-0.10E+04
1.985	0.445677	-0.10E+04
1.988	0.445677	-0.10E+04
1.991	0.445677	-0.10E+04
1.994	0.445677	-0.10E+04
1.997	0.446354	-0.10E+04
2	0.446692	-0.10E+04
2.003	0.447707	-0.10E+04
2.006	0.447707	-0.10E+04
2.009	0.447707	-0.10E+04
2.012	0.448384	-0.10E+04
2.015	0.448722	-0.10E+04
2.018	0.449738	-0.10E+04
2.021	0.449738	-0.10E+04
2.024	0.449738	-0.10E+04
2.027	0.449738	-0.10E+04
2.03	0.449738	-0.10E+04
2.033	0.450753	-0.10E+04
2.036	0.450753	-0.10E+04
2.039	0.450753	-0.10E+04
2.042	0.451430	-0.10E+04
2.045	0.451768	-0.10E+04
2.048	0.452783	-0.10E+04
2.051	0.452783	-0.10E+04
2.054	0.452783	-0.10E+04
2.057	0.452783	-0.10E+04
2.06	0.452783	-0.10E+04
2.063	0.452783	-0.10E+04
2.066	0.453122	-0.10E+04
2.069	0.453798	-0.10E+04
2.072	0.454475	-0.10E+04
2.075	0.454814	-0.10E+04
2.078	0.455829	-0.10E+04
2.081	0.455829	-0.10E+04
2.084	0.455829	-0.10E+04
2.087	0.456506	-0.10E+04
2.09	0.456844	-0.10E+04
2.093	0.456844	-0.10E+04
2.096	0.457182	-0.10E+04
2.099	0.457859	-0.10E+04
2.102	0.457859	-0.10E+04
2.105	0.457859	-0.10E+04
2.108	0.458874	-0.10E+04
2.111	0.459213	-0.10E+04
2.114	0.459890	-0.10E+04
2.117	0.459890	-0.10E+04
2.12	0.459890	-0.10E+04
2.123	0.460905	-0.10E+04
2.126	0.460905	-0.10E+04
2.129	0.460905	-0.10E+04
2.132	0.460905	-0.10E+04
2.135	0.460905	-0.10E+04
2.138	0.461920	-0.10E+04
2.141	0.462259	-0.10E+04
2.144	0.462935	-0.10E+04
2.147	0.462935	-0.10E+04
2.15	0.462935	-0.10E+04
2.153	0.462935	-0.10E+04
2.156	0.463274	-0.10E+04
2.159	0.463951	-0.10E+04
2.162	0.464627	-0.10E+04
2.165	0.464966	-0.10E+04
2.168	0.465981	-0.10E+04
2.171	0.465981	-0.10E+04
2.174	0.465981	-0.10E+04
2.177	0.466658	-0.10E+04
2.18	0.466996	-0.10E+04
2.183	0.466996	-0.10E+04
2.186	0.467335	-0.10E+04
2.189	0.468011	-0.10E+04
2.192	0.468688	-0.10E+04
2.195	0.469027	-0.10E+04
2.198	0.469027	-0.10E+04
2.201	0.469365	-0.10E+04
2.204	0.470042	-0.10E+04
2.207	0.470042	-0.10E+04
2.21	0.470042	-0.10E+04
2.213	0.470042	-0.10E+04
2.216	0.470380	-0.10E+04
2.219	0.471057	-0.10E+04
2.222	0.471057	-0.10E+04
2.225	0.471057	-0.10E+04
2.228	0.472072	-0.10E+04
2.231	0.472749	-0.10E+04
2.234	0.474103	-0.10E+04
2.237	0.474779	-0.10E+04
2.24	0.475118	-0.10E+04
2.243	0.475118	-0.10E+04
2.246	0.475118	-0.10E+04
2.249	0.475118	-0.10E+04
2.252	0.475795	-0.10E+04
2.255	0.476133	-0.10E+04
2.258	0.477148	-0.10E+04
2.261	0.477487	-0.10E+04
2.264	0.478163	-0.10E+04
2.267	0.478163	-0.10E+04
2.27	0.478163	-0.10E+04
2.273	0.479179	-0.10E+04
2.276	0.479517	-0.10E+04
2.279	0.480194	-0.10E+04
2.282	0.480871	-0.10E+04
2.285	0.481209	-0.10E+04
2.288	0.482224	-0.10E+04
2.291	0.482224	-0.10E+04
2.294	0.482224	-0.10E+04
2.297	0.482901	-0.10E+04
2.3	0.483240	-0.10E+04
2.303	0.483240	-0.10E+04
2.306	0.483916	-0.10E+04
2.309	0.485270	-0.10E+04
2.312	0.485270	-0.10E+04
2.315	0.485270	-0.10E+04
2.318	0.486285	-0.10E+04
2.321	0.486624	-0.10E+04
2.324	0.487300	-0.10E+04
2.327	0.487300	-0.10E+04
2.33	0.487300	-0.10E+04
2.333	0.488316	-0.10E+04
2.336	0.488654	-0.10E+04
2.339	0.489331	-0.10E+04
2.342	0.489331	-0.10E+04
2.345	0.489331	-0.10E+04
2.348	0.490346	-0.10E+04
2.351	0.490684	-0.10E+04
2.354	0.491361	-0.10E+04
2.357	0.491361	-0.10E+04
2.36	0.491361	-0.10E+04
2.363	0.491361	-0.10E+04
2.366	0.491700	-0.10E+04
2.369	0.492376	-0.10E+04
2.372	0.492376	-0.10E+04
2.375	0.492376	-0.10E+04
2.378	0.492376	-0.10E+04
2.381	0.492715	-0.10E+04
2.384	0.493392	-0.10E+04
2.387	0.494068	-0.10E+04
2.39	0.494407	-0.10E+04
2.393	0.495422	-0.10E+04
2.396	0.495422	-0.10E+04
2.399	0.495422	-0.10E+04
2.402	0.496099	-0.10E+04
2.405	0.496437	-0.10E+04
2.408	0.496437	-0.10E+04
2.411	0.496776	-0.10E+04
2.414	0.497452	-0.10E+04
2.417	0.498129	-0.10E+04
2.42	0.498468	-0.10E+04
2.423	0.498468	-0.10E+04
2.426	0.498806	-0.10E+04
2.429	0.499483	-0.10E+04
2.432	0.500160	-0.10E+04
2.435	0.500498	-0.10E+04
2.438	0.500498	-0.10E+04
2.441	0.500836	-0.10E+04
2.444	0.501513	-0.10E+04
2.447	0.501513	-0.10E+04
2.45	0.501513	-0.10E+04
2.453	0.503544	-0.10E+04
2.456	0.503544	-0.10E+04
2.459	0.503544	-0.10E+04
2.462	0.504220	-0.10E+04
2.465	0.504559	-0.10E+04
2.468	0.504559	-0.10E+04
2.471	0.504897	-0.10E+04
2.474	0.505574	-0.10E+04
2.477	0.506251	-0.10E+04
2.48	0.506589	-0.10E+04
2.483	0.508620	-0.10E+04
2.486	0.508620	-0.10E+04
2.489	0.508620	-0.10E+04
2.492	0.508620	-0.10E+04
2.495	0.508620	-0.10E+04
2.498	0.508620	-0.10E+04
