Brown University Keck/NASA Relab Spectrum LS-JBA-104/wls119
Wavelength(micron)	Reflectance	Standard Deviation
0.35	0.153200	-0.10E+04
0.353	0.155067	-0.10E+04
0.356	0.155833	-0.10E+04
0.359	0.157900	-0.10E+04
0.362	0.159067	-0.10E+04
0.365	0.160467	-0.10E+04
0.368	0.161633	-0.10E+04
0.371	0.163367	-0.10E+04
0.374	0.166133	-0.10E+04
0.377	0.168267	-0.10E+04
0.38	0.168633	-0.10E+04
0.383	0.168933	-0.10E+04
0.386	0.169767	-0.10E+04
0.389	0.171533	-0.10E+04
0.392	0.174100	-0.10E+04
0.395	0.174900	-0.10E+04
0.398	0.175400	-0.10E+04
0.401	0.177633	-0.10E+04
0.404	0.180000	-0.10E+04
0.407	0.181733	-0.10E+04
0.41	0.182500	-0.10E+04
0.413	0.182567	-0.10E+04
0.416	0.183633	-0.10E+04
0.419	0.184300	-0.10E+04
0.422	0.185733	-0.10E+04
0.425	0.185567	-0.10E+04
0.428	0.185133	-0.10E+04
0.431	0.185967	-0.10E+04
0.434	0.188700	-0.10E+04
0.437	0.190033	-0.10E+04
0.44	0.191333	-0.10E+04
0.443	0.190833	-0.10E+04
0.446	0.191100	-0.10E+04
0.449	0.190633	-0.10E+04
0.452	0.191733	-0.10E+04
0.455	0.193333	-0.10E+04
0.458	0.194733	-0.10E+04
0.461	0.195700	-0.10E+04
0.464	0.196067	-0.10E+04
0.467	0.196767	-0.10E+04
0.47	0.196967	-0.10E+04
0.473	0.197100	-0.10E+04
0.476	0.197800	-0.10E+04
0.479	0.198200	-0.10E+04
0.482	0.199067	-0.10E+04
0.485	0.199833	-0.10E+04
0.488	0.200000	-0.10E+04
0.491	0.198867	-0.10E+04
0.494	0.199733	-0.10E+04
0.497	0.201033	-0.10E+04
0.5	0.200967	-0.10E+04
0.503	0.200433	-0.10E+04
0.506	0.200867	-0.10E+04
0.509	0.203367	-0.10E+04
0.512	0.205767	-0.10E+04
0.515	0.207233	-0.10E+04
0.518	0.210033	-0.10E+04
0.521	0.210067	-0.10E+04
0.524	0.210367	-0.10E+04
0.527	0.212133	-0.10E+04
0.53	0.212667	-0.10E+04
0.533	0.212767	-0.10E+04
0.536	0.213167	-0.10E+04
0.539	0.215233	-0.10E+04
0.542	0.216567	-0.10E+04
0.545	0.217267	-0.10E+04
0.548	0.217767	-0.10E+04
0.551	0.219767	-0.10E+04
0.554	0.221200	-0.10E+04
0.557	0.221867	-0.10E+04
0.56	0.221933	-0.10E+04
0.563	0.222133	-0.10E+04
0.566	0.223633	-0.10E+04
0.569	0.225900	-0.10E+04
0.572	0.226500	-0.10E+04
0.575	0.226700	-0.10E+04
0.578	0.228200	-0.10E+04
0.581	0.229167	-0.10E+04
0.584	0.229200	-0.10E+04
0.587	0.230400	-0.10E+04
0.59	0.230767	-0.10E+04
0.593	0.231967	-0.10E+04
0.596	0.234067	-0.10E+04
0.599	0.233833	-0.10E+04
0.602	0.232400	-0.10E+04
0.605	0.233100	-0.10E+04
0.608	0.233867	-0.10E+04
0.611	0.235133	-0.10E+04
0.614	0.233700	-0.10E+04
0.617	0.236133	-0.10E+04
0.62	0.237200	-0.10E+04
0.623	0.236733	-0.10E+04
0.626	0.237867	-0.10E+04
0.629	0.237167	-0.10E+04
0.632	0.237100	-0.10E+04
0.635	0.237900	-0.10E+04
0.638	0.238967	-0.10E+04
0.641	0.239300	-0.10E+04
0.644	0.241967	-0.10E+04
0.647	0.242767	-0.10E+04
0.65	0.241267	-0.10E+04
0.653	0.241633	-0.10E+04
0.656	0.242533	-0.10E+04
0.659	0.240100	-0.10E+04
0.662	0.242000	-0.10E+04
0.665	0.245467	-0.10E+04
0.668	0.247300	-0.10E+04
0.671	0.248167	-0.10E+04
0.674	0.249133	-0.10E+04
0.677	0.248800	-0.10E+04
0.68	0.249800	-0.10E+04
0.683	0.252567	-0.10E+04
0.686	0.253667	-0.10E+04
0.689	0.251800	-0.10E+04
0.692	0.256200	-0.10E+04
0.695	0.259167	-0.10E+04
0.698	0.260267	-0.10E+04
0.701	0.259167	-0.10E+04
0.704	0.258233	-0.10E+04
0.707	0.260633	-0.10E+04
0.71	0.260233	-0.10E+04
0.713	0.260633	-0.10E+04
0.716	0.263200	-0.10E+04
0.719	0.264633	-0.10E+04
0.722	0.260967	-0.10E+04
0.725	0.258300	-0.10E+04
0.728	0.258267	-0.10E+04
0.731	0.257500	-0.10E+04
0.734	0.260967	-0.10E+04
0.737	0.262200	-0.10E+04
0.74	0.261933	-0.10E+04
0.743	0.263567	-0.10E+04
0.746	0.262100	-0.10E+04
0.749	0.259133	-0.10E+04
0.752	0.255300	-0.10E+04
0.755	0.251800	-0.10E+04
0.758	0.247933	-0.10E+04
0.761	0.247467	-0.10E+04
0.764	0.247067	-0.10E+04
0.767	0.245333	-0.10E+04
0.77	0.245000	-0.10E+04
0.773	0.242833	-0.10E+04
0.776	0.240100	-0.10E+04
0.779	0.237200	-0.10E+04
0.782	0.236767	-0.10E+04
0.785	0.234433	-0.10E+04
0.788	0.232467	-0.10E+04
0.791	0.232167	-0.10E+04
0.794	0.230433	-0.10E+04
0.797	0.226033	-0.10E+04
0.8	0.220333	-0.10E+04
0.803	0.219100	-0.10E+04
0.806	0.218100	-0.10E+04
0.809	0.217167	-0.10E+04
0.812	0.213033	-0.10E+04
0.815	0.211167	-0.10E+04
0.818	0.206833	-0.10E+04
0.821	0.200433	-0.10E+04
0.824	0.198333	-0.10E+04
0.827	0.196167	-0.10E+04
0.83	0.193533	-0.10E+04
0.833	0.192200	-0.10E+04
0.836	0.191433	-0.10E+04
0.839	0.190733	-0.10E+04
0.842	0.189967	-0.10E+04
0.845	0.186733	-0.10E+04
0.848	0.181833	-0.10E+04
0.851	0.180567	-0.10E+04
0.854	0.179433	-0.10E+04
0.857	0.174700	-0.10E+04
0.86	0.172833	-0.10E+04
0.863	0.171200	-0.10E+04
0.866	0.169633	-0.10E+04
0.869	0.170633	-0.10E+04
0.872	0.170900	-0.10E+04
0.875	0.170067	-0.10E+04
0.878	0.170133	-0.10E+04
0.881	0.170267	-0.10E+04
0.884	0.168767	-0.10E+04
0.887	0.167300	-0.10E+04
0.89	0.164200	-0.10E+04
0.893	0.165233	-0.10E+04
0.896	0.164267	-0.10E+04
0.899	0.162400	-0.10E+04
0.902	0.160233	-0.10E+04
0.905	0.156033	-0.10E+04
0.908	0.156233	-0.10E+04
0.911	0.156200	-0.10E+04
0.914	0.154967	-0.10E+04
0.917	0.153200	-0.10E+04
0.92	0.154000	-0.10E+04
0.923	0.156733	-0.10E+04
0.926	0.158067	-0.10E+04
0.929	0.158533	-0.10E+04
0.932	0.159467	-0.10E+04
0.935	0.159300	-0.10E+04
0.938	0.156667	-0.10E+04
0.941	0.157167	-0.10E+04
0.944	0.156933	-0.10E+04
0.947	0.156567	-0.10E+04
0.95	0.153933	-0.10E+04
0.953	0.152133	-0.10E+04
0.956	0.151433	-0.10E+04
0.959	0.153733	-0.10E+04
0.962	0.154933	-0.10E+04
0.965	0.154600	-0.10E+04
0.968	0.154800	-0.10E+04
0.971	0.152667	-0.10E+04
0.974	0.152567	-0.10E+04
0.977	0.153600	-0.10E+04
0.98	0.152267	-0.10E+04
0.983	0.150533	-0.10E+04
0.986	0.150233	-0.10E+04
0.989	0.151433	-0.10E+04
0.992	0.151433	-0.10E+04
0.995	0.152600	-0.10E+04
0.998	0.153800	-0.10E+04
1.001	0.155633	-0.10E+04
1.004	0.157333	-0.10E+04
1.007	0.159833	-0.10E+04
1.01	0.161533	-0.10E+04
1.013	0.162633	-0.10E+04
1.016	0.162067	-0.10E+04
1.019	0.160967	-0.10E+04
1.022	0.161667	-0.10E+04
1.025	0.162633	-0.10E+04
1.028	0.162133	-0.10E+04
1.031	0.163933	-0.10E+04
1.034	0.164567	-0.10E+04
1.037	0.169233	-0.10E+04
1.04	0.171900	-0.10E+04
1.043	0.171333	-0.10E+04
1.046	0.168667	-0.10E+04
1.049	0.170333	-0.10E+04
1.052	0.170000	-0.10E+04
1.055	0.170967	-0.10E+04
1.058	0.175367	-0.10E+04
1.061	0.176067	-0.10E+04
1.064	0.176300	-0.10E+04
1.067	0.177833	-0.10E+04
1.07	0.177967	-0.10E+04
1.073	0.177400	-0.10E+04
1.076	0.177900	-0.10E+04
1.079	0.178067	-0.10E+04
1.082	0.178433	-0.10E+04
1.085	0.182000	-0.10E+04
1.088	0.183300	-0.10E+04
1.091	0.187567	-0.10E+04
1.094	0.188767	-0.10E+04
1.097	0.190833	-0.10E+04
1.1	0.193267	-0.10E+04
1.103	0.194967	-0.10E+04
1.106	0.196833	-0.10E+04
1.109	0.196400	-0.10E+04
1.112	0.197367	-0.10E+04
1.115	0.201933	-0.10E+04
1.118	0.201600	-0.10E+04
1.121	0.203433	-0.10E+04
1.124	0.204600	-0.10E+04
1.127	0.207433	-0.10E+04
1.13	0.209667	-0.10E+04
1.133	0.210200	-0.10E+04
1.136	0.210133	-0.10E+04
1.139	0.208033	-0.10E+04
1.142	0.211067	-0.10E+04
1.145	0.212000	-0.10E+04
1.148	0.211700	-0.10E+04
1.151	0.211933	-0.10E+04
1.154	0.211100	-0.10E+04
1.157	0.213467	-0.10E+04
1.16	0.215900	-0.10E+04
1.163	0.216567	-0.10E+04
1.166	0.220567	-0.10E+04
1.169	0.221733	-0.10E+04
1.172	0.221300	-0.10E+04
1.175	0.221367	-0.10E+04
1.178	0.223733	-0.10E+04
1.181	0.225900	-0.10E+04
1.184	0.226200	-0.10E+04
1.187	0.225967	-0.10E+04
1.19	0.225500	-0.10E+04
1.193	0.225167	-0.10E+04
1.196	0.226167	-0.10E+04
1.199	0.225233	-0.10E+04
1.202	0.224467	-0.10E+04
1.205	0.227700	-0.10E+04
1.208	0.226900	-0.10E+04
1.211	0.226033	-0.10E+04
1.214	0.226400	-0.10E+04
1.217	0.228800	-0.10E+04
1.22	0.230733	-0.10E+04
1.223	0.230667	-0.10E+04
1.226	0.231300	-0.10E+04
1.229	0.234033	-0.10E+04
1.232	0.233533	-0.10E+04
1.235	0.234400	-0.10E+04
1.238	0.235333	-0.10E+04
1.241	0.237200	-0.10E+04
1.244	0.238000	-0.10E+04
1.247	0.236700	-0.10E+04
1.25	0.235300	-0.10E+04
1.253	0.235967	-0.10E+04
1.256	0.235767	-0.10E+04
1.259	0.238467	-0.10E+04
1.262	0.238733	-0.10E+04
1.265	0.239567	-0.10E+04
1.268	0.240200	-0.10E+04
1.271	0.241700	-0.10E+04
1.274	0.240833	-0.10E+04
1.277	0.241933	-0.10E+04
1.28	0.242633	-0.10E+04
1.283	0.244233	-0.10E+04
1.286	0.244667	-0.10E+04
1.289	0.243433	-0.10E+04
1.292	0.243867	-0.10E+04
1.295	0.244567	-0.10E+04
1.298	0.245967	-0.10E+04
1.301	0.245167	-0.10E+04
1.304	0.245500	-0.10E+04
1.307	0.247367	-0.10E+04
1.31	0.248300	-0.10E+04
1.313	0.248333	-0.10E+04
1.316	0.248267	-0.10E+04
1.319	0.250333	-0.10E+04
1.322	0.251500	-0.10E+04
1.325	0.251067	-0.10E+04
1.328	0.251000	-0.10E+04
1.331	0.254167	-0.10E+04
1.334	0.255433	-0.10E+04
1.337	0.255700	-0.10E+04
1.34	0.256733	-0.10E+04
1.343	0.256800	-0.10E+04
1.346	0.257233	-0.10E+04
1.349	0.258500	-0.10E+04
1.352	0.258067	-0.10E+04
1.355	0.258000	-0.10E+04
1.358	0.260067	-0.10E+04
1.361	0.261433	-0.10E+04
1.364	0.263933	-0.10E+04
1.367	0.264600	-0.10E+04
1.37	0.263967	-0.10E+04
1.373	0.263000	-0.10E+04
1.376	0.263733	-0.10E+04
1.379	0.265867	-0.10E+04
1.382	0.267333	-0.10E+04
1.385	0.267600	-0.10E+04
1.388	0.267700	-0.10E+04
1.391	0.267000	-0.10E+04
1.394	0.269567	-0.10E+04
1.397	0.271600	-0.10E+04
1.4	0.272633	-0.10E+04
1.403	0.271367	-0.10E+04
1.406	0.271800	-0.10E+04
1.409	0.273833	-0.10E+04
1.412	0.273600	-0.10E+04
1.415	0.272267	-0.10E+04
1.418	0.273600	-0.10E+04
1.421	0.274933	-0.10E+04
1.424	0.276100	-0.10E+04
1.427	0.276667	-0.10E+04
1.43	0.275800	-0.10E+04
1.433	0.277333	-0.10E+04
1.436	0.280933	-0.10E+04
1.439	0.282600	-0.10E+04
1.442	0.283200	-0.10E+04
1.445	0.282733	-0.10E+04
1.448	0.283667	-0.10E+04
1.451	0.282400	-0.10E+04
1.454	0.281267	-0.10E+04
1.457	0.282367	-0.10E+04
1.46	0.283000	-0.10E+04
1.463	0.281133	-0.10E+04
1.466	0.282500	-0.10E+04
1.469	0.285733	-0.10E+04
1.472	0.286467	-0.10E+04
1.475	0.287100	-0.10E+04
1.478	0.289333	-0.10E+04
1.481	0.286067	-0.10E+04
1.484	0.284133	-0.10E+04
1.487	0.285200	-0.10E+04
1.49	0.286633	-0.10E+04
1.493	0.287767	-0.10E+04
1.496	0.288000	-0.10E+04
1.499	0.288967	-0.10E+04
1.502	0.286467	-0.10E+04
1.505	0.286300	-0.10E+04
1.508	0.288167	-0.10E+04
1.511	0.288700	-0.10E+04
1.514	0.288900	-0.10E+04
1.517	0.289633	-0.10E+04
1.52	0.289067	-0.10E+04
1.523	0.288833	-0.10E+04
1.526	0.288400	-0.10E+04
1.529	0.287600	-0.10E+04
1.532	0.286400	-0.10E+04
1.535	0.287367	-0.10E+04
1.538	0.287833	-0.10E+04
1.541	0.288367	-0.10E+04
1.544	0.285533	-0.10E+04
1.547	0.283733	-0.10E+04
1.55	0.286833	-0.10E+04
1.553	0.285600	-0.10E+04
1.556	0.285433	-0.10E+04
1.559	0.287100	-0.10E+04
1.562	0.287133	-0.10E+04
1.565	0.288067	-0.10E+04
1.568	0.288233	-0.10E+04
1.571	0.286300	-0.10E+04
1.574	0.286500	-0.10E+04
1.577	0.286167	-0.10E+04
1.58	0.284900	-0.10E+04
1.583	0.282600	-0.10E+04
1.586	0.282000	-0.10E+04
1.589	0.280767	-0.10E+04
1.592	0.280500	-0.10E+04
1.595	0.281300	-0.10E+04
1.598	0.279767	-0.10E+04
1.601	0.277200	-0.10E+04
1.604	0.276667	-0.10E+04
1.607	0.275867	-0.10E+04
1.61	0.276967	-0.10E+04
1.613	0.277833	-0.10E+04
1.616	0.278100	-0.10E+04
1.619	0.276100	-0.10E+04
1.622	0.273700	-0.10E+04
1.625	0.273200	-0.10E+04
1.628	0.271167	-0.10E+04
1.631	0.270567	-0.10E+04
1.634	0.268667	-0.10E+04
1.637	0.266967	-0.10E+04
1.64	0.266833	-0.10E+04
1.643	0.267433	-0.10E+04
1.646	0.267467	-0.10E+04
1.649	0.266800	-0.10E+04
1.652	0.265600	-0.10E+04
1.655	0.265033	-0.10E+04
1.658	0.264133	-0.10E+04
1.661	0.264600	-0.10E+04
1.664	0.263767	-0.10E+04
1.667	0.264000	-0.10E+04
1.67	0.264200	-0.10E+04
1.673	0.262133	-0.10E+04
1.676	0.262833	-0.10E+04
1.679	0.262667	-0.10E+04
1.682	0.259300	-0.10E+04
1.685	0.259567	-0.10E+04
1.688	0.257200	-0.10E+04
1.691	0.257300	-0.10E+04
1.694	0.257633	-0.10E+04
1.697	0.258733	-0.10E+04
1.7	0.256000	-0.10E+04
1.703	0.253667	-0.10E+04
1.706	0.253167	-0.10E+04
1.709	0.253300	-0.10E+04
1.712	0.253300	-0.10E+04
1.715	0.253233	-0.10E+04
1.718	0.251900	-0.10E+04
1.721	0.250867	-0.10E+04
1.724	0.251067	-0.10E+04
1.727	0.249233	-0.10E+04
1.73	0.247033	-0.10E+04
1.733	0.246533	-0.10E+04
1.736	0.245200	-0.10E+04
1.739	0.247167	-0.10E+04
1.742	0.246333	-0.10E+04
1.745	0.244833	-0.10E+04
1.748	0.244400	-0.10E+04
1.751	0.245000	-0.10E+04
1.754	0.244133	-0.10E+04
1.757	0.242767	-0.10E+04
1.76	0.241667	-0.10E+04
1.763	0.241533	-0.10E+04
1.766	0.241467	-0.10E+04
1.769	0.239167	-0.10E+04
1.772	0.238800	-0.10E+04
1.775	0.239300	-0.10E+04
1.778	0.239233	-0.10E+04
1.781	0.238667	-0.10E+04
1.784	0.237767	-0.10E+04
1.787	0.239400	-0.10E+04
1.79	0.236900	-0.10E+04
1.793	0.236033	-0.10E+04
1.796	0.234200	-0.10E+04
1.799	0.233200	-0.10E+04
1.802	0.234400	-0.10E+04
1.805	0.233767	-0.10E+04
1.808	0.233100	-0.10E+04
1.811	0.233567	-0.10E+04
1.814	0.233600	-0.10E+04
1.817	0.230333	-0.10E+04
1.82	0.226367	-0.10E+04
1.823	0.224933	-0.10E+04
1.826	0.223000	-0.10E+04
1.829	0.224533	-0.10E+04
1.832	0.226433	-0.10E+04
1.835	0.224267	-0.10E+04
1.838	0.223767	-0.10E+04
1.841	0.226100	-0.10E+04
1.844	0.225200	-0.10E+04
1.847	0.224900	-0.10E+04
1.85	0.223533	-0.10E+04
1.853	0.222667	-0.10E+04
1.856	0.222567	-0.10E+04
1.859	0.222933	-0.10E+04
1.862	0.223300	-0.10E+04
1.865	0.223067	-0.10E+04
1.868	0.222667	-0.10E+04
1.871	0.221967	-0.10E+04
1.874	0.220967	-0.10E+04
1.877	0.222200	-0.10E+04
1.88	0.221967	-0.10E+04
1.883	0.220900	-0.10E+04
1.886	0.218767	-0.10E+04
1.889	0.217667	-0.10E+04
1.892	0.215833	-0.10E+04
1.895	0.215100	-0.10E+04
1.898	0.214700	-0.10E+04
1.901	0.216000	-0.10E+04
1.904	0.215800	-0.10E+04
1.907	0.214767	-0.10E+04
1.91	0.214333	-0.10E+04
1.913	0.213767	-0.10E+04
1.916	0.213333	-0.10E+04
1.919	0.213400	-0.10E+04
1.922	0.214367	-0.10E+04
1.925	0.215300	-0.10E+04
1.928	0.214233	-0.10E+04
1.931	0.213333	-0.10E+04
1.934	0.214267	-0.10E+04
1.937	0.214533	-0.10E+04
1.94	0.213133	-0.10E+04
1.943	0.212967	-0.10E+04
1.946	0.212833	-0.10E+04
1.949	0.211433	-0.10E+04
1.952	0.212933	-0.10E+04
1.955	0.212933	-0.10E+04
1.958	0.212667	-0.10E+04
1.961	0.210733	-0.10E+04
1.964	0.208233	-0.10E+04
1.967	0.208900	-0.10E+04
1.97	0.208700	-0.10E+04
1.973	0.208467	-0.10E+04
1.976	0.208100	-0.10E+04
1.979	0.209633	-0.10E+04
1.982	0.207300	-0.10E+04
1.985	0.208367	-0.10E+04
1.988	0.208967	-0.10E+04
1.991	0.209033	-0.10E+04
1.994	0.210967	-0.10E+04
1.997	0.208567	-0.10E+04
2	0.206833	-0.10E+04
2.003	0.208900	-0.10E+04
2.006	0.210367	-0.10E+04
2.009	0.210000	-0.10E+04
2.012	0.209633	-0.10E+04
2.015	0.210667	-0.10E+04
2.018	0.209867	-0.10E+04
2.021	0.206067	-0.10E+04
2.024	0.204700	-0.10E+04
2.027	0.206000	-0.10E+04
2.03	0.205233	-0.10E+04
2.033	0.202867	-0.10E+04
2.036	0.203133	-0.10E+04
2.039	0.206200	-0.10E+04
2.042	0.206567	-0.10E+04
2.045	0.205800	-0.10E+04
2.048	0.206800	-0.10E+04
2.051	0.206933	-0.10E+04
2.054	0.207700	-0.10E+04
2.057	0.206733	-0.10E+04
2.06	0.205933	-0.10E+04
2.063	0.208033	-0.10E+04
2.066	0.209467	-0.10E+04
2.069	0.210633	-0.10E+04
2.072	0.210733	-0.10E+04
2.075	0.207767	-0.10E+04
2.078	0.207433	-0.10E+04
2.081	0.209500	-0.10E+04
2.084	0.210267	-0.10E+04
2.087	0.210267	-0.10E+04
2.09	0.208633	-0.10E+04
2.093	0.208167	-0.10E+04
2.096	0.209033	-0.10E+04
2.099	0.208633	-0.10E+04
2.102	0.208300	-0.10E+04
2.105	0.207333	-0.10E+04
2.108	0.205767	-0.10E+04
2.111	0.207400	-0.10E+04
2.114	0.208967	-0.10E+04
2.117	0.208767	-0.10E+04
2.12	0.208000	-0.10E+04
2.123	0.205433	-0.10E+04
2.126	0.205767	-0.10E+04
2.129	0.206267	-0.10E+04
2.132	0.207133	-0.10E+04
2.135	0.206533	-0.10E+04
2.138	0.206600	-0.10E+04
2.141	0.207867	-0.10E+04
2.144	0.209233	-0.10E+04
2.147	0.210233	-0.10E+04
2.15	0.211400	-0.10E+04
2.153	0.211133	-0.10E+04
2.156	0.212633	-0.10E+04
2.159	0.211333	-0.10E+04
2.162	0.209467	-0.10E+04
2.165	0.209867	-0.10E+04
2.168	0.207867	-0.10E+04
2.171	0.209167	-0.10E+04
2.174	0.209300	-0.10E+04
2.177	0.209533	-0.10E+04
2.18	0.210600	-0.10E+04
2.183	0.211867	-0.10E+04
2.186	0.213967	-0.10E+04
2.189	0.213400	-0.10E+04
2.192	0.213000	-0.10E+04
2.195	0.212967	-0.10E+04
2.198	0.215000	-0.10E+04
2.201	0.215133	-0.10E+04
2.204	0.215733	-0.10E+04
2.207	0.215933	-0.10E+04
2.21	0.216200	-0.10E+04
2.213	0.214200	-0.10E+04
2.216	0.216167	-0.10E+04
2.219	0.215267	-0.10E+04
2.222	0.215533	-0.10E+04
2.225	0.217100	-0.10E+04
2.228	0.218267	-0.10E+04
2.231	0.220867	-0.10E+04
2.234	0.218900	-0.10E+04
2.237	0.219100	-0.10E+04
2.24	0.220000	-0.10E+04
2.243	0.220033	-0.10E+04
2.246	0.220333	-0.10E+04
2.249	0.220633	-0.10E+04
2.252	0.218500	-0.10E+04
2.255	0.220700	-0.10E+04
2.258	0.223033	-0.10E+04
2.261	0.221633	-0.10E+04
2.264	0.221433	-0.10E+04
2.267	0.220967	-0.10E+04
2.27	0.219633	-0.10E+04
2.273	0.222200	-0.10E+04
2.276	0.223600	-0.10E+04
2.279	0.225100	-0.10E+04
2.282	0.226067	-0.10E+04
2.285	0.225800	-0.10E+04
2.288	0.226500	-0.10E+04
2.291	0.226100	-0.10E+04
2.294	0.225067	-0.10E+04
2.297	0.226667	-0.10E+04
2.3	0.228467	-0.10E+04
2.303	0.225833	-0.10E+04
2.306	0.225167	-0.10E+04
2.309	0.225867	-0.10E+04
2.312	0.226300	-0.10E+04
2.315	0.225300	-0.10E+04
2.318	0.224400	-0.10E+04
2.321	0.226567	-0.10E+04
2.324	0.228733	-0.10E+04
2.327	0.231667	-0.10E+04
2.33	0.231333	-0.10E+04
2.333	0.230367	-0.10E+04
2.336	0.230800	-0.10E+04
2.339	0.231433	-0.10E+04
2.342	0.231500	-0.10E+04
2.345	0.235000	-0.10E+04
2.348	0.233600	-0.10E+04
2.351	0.234067	-0.10E+04
2.354	0.234900	-0.10E+04
2.357	0.235833	-0.10E+04
2.36	0.235800	-0.10E+04
2.363	0.238367	-0.10E+04
2.366	0.238433	-0.10E+04
2.369	0.236767	-0.10E+04
2.372	0.238467	-0.10E+04
2.375	0.240633	-0.10E+04
2.378	0.241700	-0.10E+04
2.381	0.239767	-0.10E+04
2.384	0.238033	-0.10E+04
2.387	0.238700	-0.10E+04
2.39	0.239033	-0.10E+04
2.393	0.240700	-0.10E+04
2.396	0.241000	-0.10E+04
2.399	0.242500	-0.10E+04
2.402	0.243533	-0.10E+04
2.405	0.242733	-0.10E+04
2.408	0.242967	-0.10E+04
2.411	0.244967	-0.10E+04
2.414	0.245200	-0.10E+04
2.417	0.245033	-0.10E+04
2.42	0.245067	-0.10E+04
2.423	0.246667	-0.10E+04
2.426	0.247767	-0.10E+04
2.429	0.248433	-0.10E+04
2.432	0.250800	-0.10E+04
2.435	0.253833	-0.10E+04
2.438	0.251600	-0.10E+04
2.441	0.249400	-0.10E+04
2.444	0.250267	-0.10E+04
2.447	0.251433	-0.10E+04
2.45	0.251533	-0.10E+04
2.453	0.252067	-0.10E+04
2.456	0.253800	-0.10E+04
2.459	0.256567	-0.10E+04
2.462	0.256433	-0.10E+04
2.465	0.257200	-0.10E+04
2.468	0.258300	-0.10E+04
2.471	0.256833	-0.10E+04
2.474	0.256233	-0.10E+04
2.477	0.257567	-0.10E+04
2.48	0.261033	-0.10E+04
2.483	0.262500	-0.10E+04
2.486	0.262633	-0.10E+04
2.489	0.263833	-0.10E+04
2.492	0.266033	-0.10E+04
2.495	0.265733	-0.10E+04
2.498	0.266367	-0.10E+04
