Brown University Keck/NASA Relab Spectrum LS-JBA-168-M1/wls106
Wavelength(micron)	Reflectance	Standard Deviation
0.35	0.155933	-0.10E+04
0.353	0.155767	-0.10E+04
0.356	0.156267	-0.10E+04
0.359	0.157000	-0.10E+04
0.362	0.158100	-0.10E+04
0.365	0.158400	-0.10E+04
0.368	0.158333	-0.10E+04
0.371	0.159433	-0.10E+04
0.374	0.160500	-0.10E+04
0.377	0.161967	-0.10E+04
0.38	0.161167	-0.10E+04
0.383	0.161067	-0.10E+04
0.386	0.162900	-0.10E+04
0.389	0.164100	-0.10E+04
0.392	0.163100	-0.10E+04
0.395	0.162833	-0.10E+04
0.398	0.163433	-0.10E+04
0.401	0.163800	-0.10E+04
0.404	0.164767	-0.10E+04
0.407	0.164867	-0.10E+04
0.41	0.165300	-0.10E+04
0.413	0.166300	-0.10E+04
0.416	0.165400	-0.10E+04
0.419	0.166100	-0.10E+04
0.422	0.167533	-0.10E+04
0.425	0.168200	-0.10E+04
0.428	0.168600	-0.10E+04
0.431	0.168733	-0.10E+04
0.434	0.170200	-0.10E+04
0.437	0.170367	-0.10E+04
0.44	0.171200	-0.10E+04
0.443	0.171733	-0.10E+04
0.446	0.171867	-0.10E+04
0.449	0.172167	-0.10E+04
0.452	0.172833	-0.10E+04
0.455	0.173633	-0.10E+04
0.458	0.173733	-0.10E+04
0.461	0.174300	-0.10E+04
0.464	0.174400	-0.10E+04
0.467	0.174867	-0.10E+04
0.47	0.176833	-0.10E+04
0.473	0.178667	-0.10E+04
0.476	0.178800	-0.10E+04
0.479	0.179000	-0.10E+04
0.482	0.179400	-0.10E+04
0.485	0.179567	-0.10E+04
0.488	0.179533	-0.10E+04
0.491	0.179633	-0.10E+04
0.494	0.179467	-0.10E+04
0.497	0.180800	-0.10E+04
0.5	0.181633	-0.10E+04
0.503	0.181400	-0.10E+04
0.506	0.182333	-0.10E+04
0.509	0.181800	-0.10E+04
0.512	0.184200	-0.10E+04
0.515	0.186500	-0.10E+04
0.518	0.186500	-0.10E+04
0.521	0.186433	-0.10E+04
0.524	0.187400	-0.10E+04
0.527	0.187967	-0.10E+04
0.53	0.190633	-0.10E+04
0.533	0.190767	-0.10E+04
0.536	0.190433	-0.10E+04
0.539	0.189367	-0.10E+04
0.542	0.189900	-0.10E+04
0.545	0.189933	-0.10E+04
0.548	0.190133	-0.10E+04
0.551	0.190200	-0.10E+04
0.554	0.191067	-0.10E+04
0.557	0.192767	-0.10E+04
0.56	0.193033	-0.10E+04
0.563	0.193233	-0.10E+04
0.566	0.193367	-0.10E+04
0.569	0.194900	-0.10E+04
0.572	0.194833	-0.10E+04
0.575	0.194700	-0.10E+04
0.578	0.196033	-0.10E+04
0.581	0.197200	-0.10E+04
0.584	0.197233	-0.10E+04
0.587	0.198433	-0.10E+04
0.59	0.197667	-0.10E+04
0.593	0.199600	-0.10E+04
0.596	0.202033	-0.10E+04
0.599	0.199267	-0.10E+04
0.602	0.199600	-0.10E+04
0.605	0.202033	-0.10E+04
0.608	0.200267	-0.10E+04
0.611	0.200533	-0.10E+04
0.614	0.201833	-0.10E+04
0.617	0.202467	-0.10E+04
0.62	0.204200	-0.10E+04
0.623	0.204200	-0.10E+04
0.626	0.206933	-0.10E+04
0.629	0.207500	-0.10E+04
0.632	0.207833	-0.10E+04
0.635	0.206433	-0.10E+04
0.638	0.207300	-0.10E+04
0.641	0.208333	-0.10E+04
0.644	0.206733	-0.10E+04
0.647	0.205333	-0.10E+04
0.65	0.209800	-0.10E+04
0.653	0.210400	-0.10E+04
0.656	0.208100	-0.10E+04
0.659	0.208300	-0.10E+04
0.662	0.208433	-0.10E+04
0.665	0.210667	-0.10E+04
0.668	0.212233	-0.10E+04
0.671	0.211867	-0.10E+04
0.674	0.211600	-0.10E+04
0.677	0.209900	-0.10E+04
0.68	0.206233	-0.10E+04
0.683	0.208667	-0.10E+04
0.686	0.212033	-0.10E+04
0.689	0.215767	-0.10E+04
0.692	0.217300	-0.10E+04
0.695	0.217400	-0.10E+04
0.698	0.218167	-0.10E+04
0.701	0.222433	-0.10E+04
0.704	0.220400	-0.10E+04
0.707	0.220800	-0.10E+04
0.71	0.223233	-0.10E+04
0.713	0.223500	-0.10E+04
0.716	0.222133	-0.10E+04
0.719	0.224100	-0.10E+04
0.722	0.222100	-0.10E+04
0.725	0.218300	-0.10E+04
0.728	0.217767	-0.10E+04
0.731	0.218667	-0.10E+04
0.734	0.221200	-0.10E+04
0.737	0.222533	-0.10E+04
0.74	0.224533	-0.10E+04
0.743	0.227300	-0.10E+04
0.746	0.227900	-0.10E+04
0.749	0.223533	-0.10E+04
0.752	0.221133	-0.10E+04
0.755	0.222133	-0.10E+04
0.758	0.222000	-0.10E+04
0.761	0.221700	-0.10E+04
0.764	0.222933	-0.10E+04
0.767	0.224800	-0.10E+04
0.77	0.224500	-0.10E+04
0.773	0.222867	-0.10E+04
0.776	0.224933	-0.10E+04
0.779	0.224633	-0.10E+04
0.782	0.222567	-0.10E+04
0.785	0.221133	-0.10E+04
0.788	0.223900	-0.10E+04
0.791	0.228067	-0.10E+04
0.794	0.226333	-0.10E+04
0.797	0.225267	-0.10E+04
0.8	0.228367	-0.10E+04
0.803	0.232233	-0.10E+04
0.806	0.232700	-0.10E+04
0.809	0.231800	-0.10E+04
0.812	0.232600	-0.10E+04
0.815	0.234467	-0.10E+04
0.818	0.230200	-0.10E+04
0.821	0.228767	-0.10E+04
0.824	0.228767	-0.10E+04
0.827	0.229833	-0.10E+04
0.83	0.230100	-0.10E+04
0.833	0.230000	-0.10E+04
0.836	0.232633	-0.10E+04
0.839	0.233600	-0.10E+04
0.842	0.233667	-0.10E+04
0.845	0.234933	-0.10E+04
0.848	0.235967	-0.10E+04
0.851	0.235600	-0.10E+04
0.854	0.233867	-0.10E+04
0.857	0.234300	-0.10E+04
0.86	0.234833	-0.10E+04
0.863	0.232300	-0.10E+04
0.866	0.231933	-0.10E+04
0.869	0.232000	-0.10E+04
0.872	0.234567	-0.10E+04
0.875	0.233167	-0.10E+04
0.878	0.233367	-0.10E+04
0.881	0.232600	-0.10E+04
0.884	0.234233	-0.10E+04
0.887	0.232567	-0.10E+04
0.89	0.231833	-0.10E+04
0.893	0.236467	-0.10E+04
0.896	0.235233	-0.10E+04
0.899	0.233667	-0.10E+04
0.902	0.236633	-0.10E+04
0.905	0.237500	-0.10E+04
0.908	0.237433	-0.10E+04
0.911	0.238333	-0.10E+04
0.914	0.235500	-0.10E+04
0.917	0.238133	-0.10E+04
0.92	0.239000	-0.10E+04
0.923	0.241167	-0.10E+04
0.926	0.243167	-0.10E+04
0.929	0.242067	-0.10E+04
0.932	0.241000	-0.10E+04
0.935	0.241367	-0.10E+04
0.938	0.240433	-0.10E+04
0.941	0.244233	-0.10E+04
0.944	0.244533	-0.10E+04
0.947	0.241733	-0.10E+04
0.95	0.238333	-0.10E+04
0.953	0.239433	-0.10E+04
0.956	0.242567	-0.10E+04
0.959	0.243733	-0.10E+04
0.962	0.245967	-0.10E+04
0.965	0.248167	-0.10E+04
0.968	0.247167	-0.10E+04
0.971	0.243767	-0.10E+04
0.974	0.243533	-0.10E+04
0.977	0.242100	-0.10E+04
0.98	0.241333	-0.10E+04
0.983	0.241700	-0.10E+04
0.986	0.244867	-0.10E+04
0.989	0.247000	-0.10E+04
0.992	0.247200	-0.10E+04
0.995	0.245600	-0.10E+04
0.998	0.246267	-0.10E+04
1.001	0.249900	-0.10E+04
1.004	0.250467	-0.10E+04
1.007	0.250200	-0.10E+04
1.01	0.249900	-0.10E+04
1.013	0.249767	-0.10E+04
1.016	0.251867	-0.10E+04
1.019	0.248867	-0.10E+04
1.022	0.252367	-0.10E+04
1.025	0.254633	-0.10E+04
1.028	0.254133	-0.10E+04
1.031	0.251133	-0.10E+04
1.034	0.252800	-0.10E+04
1.037	0.253033	-0.10E+04
1.04	0.257500	-0.10E+04
1.043	0.254033	-0.10E+04
1.046	0.255867	-0.10E+04
1.049	0.260333	-0.10E+04
1.052	0.259367	-0.10E+04
1.055	0.256367	-0.10E+04
1.058	0.254433	-0.10E+04
1.061	0.256033	-0.10E+04
1.064	0.256300	-0.10E+04
1.067	0.256100	-0.10E+04
1.07	0.256100	-0.10E+04
1.073	0.261467	-0.10E+04
1.076	0.260933	-0.10E+04
1.079	0.261267	-0.10E+04
1.082	0.262600	-0.10E+04
1.085	0.263667	-0.10E+04
1.088	0.261533	-0.10E+04
1.091	0.261900	-0.10E+04
1.094	0.264000	-0.10E+04
1.097	0.263700	-0.10E+04
1.1	0.262333	-0.10E+04
1.103	0.264233	-0.10E+04
1.106	0.264600	-0.10E+04
1.109	0.265400	-0.10E+04
1.112	0.267667	-0.10E+04
1.115	0.267733	-0.10E+04
1.118	0.267233	-0.10E+04
1.121	0.268900	-0.10E+04
1.124	0.268767	-0.10E+04
1.127	0.267100	-0.10E+04
1.13	0.269200	-0.10E+04
1.133	0.271100	-0.10E+04
1.136	0.270667	-0.10E+04
1.139	0.270267	-0.10E+04
1.142	0.270767	-0.10E+04
1.145	0.270833	-0.10E+04
1.148	0.269667	-0.10E+04
1.151	0.269800	-0.10E+04
1.154	0.270667	-0.10E+04
1.157	0.272333	-0.10E+04
1.16	0.271767	-0.10E+04
1.163	0.269033	-0.10E+04
1.166	0.271133	-0.10E+04
1.169	0.273400	-0.10E+04
1.172	0.272333	-0.10E+04
1.175	0.271000	-0.10E+04
1.178	0.272067	-0.10E+04
1.181	0.271633	-0.10E+04
1.184	0.271600	-0.10E+04
1.187	0.271333	-0.10E+04
1.19	0.271033	-0.10E+04
1.193	0.270800	-0.10E+04
1.196	0.271667	-0.10E+04
1.199	0.272333	-0.10E+04
1.202	0.275267	-0.10E+04
1.205	0.276133	-0.10E+04
1.208	0.276733	-0.10E+04
1.211	0.275833	-0.10E+04
1.214	0.275533	-0.10E+04
1.217	0.274700	-0.10E+04
1.22	0.274867	-0.10E+04
1.223	0.277033	-0.10E+04
1.226	0.277733	-0.10E+04
1.229	0.280833	-0.10E+04
1.232	0.280500	-0.10E+04
1.235	0.282867	-0.10E+04
1.238	0.282967	-0.10E+04
1.241	0.282667	-0.10E+04
1.244	0.281433	-0.10E+04
1.247	0.284167	-0.10E+04
1.25	0.285900	-0.10E+04
1.253	0.285900	-0.10E+04
1.256	0.286400	-0.10E+04
1.259	0.285167	-0.10E+04
1.262	0.284300	-0.10E+04
1.265	0.285333	-0.10E+04
1.268	0.287133	-0.10E+04
1.271	0.285867	-0.10E+04
1.274	0.287100	-0.10E+04
1.277	0.286933	-0.10E+04
1.28	0.287433	-0.10E+04
1.283	0.284267	-0.10E+04
1.286	0.286100	-0.10E+04
1.289	0.286233	-0.10E+04
1.292	0.289100	-0.10E+04
1.295	0.289033	-0.10E+04
1.298	0.289667	-0.10E+04
1.301	0.289367	-0.10E+04
1.304	0.289200	-0.10E+04
1.307	0.289600	-0.10E+04
1.31	0.291300	-0.10E+04
1.313	0.293333	-0.10E+04
1.316	0.293767	-0.10E+04
1.319	0.293833	-0.10E+04
1.322	0.294400	-0.10E+04
1.325	0.294833	-0.10E+04
1.328	0.293867	-0.10E+04
1.331	0.295767	-0.10E+04
1.334	0.296633	-0.10E+04
1.337	0.296900	-0.10E+04
1.34	0.296300	-0.10E+04
1.343	0.293133	-0.10E+04
1.346	0.294600	-0.10E+04
1.349	0.296700	-0.10E+04
1.352	0.295267	-0.10E+04
1.355	0.297800	-0.10E+04
1.358	0.297733	-0.10E+04
1.361	0.298500	-0.10E+04
1.364	0.300333	-0.10E+04
1.367	0.301267	-0.10E+04
1.37	0.303867	-0.10E+04
1.373	0.304233	-0.10E+04
1.376	0.301300	-0.10E+04
1.379	0.302267	-0.10E+04
1.382	0.303633	-0.10E+04
1.385	0.302967	-0.10E+04
1.388	0.302033	-0.10E+04
1.391	0.304433	-0.10E+04
1.394	0.305967	-0.10E+04
1.397	0.305967	-0.10E+04
1.4	0.304367	-0.10E+04
1.403	0.303267	-0.10E+04
1.406	0.304533	-0.10E+04
1.409	0.306200	-0.10E+04
1.412	0.306767	-0.10E+04
1.415	0.307167	-0.10E+04
1.418	0.309267	-0.10E+04
1.421	0.310633	-0.10E+04
1.424	0.310333	-0.10E+04
1.427	0.309433	-0.10E+04
1.43	0.310000	-0.10E+04
1.433	0.309033	-0.10E+04
1.436	0.310133	-0.10E+04
1.439	0.311767	-0.10E+04
1.442	0.310200	-0.10E+04
1.445	0.310733	-0.10E+04
1.448	0.311233	-0.10E+04
1.451	0.312933	-0.10E+04
1.454	0.315767	-0.10E+04
1.457	0.314400	-0.10E+04
1.46	0.314900	-0.10E+04
1.463	0.316200	-0.10E+04
1.466	0.314600	-0.10E+04
1.469	0.315100	-0.10E+04
1.472	0.316433	-0.10E+04
1.475	0.318533	-0.10E+04
1.478	0.318767	-0.10E+04
1.481	0.318167	-0.10E+04
1.484	0.317033	-0.10E+04
1.487	0.314733	-0.10E+04
1.49	0.315467	-0.10E+04
1.493	0.317733	-0.10E+04
1.496	0.317233	-0.10E+04
1.499	0.318333	-0.10E+04
1.502	0.318167	-0.10E+04
1.505	0.315767	-0.10E+04
1.508	0.315900	-0.10E+04
1.511	0.317900	-0.10E+04
1.514	0.316800	-0.10E+04
1.517	0.316867	-0.10E+04
1.52	0.317333	-0.10E+04
1.523	0.323200	-0.10E+04
1.526	0.324067	-0.10E+04
1.529	0.322900	-0.10E+04
1.532	0.323233	-0.10E+04
1.535	0.324033	-0.10E+04
1.538	0.321433	-0.10E+04
1.541	0.320733	-0.10E+04
1.544	0.321033	-0.10E+04
1.547	0.322367	-0.10E+04
1.55	0.326600	-0.10E+04
1.553	0.325833	-0.10E+04
1.556	0.323233	-0.10E+04
1.559	0.323033	-0.10E+04
1.562	0.324800	-0.10E+04
1.565	0.324233	-0.10E+04
1.568	0.327467	-0.10E+04
1.571	0.325400	-0.10E+04
1.574	0.324367	-0.10E+04
1.577	0.325667	-0.10E+04
1.58	0.327567	-0.10E+04
1.583	0.328800	-0.10E+04
1.586	0.327433	-0.10E+04
1.589	0.325767	-0.10E+04
1.592	0.329333	-0.10E+04
1.595	0.330233	-0.10E+04
1.598	0.328933	-0.10E+04
1.601	0.325900	-0.10E+04
1.604	0.328333	-0.10E+04
1.607	0.330467	-0.10E+04
1.61	0.329500	-0.10E+04
1.613	0.329100	-0.10E+04
1.616	0.330433	-0.10E+04
1.619	0.330767	-0.10E+04
1.622	0.331900	-0.10E+04
1.625	0.333833	-0.10E+04
1.628	0.333000	-0.10E+04
1.631	0.330833	-0.10E+04
1.634	0.329933	-0.10E+04
1.637	0.333100	-0.10E+04
1.64	0.335633	-0.10E+04
1.643	0.335600	-0.10E+04
1.646	0.333333	-0.10E+04
1.649	0.333300	-0.10E+04
1.652	0.335400	-0.10E+04
1.655	0.335667	-0.10E+04
1.658	0.335000	-0.10E+04
1.661	0.337967	-0.10E+04
1.664	0.337733	-0.10E+04
1.667	0.336400	-0.10E+04
1.67	0.333400	-0.10E+04
1.673	0.335333	-0.10E+04
1.676	0.333933	-0.10E+04
1.679	0.334700	-0.10E+04
1.682	0.335367	-0.10E+04
1.685	0.338633	-0.10E+04
1.688	0.338067	-0.10E+04
1.691	0.334733	-0.10E+04
1.694	0.335333	-0.10E+04
1.697	0.336133	-0.10E+04
1.7	0.338133	-0.10E+04
1.703	0.339600	-0.10E+04
1.706	0.338333	-0.10E+04
1.709	0.338667	-0.10E+04
1.712	0.338467	-0.10E+04
1.715	0.334667	-0.10E+04
1.718	0.334900	-0.10E+04
1.721	0.336833	-0.10E+04
1.724	0.339033	-0.10E+04
1.727	0.338467	-0.10E+04
1.73	0.338533	-0.10E+04
1.733	0.338033	-0.10E+04
1.736	0.339400	-0.10E+04
1.739	0.340900	-0.10E+04
1.742	0.342167	-0.10E+04
1.745	0.341067	-0.10E+04
1.748	0.343967	-0.10E+04
1.751	0.342067	-0.10E+04
1.754	0.341367	-0.10E+04
1.757	0.342933	-0.10E+04
1.76	0.343333	-0.10E+04
1.763	0.340867	-0.10E+04
1.766	0.342433	-0.10E+04
1.769	0.344533	-0.10E+04
1.772	0.342967	-0.10E+04
1.775	0.342800	-0.10E+04
1.778	0.344800	-0.10E+04
1.781	0.344900	-0.10E+04
1.784	0.345067	-0.10E+04
1.787	0.345567	-0.10E+04
1.79	0.344500	-0.10E+04
1.793	0.346633	-0.10E+04
1.796	0.346000	-0.10E+04
1.799	0.345133	-0.10E+04
1.802	0.349633	-0.10E+04
1.805	0.351033	-0.10E+04
1.808	0.350033	-0.10E+04
1.811	0.350500	-0.10E+04
1.814	0.351000	-0.10E+04
1.817	0.351333	-0.10E+04
1.82	0.348433	-0.10E+04
1.823	0.350267	-0.10E+04
1.826	0.351033	-0.10E+04
1.829	0.352167	-0.10E+04
1.832	0.351733	-0.10E+04
1.835	0.352033	-0.10E+04
1.838	0.350867	-0.10E+04
1.841	0.351933	-0.10E+04
1.844	0.352533	-0.10E+04
1.847	0.353000	-0.10E+04
1.85	0.355533	-0.10E+04
1.853	0.355100	-0.10E+04
1.856	0.353900	-0.10E+04
1.859	0.352700	-0.10E+04
1.862	0.352967	-0.10E+04
1.865	0.354167	-0.10E+04
1.868	0.354600	-0.10E+04
1.871	0.355300	-0.10E+04
1.874	0.354800	-0.10E+04
1.877	0.355400	-0.10E+04
1.88	0.355933	-0.10E+04
1.883	0.354667	-0.10E+04
1.886	0.356667	-0.10E+04
1.889	0.357967	-0.10E+04
1.892	0.357933	-0.10E+04
1.895	0.358100	-0.10E+04
1.898	0.360400	-0.10E+04
1.901	0.360600	-0.10E+04
1.904	0.362333	-0.10E+04
1.907	0.360367	-0.10E+04
1.91	0.361533	-0.10E+04
1.913	0.359967	-0.10E+04
1.916	0.359033	-0.10E+04
1.919	0.358867	-0.10E+04
1.922	0.360633	-0.10E+04
1.925	0.360567	-0.10E+04
1.928	0.359333	-0.10E+04
1.931	0.362300	-0.10E+04
1.934	0.364167	-0.10E+04
1.937	0.364400	-0.10E+04
1.94	0.362633	-0.10E+04
1.943	0.363067	-0.10E+04
1.946	0.362133	-0.10E+04
1.949	0.361367	-0.10E+04
1.952	0.361567	-0.10E+04
1.955	0.362433	-0.10E+04
1.958	0.364067	-0.10E+04
1.961	0.366233	-0.10E+04
1.964	0.364267	-0.10E+04
1.967	0.364100	-0.10E+04
1.97	0.365800	-0.10E+04
1.973	0.364500	-0.10E+04
1.976	0.363267	-0.10E+04
1.979	0.367267	-0.10E+04
1.982	0.366633	-0.10E+04
1.985	0.366667	-0.10E+04
1.988	0.366333	-0.10E+04
1.991	0.369233	-0.10E+04
1.994	0.368500	-0.10E+04
1.997	0.370067	-0.10E+04
2	0.370900	-0.10E+04
2.003	0.370100	-0.10E+04
2.006	0.369400	-0.10E+04
2.009	0.367967	-0.10E+04
2.012	0.368200	-0.10E+04
2.015	0.370600	-0.10E+04
2.018	0.372000	-0.10E+04
2.021	0.371433	-0.10E+04
2.024	0.373800	-0.10E+04
2.027	0.375133	-0.10E+04
2.03	0.375267	-0.10E+04
2.033	0.372433	-0.10E+04
2.036	0.374200	-0.10E+04
2.039	0.374600	-0.10E+04
2.042	0.373933	-0.10E+04
2.045	0.371167	-0.10E+04
2.048	0.374400	-0.10E+04
2.051	0.376133	-0.10E+04
2.054	0.375500	-0.10E+04
2.057	0.373633	-0.10E+04
2.06	0.372867	-0.10E+04
2.063	0.374933	-0.10E+04
2.066	0.376900	-0.10E+04
2.069	0.376667	-0.10E+04
2.072	0.377000	-0.10E+04
2.075	0.378267	-0.10E+04
2.078	0.377633	-0.10E+04
2.081	0.374333	-0.10E+04
2.084	0.374333	-0.10E+04
2.087	0.374800	-0.10E+04
2.09	0.374433	-0.10E+04
2.093	0.378100	-0.10E+04
2.096	0.381833	-0.10E+04
2.099	0.383067	-0.10E+04
2.102	0.381067	-0.10E+04
2.105	0.380400	-0.10E+04
2.108	0.382100	-0.10E+04
2.111	0.383767	-0.10E+04
2.114	0.382100	-0.10E+04
2.117	0.383033	-0.10E+04
2.12	0.384033	-0.10E+04
2.123	0.384333	-0.10E+04
2.126	0.383433	-0.10E+04
2.129	0.383567	-0.10E+04
2.132	0.383300	-0.10E+04
2.135	0.384300	-0.10E+04
2.138	0.382600	-0.10E+04
2.141	0.382267	-0.10E+04
2.144	0.383067	-0.10E+04
2.147	0.384700	-0.10E+04
2.15	0.382533	-0.10E+04
2.153	0.383867	-0.10E+04
2.156	0.383867	-0.10E+04
2.159	0.381967	-0.10E+04
2.162	0.382700	-0.10E+04
2.165	0.383133	-0.10E+04
2.168	0.384033	-0.10E+04
2.171	0.382000	-0.10E+04
2.174	0.382500	-0.10E+04
2.177	0.383667	-0.10E+04
2.18	0.387567	-0.10E+04
2.183	0.384933	-0.10E+04
2.186	0.382867	-0.10E+04
2.189	0.385800	-0.10E+04
2.192	0.386300	-0.10E+04
2.195	0.384533	-0.10E+04
2.198	0.384733	-0.10E+04
2.201	0.386033	-0.10E+04
2.204	0.385033	-0.10E+04
2.207	0.386133	-0.10E+04
2.21	0.386067	-0.10E+04
2.213	0.384500	-0.10E+04
2.216	0.384667	-0.10E+04
2.219	0.385733	-0.10E+04
2.222	0.386267	-0.10E+04
2.225	0.391367	-0.10E+04
2.228	0.393133	-0.10E+04
2.231	0.393667	-0.10E+04
2.234	0.392500	-0.10E+04
2.237	0.393633	-0.10E+04
2.24	0.392800	-0.10E+04
2.243	0.394100	-0.10E+04
2.246	0.395733	-0.10E+04
2.249	0.399633	-0.10E+04
2.252	0.397267	-0.10E+04
2.255	0.393333	-0.10E+04
2.258	0.392200	-0.10E+04
2.261	0.394900	-0.10E+04
2.264	0.395333	-0.10E+04
2.267	0.394800	-0.10E+04
2.27	0.398233	-0.10E+04
2.273	0.401400	-0.10E+04
2.276	0.404567	-0.10E+04
2.279	0.404300	-0.10E+04
2.282	0.400833	-0.10E+04
2.285	0.400300	-0.10E+04
2.288	0.401633	-0.10E+04
2.291	0.402767	-0.10E+04
2.294	0.404467	-0.10E+04
2.297	0.405133	-0.10E+04
2.3	0.405733	-0.10E+04
2.303	0.401333	-0.10E+04
2.306	0.399800	-0.10E+04
2.309	0.403033	-0.10E+04
2.312	0.403800	-0.10E+04
2.315	0.405533	-0.10E+04
2.318	0.407133	-0.10E+04
2.321	0.408667	-0.10E+04
2.324	0.410700	-0.10E+04
2.327	0.407200	-0.10E+04
2.33	0.406400	-0.10E+04
2.333	0.406433	-0.10E+04
2.336	0.406800	-0.10E+04
2.339	0.407133	-0.10E+04
2.342	0.410067	-0.10E+04
2.345	0.410633	-0.10E+04
2.348	0.411400	-0.10E+04
2.351	0.408033	-0.10E+04
2.354	0.409767	-0.10E+04
2.357	0.412033	-0.10E+04
2.36	0.414567	-0.10E+04
2.363	0.415100	-0.10E+04
2.366	0.412433	-0.10E+04
2.369	0.413867	-0.10E+04
2.372	0.413567	-0.10E+04
2.375	0.414267	-0.10E+04
2.378	0.416533	-0.10E+04
2.381	0.417833	-0.10E+04
2.384	0.417833	-0.10E+04
2.387	0.418833	-0.10E+04
2.39	0.416367	-0.10E+04
2.393	0.417300	-0.10E+04
2.396	0.415533	-0.10E+04
2.399	0.415800	-0.10E+04
2.402	0.418567	-0.10E+04
2.405	0.420333	-0.10E+04
2.408	0.421033	-0.10E+04
2.411	0.422200	-0.10E+04
2.414	0.421300	-0.10E+04
2.417	0.418933	-0.10E+04
2.42	0.420500	-0.10E+04
2.423	0.421467	-0.10E+04
2.426	0.422667	-0.10E+04
2.429	0.426100	-0.10E+04
2.432	0.423200	-0.10E+04
2.435	0.424067	-0.10E+04
2.438	0.425167	-0.10E+04
2.441	0.425367	-0.10E+04
2.444	0.420800	-0.10E+04
2.447	0.420433	-0.10E+04
2.45	0.421633	-0.10E+04
2.453	0.424667	-0.10E+04
2.456	0.422967	-0.10E+04
2.459	0.419967	-0.10E+04
2.462	0.418533	-0.10E+04
2.465	0.420600	-0.10E+04
2.468	0.421933	-0.10E+04
2.471	0.421267	-0.10E+04
2.474	0.422200	-0.10E+04
2.477	0.423600	-0.10E+04
2.48	0.423733	-0.10E+04
2.483	0.421767	-0.10E+04
2.486	0.422733	-0.10E+04
2.489	0.424600	-0.10E+04
2.492	0.427633	-0.10E+04
2.495	0.425100	-0.10E+04
2.498	0.424567	-0.10E+04
