Brown University Keck/NASA Relab Spectrum LS-JBA-036-M1/wls109
Wavelength(micron)	Reflectance	Standard Deviation
0.35	0.093400	-0.10E+04
0.353	0.093533	-0.10E+04
0.356	0.093400	-0.10E+04
0.359	0.093267	-0.10E+04
0.362	0.093867	-0.10E+04
0.365	0.093667	-0.10E+04
0.368	0.093300	-0.10E+04
0.371	0.093633	-0.10E+04
0.374	0.093567	-0.10E+04
0.377	0.093100	-0.10E+04
0.38	0.092667	-0.10E+04
0.383	0.092000	-0.10E+04
0.386	0.092900	-0.10E+04
0.389	0.093700	-0.10E+04
0.392	0.093267	-0.10E+04
0.395	0.093367	-0.10E+04
0.398	0.092833	-0.10E+04
0.401	0.093267	-0.10E+04
0.404	0.094500	-0.10E+04
0.407	0.094633	-0.10E+04
0.41	0.094433	-0.10E+04
0.413	0.094367	-0.10E+04
0.416	0.095067	-0.10E+04
0.419	0.095433	-0.10E+04
0.422	0.095200	-0.10E+04
0.425	0.095033	-0.10E+04
0.428	0.095333	-0.10E+04
0.431	0.095833	-0.10E+04
0.434	0.096567	-0.10E+04
0.437	0.096933	-0.10E+04
0.44	0.096533	-0.10E+04
0.443	0.096600	-0.10E+04
0.446	0.096467	-0.10E+04
0.449	0.096800	-0.10E+04
0.452	0.097767	-0.10E+04
0.455	0.097467	-0.10E+04
0.458	0.098567	-0.10E+04
0.461	0.098900	-0.10E+04
0.464	0.099433	-0.10E+04
0.467	0.100300	-0.10E+04
0.47	0.099700	-0.10E+04
0.473	0.099733	-0.10E+04
0.476	0.100500	-0.10E+04
0.479	0.100433	-0.10E+04
0.482	0.100133	-0.10E+04
0.485	0.099667	-0.10E+04
0.488	0.100233	-0.10E+04
0.491	0.101633	-0.10E+04
0.494	0.102000	-0.10E+04
0.497	0.101700	-0.10E+04
0.5	0.101400	-0.10E+04
0.503	0.101500	-0.10E+04
0.506	0.102133	-0.10E+04
0.509	0.102533	-0.10E+04
0.512	0.102267	-0.10E+04
0.515	0.103100	-0.10E+04
0.518	0.103867	-0.10E+04
0.521	0.103800	-0.10E+04
0.524	0.105100	-0.10E+04
0.527	0.105100	-0.10E+04
0.53	0.104700	-0.10E+04
0.533	0.104100	-0.10E+04
0.536	0.104067	-0.10E+04
0.539	0.104467	-0.10E+04
0.542	0.104467	-0.10E+04
0.545	0.104000	-0.10E+04
0.548	0.104633	-0.10E+04
0.551	0.105033	-0.10E+04
0.554	0.105000	-0.10E+04
0.557	0.105067	-0.10E+04
0.56	0.106033	-0.10E+04
0.563	0.106967	-0.10E+04
0.566	0.107133	-0.10E+04
0.569	0.107967	-0.10E+04
0.572	0.107900	-0.10E+04
0.575	0.106900	-0.10E+04
0.578	0.107633	-0.10E+04
0.581	0.108200	-0.10E+04
0.584	0.108333	-0.10E+04
0.587	0.108967	-0.10E+04
0.59	0.109667	-0.10E+04
0.593	0.110367	-0.10E+04
0.596	0.111267	-0.10E+04
0.599	0.111467	-0.10E+04
0.602	0.111767	-0.10E+04
0.605	0.111667	-0.10E+04
0.608	0.111233	-0.10E+04
0.611	0.111967	-0.10E+04
0.614	0.114167	-0.10E+04
0.617	0.113067	-0.10E+04
0.62	0.114600	-0.10E+04
0.623	0.114400	-0.10E+04
0.626	0.112500	-0.10E+04
0.629	0.111033	-0.10E+04
0.632	0.111900	-0.10E+04
0.635	0.112033	-0.10E+04
0.638	0.111000	-0.10E+04
0.641	0.111800	-0.10E+04
0.644	0.113600	-0.10E+04
0.647	0.113633	-0.10E+04
0.65	0.113767	-0.10E+04
0.653	0.115433	-0.10E+04
0.656	0.117467	-0.10E+04
0.659	0.115067	-0.10E+04
0.662	0.115233	-0.10E+04
0.665	0.114300	-0.10E+04
0.668	0.114400	-0.10E+04
0.671	0.115567	-0.10E+04
0.674	0.115633	-0.10E+04
0.677	0.117000	-0.10E+04
0.68	0.118100	-0.10E+04
0.683	0.118733	-0.10E+04
0.686	0.118267	-0.10E+04
0.689	0.117167	-0.10E+04
0.692	0.117233	-0.10E+04
0.695	0.117433	-0.10E+04
0.698	0.116933	-0.10E+04
0.701	0.117333	-0.10E+04
0.704	0.118133	-0.10E+04
0.707	0.116933	-0.10E+04
0.71	0.118167	-0.10E+04
0.713	0.119733	-0.10E+04
0.716	0.119633	-0.10E+04
0.719	0.120300	-0.10E+04
0.722	0.118433	-0.10E+04
0.725	0.117400	-0.10E+04
0.728	0.117367	-0.10E+04
0.731	0.119000	-0.10E+04
0.734	0.123033	-0.10E+04
0.737	0.122767	-0.10E+04
0.74	0.124233	-0.10E+04
0.743	0.120133	-0.10E+04
0.746	0.118133	-0.10E+04
0.749	0.121267	-0.10E+04
0.752	0.121400	-0.10E+04
0.755	0.121333	-0.10E+04
0.758	0.122900	-0.10E+04
0.761	0.122567	-0.10E+04
0.764	0.120667	-0.10E+04
0.767	0.119333	-0.10E+04
0.77	0.120600	-0.10E+04
0.773	0.119500	-0.10E+04
0.776	0.119467	-0.10E+04
0.779	0.119167	-0.10E+04
0.782	0.118267	-0.10E+04
0.785	0.118767	-0.10E+04
0.788	0.119700	-0.10E+04
0.791	0.120000	-0.10E+04
0.794	0.121433	-0.10E+04
0.797	0.122667	-0.10E+04
0.8	0.122233	-0.10E+04
0.803	0.122167	-0.10E+04
0.806	0.122233	-0.10E+04
0.809	0.123933	-0.10E+04
0.812	0.125067	-0.10E+04
0.815	0.124933	-0.10E+04
0.818	0.127200	-0.10E+04
0.821	0.125300	-0.10E+04
0.824	0.121400	-0.10E+04
0.827	0.122533	-0.10E+04
0.83	0.123300	-0.10E+04
0.833	0.125100	-0.10E+04
0.836	0.126033	-0.10E+04
0.839	0.123733	-0.10E+04
0.842	0.122700	-0.10E+04
0.845	0.123933	-0.10E+04
0.848	0.124833	-0.10E+04
0.851	0.126067	-0.10E+04
0.854	0.124000	-0.10E+04
0.857	0.122733	-0.10E+04
0.86	0.122833	-0.10E+04
0.863	0.123300	-0.10E+04
0.866	0.125233	-0.10E+04
0.869	0.125900	-0.10E+04
0.872	0.124800	-0.10E+04
0.875	0.123933	-0.10E+04
0.878	0.124533	-0.10E+04
0.881	0.123800	-0.10E+04
0.884	0.125500	-0.10E+04
0.887	0.128200	-0.10E+04
0.89	0.128900	-0.10E+04
0.893	0.130033	-0.10E+04
0.896	0.129633	-0.10E+04
0.899	0.127967	-0.10E+04
0.902	0.125900	-0.10E+04
0.905	0.122967	-0.10E+04
0.908	0.123133	-0.10E+04
0.911	0.124933	-0.10E+04
0.914	0.122633	-0.10E+04
0.917	0.124333	-0.10E+04
0.92	0.125633	-0.10E+04
0.923	0.125833	-0.10E+04
0.926	0.127533	-0.10E+04
0.929	0.127433	-0.10E+04
0.932	0.126133	-0.10E+04
0.935	0.125767	-0.10E+04
0.938	0.127267	-0.10E+04
0.941	0.127700	-0.10E+04
0.944	0.129033	-0.10E+04
0.947	0.130100	-0.10E+04
0.95	0.128700	-0.10E+04
0.953	0.124800	-0.10E+04
0.956	0.124433	-0.10E+04
0.959	0.125333	-0.10E+04
0.962	0.124567	-0.10E+04
0.965	0.126667	-0.10E+04
0.968	0.127200	-0.10E+04
0.971	0.127433	-0.10E+04
0.974	0.128333	-0.10E+04
0.977	0.127900	-0.10E+04
0.98	0.129367	-0.10E+04
0.983	0.130400	-0.10E+04
0.986	0.131367	-0.10E+04
0.989	0.130000	-0.10E+04
0.992	0.130433	-0.10E+04
0.995	0.130500	-0.10E+04
0.998	0.129667	-0.10E+04
1.001	0.129600	-0.10E+04
1.004	0.127533	-0.10E+04
1.007	0.125867	-0.10E+04
1.01	0.128633	-0.10E+04
1.013	0.128200	-0.10E+04
1.016	0.129633	-0.10E+04
1.019	0.130800	-0.10E+04
1.022	0.131633	-0.10E+04
1.025	0.131833	-0.10E+04
1.028	0.132800	-0.10E+04
1.031	0.131767	-0.10E+04
1.034	0.132633	-0.10E+04
1.037	0.134467	-0.10E+04
1.04	0.134800	-0.10E+04
1.043	0.134233	-0.10E+04
1.046	0.133667	-0.10E+04
1.049	0.136033	-0.10E+04
1.052	0.136700	-0.10E+04
1.055	0.135800	-0.10E+04
1.058	0.136467	-0.10E+04
1.061	0.136833	-0.10E+04
1.064	0.135933	-0.10E+04
1.067	0.138400	-0.10E+04
1.07	0.137867	-0.10E+04
1.073	0.137133	-0.10E+04
1.076	0.138833	-0.10E+04
1.079	0.139967	-0.10E+04
1.082	0.141733	-0.10E+04
1.085	0.142333	-0.10E+04
1.088	0.142000	-0.10E+04
1.091	0.143367	-0.10E+04
1.094	0.140233	-0.10E+04
1.097	0.140833	-0.10E+04
1.1	0.141367	-0.10E+04
1.103	0.141633	-0.10E+04
1.106	0.140567	-0.10E+04
1.109	0.140633	-0.10E+04
1.112	0.142267	-0.10E+04
1.115	0.143200	-0.10E+04
1.118	0.146267	-0.10E+04
1.121	0.146000	-0.10E+04
1.124	0.146933	-0.10E+04
1.127	0.146133	-0.10E+04
1.13	0.144200	-0.10E+04
1.133	0.145633	-0.10E+04
1.136	0.146600	-0.10E+04
1.139	0.145133	-0.10E+04
1.142	0.144867	-0.10E+04
1.145	0.145200	-0.10E+04
1.148	0.145800	-0.10E+04
1.151	0.146533	-0.10E+04
1.154	0.148933	-0.10E+04
1.157	0.151867	-0.10E+04
1.16	0.149767	-0.10E+04
1.163	0.146600	-0.10E+04
1.166	0.147333	-0.10E+04
1.169	0.146500	-0.10E+04
1.172	0.145700	-0.10E+04
1.175	0.147733	-0.10E+04
1.178	0.148133	-0.10E+04
1.181	0.147700	-0.10E+04
1.184	0.148567	-0.10E+04
1.187	0.149667	-0.10E+04
1.19	0.150633	-0.10E+04
1.193	0.150700	-0.10E+04
1.196	0.149000	-0.10E+04
1.199	0.151933	-0.10E+04
1.202	0.150900	-0.10E+04
1.205	0.147900	-0.10E+04
1.208	0.149500	-0.10E+04
1.211	0.149900	-0.10E+04
1.214	0.150933	-0.10E+04
1.217	0.151867	-0.10E+04
1.22	0.153700	-0.10E+04
1.223	0.152900	-0.10E+04
1.226	0.151967	-0.10E+04
1.229	0.152533	-0.10E+04
1.232	0.153067	-0.10E+04
1.235	0.155800	-0.10E+04
1.238	0.155033	-0.10E+04
1.241	0.154767	-0.10E+04
1.244	0.155767	-0.10E+04
1.247	0.155200	-0.10E+04
1.25	0.154433	-0.10E+04
1.253	0.153500	-0.10E+04
1.256	0.154100	-0.10E+04
1.259	0.153100	-0.10E+04
1.262	0.153033	-0.10E+04
1.265	0.155233	-0.10E+04
1.268	0.156267	-0.10E+04
1.271	0.155333	-0.10E+04
1.274	0.157567	-0.10E+04
1.277	0.157533	-0.10E+04
1.28	0.158433	-0.10E+04
1.283	0.157933	-0.10E+04
1.286	0.158300	-0.10E+04
1.289	0.159233	-0.10E+04
1.292	0.159067	-0.10E+04
1.295	0.157967	-0.10E+04
1.298	0.159400	-0.10E+04
1.301	0.160200	-0.10E+04
1.304	0.159800	-0.10E+04
1.307	0.159600	-0.10E+04
1.31	0.159200	-0.10E+04
1.313	0.158500	-0.10E+04
1.316	0.159833	-0.10E+04
1.319	0.159667	-0.10E+04
1.322	0.160233	-0.10E+04
1.325	0.161500	-0.10E+04
1.328	0.162733	-0.10E+04
1.331	0.161667	-0.10E+04
1.334	0.162333	-0.10E+04
1.337	0.162533	-0.10E+04
1.34	0.163733	-0.10E+04
1.343	0.163633	-0.10E+04
1.346	0.164567	-0.10E+04
1.349	0.167300	-0.10E+04
1.352	0.169467	-0.10E+04
1.355	0.169467	-0.10E+04
1.358	0.166500	-0.10E+04
1.361	0.164900	-0.10E+04
1.364	0.166800	-0.10E+04
1.367	0.165800	-0.10E+04
1.37	0.166667	-0.10E+04
1.373	0.168900	-0.10E+04
1.376	0.168667	-0.10E+04
1.379	0.167700	-0.10E+04
1.382	0.167533	-0.10E+04
1.385	0.166833	-0.10E+04
1.388	0.165333	-0.10E+04
1.391	0.167600	-0.10E+04
1.394	0.168167	-0.10E+04
1.397	0.165267	-0.10E+04
1.4	0.166933	-0.10E+04
1.403	0.169800	-0.10E+04
1.406	0.170767	-0.10E+04
1.409	0.167633	-0.10E+04
1.412	0.167900	-0.10E+04
1.415	0.167100	-0.10E+04
1.418	0.167667	-0.10E+04
1.421	0.167833	-0.10E+04
1.424	0.169933	-0.10E+04
1.427	0.169333	-0.10E+04
1.43	0.170567	-0.10E+04
1.433	0.173800	-0.10E+04
1.436	0.174100	-0.10E+04
1.439	0.173367	-0.10E+04
1.442	0.171100	-0.10E+04
1.445	0.169333	-0.10E+04
1.448	0.170367	-0.10E+04
1.451	0.170933	-0.10E+04
1.454	0.171500	-0.10E+04
1.457	0.173200	-0.10E+04
1.46	0.173467	-0.10E+04
1.463	0.174400	-0.10E+04
1.466	0.175300	-0.10E+04
1.469	0.174133	-0.10E+04
1.472	0.174267	-0.10E+04
1.475	0.174500	-0.10E+04
1.478	0.173067	-0.10E+04
1.481	0.174000	-0.10E+04
1.484	0.174033	-0.10E+04
1.487	0.175400	-0.10E+04
1.49	0.174400	-0.10E+04
1.493	0.174367	-0.10E+04
1.496	0.176167	-0.10E+04
1.499	0.175033	-0.10E+04
1.502	0.174767	-0.10E+04
1.505	0.174633	-0.10E+04
1.508	0.176233	-0.10E+04
1.511	0.176367	-0.10E+04
1.514	0.176733	-0.10E+04
1.517	0.178333	-0.10E+04
1.52	0.179000	-0.10E+04
1.523	0.178833	-0.10E+04
1.526	0.176667	-0.10E+04
1.529	0.176900	-0.10E+04
1.532	0.177700	-0.10E+04
1.535	0.179033	-0.10E+04
1.538	0.180967	-0.10E+04
1.541	0.181433	-0.10E+04
1.544	0.181267	-0.10E+04
1.547	0.181167	-0.10E+04
1.55	0.179333	-0.10E+04
1.553	0.180167	-0.10E+04
1.556	0.179667	-0.10E+04
1.559	0.178867	-0.10E+04
1.562	0.179233	-0.10E+04
1.565	0.180900	-0.10E+04
1.568	0.180567	-0.10E+04
1.571	0.181333	-0.10E+04
1.574	0.183933	-0.10E+04
1.577	0.183100	-0.10E+04
1.58	0.179800	-0.10E+04
1.583	0.180767	-0.10E+04
1.586	0.179100	-0.10E+04
1.589	0.179733	-0.10E+04
1.592	0.177967	-0.10E+04
1.595	0.179900	-0.10E+04
1.598	0.182000	-0.10E+04
1.601	0.182000	-0.10E+04
1.604	0.182633	-0.10E+04
1.607	0.183667	-0.10E+04
1.61	0.183333	-0.10E+04
1.613	0.185033	-0.10E+04
1.616	0.185433	-0.10E+04
1.619	0.186100	-0.10E+04
1.622	0.186267	-0.10E+04
1.625	0.185033	-0.10E+04
1.628	0.184467	-0.10E+04
1.631	0.185933	-0.10E+04
1.634	0.187100	-0.10E+04
1.637	0.187200	-0.10E+04
1.64	0.186300	-0.10E+04
1.643	0.185133	-0.10E+04
1.646	0.184133	-0.10E+04
1.649	0.184933	-0.10E+04
1.652	0.183767	-0.10E+04
1.655	0.186033	-0.10E+04
1.658	0.188267	-0.10E+04
1.661	0.188567	-0.10E+04
1.664	0.189167	-0.10E+04
1.667	0.189133	-0.10E+04
1.67	0.189633	-0.10E+04
1.673	0.188067	-0.10E+04
1.676	0.186333	-0.10E+04
1.679	0.185600	-0.10E+04
1.682	0.185233	-0.10E+04
1.685	0.185900	-0.10E+04
1.688	0.185100	-0.10E+04
1.691	0.185267	-0.10E+04
1.694	0.183467	-0.10E+04
1.697	0.182933	-0.10E+04
1.7	0.185100	-0.10E+04
1.703	0.185833	-0.10E+04
1.706	0.186867	-0.10E+04
1.709	0.189633	-0.10E+04
1.712	0.189467	-0.10E+04
1.715	0.188333	-0.10E+04
1.718	0.188533	-0.10E+04
1.721	0.189467	-0.10E+04
1.724	0.189400	-0.10E+04
1.727	0.189100	-0.10E+04
1.73	0.187067	-0.10E+04
1.733	0.189267	-0.10E+04
1.736	0.190267	-0.10E+04
1.739	0.189300	-0.10E+04
1.742	0.188133	-0.10E+04
1.745	0.188400	-0.10E+04
1.748	0.186233	-0.10E+04
1.751	0.187200	-0.10E+04
1.754	0.188667	-0.10E+04
1.757	0.189100	-0.10E+04
1.76	0.188833	-0.10E+04
1.763	0.189233	-0.10E+04
1.766	0.189733	-0.10E+04
1.769	0.187133	-0.10E+04
1.772	0.187900	-0.10E+04
1.775	0.189667	-0.10E+04
1.778	0.190767	-0.10E+04
1.781	0.189800	-0.10E+04
1.784	0.189700	-0.10E+04
1.787	0.190400	-0.10E+04
1.79	0.191200	-0.10E+04
1.793	0.192433	-0.10E+04
1.796	0.192267	-0.10E+04
1.799	0.192767	-0.10E+04
1.802	0.192900	-0.10E+04
1.805	0.190533	-0.10E+04
1.808	0.191767	-0.10E+04
1.811	0.192067	-0.10E+04
1.814	0.191567	-0.10E+04
1.817	0.192467	-0.10E+04
1.82	0.192933	-0.10E+04
1.823	0.192967	-0.10E+04
1.826	0.195400	-0.10E+04
1.829	0.193733	-0.10E+04
1.832	0.191267	-0.10E+04
1.835	0.189533	-0.10E+04
1.838	0.191867	-0.10E+04
1.841	0.193633	-0.10E+04
1.844	0.193233	-0.10E+04
1.847	0.191667	-0.10E+04
1.85	0.192200	-0.10E+04
1.853	0.193167	-0.10E+04
1.856	0.192767	-0.10E+04
1.859	0.191600	-0.10E+04
1.862	0.191800	-0.10E+04
1.865	0.191367	-0.10E+04
1.868	0.191867	-0.10E+04
1.871	0.195000	-0.10E+04
1.874	0.196767	-0.10E+04
1.877	0.196800	-0.10E+04
1.88	0.195533	-0.10E+04
1.883	0.194467	-0.10E+04
1.886	0.192967	-0.10E+04
1.889	0.195167	-0.10E+04
1.892	0.196933	-0.10E+04
1.895	0.195567	-0.10E+04
1.898	0.192467	-0.10E+04
1.901	0.190200	-0.10E+04
1.904	0.192067	-0.10E+04
1.907	0.195167	-0.10E+04
1.91	0.197033	-0.10E+04
1.913	0.198300	-0.10E+04
1.916	0.199467	-0.10E+04
1.919	0.197633	-0.10E+04
1.922	0.195200	-0.10E+04
1.925	0.198133	-0.10E+04
1.928	0.198167	-0.10E+04
1.931	0.194833	-0.10E+04
1.934	0.196300	-0.10E+04
1.937	0.197133	-0.10E+04
1.94	0.196400	-0.10E+04
1.943	0.196333	-0.10E+04
1.946	0.198000	-0.10E+04
1.949	0.199000	-0.10E+04
1.952	0.198100	-0.10E+04
1.955	0.198833	-0.10E+04
1.958	0.198867	-0.10E+04
1.961	0.199967	-0.10E+04
1.964	0.202500	-0.10E+04
1.967	0.201133	-0.10E+04
1.97	0.200567	-0.10E+04
1.973	0.202333	-0.10E+04
1.976	0.200700	-0.10E+04
1.979	0.200000	-0.10E+04
1.982	0.199300	-0.10E+04
1.985	0.199967	-0.10E+04
1.988	0.198433	-0.10E+04
1.991	0.198867	-0.10E+04
1.994	0.200367	-0.10E+04
1.997	0.201433	-0.10E+04
2	0.201833	-0.10E+04
2.003	0.200933	-0.10E+04
2.006	0.200167	-0.10E+04
2.009	0.200267	-0.10E+04
2.012	0.200433	-0.10E+04
2.015	0.200167	-0.10E+04
2.018	0.200533	-0.10E+04
2.021	0.201533	-0.10E+04
2.024	0.201533	-0.10E+04
2.027	0.202867	-0.10E+04
2.03	0.203467	-0.10E+04
2.033	0.203000	-0.10E+04
2.036	0.205933	-0.10E+04
2.039	0.206567	-0.10E+04
2.042	0.204400	-0.10E+04
2.045	0.205100	-0.10E+04
2.048	0.204267	-0.10E+04
2.051	0.203200	-0.10E+04
2.054	0.204667	-0.10E+04
2.057	0.205433	-0.10E+04
2.06	0.204267	-0.10E+04
2.063	0.203933	-0.10E+04
2.066	0.205900	-0.10E+04
2.069	0.206333	-0.10E+04
2.072	0.205433	-0.10E+04
2.075	0.204633	-0.10E+04
2.078	0.206600	-0.10E+04
2.081	0.208000	-0.10E+04
2.084	0.207733	-0.10E+04
2.087	0.207167	-0.10E+04
2.09	0.206733	-0.10E+04
2.093	0.207567	-0.10E+04
2.096	0.208233	-0.10E+04
2.099	0.209567	-0.10E+04
2.102	0.209800	-0.10E+04
2.105	0.208000	-0.10E+04
2.108	0.210400	-0.10E+04
2.111	0.212367	-0.10E+04
2.114	0.212000	-0.10E+04
2.117	0.212600	-0.10E+04
2.12	0.211167	-0.10E+04
2.123	0.209600	-0.10E+04
2.126	0.210433	-0.10E+04
2.129	0.209333	-0.10E+04
2.132	0.210700	-0.10E+04
2.135	0.211067	-0.10E+04
2.138	0.211000	-0.10E+04
2.141	0.212767	-0.10E+04
2.144	0.211800	-0.10E+04
2.147	0.211600	-0.10E+04
2.15	0.209467	-0.10E+04
2.153	0.208267	-0.10E+04
2.156	0.208967	-0.10E+04
2.159	0.208833	-0.10E+04
2.162	0.209867	-0.10E+04
2.165	0.210700	-0.10E+04
2.168	0.210067	-0.10E+04
2.171	0.208867	-0.10E+04
2.174	0.208900	-0.10E+04
2.177	0.210100	-0.10E+04
2.18	0.211400	-0.10E+04
2.183	0.211100	-0.10E+04
2.186	0.210433	-0.10E+04
2.189	0.210500	-0.10E+04
2.192	0.211600	-0.10E+04
2.195	0.212333	-0.10E+04
2.198	0.213667	-0.10E+04
2.201	0.213467	-0.10E+04
2.204	0.213833	-0.10E+04
2.207	0.213333	-0.10E+04
2.21	0.209867	-0.10E+04
2.213	0.212533	-0.10E+04
2.216	0.215600	-0.10E+04
2.219	0.215200	-0.10E+04
2.222	0.216000	-0.10E+04
2.225	0.216333	-0.10E+04
2.228	0.217467	-0.10E+04
2.231	0.218900	-0.10E+04
2.234	0.217667	-0.10E+04
2.237	0.218033	-0.10E+04
2.24	0.216000	-0.10E+04
2.243	0.216567	-0.10E+04
2.246	0.216633	-0.10E+04
2.249	0.216833	-0.10E+04
2.252	0.216733	-0.10E+04
2.255	0.217000	-0.10E+04
2.258	0.217933	-0.10E+04
2.261	0.217400	-0.10E+04
2.264	0.217567	-0.10E+04
2.267	0.218667	-0.10E+04
2.27	0.219067	-0.10E+04
2.273	0.219367	-0.10E+04
2.276	0.220233	-0.10E+04
2.279	0.223133	-0.10E+04
2.282	0.223733	-0.10E+04
2.285	0.224733	-0.10E+04
2.288	0.225733	-0.10E+04
2.291	0.225767	-0.10E+04
2.294	0.226133	-0.10E+04
2.297	0.223733	-0.10E+04
2.3	0.223800	-0.10E+04
2.303	0.224433	-0.10E+04
2.306	0.224833	-0.10E+04
2.309	0.225867	-0.10E+04
2.312	0.226933	-0.10E+04
2.315	0.226500	-0.10E+04
2.318	0.228033	-0.10E+04
2.321	0.229667	-0.10E+04
2.324	0.230767	-0.10E+04
2.327	0.229933	-0.10E+04
2.33	0.228833	-0.10E+04
2.333	0.227833	-0.10E+04
2.336	0.228200	-0.10E+04
2.339	0.229467	-0.10E+04
2.342	0.230433	-0.10E+04
2.345	0.229800	-0.10E+04
2.348	0.230267	-0.10E+04
2.351	0.230167	-0.10E+04
2.354	0.229933	-0.10E+04
2.357	0.229667	-0.10E+04
2.36	0.229000	-0.10E+04
2.363	0.227967	-0.10E+04
2.366	0.228033	-0.10E+04
2.369	0.232200	-0.10E+04
2.372	0.233900	-0.10E+04
2.375	0.235067	-0.10E+04
2.378	0.236900	-0.10E+04
2.381	0.235300	-0.10E+04
2.384	0.235733	-0.10E+04
2.387	0.235667	-0.10E+04
2.39	0.236100	-0.10E+04
2.393	0.235667	-0.10E+04
2.396	0.234933	-0.10E+04
2.399	0.233767	-0.10E+04
2.402	0.233333	-0.10E+04
2.405	0.233167	-0.10E+04
2.408	0.233467	-0.10E+04
2.411	0.233567	-0.10E+04
2.414	0.235267	-0.10E+04
2.417	0.236033	-0.10E+04
2.42	0.235200	-0.10E+04
2.423	0.236400	-0.10E+04
2.426	0.237233	-0.10E+04
2.429	0.237300	-0.10E+04
2.432	0.238267	-0.10E+04
2.435	0.236700	-0.10E+04
2.438	0.237333	-0.10E+04
2.441	0.237433	-0.10E+04
2.444	0.238333	-0.10E+04
2.447	0.238500	-0.10E+04
2.45	0.236467	-0.10E+04
2.453	0.238800	-0.10E+04
2.456	0.239933	-0.10E+04
2.459	0.240300	-0.10E+04
2.462	0.239100	-0.10E+04
2.465	0.236467	-0.10E+04
2.468	0.236133	-0.10E+04
2.471	0.236800	-0.10E+04
2.474	0.236533	-0.10E+04
2.477	0.237267	-0.10E+04
2.48	0.238433	-0.10E+04
2.483	0.238333	-0.10E+04
2.486	0.238933	-0.10E+04
2.489	0.239900	-0.10E+04
2.492	0.240233	-0.10E+04
2.495	0.241433	-0.10E+04
2.498	0.238933	-0.10E+04
