Brown University Keck/NASA Relab Spectrum LS-JBA-105-P2/wls153
Wavelength(micron)	Reflectance	Standard Deviation
0.35	0.101367	-0.10E+04
0.353	0.100933	-0.10E+04
0.356	0.101767	-0.10E+04
0.359	0.101567	-0.10E+04
0.362	0.101700	-0.10E+04
0.365	0.101967	-0.10E+04
0.368	0.101900	-0.10E+04
0.371	0.102733	-0.10E+04
0.374	0.103233	-0.10E+04
0.377	0.103533	-0.10E+04
0.38	0.104400	-0.10E+04
0.383	0.104333	-0.10E+04
0.386	0.104333	-0.10E+04
0.389	0.105033	-0.10E+04
0.392	0.105967	-0.10E+04
0.395	0.106333	-0.10E+04
0.398	0.106000	-0.10E+04
0.401	0.105200	-0.10E+04
0.404	0.105667	-0.10E+04
0.407	0.106133	-0.10E+04
0.41	0.105900	-0.10E+04
0.413	0.106267	-0.10E+04
0.416	0.106767	-0.10E+04
0.419	0.107167	-0.10E+04
0.422	0.108167	-0.10E+04
0.425	0.108600	-0.10E+04
0.428	0.109267	-0.10E+04
0.431	0.110600	-0.10E+04
0.434	0.110200	-0.10E+04
0.437	0.110267	-0.10E+04
0.44	0.111267	-0.10E+04
0.443	0.111333	-0.10E+04
0.446	0.112867	-0.10E+04
0.449	0.113067	-0.10E+04
0.452	0.112667	-0.10E+04
0.455	0.113700	-0.10E+04
0.458	0.114767	-0.10E+04
0.461	0.115300	-0.10E+04
0.464	0.115233	-0.10E+04
0.467	0.114633	-0.10E+04
0.47	0.114867	-0.10E+04
0.473	0.115367	-0.10E+04
0.476	0.115933	-0.10E+04
0.479	0.116533	-0.10E+04
0.482	0.116500	-0.10E+04
0.485	0.117067	-0.10E+04
0.488	0.116833	-0.10E+04
0.491	0.116100	-0.10E+04
0.494	0.116767	-0.10E+04
0.497	0.118633	-0.10E+04
0.5	0.119667	-0.10E+04
0.503	0.119967	-0.10E+04
0.506	0.120967	-0.10E+04
0.509	0.122133	-0.10E+04
0.512	0.122267	-0.10E+04
0.515	0.121767	-0.10E+04
0.518	0.122000	-0.10E+04
0.521	0.122067	-0.10E+04
0.524	0.122967	-0.10E+04
0.527	0.124300	-0.10E+04
0.53	0.124733	-0.10E+04
0.533	0.124200	-0.10E+04
0.536	0.123733	-0.10E+04
0.539	0.123733	-0.10E+04
0.542	0.124700	-0.10E+04
0.545	0.125200	-0.10E+04
0.548	0.125800	-0.10E+04
0.551	0.126333	-0.10E+04
0.554	0.126800	-0.10E+04
0.557	0.127533	-0.10E+04
0.56	0.128800	-0.10E+04
0.563	0.129267	-0.10E+04
0.566	0.129167	-0.10E+04
0.569	0.129833	-0.10E+04
0.572	0.129833	-0.10E+04
0.575	0.129600	-0.10E+04
0.578	0.128867	-0.10E+04
0.581	0.129800	-0.10E+04
0.584	0.130600	-0.10E+04
0.587	0.131233	-0.10E+04
0.59	0.131400	-0.10E+04
0.593	0.132367	-0.10E+04
0.596	0.133233	-0.10E+04
0.599	0.133933	-0.10E+04
0.602	0.134500	-0.10E+04
0.605	0.134433	-0.10E+04
0.608	0.134533	-0.10E+04
0.611	0.133500	-0.10E+04
0.614	0.134200	-0.10E+04
0.617	0.135200	-0.10E+04
0.62	0.135767	-0.10E+04
0.623	0.137567	-0.10E+04
0.626	0.136033	-0.10E+04
0.629	0.133433	-0.10E+04
0.632	0.132133	-0.10E+04
0.635	0.133167	-0.10E+04
0.638	0.134700	-0.10E+04
0.641	0.131733	-0.10E+04
0.644	0.133033	-0.10E+04
0.647	0.132667	-0.10E+04
0.65	0.130867	-0.10E+04
0.653	0.129467	-0.10E+04
0.656	0.130633	-0.10E+04
0.659	0.130833	-0.10E+04
0.662	0.127867	-0.10E+04
0.665	0.127867	-0.10E+04
0.668	0.128933	-0.10E+04
0.671	0.128633	-0.10E+04
0.674	0.129433	-0.10E+04
0.677	0.130100	-0.10E+04
0.68	0.134167	-0.10E+04
0.683	0.132333	-0.10E+04
0.686	0.133267	-0.10E+04
0.689	0.132800	-0.10E+04
0.692	0.132967	-0.10E+04
0.695	0.132933	-0.10E+04
0.698	0.131367	-0.10E+04
0.701	0.131933	-0.10E+04
0.704	0.133533	-0.10E+04
0.707	0.134500	-0.10E+04
0.71	0.132167	-0.10E+04
0.713	0.129733	-0.10E+04
0.716	0.128267	-0.10E+04
0.719	0.127233	-0.10E+04
0.722	0.130200	-0.10E+04
0.725	0.130567	-0.10E+04
0.728	0.130300	-0.10E+04
0.731	0.129600	-0.10E+04
0.734	0.133000	-0.10E+04
0.737	0.132433	-0.10E+04
0.74	0.132033	-0.10E+04
0.743	0.132900	-0.10E+04
0.746	0.134200	-0.10E+04
0.749	0.134000	-0.10E+04
0.752	0.134233	-0.10E+04
0.755	0.133867	-0.10E+04
0.758	0.135567	-0.10E+04
0.761	0.136400	-0.10E+04
0.764	0.136100	-0.10E+04
0.767	0.134933	-0.10E+04
0.77	0.136767	-0.10E+04
0.773	0.137700	-0.10E+04
0.776	0.136667	-0.10E+04
0.779	0.136467	-0.10E+04
0.782	0.136567	-0.10E+04
0.785	0.137167	-0.10E+04
0.788	0.138800	-0.10E+04
0.791	0.138133	-0.10E+04
0.794	0.139733	-0.10E+04
0.797	0.137100	-0.10E+04
0.8	0.136233	-0.10E+04
0.803	0.136967	-0.10E+04
0.806	0.140100	-0.10E+04
0.809	0.141433	-0.10E+04
0.812	0.140567	-0.10E+04
0.815	0.140433	-0.10E+04
0.818	0.144000	-0.10E+04
0.821	0.146033	-0.10E+04
0.824	0.144200	-0.10E+04
0.827	0.143267	-0.10E+04
0.83	0.145767	-0.10E+04
0.833	0.146233	-0.10E+04
0.836	0.141900	-0.10E+04
0.839	0.138133	-0.10E+04
0.842	0.137633	-0.10E+04
0.845	0.136933	-0.10E+04
0.848	0.138167	-0.10E+04
0.851	0.139733	-0.10E+04
0.854	0.141100	-0.10E+04
0.857	0.143400	-0.10E+04
0.86	0.145067	-0.10E+04
0.863	0.141567	-0.10E+04
0.866	0.139233	-0.10E+04
0.869	0.138233	-0.10E+04
0.872	0.140633	-0.10E+04
0.875	0.141533	-0.10E+04
0.878	0.141000	-0.10E+04
0.881	0.140267	-0.10E+04
0.884	0.140533	-0.10E+04
0.887	0.141633	-0.10E+04
0.89	0.141267	-0.10E+04
0.893	0.139800	-0.10E+04
0.896	0.140167	-0.10E+04
0.899	0.142967	-0.10E+04
0.902	0.142533	-0.10E+04
0.905	0.144033	-0.10E+04
0.908	0.144200	-0.10E+04
0.911	0.143033	-0.10E+04
0.914	0.140833	-0.10E+04
0.917	0.140333	-0.10E+04
0.92	0.141333	-0.10E+04
0.923	0.142533	-0.10E+04
0.926	0.145933	-0.10E+04
0.929	0.151100	-0.10E+04
0.932	0.146700	-0.10E+04
0.935	0.146000	-0.10E+04
0.938	0.146267	-0.10E+04
0.941	0.143900	-0.10E+04
0.944	0.144967	-0.10E+04
0.947	0.144233	-0.10E+04
0.95	0.143200	-0.10E+04
0.953	0.141033	-0.10E+04
0.956	0.137800	-0.10E+04
0.959	0.140167	-0.10E+04
0.962	0.141067	-0.10E+04
0.965	0.140700	-0.10E+04
0.968	0.139133	-0.10E+04
0.971	0.140267	-0.10E+04
0.974	0.142033	-0.10E+04
0.977	0.143967	-0.10E+04
0.98	0.146900	-0.10E+04
0.983	0.145800	-0.10E+04
0.986	0.143433	-0.10E+04
0.989	0.143500	-0.10E+04
0.992	0.146433	-0.10E+04
0.995	0.147967	-0.10E+04
0.998	0.148200	-0.10E+04
1.001	0.148200	-0.10E+04
1.004	0.147167	-0.10E+04
1.007	0.148500	-0.10E+04
1.01	0.149700	-0.10E+04
1.013	0.147200	-0.10E+04
1.016	0.147200	-0.10E+04
1.019	0.147667	-0.10E+04
1.022	0.149500	-0.10E+04
1.025	0.149900	-0.10E+04
1.028	0.151733	-0.10E+04
1.031	0.150100	-0.10E+04
1.034	0.149167	-0.10E+04
1.037	0.147267	-0.10E+04
1.04	0.146667	-0.10E+04
1.043	0.148300	-0.10E+04
1.046	0.148367	-0.10E+04
1.049	0.151267	-0.10E+04
1.052	0.152233	-0.10E+04
1.055	0.152167	-0.10E+04
1.058	0.152533	-0.10E+04
1.061	0.152433	-0.10E+04
1.064	0.153300	-0.10E+04
1.067	0.150433	-0.10E+04
1.07	0.150700	-0.10E+04
1.073	0.151767	-0.10E+04
1.076	0.151200	-0.10E+04
1.079	0.151233	-0.10E+04
1.082	0.152933	-0.10E+04
1.085	0.155033	-0.10E+04
1.088	0.155000	-0.10E+04
1.091	0.153067	-0.10E+04
1.094	0.152300	-0.10E+04
1.097	0.152433	-0.10E+04
1.1	0.153100	-0.10E+04
1.103	0.154000	-0.10E+04
1.106	0.154800	-0.10E+04
1.109	0.155800	-0.10E+04
1.112	0.154933	-0.10E+04
1.115	0.154467	-0.10E+04
1.118	0.153367	-0.10E+04
1.121	0.154133	-0.10E+04
1.124	0.155633	-0.10E+04
1.127	0.157500	-0.10E+04
1.13	0.159133	-0.10E+04
1.133	0.158533	-0.10E+04
1.136	0.160333	-0.10E+04
1.139	0.160333	-0.10E+04
1.142	0.158800	-0.10E+04
1.145	0.157867	-0.10E+04
1.148	0.158967	-0.10E+04
1.151	0.160500	-0.10E+04
1.154	0.164767	-0.10E+04
1.157	0.167533	-0.10E+04
1.16	0.166433	-0.10E+04
1.163	0.163433	-0.10E+04
1.166	0.162233	-0.10E+04
1.169	0.163100	-0.10E+04
1.172	0.163767	-0.10E+04
1.175	0.163433	-0.10E+04
1.178	0.163667	-0.10E+04
1.181	0.163933	-0.10E+04
1.184	0.162233	-0.10E+04
1.187	0.163200	-0.10E+04
1.19	0.164133	-0.10E+04
1.193	0.166033	-0.10E+04
1.196	0.165800	-0.10E+04
1.199	0.167567	-0.10E+04
1.202	0.167833	-0.10E+04
1.205	0.166133	-0.10E+04
1.208	0.166667	-0.10E+04
1.211	0.167633	-0.10E+04
1.214	0.167700	-0.10E+04
1.217	0.166900	-0.10E+04
1.22	0.167967	-0.10E+04
1.223	0.168100	-0.10E+04
1.226	0.165367	-0.10E+04
1.229	0.166600	-0.10E+04
1.232	0.166033	-0.10E+04
1.235	0.165267	-0.10E+04
1.238	0.164233	-0.10E+04
1.241	0.165867	-0.10E+04
1.244	0.165700	-0.10E+04
1.247	0.168200	-0.10E+04
1.25	0.169867	-0.10E+04
1.253	0.172067	-0.10E+04
1.256	0.170433	-0.10E+04
1.259	0.170600	-0.10E+04
1.262	0.170667	-0.10E+04
1.265	0.172367	-0.10E+04
1.268	0.171833	-0.10E+04
1.271	0.170000	-0.10E+04
1.274	0.168733	-0.10E+04
1.277	0.169967	-0.10E+04
1.28	0.171433	-0.10E+04
1.283	0.171433	-0.10E+04
1.286	0.170767	-0.10E+04
1.289	0.172067	-0.10E+04
1.292	0.173667	-0.10E+04
1.295	0.174200	-0.10E+04
1.298	0.173633	-0.10E+04
1.301	0.176667	-0.10E+04
1.304	0.177700	-0.10E+04
1.307	0.176367	-0.10E+04
1.31	0.174900	-0.10E+04
1.313	0.175367	-0.10E+04
1.316	0.177200	-0.10E+04
1.319	0.179433	-0.10E+04
1.322	0.178067	-0.10E+04
1.325	0.176167	-0.10E+04
1.328	0.177167	-0.10E+04
1.331	0.175933	-0.10E+04
1.334	0.175467	-0.10E+04
1.337	0.172700	-0.10E+04
1.34	0.172133	-0.10E+04
1.343	0.174233	-0.10E+04
1.346	0.176200	-0.10E+04
1.349	0.176833	-0.10E+04
1.352	0.177467	-0.10E+04
1.355	0.179467	-0.10E+04
1.358	0.181200	-0.10E+04
1.361	0.183233	-0.10E+04
1.364	0.182500	-0.10E+04
1.367	0.181967	-0.10E+04
1.37	0.182467	-0.10E+04
1.373	0.182067	-0.10E+04
1.376	0.183033	-0.10E+04
1.379	0.183267	-0.10E+04
1.382	0.184167	-0.10E+04
1.385	0.184900	-0.10E+04
1.388	0.186067	-0.10E+04
1.391	0.186800	-0.10E+04
1.394	0.185933	-0.10E+04
1.397	0.187133	-0.10E+04
1.4	0.189533	-0.10E+04
1.403	0.189633	-0.10E+04
1.406	0.191467	-0.10E+04
1.409	0.191133	-0.10E+04
1.412	0.188067	-0.10E+04
1.415	0.187133	-0.10E+04
1.418	0.186133	-0.10E+04
1.421	0.185800	-0.10E+04
1.424	0.188133	-0.10E+04
1.427	0.189333	-0.10E+04
1.43	0.189433	-0.10E+04
1.433	0.191133	-0.10E+04
1.436	0.192000	-0.10E+04
1.439	0.190933	-0.10E+04
1.442	0.191267	-0.10E+04
1.445	0.191567	-0.10E+04
1.448	0.192267	-0.10E+04
1.451	0.193167	-0.10E+04
1.454	0.195233	-0.10E+04
1.457	0.195333	-0.10E+04
1.46	0.195633	-0.10E+04
1.463	0.194800	-0.10E+04
1.466	0.194967	-0.10E+04
1.469	0.194833	-0.10E+04
1.472	0.194667	-0.10E+04
1.475	0.195433	-0.10E+04
1.478	0.194733	-0.10E+04
1.481	0.195233	-0.10E+04
1.484	0.195767	-0.10E+04
1.487	0.193867	-0.10E+04
1.49	0.193400	-0.10E+04
1.493	0.193767	-0.10E+04
1.496	0.195467	-0.10E+04
1.499	0.197267	-0.10E+04
1.502	0.197267	-0.10E+04
1.505	0.199000	-0.10E+04
1.508	0.201333	-0.10E+04
1.511	0.198933	-0.10E+04
1.514	0.200233	-0.10E+04
1.517	0.199933	-0.10E+04
1.52	0.200400	-0.10E+04
1.523	0.198800	-0.10E+04
1.526	0.197333	-0.10E+04
1.529	0.198533	-0.10E+04
1.532	0.200067	-0.10E+04
1.535	0.202233	-0.10E+04
1.538	0.201933	-0.10E+04
1.541	0.202333	-0.10E+04
1.544	0.202100	-0.10E+04
1.547	0.200867	-0.10E+04
1.55	0.200633	-0.10E+04
1.553	0.202167	-0.10E+04
1.556	0.204833	-0.10E+04
1.559	0.205167	-0.10E+04
1.562	0.207000	-0.10E+04
1.565	0.207933	-0.10E+04
1.568	0.207167	-0.10E+04
1.571	0.205600	-0.10E+04
1.574	0.203667	-0.10E+04
1.577	0.202567	-0.10E+04
1.58	0.202867	-0.10E+04
1.583	0.205267	-0.10E+04
1.586	0.205167	-0.10E+04
1.589	0.205000	-0.10E+04
1.592	0.205467	-0.10E+04
1.595	0.205933	-0.10E+04
1.598	0.206100	-0.10E+04
1.601	0.205967	-0.10E+04
1.604	0.206333	-0.10E+04
1.607	0.205367	-0.10E+04
1.61	0.204700	-0.10E+04
1.613	0.206333	-0.10E+04
1.616	0.208567	-0.10E+04
1.619	0.208400	-0.10E+04
1.622	0.209100	-0.10E+04
1.625	0.207767	-0.10E+04
1.628	0.205100	-0.10E+04
1.631	0.204667	-0.10E+04
1.634	0.203633	-0.10E+04
1.637	0.204400	-0.10E+04
1.64	0.205533	-0.10E+04
1.643	0.205600	-0.10E+04
1.646	0.206700	-0.10E+04
1.649	0.205333	-0.10E+04
1.652	0.205933	-0.10E+04
1.655	0.208433	-0.10E+04
1.658	0.208633	-0.10E+04
1.661	0.209367	-0.10E+04
1.664	0.207433	-0.10E+04
1.667	0.204900	-0.10E+04
1.67	0.206300	-0.10E+04
1.673	0.206300	-0.10E+04
1.676	0.207400	-0.10E+04
1.679	0.206767	-0.10E+04
1.682	0.205167	-0.10E+04
1.685	0.205867	-0.10E+04
1.688	0.209333	-0.10E+04
1.691	0.210733	-0.10E+04
1.694	0.210300	-0.10E+04
1.697	0.210133	-0.10E+04
1.7	0.212233	-0.10E+04
1.703	0.211167	-0.10E+04
1.706	0.210400	-0.10E+04
1.709	0.212900	-0.10E+04
1.712	0.213267	-0.10E+04
1.715	0.211767	-0.10E+04
1.718	0.210933	-0.10E+04
1.721	0.210433	-0.10E+04
1.724	0.209967	-0.10E+04
1.727	0.209900	-0.10E+04
1.73	0.209067	-0.10E+04
1.733	0.209200	-0.10E+04
1.736	0.210600	-0.10E+04
1.739	0.211367	-0.10E+04
1.742	0.213167	-0.10E+04
1.745	0.213700	-0.10E+04
1.748	0.212800	-0.10E+04
1.751	0.212167	-0.10E+04
1.754	0.211600	-0.10E+04
1.757	0.213667	-0.10E+04
1.76	0.213233	-0.10E+04
1.763	0.212533	-0.10E+04
1.766	0.212067	-0.10E+04
1.769	0.210867	-0.10E+04
1.772	0.209933	-0.10E+04
1.775	0.211267	-0.10E+04
1.778	0.214233	-0.10E+04
1.781	0.214167	-0.10E+04
1.784	0.215233	-0.10E+04
1.787	0.213967	-0.10E+04
1.79	0.214000	-0.10E+04
1.793	0.214667	-0.10E+04
1.796	0.216200	-0.10E+04
1.799	0.217367	-0.10E+04
1.802	0.216733	-0.10E+04
1.805	0.217700	-0.10E+04
1.808	0.216833	-0.10E+04
1.811	0.216633	-0.10E+04
1.814	0.219367	-0.10E+04
1.817	0.219267	-0.10E+04
1.82	0.217533	-0.10E+04
1.823	0.216733	-0.10E+04
1.826	0.217200	-0.10E+04
1.829	0.217567	-0.10E+04
1.832	0.216567	-0.10E+04
1.835	0.216267	-0.10E+04
1.838	0.217800	-0.10E+04
1.841	0.220067	-0.10E+04
1.844	0.219400	-0.10E+04
1.847	0.219033	-0.10E+04
1.85	0.219433	-0.10E+04
1.853	0.220500	-0.10E+04
1.856	0.222867	-0.10E+04
1.859	0.222800	-0.10E+04
1.862	0.219800	-0.10E+04
1.865	0.221400	-0.10E+04
1.868	0.220600	-0.10E+04
1.871	0.221300	-0.10E+04
1.874	0.221667	-0.10E+04
1.877	0.222133	-0.10E+04
1.88	0.220667	-0.10E+04
1.883	0.220500	-0.10E+04
1.886	0.220800	-0.10E+04
1.889	0.220167	-0.10E+04
1.892	0.220967	-0.10E+04
1.895	0.222033	-0.10E+04
1.898	0.223200	-0.10E+04
1.901	0.223300	-0.10E+04
1.904	0.224400	-0.10E+04
1.907	0.224067	-0.10E+04
1.91	0.223967	-0.10E+04
1.913	0.221400	-0.10E+04
1.916	0.220967	-0.10E+04
1.919	0.222800	-0.10E+04
1.922	0.225300	-0.10E+04
1.925	0.224700	-0.10E+04
1.928	0.222900	-0.10E+04
1.931	0.222633	-0.10E+04
1.934	0.221800	-0.10E+04
1.937	0.222300	-0.10E+04
1.94	0.224000	-0.10E+04
1.943	0.223467	-0.10E+04
1.946	0.224833	-0.10E+04
1.949	0.224067	-0.10E+04
1.952	0.223333	-0.10E+04
1.955	0.222433	-0.10E+04
1.958	0.220733	-0.10E+04
1.961	0.220833	-0.10E+04
1.964	0.222600	-0.10E+04
1.967	0.224733	-0.10E+04
1.97	0.225333	-0.10E+04
1.973	0.226833	-0.10E+04
1.976	0.227233	-0.10E+04
1.979	0.227533	-0.10E+04
1.982	0.227000	-0.10E+04
1.985	0.228433	-0.10E+04
1.988	0.227600	-0.10E+04
1.991	0.228033	-0.10E+04
1.994	0.229333	-0.10E+04
1.997	0.228833	-0.10E+04
2	0.228233	-0.10E+04
2.003	0.228600	-0.10E+04
2.006	0.231167	-0.10E+04
2.009	0.234300	-0.10E+04
2.012	0.235400	-0.10E+04
2.015	0.234233	-0.10E+04
2.018	0.233000	-0.10E+04
2.021	0.231100	-0.10E+04
2.024	0.232767	-0.10E+04
2.027	0.232733	-0.10E+04
2.03	0.232600	-0.10E+04
2.033	0.231200	-0.10E+04
2.036	0.231467	-0.10E+04
2.039	0.232667	-0.10E+04
2.042	0.233933	-0.10E+04
2.045	0.235667	-0.10E+04
2.048	0.236033	-0.10E+04
2.051	0.232200	-0.10E+04
2.054	0.230067	-0.10E+04
2.057	0.233267	-0.10E+04
2.06	0.233900	-0.10E+04
2.063	0.234800	-0.10E+04
2.066	0.236333	-0.10E+04
2.069	0.237567	-0.10E+04
2.072	0.236933	-0.10E+04
2.075	0.235267	-0.10E+04
2.078	0.235833	-0.10E+04
2.081	0.236533	-0.10E+04
2.084	0.234767	-0.10E+04
2.087	0.235533	-0.10E+04
2.09	0.237000	-0.10E+04
2.093	0.238267	-0.10E+04
2.096	0.236633	-0.10E+04
2.099	0.238667	-0.10E+04
2.102	0.242167	-0.10E+04
2.105	0.243767	-0.10E+04
2.108	0.241667	-0.10E+04
2.111	0.239733	-0.10E+04
2.114	0.240000	-0.10E+04
2.117	0.243033	-0.10E+04
2.12	0.244967	-0.10E+04
2.123	0.243667	-0.10E+04
2.126	0.241267	-0.10E+04
2.129	0.241033	-0.10E+04
2.132	0.241600	-0.10E+04
2.135	0.241600	-0.10E+04
2.138	0.241700	-0.10E+04
2.141	0.242767	-0.10E+04
2.144	0.242800	-0.10E+04
2.147	0.242900	-0.10E+04
2.15	0.244167	-0.10E+04
2.153	0.244833	-0.10E+04
2.156	0.245200	-0.10E+04
2.159	0.245567	-0.10E+04
2.162	0.246700	-0.10E+04
2.165	0.244267	-0.10E+04
2.168	0.243400	-0.10E+04
2.171	0.244833	-0.10E+04
2.174	0.245867	-0.10E+04
2.177	0.246733	-0.10E+04
2.18	0.247200	-0.10E+04
2.183	0.247667	-0.10E+04
2.186	0.248633	-0.10E+04
2.189	0.247433	-0.10E+04
2.192	0.246100	-0.10E+04
2.195	0.245800	-0.10E+04
2.198	0.247433	-0.10E+04
2.201	0.247767	-0.10E+04
2.204	0.248067	-0.10E+04
2.207	0.250667	-0.10E+04
2.21	0.252833	-0.10E+04
2.213	0.252500	-0.10E+04
2.216	0.251833	-0.10E+04
2.219	0.249967	-0.10E+04
2.222	0.248700	-0.10E+04
2.225	0.247933	-0.10E+04
2.228	0.248000	-0.10E+04
2.231	0.249467	-0.10E+04
2.234	0.250400	-0.10E+04
2.237	0.252100	-0.10E+04
2.24	0.252633	-0.10E+04
2.243	0.252300	-0.10E+04
2.246	0.252000	-0.10E+04
2.249	0.253700	-0.10E+04
2.252	0.254500	-0.10E+04
2.255	0.255767	-0.10E+04
2.258	0.257233	-0.10E+04
2.261	0.256233	-0.10E+04
2.264	0.256933	-0.10E+04
2.267	0.258333	-0.10E+04
2.27	0.258667	-0.10E+04
2.273	0.257033	-0.10E+04
2.276	0.256600	-0.10E+04
2.279	0.257333	-0.10E+04
2.282	0.257567	-0.10E+04
2.285	0.259800	-0.10E+04
2.288	0.259433	-0.10E+04
2.291	0.260267	-0.10E+04
2.294	0.259500	-0.10E+04
2.297	0.258300	-0.10E+04
2.3	0.257800	-0.10E+04
2.303	0.259433	-0.10E+04
2.306	0.260367	-0.10E+04
2.309	0.261400	-0.10E+04
2.312	0.262600	-0.10E+04
2.315	0.262567	-0.10E+04
2.318	0.262767	-0.10E+04
2.321	0.261767	-0.10E+04
2.324	0.260833	-0.10E+04
2.327	0.262000	-0.10E+04
2.33	0.262000	-0.10E+04
2.333	0.263600	-0.10E+04
2.336	0.266633	-0.10E+04
2.339	0.265967	-0.10E+04
2.342	0.265467	-0.10E+04
2.345	0.267200	-0.10E+04
2.348	0.265733	-0.10E+04
2.351	0.264733	-0.10E+04
2.354	0.265400	-0.10E+04
2.357	0.265300	-0.10E+04
2.36	0.269300	-0.10E+04
2.363	0.270467	-0.10E+04
2.366	0.270900	-0.10E+04
2.369	0.269033	-0.10E+04
2.372	0.268700	-0.10E+04
2.375	0.267833	-0.10E+04
2.378	0.267833	-0.10E+04
2.381	0.268633	-0.10E+04
2.384	0.269933	-0.10E+04
2.387	0.270200	-0.10E+04
2.39	0.269933	-0.10E+04
2.393	0.267467	-0.10E+04
2.396	0.267633	-0.10E+04
2.399	0.269433	-0.10E+04
2.402	0.271500	-0.10E+04
2.405	0.270700	-0.10E+04
2.408	0.272167	-0.10E+04
2.411	0.272867	-0.10E+04
2.414	0.271200	-0.10E+04
2.417	0.270900	-0.10E+04
2.42	0.271800	-0.10E+04
2.423	0.271767	-0.10E+04
2.426	0.270867	-0.10E+04
2.429	0.271600	-0.10E+04
2.432	0.270633	-0.10E+04
2.435	0.271100	-0.10E+04
2.438	0.274333	-0.10E+04
2.441	0.274933	-0.10E+04
2.444	0.273633	-0.10E+04
2.447	0.275867	-0.10E+04
2.45	0.275933	-0.10E+04
2.453	0.276133	-0.10E+04
2.456	0.275667	-0.10E+04
2.459	0.275567	-0.10E+04
2.462	0.277233	-0.10E+04
2.465	0.280733	-0.10E+04
2.468	0.283500	-0.10E+04
2.471	0.283167	-0.10E+04
2.474	0.284333	-0.10E+04
2.477	0.283700	-0.10E+04
2.48	0.281967	-0.10E+04
2.483	0.282033	-0.10E+04
2.486	0.281900	-0.10E+04
2.489	0.280433	-0.10E+04
2.492	0.282233	-0.10E+04
2.495	0.283033	-0.10E+04
2.498	0.282400	-0.10E+04
