Brown University Keck/NASA Relab Spectrum LS-JBA-232-P1/wls178
Wavelength(micron)	Reflectance	Standard Deviation
0.35	0.109300	-0.10E+04
0.353	0.108767	-0.10E+04
0.356	0.108400	-0.10E+04
0.359	0.109200	-0.10E+04
0.362	0.110767	-0.10E+04
0.365	0.110500	-0.10E+04
0.368	0.110233	-0.10E+04
0.371	0.110233	-0.10E+04
0.374	0.110500	-0.10E+04
0.377	0.110533	-0.10E+04
0.38	0.109567	-0.10E+04
0.383	0.109667	-0.10E+04
0.386	0.109233	-0.10E+04
0.389	0.108333	-0.10E+04
0.392	0.109367	-0.10E+04
0.395	0.109700	-0.10E+04
0.398	0.110067	-0.10E+04
0.401	0.109700	-0.10E+04
0.404	0.110233	-0.10E+04
0.407	0.109800	-0.10E+04
0.41	0.108433	-0.10E+04
0.413	0.109400	-0.10E+04
0.416	0.110133	-0.10E+04
0.419	0.110667	-0.10E+04
0.422	0.110533	-0.10E+04
0.425	0.111233	-0.10E+04
0.428	0.111433	-0.10E+04
0.431	0.110567	-0.10E+04
0.434	0.111233	-0.10E+04
0.437	0.111067	-0.10E+04
0.44	0.110733	-0.10E+04
0.443	0.111100	-0.10E+04
0.446	0.111267	-0.10E+04
0.449	0.111467	-0.10E+04
0.452	0.111433	-0.10E+04
0.455	0.111967	-0.10E+04
0.458	0.112300	-0.10E+04
0.461	0.112367	-0.10E+04
0.464	0.112333	-0.10E+04
0.467	0.113100	-0.10E+04
0.47	0.114100	-0.10E+04
0.473	0.113267	-0.10E+04
0.476	0.113433	-0.10E+04
0.479	0.113500	-0.10E+04
0.482	0.113533	-0.10E+04
0.485	0.113333	-0.10E+04
0.488	0.114833	-0.10E+04
0.491	0.116167	-0.10E+04
0.494	0.116667	-0.10E+04
0.497	0.116867	-0.10E+04
0.5	0.117333	-0.10E+04
0.503	0.117267	-0.10E+04
0.506	0.117533	-0.10E+04
0.509	0.118067	-0.10E+04
0.512	0.117133	-0.10E+04
0.515	0.116433	-0.10E+04
0.518	0.116600	-0.10E+04
0.521	0.116767	-0.10E+04
0.524	0.118033	-0.10E+04
0.527	0.118867	-0.10E+04
0.53	0.118433	-0.10E+04
0.533	0.117700	-0.10E+04
0.536	0.117667	-0.10E+04
0.539	0.118300	-0.10E+04
0.542	0.119567	-0.10E+04
0.545	0.119433	-0.10E+04
0.548	0.119500	-0.10E+04
0.551	0.119733	-0.10E+04
0.554	0.118633	-0.10E+04
0.557	0.119233	-0.10E+04
0.56	0.120100	-0.10E+04
0.563	0.119767	-0.10E+04
0.566	0.119700	-0.10E+04
0.569	0.120367	-0.10E+04
0.572	0.121600	-0.10E+04
0.575	0.121533	-0.10E+04
0.578	0.121800	-0.10E+04
0.581	0.122333	-0.10E+04
0.584	0.123033	-0.10E+04
0.587	0.124100	-0.10E+04
0.59	0.123667	-0.10E+04
0.593	0.123500	-0.10E+04
0.596	0.124300	-0.10E+04
0.599	0.123700	-0.10E+04
0.602	0.124033	-0.10E+04
0.605	0.123733	-0.10E+04
0.608	0.125133	-0.10E+04
0.611	0.125433	-0.10E+04
0.614	0.124133	-0.10E+04
0.617	0.121800	-0.10E+04
0.62	0.122900	-0.10E+04
0.623	0.122367	-0.10E+04
0.626	0.122900	-0.10E+04
0.629	0.123400	-0.10E+04
0.632	0.123900	-0.10E+04
0.635	0.126967	-0.10E+04
0.638	0.128033	-0.10E+04
0.641	0.128500	-0.10E+04
0.644	0.126367	-0.10E+04
0.647	0.123667	-0.10E+04
0.65	0.125633	-0.10E+04
0.653	0.128667	-0.10E+04
0.656	0.130333	-0.10E+04
0.659	0.130633	-0.10E+04
0.662	0.127500	-0.10E+04
0.665	0.127800	-0.10E+04
0.668	0.129200	-0.10E+04
0.671	0.128933	-0.10E+04
0.674	0.128667	-0.10E+04
0.677	0.128033	-0.10E+04
0.68	0.125633	-0.10E+04
0.683	0.123300	-0.10E+04
0.686	0.123933	-0.10E+04
0.689	0.123300	-0.10E+04
0.692	0.126033	-0.10E+04
0.695	0.127233	-0.10E+04
0.698	0.124933	-0.10E+04
0.701	0.126200	-0.10E+04
0.704	0.127867	-0.10E+04
0.707	0.129100	-0.10E+04
0.71	0.129567	-0.10E+04
0.713	0.130200	-0.10E+04
0.716	0.131933	-0.10E+04
0.719	0.131267	-0.10E+04
0.722	0.129867	-0.10E+04
0.725	0.129700	-0.10E+04
0.728	0.132333	-0.10E+04
0.731	0.132900	-0.10E+04
0.734	0.131867	-0.10E+04
0.737	0.132133	-0.10E+04
0.74	0.130833	-0.10E+04
0.743	0.129433	-0.10E+04
0.746	0.125767	-0.10E+04
0.749	0.127100	-0.10E+04
0.752	0.131533	-0.10E+04
0.755	0.132633	-0.10E+04
0.758	0.131733	-0.10E+04
0.761	0.133000	-0.10E+04
0.764	0.132833	-0.10E+04
0.767	0.133533	-0.10E+04
0.77	0.135600	-0.10E+04
0.773	0.138133	-0.10E+04
0.776	0.137767	-0.10E+04
0.779	0.136367	-0.10E+04
0.782	0.135433	-0.10E+04
0.785	0.135967	-0.10E+04
0.788	0.138733	-0.10E+04
0.791	0.140667	-0.10E+04
0.794	0.141900	-0.10E+04
0.797	0.140400	-0.10E+04
0.8	0.139967	-0.10E+04
0.803	0.137733	-0.10E+04
0.806	0.136633	-0.10E+04
0.809	0.138800	-0.10E+04
0.812	0.138100	-0.10E+04
0.815	0.138800	-0.10E+04
0.818	0.140600	-0.10E+04
0.821	0.140933	-0.10E+04
0.824	0.143100	-0.10E+04
0.827	0.145767	-0.10E+04
0.83	0.145333	-0.10E+04
0.833	0.140800	-0.10E+04
0.836	0.140433	-0.10E+04
0.839	0.140667	-0.10E+04
0.842	0.142900	-0.10E+04
0.845	0.144200	-0.10E+04
0.848	0.142800	-0.10E+04
0.851	0.142000	-0.10E+04
0.854	0.139033	-0.10E+04
0.857	0.138900	-0.10E+04
0.86	0.139200	-0.10E+04
0.863	0.142033	-0.10E+04
0.866	0.141967	-0.10E+04
0.869	0.140200	-0.10E+04
0.872	0.141033	-0.10E+04
0.875	0.143133	-0.10E+04
0.878	0.142567	-0.10E+04
0.881	0.142833	-0.10E+04
0.884	0.140533	-0.10E+04
0.887	0.141333	-0.10E+04
0.89	0.141033	-0.10E+04
0.893	0.141067	-0.10E+04
0.896	0.139867	-0.10E+04
0.899	0.137400	-0.10E+04
0.902	0.139767	-0.10E+04
0.905	0.142233	-0.10E+04
0.908	0.145167	-0.10E+04
0.911	0.146633	-0.10E+04
0.914	0.145867	-0.10E+04
0.917	0.145100	-0.10E+04
0.92	0.147333	-0.10E+04
0.923	0.145600	-0.10E+04
0.926	0.145633	-0.10E+04
0.929	0.145200	-0.10E+04
0.932	0.143167	-0.10E+04
0.935	0.142567	-0.10E+04
0.938	0.147600	-0.10E+04
0.941	0.146200	-0.10E+04
0.944	0.147867	-0.10E+04
0.947	0.149333	-0.10E+04
0.95	0.149600	-0.10E+04
0.953	0.148600	-0.10E+04
0.956	0.146733	-0.10E+04
0.959	0.146300	-0.10E+04
0.962	0.147433	-0.10E+04
0.965	0.148900	-0.10E+04
0.968	0.149900	-0.10E+04
0.971	0.150300	-0.10E+04
0.974	0.147667	-0.10E+04
0.977	0.147033	-0.10E+04
0.98	0.146333	-0.10E+04
0.983	0.147833	-0.10E+04
0.986	0.149933	-0.10E+04
0.989	0.150400	-0.10E+04
0.992	0.148967	-0.10E+04
0.995	0.149400	-0.10E+04
0.998	0.150167	-0.10E+04
1.001	0.151667	-0.10E+04
1.004	0.152100	-0.10E+04
1.007	0.147867	-0.10E+04
1.01	0.146933	-0.10E+04
1.013	0.149533	-0.10E+04
1.016	0.151200	-0.10E+04
1.019	0.153800	-0.10E+04
1.022	0.155900	-0.10E+04
1.025	0.155733	-0.10E+04
1.028	0.155233	-0.10E+04
1.031	0.154133	-0.10E+04
1.034	0.155200	-0.10E+04
1.037	0.154200	-0.10E+04
1.04	0.154200	-0.10E+04
1.043	0.153667	-0.10E+04
1.046	0.153700	-0.10E+04
1.049	0.155667	-0.10E+04
1.052	0.157667	-0.10E+04
1.055	0.157200	-0.10E+04
1.058	0.155633	-0.10E+04
1.061	0.156533	-0.10E+04
1.064	0.156467	-0.10E+04
1.067	0.155067	-0.10E+04
1.07	0.154533	-0.10E+04
1.073	0.155600	-0.10E+04
1.076	0.155700	-0.10E+04
1.079	0.155267	-0.10E+04
1.082	0.157033	-0.10E+04
1.085	0.158967	-0.10E+04
1.088	0.159867	-0.10E+04
1.091	0.157800	-0.10E+04
1.094	0.157033	-0.10E+04
1.097	0.158233	-0.10E+04
1.1	0.159200	-0.10E+04
1.103	0.159267	-0.10E+04
1.106	0.158767	-0.10E+04
1.109	0.158600	-0.10E+04
1.112	0.158200	-0.10E+04
1.115	0.160533	-0.10E+04
1.118	0.162033	-0.10E+04
1.121	0.164633	-0.10E+04
1.124	0.163367	-0.10E+04
1.127	0.161333	-0.10E+04
1.13	0.159267	-0.10E+04
1.133	0.161933	-0.10E+04
1.136	0.163767	-0.10E+04
1.139	0.163033	-0.10E+04
1.142	0.162800	-0.10E+04
1.145	0.164633	-0.10E+04
1.148	0.164967	-0.10E+04
1.151	0.163900	-0.10E+04
1.154	0.163800	-0.10E+04
1.157	0.161667	-0.10E+04
1.16	0.160933	-0.10E+04
1.163	0.164767	-0.10E+04
1.166	0.164200	-0.10E+04
1.169	0.161800	-0.10E+04
1.172	0.163767	-0.10E+04
1.175	0.165933	-0.10E+04
1.178	0.164600	-0.10E+04
1.181	0.165333	-0.10E+04
1.184	0.165167	-0.10E+04
1.187	0.165567	-0.10E+04
1.19	0.168267	-0.10E+04
1.193	0.168567	-0.10E+04
1.196	0.166300	-0.10E+04
1.199	0.168700	-0.10E+04
1.202	0.170867	-0.10E+04
1.205	0.171200	-0.10E+04
1.208	0.168500	-0.10E+04
1.211	0.167167	-0.10E+04
1.214	0.166800	-0.10E+04
1.217	0.167333	-0.10E+04
1.22	0.168433	-0.10E+04
1.223	0.169967	-0.10E+04
1.226	0.172200	-0.10E+04
1.229	0.172400	-0.10E+04
1.232	0.173600	-0.10E+04
1.235	0.172800	-0.10E+04
1.238	0.172700	-0.10E+04
1.241	0.172567	-0.10E+04
1.244	0.174433	-0.10E+04
1.247	0.175033	-0.10E+04
1.25	0.174600	-0.10E+04
1.253	0.174967	-0.10E+04
1.256	0.175700	-0.10E+04
1.259	0.173633	-0.10E+04
1.262	0.173933	-0.10E+04
1.265	0.174767	-0.10E+04
1.268	0.175300	-0.10E+04
1.271	0.173533	-0.10E+04
1.274	0.174333	-0.10E+04
1.277	0.175333	-0.10E+04
1.28	0.173800	-0.10E+04
1.283	0.174833	-0.10E+04
1.286	0.173333	-0.10E+04
1.289	0.173533	-0.10E+04
1.292	0.175367	-0.10E+04
1.295	0.175567	-0.10E+04
1.298	0.173933	-0.10E+04
1.301	0.174500	-0.10E+04
1.304	0.177200	-0.10E+04
1.307	0.176733	-0.10E+04
1.31	0.173300	-0.10E+04
1.313	0.175100	-0.10E+04
1.316	0.177567	-0.10E+04
1.319	0.178367	-0.10E+04
1.322	0.177167	-0.10E+04
1.325	0.175867	-0.10E+04
1.328	0.176800	-0.10E+04
1.331	0.178700	-0.10E+04
1.334	0.180400	-0.10E+04
1.337	0.182033	-0.10E+04
1.34	0.180833	-0.10E+04
1.343	0.179933	-0.10E+04
1.346	0.180167	-0.10E+04
1.349	0.179900	-0.10E+04
1.352	0.179367	-0.10E+04
1.355	0.180467	-0.10E+04
1.358	0.180833	-0.10E+04
1.361	0.183200	-0.10E+04
1.364	0.184567	-0.10E+04
1.367	0.185000	-0.10E+04
1.37	0.184500	-0.10E+04
1.373	0.185333	-0.10E+04
1.376	0.187467	-0.10E+04
1.379	0.187100	-0.10E+04
1.382	0.184633	-0.10E+04
1.385	0.182267	-0.10E+04
1.388	0.179600	-0.10E+04
1.391	0.180600	-0.10E+04
1.394	0.183433	-0.10E+04
1.397	0.185733	-0.10E+04
1.4	0.186367	-0.10E+04
1.403	0.188467	-0.10E+04
1.406	0.187133	-0.10E+04
1.409	0.184733	-0.10E+04
1.412	0.182700	-0.10E+04
1.415	0.185300	-0.10E+04
1.418	0.184933	-0.10E+04
1.421	0.186167	-0.10E+04
1.424	0.189967	-0.10E+04
1.427	0.189667	-0.10E+04
1.43	0.189100	-0.10E+04
1.433	0.187967	-0.10E+04
1.436	0.188367	-0.10E+04
1.439	0.190100	-0.10E+04
1.442	0.188567	-0.10E+04
1.445	0.190733	-0.10E+04
1.448	0.193300	-0.10E+04
1.451	0.194933	-0.10E+04
1.454	0.194267	-0.10E+04
1.457	0.192433	-0.10E+04
1.46	0.189933	-0.10E+04
1.463	0.190633	-0.10E+04
1.466	0.190967	-0.10E+04
1.469	0.191167	-0.10E+04
1.472	0.190033	-0.10E+04
1.475	0.193067	-0.10E+04
1.478	0.192467	-0.10E+04
1.481	0.191933	-0.10E+04
1.484	0.192733	-0.10E+04
1.487	0.193467	-0.10E+04
1.49	0.193267	-0.10E+04
1.493	0.192200	-0.10E+04
1.496	0.189133	-0.10E+04
1.499	0.188267	-0.10E+04
1.502	0.191167	-0.10E+04
1.505	0.193533	-0.10E+04
1.508	0.194800	-0.10E+04
1.511	0.195800	-0.10E+04
1.514	0.195800	-0.10E+04
1.517	0.193300	-0.10E+04
1.52	0.191500	-0.10E+04
1.523	0.191867	-0.10E+04
1.526	0.190900	-0.10E+04
1.529	0.191333	-0.10E+04
1.532	0.191233	-0.10E+04
1.535	0.193733	-0.10E+04
1.538	0.196867	-0.10E+04
1.541	0.194967	-0.10E+04
1.544	0.197433	-0.10E+04
1.547	0.197133	-0.10E+04
1.55	0.198433	-0.10E+04
1.553	0.199767	-0.10E+04
1.556	0.198933	-0.10E+04
1.559	0.199033	-0.10E+04
1.562	0.197333	-0.10E+04
1.565	0.196967	-0.10E+04
1.568	0.197000	-0.10E+04
1.571	0.199133	-0.10E+04
1.574	0.200433	-0.10E+04
1.577	0.198400	-0.10E+04
1.58	0.199167	-0.10E+04
1.583	0.201633	-0.10E+04
1.586	0.201933	-0.10E+04
1.589	0.200067	-0.10E+04
1.592	0.197600	-0.10E+04
1.595	0.196233	-0.10E+04
1.598	0.199267	-0.10E+04
1.601	0.200667	-0.10E+04
1.604	0.200333	-0.10E+04
1.607	0.200000	-0.10E+04
1.61	0.200967	-0.10E+04
1.613	0.200933	-0.10E+04
1.616	0.201433	-0.10E+04
1.619	0.200767	-0.10E+04
1.622	0.200533	-0.10E+04
1.625	0.201133	-0.10E+04
1.628	0.201867	-0.10E+04
1.631	0.201600	-0.10E+04
1.634	0.200233	-0.10E+04
1.637	0.201133	-0.10E+04
1.64	0.201667	-0.10E+04
1.643	0.202767	-0.10E+04
1.646	0.203900	-0.10E+04
1.649	0.203667	-0.10E+04
1.652	0.203733	-0.10E+04
1.655	0.199567	-0.10E+04
1.658	0.200400	-0.10E+04
1.661	0.202167	-0.10E+04
1.664	0.201067	-0.10E+04
1.667	0.202267	-0.10E+04
1.67	0.203400	-0.10E+04
1.673	0.203100	-0.10E+04
1.676	0.202633	-0.10E+04
1.679	0.200500	-0.10E+04
1.682	0.200033	-0.10E+04
1.685	0.203567	-0.10E+04
1.688	0.205300	-0.10E+04
1.691	0.205933	-0.10E+04
1.694	0.202833	-0.10E+04
1.697	0.204300	-0.10E+04
1.7	0.206533	-0.10E+04
1.703	0.207200	-0.10E+04
1.706	0.206967	-0.10E+04
1.709	0.205167	-0.10E+04
1.712	0.204933	-0.10E+04
1.715	0.203000	-0.10E+04
1.718	0.204867	-0.10E+04
1.721	0.207467	-0.10E+04
1.724	0.206200	-0.10E+04
1.727	0.207567	-0.10E+04
1.73	0.208700	-0.10E+04
1.733	0.210267	-0.10E+04
1.736	0.208433	-0.10E+04
1.739	0.205067	-0.10E+04
1.742	0.204900	-0.10E+04
1.745	0.207533	-0.10E+04
1.748	0.207333	-0.10E+04
1.751	0.206400	-0.10E+04
1.754	0.208900	-0.10E+04
1.757	0.210000	-0.10E+04
1.76	0.208267	-0.10E+04
1.763	0.208400	-0.10E+04
1.766	0.206267	-0.10E+04
1.769	0.206667	-0.10E+04
1.772	0.208367	-0.10E+04
1.775	0.208633	-0.10E+04
1.778	0.207367	-0.10E+04
1.781	0.210000	-0.10E+04
1.784	0.211600	-0.10E+04
1.787	0.212200	-0.10E+04
1.79	0.213233	-0.10E+04
1.793	0.213767	-0.10E+04
1.796	0.215467	-0.10E+04
1.799	0.214000	-0.10E+04
1.802	0.215933	-0.10E+04
1.805	0.215700	-0.10E+04
1.808	0.214500	-0.10E+04
1.811	0.214300	-0.10E+04
1.814	0.212933	-0.10E+04
1.817	0.213633	-0.10E+04
1.82	0.213633	-0.10E+04
1.823	0.212867	-0.10E+04
1.826	0.211433	-0.10E+04
1.829	0.211333	-0.10E+04
1.832	0.212233	-0.10E+04
1.835	0.212767	-0.10E+04
1.838	0.214200	-0.10E+04
1.841	0.216033	-0.10E+04
1.844	0.215833	-0.10E+04
1.847	0.217867	-0.10E+04
1.85	0.216667	-0.10E+04
1.853	0.215567	-0.10E+04
1.856	0.214567	-0.10E+04
1.859	0.214733	-0.10E+04
1.862	0.216567	-0.10E+04
1.865	0.215533	-0.10E+04
1.868	0.214800	-0.10E+04
1.871	0.217833	-0.10E+04
1.874	0.217700	-0.10E+04
1.877	0.218500	-0.10E+04
1.88	0.218400	-0.10E+04
1.883	0.218700	-0.10E+04
1.886	0.218100	-0.10E+04
1.889	0.217833	-0.10E+04
1.892	0.218800	-0.10E+04
1.895	0.217300	-0.10E+04
1.898	0.220900	-0.10E+04
1.901	0.220200	-0.10E+04
1.904	0.219633	-0.10E+04
1.907	0.218933	-0.10E+04
1.91	0.219600	-0.10E+04
1.913	0.219500	-0.10E+04
1.916	0.221267	-0.10E+04
1.919	0.222167	-0.10E+04
1.922	0.222500	-0.10E+04
1.925	0.223633	-0.10E+04
1.928	0.220867	-0.10E+04
1.931	0.219867	-0.10E+04
1.934	0.219400	-0.10E+04
1.937	0.217767	-0.10E+04
1.94	0.219533	-0.10E+04
1.943	0.221933	-0.10E+04
1.946	0.219933	-0.10E+04
1.949	0.218033	-0.10E+04
1.952	0.219867	-0.10E+04
1.955	0.219200	-0.10E+04
1.958	0.220733	-0.10E+04
1.961	0.222400	-0.10E+04
1.964	0.224733	-0.10E+04
1.967	0.225433	-0.10E+04
1.97	0.223933	-0.10E+04
1.973	0.222200	-0.10E+04
1.976	0.221833	-0.10E+04
1.979	0.225067	-0.10E+04
1.982	0.225167	-0.10E+04
1.985	0.223133	-0.10E+04
1.988	0.224067	-0.10E+04
1.991	0.224467	-0.10E+04
1.994	0.224000	-0.10E+04
1.997	0.222267	-0.10E+04
2	0.219733	-0.10E+04
2.003	0.221000	-0.10E+04
2.006	0.224467	-0.10E+04
2.009	0.223833	-0.10E+04
2.012	0.224133	-0.10E+04
2.015	0.228167	-0.10E+04
2.018	0.229333	-0.10E+04
2.021	0.231067	-0.10E+04
2.024	0.229200	-0.10E+04
2.027	0.227367	-0.10E+04
2.03	0.226367	-0.10E+04
2.033	0.228000	-0.10E+04
2.036	0.227933	-0.10E+04
2.039	0.227100	-0.10E+04
2.042	0.227933	-0.10E+04
2.045	0.228767	-0.10E+04
2.048	0.229800	-0.10E+04
2.051	0.229833	-0.10E+04
2.054	0.230733	-0.10E+04
2.057	0.228767	-0.10E+04
2.06	0.227767	-0.10E+04
2.063	0.227767	-0.10E+04
2.066	0.229700	-0.10E+04
2.069	0.231867	-0.10E+04
2.072	0.232600	-0.10E+04
2.075	0.233100	-0.10E+04
2.078	0.231100	-0.10E+04
2.081	0.229367	-0.10E+04
2.084	0.227933	-0.10E+04
2.087	0.225867	-0.10E+04
2.09	0.227000	-0.10E+04
2.093	0.231600	-0.10E+04
2.096	0.229333	-0.10E+04
2.099	0.229067	-0.10E+04
2.102	0.231667	-0.10E+04
2.105	0.232500	-0.10E+04
2.108	0.231367	-0.10E+04
2.111	0.233133	-0.10E+04
2.114	0.233200	-0.10E+04
2.117	0.232400	-0.10E+04
2.12	0.234667	-0.10E+04
2.123	0.236100	-0.10E+04
2.126	0.236800	-0.10E+04
2.129	0.237167	-0.10E+04
2.132	0.234300	-0.10E+04
2.135	0.233933	-0.10E+04
2.138	0.234167	-0.10E+04
2.141	0.236033	-0.10E+04
2.144	0.238167	-0.10E+04
2.147	0.237800	-0.10E+04
2.15	0.236467	-0.10E+04
2.153	0.236800	-0.10E+04
2.156	0.236233	-0.10E+04
2.159	0.236200	-0.10E+04
2.162	0.237900	-0.10E+04
2.165	0.238500	-0.10E+04
2.168	0.237033	-0.10E+04
2.171	0.236500	-0.10E+04
2.174	0.235967	-0.10E+04
2.177	0.238567	-0.10E+04
2.18	0.239367	-0.10E+04
2.183	0.238600	-0.10E+04
2.186	0.238000	-0.10E+04
2.189	0.238667	-0.10E+04
2.192	0.239200	-0.10E+04
2.195	0.238133	-0.10E+04
2.198	0.237533	-0.10E+04
2.201	0.238533	-0.10E+04
2.204	0.238867	-0.10E+04
2.207	0.239600	-0.10E+04
2.21	0.239867	-0.10E+04
2.213	0.240267	-0.10E+04
2.216	0.240033	-0.10E+04
2.219	0.240967	-0.10E+04
2.222	0.241333	-0.10E+04
2.225	0.238800	-0.10E+04
2.228	0.239333	-0.10E+04
2.231	0.241833	-0.10E+04
2.234	0.242867	-0.10E+04
2.237	0.243200	-0.10E+04
2.24	0.242200	-0.10E+04
2.243	0.244433	-0.10E+04
2.246	0.244533	-0.10E+04
2.249	0.246200	-0.10E+04
2.252	0.245833	-0.10E+04
2.255	0.245900	-0.10E+04
2.258	0.245467	-0.10E+04
2.261	0.244600	-0.10E+04
2.264	0.244633	-0.10E+04
2.267	0.244500	-0.10E+04
2.27	0.247300	-0.10E+04
2.273	0.246667	-0.10E+04
2.276	0.246767	-0.10E+04
2.279	0.246533	-0.10E+04
2.282	0.245600	-0.10E+04
2.285	0.244433	-0.10E+04
2.288	0.246533	-0.10E+04
2.291	0.249867	-0.10E+04
2.294	0.250967	-0.10E+04
2.297	0.250233	-0.10E+04
2.3	0.250767	-0.10E+04
2.303	0.249533	-0.10E+04
2.306	0.248167	-0.10E+04
2.309	0.246267	-0.10E+04
2.312	0.246000	-0.10E+04
2.315	0.247767	-0.10E+04
2.318	0.248133	-0.10E+04
2.321	0.249867	-0.10E+04
2.324	0.249300	-0.10E+04
2.327	0.252767	-0.10E+04
2.33	0.253600	-0.10E+04
2.333	0.250833	-0.10E+04
2.336	0.249233	-0.10E+04
2.339	0.248900	-0.10E+04
2.342	0.248600	-0.10E+04
2.345	0.248867	-0.10E+04
2.348	0.251600	-0.10E+04
2.351	0.255167	-0.10E+04
2.354	0.254067	-0.10E+04
2.357	0.251767	-0.10E+04
2.36	0.249233	-0.10E+04
2.363	0.249600	-0.10E+04
2.366	0.251367	-0.10E+04
2.369	0.253733	-0.10E+04
2.372	0.254633	-0.10E+04
2.375	0.255000	-0.10E+04
2.378	0.254667	-0.10E+04
2.381	0.254600	-0.10E+04
2.384	0.254900	-0.10E+04
2.387	0.255767	-0.10E+04
2.39	0.255800	-0.10E+04
2.393	0.255833	-0.10E+04
2.396	0.257033	-0.10E+04
2.399	0.256200	-0.10E+04
2.402	0.257333	-0.10E+04
2.405	0.256800	-0.10E+04
2.408	0.255300	-0.10E+04
2.411	0.256200	-0.10E+04
2.414	0.256800	-0.10E+04
2.417	0.255767	-0.10E+04
2.42	0.257467	-0.10E+04
2.423	0.257200	-0.10E+04
2.426	0.255900	-0.10E+04
2.429	0.259333	-0.10E+04
2.432	0.257800	-0.10E+04
2.435	0.257033	-0.10E+04
2.438	0.257833	-0.10E+04
2.441	0.259400	-0.10E+04
2.444	0.260367	-0.10E+04
2.447	0.259567	-0.10E+04
2.45	0.259967	-0.10E+04
2.453	0.262700	-0.10E+04
2.456	0.262933	-0.10E+04
2.459	0.261933	-0.10E+04
2.462	0.262667	-0.10E+04
2.465	0.262067	-0.10E+04
2.468	0.261900	-0.10E+04
2.471	0.262633	-0.10E+04
2.474	0.261933	-0.10E+04
2.477	0.261300	-0.10E+04
2.48	0.262333	-0.10E+04
2.483	0.260867	-0.10E+04
2.486	0.263567	-0.10E+04
2.489	0.265867	-0.10E+04
2.492	0.265700	-0.10E+04
2.495	0.264433	-0.10E+04
2.498	0.264133	-0.10E+04
