Brown University Keck/NASA Relab Spectrum LS-JBA-156-N/wls186
Wavelength(micron)	Reflectance	Standard Deviation
0.35	0.161000	-0.10E+04
0.353	0.165000	-0.10E+04
0.356	0.166000	-0.10E+04
0.359	0.168000	-0.10E+04
0.362	0.169333	-0.10E+04
0.365	0.170000	-0.10E+04
0.368	0.172000	-0.10E+04
0.371	0.173333	-0.10E+04
0.374	0.176000	-0.10E+04
0.377	0.177333	-0.10E+04
0.38	0.178000	-0.10E+04
0.383	0.179000	-0.10E+04
0.386	0.180000	-0.10E+04
0.389	0.182000	-0.10E+04
0.392	0.184000	-0.10E+04
0.395	0.185000	-0.10E+04
0.398	0.186000	-0.10E+04
0.401	0.187000	-0.10E+04
0.404	0.189000	-0.10E+04
0.407	0.191667	-0.10E+04
0.41	0.193000	-0.10E+04
0.413	0.195000	-0.10E+04
0.416	0.195667	-0.10E+04
0.419	0.197000	-0.10E+04
0.422	0.198333	-0.10E+04
0.425	0.199000	-0.10E+04
0.428	0.203000	-0.10E+04
0.431	0.203667	-0.10E+04
0.434	0.205000	-0.10E+04
0.437	0.206333	-0.10E+04
0.44	0.207000	-0.10E+04
0.443	0.209000	-0.10E+04
0.446	0.209667	-0.10E+04
0.449	0.211000	-0.10E+04
0.452	0.212333	-0.10E+04
0.455	0.213000	-0.10E+04
0.458	0.215000	-0.10E+04
0.461	0.216000	-0.10E+04
0.464	0.218000	-0.10E+04
0.467	0.219333	-0.10E+04
0.47	0.220000	-0.10E+04
0.473	0.222000	-0.10E+04
0.476	0.222667	-0.10E+04
0.479	0.224000	-0.10E+04
0.482	0.225333	-0.10E+04
0.485	0.226000	-0.10E+04
0.488	0.229000	-0.10E+04
0.491	0.229667	-0.10E+04
0.494	0.231000	-0.10E+04
0.497	0.232333	-0.10E+04
0.5	0.233000	-0.10E+04
0.503	0.234000	-0.10E+04
0.506	0.234333	-0.10E+04
0.509	0.235000	-0.10E+04
0.512	0.236333	-0.10E+04
0.515	0.237000	-0.10E+04
0.518	0.240000	-0.10E+04
0.521	0.240667	-0.10E+04
0.524	0.242000	-0.10E+04
0.527	0.244000	-0.10E+04
0.53	0.245000	-0.10E+04
0.533	0.248000	-0.10E+04
0.536	0.248667	-0.10E+04
0.539	0.250000	-0.10E+04
0.542	0.250667	-0.10E+04
0.545	0.251000	-0.10E+04
0.548	0.253000	-0.10E+04
0.551	0.253667	-0.10E+04
0.554	0.255000	-0.10E+04
0.557	0.256333	-0.10E+04
0.56	0.257000	-0.10E+04
0.563	0.258000	-0.10E+04
0.566	0.258667	-0.10E+04
0.569	0.260000	-0.10E+04
0.572	0.261333	-0.10E+04
0.575	0.262000	-0.10E+04
0.578	0.264000	-0.10E+04
0.581	0.264667	-0.10E+04
0.584	0.266000	-0.10E+04
0.587	0.267333	-0.10E+04
0.59	0.268000	-0.10E+04
0.593	0.270000	-0.10E+04
0.596	0.270333	-0.10E+04
0.599	0.271000	-0.10E+04
0.602	0.271667	-0.10E+04
0.605	0.272000	-0.10E+04
0.608	0.272800	-0.10E+04
0.611	0.273481	-0.10E+04
0.614	0.274843	-0.10E+04
0.617	0.276206	-0.10E+04
0.62	0.276887	-0.10E+04
0.623	0.277909	-0.10E+04
0.626	0.278590	-0.10E+04
0.629	0.279952	-0.10E+04
0.632	0.280633	-0.10E+04
0.635	0.280974	-0.10E+04
0.638	0.281996	-0.10E+04
0.641	0.283017	-0.10E+04
0.644	0.285061	-0.10E+04
0.647	0.285742	-0.10E+04
0.65	0.286082	-0.10E+04
0.653	0.287104	-0.10E+04
0.656	0.287785	-0.10E+04
0.659	0.289148	-0.10E+04
0.662	0.289829	-0.10E+04
0.665	0.290169	-0.10E+04
0.668	0.292213	-0.10E+04
0.671	0.292553	-0.10E+04
0.674	0.293234	-0.10E+04
0.677	0.293916	-0.10E+04
0.68	0.294256	-0.10E+04
0.683	0.295278	-0.10E+04
0.686	0.295619	-0.10E+04
0.689	0.296300	-0.10E+04
0.692	0.296981	-0.10E+04
0.695	0.297321	-0.10E+04
0.698	0.299365	-0.10E+04
0.701	0.300046	-0.10E+04
0.704	0.301408	-0.10E+04
0.707	0.302089	-0.10E+04
0.71	0.302430	-0.10E+04
0.713	0.303452	-0.10E+04
0.716	0.303792	-0.10E+04
0.719	0.304473	-0.10E+04
0.722	0.305836	-0.10E+04
0.725	0.306517	-0.10E+04
0.728	0.307539	-0.10E+04
0.731	0.308560	-0.10E+04
0.734	0.310604	-0.10E+04
0.737	0.311285	-0.10E+04
0.74	0.311626	-0.10E+04
0.743	0.312647	-0.10E+04
0.746	0.312647	-0.10E+04
0.749	0.312647	-0.10E+04
0.752	0.313328	-0.10E+04
0.755	0.313669	-0.10E+04
0.758	0.314691	-0.10E+04
0.761	0.315031	-0.10E+04
0.764	0.315712	-0.10E+04
0.767	0.316394	-0.10E+04
0.77	0.316734	-0.10E+04
0.773	0.317756	-0.10E+04
0.776	0.318096	-0.10E+04
0.779	0.318778	-0.10E+04
0.782	0.319459	-0.10E+04
0.785	0.319799	-0.10E+04
0.788	0.319799	-0.10E+04
0.791	0.319799	-0.10E+04
0.794	0.319799	-0.10E+04
0.797	0.320480	-0.10E+04
0.8	0.320821	-0.10E+04
0.803	0.320821	-0.10E+04
0.806	0.320821	-0.10E+04
0.809	0.320821	-0.10E+04
0.812	0.321502	-0.10E+04
0.815	0.321843	-0.10E+04
0.818	0.321843	-0.10E+04
0.821	0.321843	-0.10E+04
0.824	0.321843	-0.10E+04
0.827	0.322524	-0.10E+04
0.83	0.322865	-0.10E+04
0.833	0.322865	-0.10E+04
0.836	0.323205	-0.10E+04
0.839	0.323886	-0.10E+04
0.842	0.323886	-0.10E+04
0.845	0.323886	-0.10E+04
0.848	0.323886	-0.10E+04
0.851	0.323886	-0.10E+04
0.854	0.323886	-0.10E+04
0.857	0.324567	-0.10E+04
0.86	0.324908	-0.10E+04
0.863	0.324908	-0.10E+04
0.866	0.324908	-0.10E+04
0.869	0.324908	-0.10E+04
0.872	0.324908	-0.10E+04
0.875	0.324908	-0.10E+04
0.878	0.325930	-0.10E+04
0.881	0.326270	-0.10E+04
0.884	0.326951	-0.10E+04
0.887	0.327633	-0.10E+04
0.89	0.327973	-0.10E+04
0.893	0.327973	-0.10E+04
0.896	0.327973	-0.10E+04
0.899	0.327973	-0.10E+04
0.902	0.328654	-0.10E+04
0.905	0.328995	-0.10E+04
0.908	0.330017	-0.10E+04
0.911	0.330357	-0.10E+04
0.914	0.331038	-0.10E+04
0.917	0.331038	-0.10E+04
0.92	0.331038	-0.10E+04
0.923	0.332060	-0.10E+04
0.926	0.332401	-0.10E+04
0.929	0.333082	-0.10E+04
0.932	0.333082	-0.10E+04
0.935	0.333082	-0.10E+04
0.938	0.333082	-0.10E+04
0.941	0.333763	-0.10E+04
0.944	0.335125	-0.10E+04
0.947	0.335806	-0.10E+04
0.95	0.336147	-0.10E+04
0.953	0.338190	-0.10E+04
0.956	0.338531	-0.10E+04
0.959	0.339212	-0.10E+04
0.962	0.339212	-0.10E+04
0.965	0.339212	-0.10E+04
0.968	0.341255	-0.10E+04
0.971	0.341255	-0.10E+04
0.974	0.341255	-0.10E+04
0.977	0.341937	-0.10E+04
0.98	0.342277	-0.10E+04
0.983	0.343299	-0.10E+04
0.986	0.343980	-0.10E+04
0.989	0.345342	-0.10E+04
0.992	0.345342	-0.10E+04
0.995	0.345342	-0.10E+04
0.998	0.347386	-0.10E+04
1.001	0.348067	-0.10E+04
1.004	0.349429	-0.10E+04
1.007	0.349429	-0.10E+04
1.01	0.349429	-0.10E+04
1.013	0.351473	-0.10E+04
1.016	0.351473	-0.10E+04
1.019	0.351473	-0.10E+04
1.022	0.352154	-0.10E+04
1.025	0.352494	-0.10E+04
1.028	0.354538	-0.10E+04
1.031	0.354878	-0.10E+04
1.034	0.355560	-0.10E+04
1.037	0.356241	-0.10E+04
1.04	0.356581	-0.10E+04
1.043	0.357603	-0.10E+04
1.046	0.358284	-0.10E+04
1.049	0.359646	-0.10E+04
1.052	0.360328	-0.10E+04
1.055	0.360668	-0.10E+04
1.058	0.360668	-0.10E+04
1.061	0.361349	-0.10E+04
1.064	0.362712	-0.10E+04
1.067	0.363393	-0.10E+04
1.07	0.363733	-0.10E+04
1.073	0.364755	-0.10E+04
1.076	0.364755	-0.10E+04
1.079	0.364755	-0.10E+04
1.082	0.366117	-0.10E+04
1.085	0.366799	-0.10E+04
1.088	0.367820	-0.10E+04
1.091	0.368161	-0.10E+04
1.094	0.368842	-0.10E+04
1.097	0.368842	-0.10E+04
1.1	0.368842	-0.10E+04
1.103	0.369864	-0.10E+04
1.106	0.370204	-0.10E+04
1.109	0.370885	-0.10E+04
1.112	0.372248	-0.10E+04
1.115	0.372929	-0.10E+04
1.118	0.373951	-0.10E+04
1.121	0.374291	-0.10E+04
1.124	0.374972	-0.10E+04
1.127	0.375654	-0.10E+04
1.13	0.375994	-0.10E+04
1.133	0.375994	-0.10E+04
1.136	0.376335	-0.10E+04
1.139	0.377016	-0.10E+04
1.142	0.377697	-0.10E+04
1.145	0.378038	-0.10E+04
1.148	0.379059	-0.10E+04
1.151	0.379740	-0.10E+04
1.154	0.381103	-0.10E+04
1.157	0.381784	-0.10E+04
1.16	0.382124	-0.10E+04
1.163	0.382124	-0.10E+04
1.166	0.382806	-0.10E+04
1.169	0.384168	-0.10E+04
1.172	0.384168	-0.10E+04
1.175	0.384168	-0.10E+04
1.178	0.385190	-0.10E+04
1.181	0.385530	-0.10E+04
1.184	0.386211	-0.10E+04
1.187	0.386211	-0.10E+04
1.19	0.386211	-0.10E+04
1.193	0.387233	-0.10E+04
1.196	0.387574	-0.10E+04
1.199	0.388255	-0.10E+04
1.202	0.388936	-0.10E+04
1.205	0.389276	-0.10E+04
1.208	0.390298	-0.10E+04
1.211	0.390639	-0.10E+04
1.214	0.391320	-0.10E+04
1.217	0.391320	-0.10E+04
1.22	0.391320	-0.10E+04
1.223	0.392342	-0.10E+04
1.226	0.393023	-0.10E+04
1.229	0.394385	-0.10E+04
1.232	0.394385	-0.10E+04
1.235	0.394385	-0.10E+04
1.238	0.394385	-0.10E+04
1.241	0.394726	-0.10E+04
1.244	0.395407	-0.10E+04
1.247	0.396088	-0.10E+04
1.25	0.396429	-0.10E+04
1.253	0.397450	-0.10E+04
1.256	0.397791	-0.10E+04
1.259	0.398472	-0.10E+04
1.262	0.399153	-0.10E+04
1.265	0.399494	-0.10E+04
1.268	0.399494	-0.10E+04
1.271	0.399834	-0.10E+04
1.274	0.400515	-0.10E+04
1.277	0.401197	-0.10E+04
1.28	0.401537	-0.10E+04
1.283	0.402559	-0.10E+04
1.286	0.402559	-0.10E+04
1.289	0.402559	-0.10E+04
1.292	0.403240	-0.10E+04
1.295	0.403581	-0.10E+04
1.298	0.404602	-0.10E+04
1.301	0.404943	-0.10E+04
1.304	0.405624	-0.10E+04
1.307	0.406305	-0.10E+04
1.31	0.406646	-0.10E+04
1.313	0.407667	-0.10E+04
1.316	0.408008	-0.10E+04
1.319	0.408689	-0.10E+04
1.322	0.408689	-0.10E+04
1.325	0.408689	-0.10E+04
1.328	0.409711	-0.10E+04
1.331	0.410051	-0.10E+04
1.334	0.410733	-0.10E+04
1.337	0.411414	-0.10E+04
1.34	0.411754	-0.10E+04
1.343	0.413798	-0.10E+04
1.346	0.414138	-0.10E+04
1.349	0.414820	-0.10E+04
1.352	0.414820	-0.10E+04
1.355	0.414820	-0.10E+04
1.358	0.414820	-0.10E+04
1.361	0.415160	-0.10E+04
1.364	0.415841	-0.10E+04
1.367	0.415841	-0.10E+04
1.37	0.415841	-0.10E+04
1.373	0.416863	-0.10E+04
1.376	0.417204	-0.10E+04
1.379	0.417885	-0.10E+04
1.382	0.417885	-0.10E+04
1.385	0.417885	-0.10E+04
1.388	0.418906	-0.10E+04
1.391	0.419247	-0.10E+04
1.394	0.419928	-0.10E+04
1.397	0.420609	-0.10E+04
1.4	0.420950	-0.10E+04
1.403	0.421972	-0.10E+04
1.406	0.422312	-0.10E+04
1.409	0.422993	-0.10E+04
1.412	0.424356	-0.10E+04
1.415	0.425037	-0.10E+04
1.418	0.425037	-0.10E+04
1.421	0.425377	-0.10E+04
1.424	0.426059	-0.10E+04
1.427	0.426740	-0.10E+04
1.43	0.427080	-0.10E+04
1.433	0.427080	-0.10E+04
1.436	0.427421	-0.10E+04
1.439	0.428102	-0.10E+04
1.442	0.428102	-0.10E+04
1.445	0.428102	-0.10E+04
1.448	0.429124	-0.10E+04
1.451	0.429464	-0.10E+04
1.454	0.430145	-0.10E+04
1.457	0.430145	-0.10E+04
1.46	0.430145	-0.10E+04
1.463	0.431167	-0.10E+04
1.466	0.431508	-0.10E+04
1.469	0.432189	-0.10E+04
1.472	0.432870	-0.10E+04
1.475	0.433211	-0.10E+04
1.478	0.434232	-0.10E+04
1.481	0.434232	-0.10E+04
1.484	0.434232	-0.10E+04
1.487	0.434913	-0.10E+04
1.49	0.435254	-0.10E+04
1.493	0.435254	-0.10E+04
1.496	0.435254	-0.10E+04
1.499	0.435254	-0.10E+04
1.502	0.435254	-0.10E+04
1.505	0.435254	-0.10E+04
1.508	0.437297	-0.10E+04
1.511	0.437297	-0.10E+04
1.514	0.437297	-0.10E+04
1.517	0.437297	-0.10E+04
1.52	0.437297	-0.10E+04
1.523	0.438319	-0.10E+04
1.526	0.438319	-0.10E+04
1.529	0.438319	-0.10E+04
1.532	0.439000	-0.10E+04
1.535	0.439341	-0.10E+04
1.538	0.440363	-0.10E+04
1.541	0.440363	-0.10E+04
1.544	0.440363	-0.10E+04
1.547	0.441044	-0.10E+04
1.55	0.441384	-0.10E+04
1.553	0.442406	-0.10E+04
1.556	0.442406	-0.10E+04
1.559	0.442406	-0.10E+04
1.562	0.443087	-0.10E+04
1.565	0.443428	-0.10E+04
1.568	0.443428	-0.10E+04
1.571	0.443768	-0.10E+04
1.574	0.444450	-0.10E+04
1.577	0.445131	-0.10E+04
1.58	0.445471	-0.10E+04
1.583	0.445471	-0.10E+04
1.586	0.445471	-0.10E+04
1.589	0.445471	-0.10E+04
1.592	0.445471	-0.10E+04
1.595	0.445471	-0.10E+04
1.598	0.445471	-0.10E+04
1.601	0.445812	-0.10E+04
1.604	0.446493	-0.10E+04
1.607	0.446493	-0.10E+04
1.61	0.446493	-0.10E+04
1.613	0.446493	-0.10E+04
1.616	0.446493	-0.10E+04
1.619	0.446493	-0.10E+04
1.622	0.447174	-0.10E+04
1.625	0.447515	-0.10E+04
1.628	0.447515	-0.10E+04
1.631	0.447855	-0.10E+04
1.634	0.448536	-0.10E+04
1.637	0.448536	-0.10E+04
1.64	0.448536	-0.10E+04
1.643	0.449558	-0.10E+04
1.646	0.449558	-0.10E+04
1.649	0.449558	-0.10E+04
1.652	0.450239	-0.10E+04
1.655	0.450580	-0.10E+04
1.658	0.450580	-0.10E+04
1.661	0.450580	-0.10E+04
1.664	0.450580	-0.10E+04
1.667	0.451261	-0.10E+04
1.67	0.451602	-0.10E+04
1.673	0.451602	-0.10E+04
1.676	0.451942	-0.10E+04
1.679	0.452623	-0.10E+04
1.682	0.452623	-0.10E+04
1.685	0.452623	-0.10E+04
1.688	0.452623	-0.10E+04
1.691	0.452623	-0.10E+04
1.694	0.452623	-0.10E+04
1.697	0.452623	-0.10E+04
1.7	0.452623	-0.10E+04
1.703	0.453645	-0.10E+04
1.706	0.453986	-0.10E+04
1.709	0.454667	-0.10E+04
1.712	0.454667	-0.10E+04
1.715	0.454667	-0.10E+04
1.718	0.454667	-0.10E+04
1.721	0.454667	-0.10E+04
1.724	0.454667	-0.10E+04
1.727	0.454667	-0.10E+04
1.73	0.454667	-0.10E+04
1.733	0.455688	-0.10E+04
1.736	0.455688	-0.10E+04
1.739	0.455688	-0.10E+04
1.742	0.455688	-0.10E+04
1.745	0.455688	-0.10E+04
1.748	0.456710	-0.10E+04
1.751	0.456710	-0.10E+04
1.754	0.456710	-0.10E+04
1.757	0.457391	-0.10E+04
1.76	0.457732	-0.10E+04
1.763	0.457732	-0.10E+04
1.766	0.457732	-0.10E+04
1.769	0.457732	-0.10E+04
1.772	0.457732	-0.10E+04
1.775	0.457732	-0.10E+04
1.778	0.458754	-0.10E+04
1.781	0.459094	-0.10E+04
1.784	0.459775	-0.10E+04
1.787	0.460457	-0.10E+04
1.79	0.460797	-0.10E+04
1.793	0.460797	-0.10E+04
1.796	0.460797	-0.10E+04
1.799	0.460797	-0.10E+04
1.802	0.460797	-0.10E+04
1.805	0.460797	-0.10E+04
1.808	0.461819	-0.10E+04
1.811	0.461819	-0.10E+04
1.814	0.461819	-0.10E+04
1.817	0.462500	-0.10E+04
1.82	0.462841	-0.10E+04
1.823	0.462841	-0.10E+04
1.826	0.462841	-0.10E+04
1.829	0.462841	-0.10E+04
1.832	0.463522	-0.10E+04
1.835	0.463862	-0.10E+04
1.838	0.463862	-0.10E+04
1.841	0.463862	-0.10E+04
1.844	0.463862	-0.10E+04
1.847	0.464543	-0.10E+04
1.85	0.464884	-0.10E+04
1.853	0.465906	-0.10E+04
1.856	0.465906	-0.10E+04
1.859	0.465906	-0.10E+04
1.862	0.466587	-0.10E+04
1.865	0.466927	-0.10E+04
1.868	0.467949	-0.10E+04
1.871	0.467949	-0.10E+04
1.874	0.467949	-0.10E+04
1.877	0.468630	-0.10E+04
1.88	0.468971	-0.10E+04
1.883	0.468971	-0.10E+04
1.886	0.469311	-0.10E+04
1.889	0.469993	-0.10E+04
1.892	0.469993	-0.10E+04
1.895	0.469993	-0.10E+04
1.898	0.471014	-0.10E+04
1.901	0.471014	-0.10E+04
1.904	0.471014	-0.10E+04
1.907	0.471695	-0.10E+04
1.91	0.472036	-0.10E+04
1.913	0.472036	-0.10E+04
1.916	0.472036	-0.10E+04
1.919	0.472036	-0.10E+04
1.922	0.472717	-0.10E+04
1.925	0.473058	-0.10E+04
1.928	0.473058	-0.10E+04
1.931	0.473058	-0.10E+04
1.934	0.473058	-0.10E+04
1.937	0.473058	-0.10E+04
1.94	0.473058	-0.10E+04
1.943	0.475101	-0.10E+04
1.946	0.475101	-0.10E+04
1.949	0.475101	-0.10E+04
1.952	0.475782	-0.10E+04
1.955	0.476123	-0.10E+04
1.958	0.476123	-0.10E+04
1.961	0.476463	-0.10E+04
1.964	0.477145	-0.10E+04
1.967	0.477145	-0.10E+04
1.97	0.477145	-0.10E+04
1.973	0.478166	-0.10E+04
1.976	0.478166	-0.10E+04
1.979	0.478166	-0.10E+04
1.982	0.478166	-0.10E+04
1.985	0.478166	-0.10E+04
1.988	0.478166	-0.10E+04
1.991	0.478166	-0.10E+04
1.994	0.478166	-0.10E+04
1.997	0.478848	-0.10E+04
2	0.479188	-0.10E+04
2.003	0.480210	-0.10E+04
2.006	0.480550	-0.10E+04
2.009	0.481232	-0.10E+04
2.012	0.481232	-0.10E+04
2.015	0.481232	-0.10E+04
2.018	0.481232	-0.10E+04
2.021	0.481232	-0.10E+04
2.024	0.481232	-0.10E+04
2.027	0.481232	-0.10E+04
2.03	0.481232	-0.10E+04
2.033	0.482253	-0.10E+04
2.036	0.482253	-0.10E+04
2.039	0.482253	-0.10E+04
2.042	0.482934	-0.10E+04
2.045	0.483275	-0.10E+04
2.048	0.483275	-0.10E+04
2.051	0.483616	-0.10E+04
2.054	0.484297	-0.10E+04
2.057	0.484978	-0.10E+04
2.06	0.485318	-0.10E+04
2.063	0.486340	-0.10E+04
2.066	0.486340	-0.10E+04
2.069	0.486340	-0.10E+04
2.072	0.486340	-0.10E+04
2.075	0.486340	-0.10E+04
2.078	0.486340	-0.10E+04
2.081	0.486681	-0.10E+04
2.084	0.487362	-0.10E+04
2.087	0.488043	-0.10E+04
2.09	0.488384	-0.10E+04
2.093	0.488384	-0.10E+04
2.096	0.488724	-0.10E+04
2.099	0.489405	-0.10E+04
2.102	0.490086	-0.10E+04
2.105	0.490427	-0.10E+04
2.108	0.490427	-0.10E+04
2.111	0.490427	-0.10E+04
2.114	0.490427	-0.10E+04
2.117	0.490427	-0.10E+04
2.12	0.490427	-0.10E+04
2.123	0.491449	-0.10E+04
2.126	0.491789	-0.10E+04
2.129	0.492471	-0.10E+04
2.132	0.492471	-0.10E+04
2.135	0.492471	-0.10E+04
2.138	0.493492	-0.10E+04
2.141	0.493492	-0.10E+04
2.144	0.493492	-0.10E+04
2.147	0.494173	-0.10E+04
2.15	0.494514	-0.10E+04
2.153	0.495536	-0.10E+04
2.156	0.495536	-0.10E+04
2.159	0.495536	-0.10E+04
2.162	0.496217	-0.10E+04
2.165	0.496557	-0.10E+04
2.168	0.497579	-0.10E+04
2.171	0.497579	-0.10E+04
2.174	0.497579	-0.10E+04
2.177	0.498260	-0.10E+04
2.18	0.498601	-0.10E+04
2.183	0.498601	-0.10E+04
2.186	0.498941	-0.10E+04
2.189	0.499623	-0.10E+04
2.192	0.500304	-0.10E+04
2.195	0.500644	-0.10E+04
2.198	0.501666	-0.10E+04
2.201	0.501666	-0.10E+04
2.204	0.501666	-0.10E+04
2.207	0.501666	-0.10E+04
2.21	0.501666	-0.10E+04
2.213	0.502688	-0.10E+04
2.216	0.503028	-0.10E+04
2.219	0.503709	-0.10E+04
2.222	0.503709	-0.10E+04
2.225	0.503709	-0.10E+04
2.228	0.503709	-0.10E+04
2.231	0.504391	-0.10E+04
2.234	0.505753	-0.10E+04
2.237	0.506434	-0.10E+04
2.24	0.506775	-0.10E+04
2.243	0.506775	-0.10E+04
2.246	0.506775	-0.10E+04
2.249	0.506775	-0.10E+04
2.252	0.507456	-0.10E+04
2.255	0.507796	-0.10E+04
2.258	0.508818	-0.10E+04
2.261	0.509159	-0.10E+04
2.264	0.509840	-0.10E+04
2.267	0.511202	-0.10E+04
2.27	0.511883	-0.10E+04
2.273	0.511883	-0.10E+04
2.276	0.511883	-0.10E+04
2.279	0.511883	-0.10E+04
2.282	0.511883	-0.10E+04
2.285	0.511883	-0.10E+04
2.288	0.512905	-0.10E+04
2.291	0.513246	-0.10E+04
2.294	0.513927	-0.10E+04
2.297	0.513927	-0.10E+04
2.3	0.513927	-0.10E+04
2.303	0.514948	-0.10E+04
2.306	0.515289	-0.10E+04
2.309	0.515970	-0.10E+04
2.312	0.516651	-0.10E+04
2.315	0.516992	-0.10E+04
2.318	0.518014	-0.10E+04
2.321	0.518354	-0.10E+04
2.324	0.519035	-0.10E+04
2.327	0.519035	-0.10E+04
2.33	0.519035	-0.10E+04
2.333	0.520057	-0.10E+04
2.336	0.520398	-0.10E+04
2.339	0.521079	-0.10E+04
2.342	0.521079	-0.10E+04
2.345	0.521079	-0.10E+04
2.348	0.522100	-0.10E+04
2.351	0.522100	-0.10E+04
2.354	0.522100	-0.10E+04
2.357	0.523463	-0.10E+04
2.36	0.524144	-0.10E+04
2.363	0.524144	-0.10E+04
2.366	0.524144	-0.10E+04
2.369	0.524144	-0.10E+04
2.372	0.524825	-0.10E+04
2.375	0.525166	-0.10E+04
2.378	0.525166	-0.10E+04
2.381	0.525506	-0.10E+04
2.384	0.526187	-0.10E+04
2.387	0.526869	-0.10E+04
2.39	0.527209	-0.10E+04
2.393	0.527209	-0.10E+04
2.396	0.527550	-0.10E+04
2.399	0.528231	-0.10E+04
2.402	0.528912	-0.10E+04
2.405	0.529253	-0.10E+04
2.408	0.529253	-0.10E+04
2.411	0.529253	-0.10E+04
2.414	0.529253	-0.10E+04
2.417	0.529253	-0.10E+04
2.42	0.529253	-0.10E+04
2.423	0.530274	-0.10E+04
2.426	0.530615	-0.10E+04
2.429	0.531296	-0.10E+04
2.432	0.531977	-0.10E+04
2.435	0.532318	-0.10E+04
2.438	0.532318	-0.10E+04
2.441	0.532318	-0.10E+04
2.444	0.532318	-0.10E+04
2.447	0.533680	-0.10E+04
2.45	0.534361	-0.10E+04
2.453	0.535383	-0.10E+04
2.456	0.535723	-0.10E+04
2.459	0.536405	-0.10E+04
2.462	0.537086	-0.10E+04
2.465	0.537426	-0.10E+04
2.468	0.537426	-0.10E+04
2.471	0.537426	-0.10E+04
2.474	0.537426	-0.10E+04
2.477	0.537426	-0.10E+04
2.48	0.537426	-0.10E+04
2.483	0.537426	-0.10E+04
2.486	0.537426	-0.10E+04
2.489	0.537426	-0.10E+04
2.492	0.537426	-0.10E+04
2.495	0.537426	-0.10E+04
2.498	0.537426	-0.10E+04
