Brown University Keck/NASA Relab Spectrum LS-JBA-127-N1/wls155
Wavelength(micron)	Reflectance	Standard Deviation
0.35	0.164200	-0.10E+04
0.353	0.165667	-0.10E+04
0.356	0.164700	-0.10E+04
0.359	0.163533	-0.10E+04
0.362	0.165067	-0.10E+04
0.365	0.165933	-0.10E+04
0.368	0.166067	-0.10E+04
0.371	0.167067	-0.10E+04
0.374	0.168867	-0.10E+04
0.377	0.169167	-0.10E+04
0.38	0.168533	-0.10E+04
0.383	0.170900	-0.10E+04
0.386	0.171800	-0.10E+04
0.389	0.171167	-0.10E+04
0.392	0.170567	-0.10E+04
0.395	0.171100	-0.10E+04
0.398	0.172133	-0.10E+04
0.401	0.172267	-0.10E+04
0.404	0.173167	-0.10E+04
0.407	0.174833	-0.10E+04
0.41	0.175333	-0.10E+04
0.413	0.175733	-0.10E+04
0.416	0.175033	-0.10E+04
0.419	0.175767	-0.10E+04
0.422	0.178100	-0.10E+04
0.425	0.179000	-0.10E+04
0.428	0.178567	-0.10E+04
0.431	0.179933	-0.10E+04
0.434	0.180467	-0.10E+04
0.437	0.181500	-0.10E+04
0.44	0.182900	-0.10E+04
0.443	0.183900	-0.10E+04
0.446	0.185333	-0.10E+04
0.449	0.187333	-0.10E+04
0.452	0.187033	-0.10E+04
0.455	0.186567	-0.10E+04
0.458	0.186900	-0.10E+04
0.461	0.186567	-0.10E+04
0.464	0.187733	-0.10E+04
0.467	0.188500	-0.10E+04
0.47	0.189733	-0.10E+04
0.473	0.191067	-0.10E+04
0.476	0.192300	-0.10E+04
0.479	0.192433	-0.10E+04
0.482	0.193133	-0.10E+04
0.485	0.193533	-0.10E+04
0.488	0.193833	-0.10E+04
0.491	0.194700	-0.10E+04
0.494	0.195167	-0.10E+04
0.497	0.196233	-0.10E+04
0.5	0.196833	-0.10E+04
0.503	0.196500	-0.10E+04
0.506	0.197100	-0.10E+04
0.509	0.198300	-0.10E+04
0.512	0.198733	-0.10E+04
0.515	0.199333	-0.10E+04
0.518	0.200533	-0.10E+04
0.521	0.199867	-0.10E+04
0.524	0.200500	-0.10E+04
0.527	0.200167	-0.10E+04
0.53	0.201933	-0.10E+04
0.533	0.202067	-0.10E+04
0.536	0.203533	-0.10E+04
0.539	0.205667	-0.10E+04
0.542	0.205133	-0.10E+04
0.545	0.204767	-0.10E+04
0.548	0.206500	-0.10E+04
0.551	0.208167	-0.10E+04
0.554	0.208533	-0.10E+04
0.557	0.208067	-0.10E+04
0.56	0.208300	-0.10E+04
0.563	0.208833	-0.10E+04
0.566	0.209533	-0.10E+04
0.569	0.209633	-0.10E+04
0.572	0.210367	-0.10E+04
0.575	0.211300	-0.10E+04
0.578	0.212267	-0.10E+04
0.581	0.213267	-0.10E+04
0.584	0.213567	-0.10E+04
0.587	0.213400	-0.10E+04
0.59	0.214267	-0.10E+04
0.593	0.215667	-0.10E+04
0.596	0.214900	-0.10E+04
0.599	0.215667	-0.10E+04
0.602	0.216333	-0.10E+04
0.605	0.216767	-0.10E+04
0.608	0.218533	-0.10E+04
0.611	0.219033	-0.10E+04
0.614	0.218100	-0.10E+04
0.617	0.220567	-0.10E+04
0.62	0.221833	-0.10E+04
0.623	0.221000	-0.10E+04
0.626	0.221400	-0.10E+04
0.629	0.223967	-0.10E+04
0.632	0.223633	-0.10E+04
0.635	0.223933	-0.10E+04
0.638	0.222567	-0.10E+04
0.641	0.221400	-0.10E+04
0.644	0.222400	-0.10E+04
0.647	0.225533	-0.10E+04
0.65	0.221533	-0.10E+04
0.653	0.224933	-0.10E+04
0.656	0.226033	-0.10E+04
0.659	0.227767	-0.10E+04
0.662	0.227900	-0.10E+04
0.665	0.227600	-0.10E+04
0.668	0.230100	-0.10E+04
0.671	0.229800	-0.10E+04
0.674	0.228867	-0.10E+04
0.677	0.229667	-0.10E+04
0.68	0.232600	-0.10E+04
0.683	0.234133	-0.10E+04
0.686	0.233567	-0.10E+04
0.689	0.233900	-0.10E+04
0.692	0.234467	-0.10E+04
0.695	0.235600	-0.10E+04
0.698	0.232867	-0.10E+04
0.701	0.229433	-0.10E+04
0.704	0.230933	-0.10E+04
0.707	0.234300	-0.10E+04
0.71	0.236733	-0.10E+04
0.713	0.236367	-0.10E+04
0.716	0.236800	-0.10E+04
0.719	0.236000	-0.10E+04
0.722	0.236533	-0.10E+04
0.725	0.242100	-0.10E+04
0.728	0.242833	-0.10E+04
0.731	0.240900	-0.10E+04
0.734	0.239400	-0.10E+04
0.737	0.239433	-0.10E+04
0.74	0.237033	-0.10E+04
0.743	0.237367	-0.10E+04
0.746	0.239433	-0.10E+04
0.749	0.237867	-0.10E+04
0.752	0.237867	-0.10E+04
0.755	0.236733	-0.10E+04
0.758	0.239100	-0.10E+04
0.761	0.238200	-0.10E+04
0.764	0.238533	-0.10E+04
0.767	0.240167	-0.10E+04
0.77	0.239733	-0.10E+04
0.773	0.239633	-0.10E+04
0.776	0.241767	-0.10E+04
0.779	0.240900	-0.10E+04
0.782	0.240800	-0.10E+04
0.785	0.240767	-0.10E+04
0.788	0.241200	-0.10E+04
0.791	0.243433	-0.10E+04
0.794	0.247867	-0.10E+04
0.797	0.247833	-0.10E+04
0.8	0.245767	-0.10E+04
0.803	0.245933	-0.10E+04
0.806	0.245867	-0.10E+04
0.809	0.246633	-0.10E+04
0.812	0.245100	-0.10E+04
0.815	0.241933	-0.10E+04
0.818	0.242333	-0.10E+04
0.821	0.244100	-0.10E+04
0.824	0.244033	-0.10E+04
0.827	0.247067	-0.10E+04
0.83	0.244400	-0.10E+04
0.833	0.245533	-0.10E+04
0.836	0.246967	-0.10E+04
0.839	0.245867	-0.10E+04
0.842	0.242300	-0.10E+04
0.845	0.242767	-0.10E+04
0.848	0.242200	-0.10E+04
0.851	0.246167	-0.10E+04
0.854	0.248667	-0.10E+04
0.857	0.250967	-0.10E+04
0.86	0.247800	-0.10E+04
0.863	0.247333	-0.10E+04
0.866	0.246500	-0.10E+04
0.869	0.249533	-0.10E+04
0.872	0.250133	-0.10E+04
0.875	0.248667	-0.10E+04
0.878	0.245633	-0.10E+04
0.881	0.245700	-0.10E+04
0.884	0.248833	-0.10E+04
0.887	0.248667	-0.10E+04
0.89	0.245933	-0.10E+04
0.893	0.245733	-0.10E+04
0.896	0.246033	-0.10E+04
0.899	0.245967	-0.10E+04
0.902	0.245300	-0.10E+04
0.905	0.244433	-0.10E+04
0.908	0.242567	-0.10E+04
0.911	0.240200	-0.10E+04
0.914	0.245000	-0.10E+04
0.917	0.246600	-0.10E+04
0.92	0.243633	-0.10E+04
0.923	0.245367	-0.10E+04
0.926	0.251533	-0.10E+04
0.929	0.252233	-0.10E+04
0.932	0.248700	-0.10E+04
0.935	0.250900	-0.10E+04
0.938	0.250867	-0.10E+04
0.941	0.248067	-0.10E+04
0.944	0.247233	-0.10E+04
0.947	0.248267	-0.10E+04
0.95	0.253300	-0.10E+04
0.953	0.252333	-0.10E+04
0.956	0.252767	-0.10E+04
0.959	0.254033	-0.10E+04
0.962	0.251000	-0.10E+04
0.965	0.250333	-0.10E+04
0.968	0.249767	-0.10E+04
0.971	0.248233	-0.10E+04
0.974	0.247600	-0.10E+04
0.977	0.246733	-0.10E+04
0.98	0.247533	-0.10E+04
0.983	0.249533	-0.10E+04
0.986	0.250233	-0.10E+04
0.989	0.251000	-0.10E+04
0.992	0.251467	-0.10E+04
0.995	0.252733	-0.10E+04
0.998	0.254333	-0.10E+04
1.001	0.257067	-0.10E+04
1.004	0.257633	-0.10E+04
1.007	0.258767	-0.10E+04
1.01	0.257300	-0.10E+04
1.013	0.255967	-0.10E+04
1.016	0.257167	-0.10E+04
1.019	0.258900	-0.10E+04
1.022	0.259533	-0.10E+04
1.025	0.259600	-0.10E+04
1.028	0.259567	-0.10E+04
1.031	0.260433	-0.10E+04
1.034	0.259200	-0.10E+04
1.037	0.262467	-0.10E+04
1.04	0.266000	-0.10E+04
1.043	0.265100	-0.10E+04
1.046	0.265133	-0.10E+04
1.049	0.264433	-0.10E+04
1.052	0.265200	-0.10E+04
1.055	0.265033	-0.10E+04
1.058	0.264533	-0.10E+04
1.061	0.263967	-0.10E+04
1.064	0.266267	-0.10E+04
1.067	0.269600	-0.10E+04
1.07	0.269500	-0.10E+04
1.073	0.267533	-0.10E+04
1.076	0.268767	-0.10E+04
1.079	0.271667	-0.10E+04
1.082	0.274333	-0.10E+04
1.085	0.275333	-0.10E+04
1.088	0.271967	-0.10E+04
1.091	0.271200	-0.10E+04
1.094	0.271300	-0.10E+04
1.097	0.273233	-0.10E+04
1.1	0.273933	-0.10E+04
1.103	0.273500	-0.10E+04
1.106	0.273233	-0.10E+04
1.109	0.274833	-0.10E+04
1.112	0.275967	-0.10E+04
1.115	0.277967	-0.10E+04
1.118	0.281367	-0.10E+04
1.121	0.282100	-0.10E+04
1.124	0.279767	-0.10E+04
1.127	0.279500	-0.10E+04
1.13	0.280333	-0.10E+04
1.133	0.279367	-0.10E+04
1.136	0.279633	-0.10E+04
1.139	0.279900	-0.10E+04
1.142	0.281100	-0.10E+04
1.145	0.280600	-0.10E+04
1.148	0.281733	-0.10E+04
1.151	0.283100	-0.10E+04
1.154	0.283433	-0.10E+04
1.157	0.284633	-0.10E+04
1.16	0.283533	-0.10E+04
1.163	0.283300	-0.10E+04
1.166	0.282233	-0.10E+04
1.169	0.284867	-0.10E+04
1.172	0.286500	-0.10E+04
1.175	0.286600	-0.10E+04
1.178	0.285467	-0.10E+04
1.181	0.284567	-0.10E+04
1.184	0.284333	-0.10E+04
1.187	0.285667	-0.10E+04
1.19	0.287267	-0.10E+04
1.193	0.287500	-0.10E+04
1.196	0.287133	-0.10E+04
1.199	0.287900	-0.10E+04
1.202	0.287533	-0.10E+04
1.205	0.287100	-0.10E+04
1.208	0.288933	-0.10E+04
1.211	0.288600	-0.10E+04
1.214	0.288000	-0.10E+04
1.217	0.288000	-0.10E+04
1.22	0.290633	-0.10E+04
1.223	0.291267	-0.10E+04
1.226	0.290133	-0.10E+04
1.229	0.290533	-0.10E+04
1.232	0.292867	-0.10E+04
1.235	0.293333	-0.10E+04
1.238	0.295033	-0.10E+04
1.241	0.296133	-0.10E+04
1.244	0.295367	-0.10E+04
1.247	0.294967	-0.10E+04
1.25	0.294833	-0.10E+04
1.253	0.294800	-0.10E+04
1.256	0.295700	-0.10E+04
1.259	0.296867	-0.10E+04
1.262	0.296733	-0.10E+04
1.265	0.296133	-0.10E+04
1.268	0.296067	-0.10E+04
1.271	0.299067	-0.10E+04
1.274	0.298733	-0.10E+04
1.277	0.300033	-0.10E+04
1.28	0.302567	-0.10E+04
1.283	0.302567	-0.10E+04
1.286	0.302033	-0.10E+04
1.289	0.298567	-0.10E+04
1.292	0.298600	-0.10E+04
1.295	0.300200	-0.10E+04
1.298	0.301500	-0.10E+04
1.301	0.301900	-0.10E+04
1.304	0.302033	-0.10E+04
1.307	0.302867	-0.10E+04
1.31	0.304367	-0.10E+04
1.313	0.304700	-0.10E+04
1.316	0.303500	-0.10E+04
1.319	0.302567	-0.10E+04
1.322	0.304500	-0.10E+04
1.325	0.303833	-0.10E+04
1.328	0.306133	-0.10E+04
1.331	0.307167	-0.10E+04
1.334	0.306833	-0.10E+04
1.337	0.306400	-0.10E+04
1.34	0.307033	-0.10E+04
1.343	0.309300	-0.10E+04
1.346	0.311233	-0.10E+04
1.349	0.309867	-0.10E+04
1.352	0.308767	-0.10E+04
1.355	0.307167	-0.10E+04
1.358	0.308100	-0.10E+04
1.361	0.309033	-0.10E+04
1.364	0.314067	-0.10E+04
1.367	0.313433	-0.10E+04
1.37	0.312167	-0.10E+04
1.373	0.313367	-0.10E+04
1.376	0.314700	-0.10E+04
1.379	0.312367	-0.10E+04
1.382	0.311600	-0.10E+04
1.385	0.313767	-0.10E+04
1.388	0.314500	-0.10E+04
1.391	0.316000	-0.10E+04
1.394	0.316767	-0.10E+04
1.397	0.315167	-0.10E+04
1.4	0.314733	-0.10E+04
1.403	0.315100	-0.10E+04
1.406	0.314167	-0.10E+04
1.409	0.315767	-0.10E+04
1.412	0.317233	-0.10E+04
1.415	0.318500	-0.10E+04
1.418	0.318667	-0.10E+04
1.421	0.320000	-0.10E+04
1.424	0.319433	-0.10E+04
1.427	0.318400	-0.10E+04
1.43	0.317667	-0.10E+04
1.433	0.320033	-0.10E+04
1.436	0.322633	-0.10E+04
1.439	0.321567	-0.10E+04
1.442	0.319767	-0.10E+04
1.445	0.321333	-0.10E+04
1.448	0.323300	-0.10E+04
1.451	0.323067	-0.10E+04
1.454	0.322367	-0.10E+04
1.457	0.322633	-0.10E+04
1.46	0.325067	-0.10E+04
1.463	0.324000	-0.10E+04
1.466	0.324000	-0.10E+04
1.469	0.323833	-0.10E+04
1.472	0.323067	-0.10E+04
1.475	0.322500	-0.10E+04
1.478	0.323700	-0.10E+04
1.481	0.323300	-0.10E+04
1.484	0.325367	-0.10E+04
1.487	0.326100	-0.10E+04
1.49	0.325167	-0.10E+04
1.493	0.326267	-0.10E+04
1.496	0.326467	-0.10E+04
1.499	0.326333	-0.10E+04
1.502	0.326567	-0.10E+04
1.505	0.327000	-0.10E+04
1.508	0.328100	-0.10E+04
1.511	0.328400	-0.10E+04
1.514	0.332667	-0.10E+04
1.517	0.331633	-0.10E+04
1.52	0.332500	-0.10E+04
1.523	0.330167	-0.10E+04
1.526	0.328400	-0.10E+04
1.529	0.331100	-0.10E+04
1.532	0.331600	-0.10E+04
1.535	0.332600	-0.10E+04
1.538	0.331400	-0.10E+04
1.541	0.330733	-0.10E+04
1.544	0.332033	-0.10E+04
1.547	0.331700	-0.10E+04
1.55	0.333467	-0.10E+04
1.553	0.332933	-0.10E+04
1.556	0.332167	-0.10E+04
1.559	0.332733	-0.10E+04
1.562	0.333733	-0.10E+04
1.565	0.334033	-0.10E+04
1.568	0.332600	-0.10E+04
1.571	0.333500	-0.10E+04
1.574	0.335233	-0.10E+04
1.577	0.334900	-0.10E+04
1.58	0.335933	-0.10E+04
1.583	0.334833	-0.10E+04
1.586	0.333500	-0.10E+04
1.589	0.333933	-0.10E+04
1.592	0.334500	-0.10E+04
1.595	0.335367	-0.10E+04
1.598	0.336500	-0.10E+04
1.601	0.336400	-0.10E+04
1.604	0.333300	-0.10E+04
1.607	0.333800	-0.10E+04
1.61	0.336167	-0.10E+04
1.613	0.337167	-0.10E+04
1.616	0.335967	-0.10E+04
1.619	0.334633	-0.10E+04
1.622	0.334867	-0.10E+04
1.625	0.336633	-0.10E+04
1.628	0.336733	-0.10E+04
1.631	0.337033	-0.10E+04
1.634	0.336167	-0.10E+04
1.637	0.335567	-0.10E+04
1.64	0.336000	-0.10E+04
1.643	0.335567	-0.10E+04
1.646	0.335833	-0.10E+04
1.649	0.335867	-0.10E+04
1.652	0.338567	-0.10E+04
1.655	0.340767	-0.10E+04
1.658	0.340500	-0.10E+04
1.661	0.340700	-0.10E+04
1.664	0.340067	-0.10E+04
1.667	0.340233	-0.10E+04
1.67	0.340633	-0.10E+04
1.673	0.340567	-0.10E+04
1.676	0.342967	-0.10E+04
1.679	0.343000	-0.10E+04
1.682	0.339867	-0.10E+04
1.685	0.340867	-0.10E+04
1.688	0.340133	-0.10E+04
1.691	0.339700	-0.10E+04
1.694	0.338600	-0.10E+04
1.697	0.337567	-0.10E+04
1.7	0.337667	-0.10E+04
1.703	0.338467	-0.10E+04
1.706	0.338633	-0.10E+04
1.709	0.337833	-0.10E+04
1.712	0.338200	-0.10E+04
1.715	0.338867	-0.10E+04
1.718	0.341900	-0.10E+04
1.721	0.342900	-0.10E+04
1.724	0.341800	-0.10E+04
1.727	0.338767	-0.10E+04
1.73	0.338467	-0.10E+04
1.733	0.342033	-0.10E+04
1.736	0.342533	-0.10E+04
1.739	0.342233	-0.10E+04
1.742	0.343067	-0.10E+04
1.745	0.342800	-0.10E+04
1.748	0.341800	-0.10E+04
1.751	0.344100	-0.10E+04
1.754	0.342400	-0.10E+04
1.757	0.340667	-0.10E+04
1.76	0.341933	-0.10E+04
1.763	0.342833	-0.10E+04
1.766	0.341267	-0.10E+04
1.769	0.342367	-0.10E+04
1.772	0.342433	-0.10E+04
1.775	0.340967	-0.10E+04
1.778	0.341700	-0.10E+04
1.781	0.342167	-0.10E+04
1.784	0.344167	-0.10E+04
1.787	0.344000	-0.10E+04
1.79	0.344767	-0.10E+04
1.793	0.345567	-0.10E+04
1.796	0.345267	-0.10E+04
1.799	0.344867	-0.10E+04
1.802	0.345133	-0.10E+04
1.805	0.342367	-0.10E+04
1.808	0.343567	-0.10E+04
1.811	0.343567	-0.10E+04
1.814	0.344767	-0.10E+04
1.817	0.341733	-0.10E+04
1.82	0.341833	-0.10E+04
1.823	0.344400	-0.10E+04
1.826	0.347567	-0.10E+04
1.829	0.349933	-0.10E+04
1.832	0.346067	-0.10E+04
1.835	0.344033	-0.10E+04
1.838	0.342600	-0.10E+04
1.841	0.339400	-0.10E+04
1.844	0.340833	-0.10E+04
1.847	0.344000	-0.10E+04
1.85	0.343567	-0.10E+04
1.853	0.344833	-0.10E+04
1.856	0.346633	-0.10E+04
1.859	0.344967	-0.10E+04
1.862	0.345267	-0.10E+04
1.865	0.346367	-0.10E+04
1.868	0.345900	-0.10E+04
1.871	0.346767	-0.10E+04
1.874	0.348633	-0.10E+04
1.877	0.349300	-0.10E+04
1.88	0.349333	-0.10E+04
1.883	0.346667	-0.10E+04
1.886	0.345767	-0.10E+04
1.889	0.346033	-0.10E+04
1.892	0.346600	-0.10E+04
1.895	0.346500	-0.10E+04
1.898	0.347800	-0.10E+04
1.901	0.347533	-0.10E+04
1.904	0.345067	-0.10E+04
1.907	0.346600	-0.10E+04
1.91	0.345633	-0.10E+04
1.913	0.346467	-0.10E+04
1.916	0.350133	-0.10E+04
1.919	0.350100	-0.10E+04
1.922	0.351033	-0.10E+04
1.925	0.350633	-0.10E+04
1.928	0.350600	-0.10E+04
1.931	0.350667	-0.10E+04
1.934	0.349000	-0.10E+04
1.937	0.348967	-0.10E+04
1.94	0.351133	-0.10E+04
1.943	0.352700	-0.10E+04
1.946	0.353133	-0.10E+04
1.949	0.352567	-0.10E+04
1.952	0.352500	-0.10E+04
1.955	0.352200	-0.10E+04
1.958	0.353400	-0.10E+04
1.961	0.352600	-0.10E+04
1.964	0.352900	-0.10E+04
1.967	0.354533	-0.10E+04
1.97	0.354133	-0.10E+04
1.973	0.354367	-0.10E+04
1.976	0.355633	-0.10E+04
1.979	0.355500	-0.10E+04
1.982	0.355367	-0.10E+04
1.985	0.356433	-0.10E+04
1.988	0.355033	-0.10E+04
1.991	0.354267	-0.10E+04
1.994	0.353067	-0.10E+04
1.997	0.351367	-0.10E+04
2	0.351200	-0.10E+04
2.003	0.354533	-0.10E+04
2.006	0.355400	-0.10E+04
2.009	0.354867	-0.10E+04
2.012	0.356900	-0.10E+04
2.015	0.358833	-0.10E+04
2.018	0.358700	-0.10E+04
2.021	0.358267	-0.10E+04
2.024	0.360767	-0.10E+04
2.027	0.359400	-0.10E+04
2.03	0.355733	-0.10E+04
2.033	0.356633	-0.10E+04
2.036	0.358533	-0.10E+04
2.039	0.359000	-0.10E+04
2.042	0.359100	-0.10E+04
2.045	0.357400	-0.10E+04
2.048	0.355167	-0.10E+04
2.051	0.356833	-0.10E+04
2.054	0.358133	-0.10E+04
2.057	0.357133	-0.10E+04
2.06	0.357867	-0.10E+04
2.063	0.357367	-0.10E+04
2.066	0.357367	-0.10E+04
2.069	0.358200	-0.10E+04
2.072	0.357733	-0.10E+04
2.075	0.358533	-0.10E+04
2.078	0.359667	-0.10E+04
2.081	0.359567	-0.10E+04
2.084	0.361200	-0.10E+04
2.087	0.363133	-0.10E+04
2.09	0.363200	-0.10E+04
2.093	0.362433	-0.10E+04
2.096	0.363533	-0.10E+04
2.099	0.365133	-0.10E+04
2.102	0.363933	-0.10E+04
2.105	0.363500	-0.10E+04
2.108	0.364400	-0.10E+04
2.111	0.364533	-0.10E+04
2.114	0.365500	-0.10E+04
2.117	0.366267	-0.10E+04
2.12	0.366133	-0.10E+04
2.123	0.366633	-0.10E+04
2.126	0.368267	-0.10E+04
2.129	0.368067	-0.10E+04
2.132	0.366133	-0.10E+04
2.135	0.368167	-0.10E+04
2.138	0.367267	-0.10E+04
2.141	0.367033	-0.10E+04
2.144	0.365667	-0.10E+04
2.147	0.364200	-0.10E+04
2.15	0.365333	-0.10E+04
2.153	0.364933	-0.10E+04
2.156	0.364800	-0.10E+04
2.159	0.364700	-0.10E+04
2.162	0.367767	-0.10E+04
2.165	0.368667	-0.10E+04
2.168	0.369667	-0.10E+04
2.171	0.370967	-0.10E+04
2.174	0.369000	-0.10E+04
2.177	0.368933	-0.10E+04
2.18	0.368767	-0.10E+04
2.183	0.366367	-0.10E+04
2.186	0.366800	-0.10E+04
2.189	0.367667	-0.10E+04
2.192	0.367333	-0.10E+04
2.195	0.367600	-0.10E+04
2.198	0.368900	-0.10E+04
2.201	0.369000	-0.10E+04
2.204	0.369867	-0.10E+04
2.207	0.372867	-0.10E+04
2.21	0.374333	-0.10E+04
2.213	0.374167	-0.10E+04
2.216	0.374533	-0.10E+04
2.219	0.373433	-0.10E+04
2.222	0.374533	-0.10E+04
2.225	0.375033	-0.10E+04
2.228	0.375400	-0.10E+04
2.231	0.376000	-0.10E+04
2.234	0.377167	-0.10E+04
2.237	0.378067	-0.10E+04
2.24	0.378967	-0.10E+04
2.243	0.376700	-0.10E+04
2.246	0.376200	-0.10E+04
2.249	0.377867	-0.10E+04
2.252	0.379767	-0.10E+04
2.255	0.378533	-0.10E+04
2.258	0.377500	-0.10E+04
2.261	0.378067	-0.10E+04
2.264	0.380667	-0.10E+04
2.267	0.381533	-0.10E+04
2.27	0.381933	-0.10E+04
2.273	0.382200	-0.10E+04
2.276	0.379867	-0.10E+04
2.279	0.382000	-0.10E+04
2.282	0.381400	-0.10E+04
2.285	0.380667	-0.10E+04
2.288	0.381700	-0.10E+04
2.291	0.382267	-0.10E+04
2.294	0.382867	-0.10E+04
2.297	0.383500	-0.10E+04
2.3	0.385567	-0.10E+04
2.303	0.388900	-0.10E+04
2.306	0.389367	-0.10E+04
2.309	0.386633	-0.10E+04
2.312	0.383500	-0.10E+04
2.315	0.383333	-0.10E+04
2.318	0.383733	-0.10E+04
2.321	0.385167	-0.10E+04
2.324	0.387833	-0.10E+04
2.327	0.391633	-0.10E+04
2.33	0.391633	-0.10E+04
2.333	0.390067	-0.10E+04
2.336	0.388300	-0.10E+04
2.339	0.389167	-0.10E+04
2.342	0.390033	-0.10E+04
2.345	0.388133	-0.10E+04
2.348	0.388933	-0.10E+04
2.351	0.391400	-0.10E+04
2.354	0.389867	-0.10E+04
2.357	0.391233	-0.10E+04
2.36	0.389900	-0.10E+04
2.363	0.392133	-0.10E+04
2.366	0.394733	-0.10E+04
2.369	0.394933	-0.10E+04
2.372	0.394467	-0.10E+04
2.375	0.395767	-0.10E+04
2.378	0.397300	-0.10E+04
2.381	0.397100	-0.10E+04
2.384	0.396133	-0.10E+04
2.387	0.396100	-0.10E+04
2.39	0.395633	-0.10E+04
2.393	0.397067	-0.10E+04
2.396	0.399733	-0.10E+04
2.399	0.399600	-0.10E+04
2.402	0.401567	-0.10E+04
2.405	0.399567	-0.10E+04
2.408	0.398667	-0.10E+04
2.411	0.398800	-0.10E+04
2.414	0.397900	-0.10E+04
2.417	0.398167	-0.10E+04
2.42	0.398333	-0.10E+04
2.423	0.399467	-0.10E+04
2.426	0.400767	-0.10E+04
2.429	0.402300	-0.10E+04
2.432	0.403233	-0.10E+04
2.435	0.402800	-0.10E+04
2.438	0.403067	-0.10E+04
2.441	0.403700	-0.10E+04
2.444	0.402667	-0.10E+04
2.447	0.403300	-0.10E+04
2.45	0.403367	-0.10E+04
2.453	0.404667	-0.10E+04
2.456	0.403567	-0.10E+04
2.459	0.405333	-0.10E+04
2.462	0.404933	-0.10E+04
2.465	0.405067	-0.10E+04
2.468	0.406633	-0.10E+04
2.471	0.405967	-0.10E+04
2.474	0.404133	-0.10E+04
2.477	0.404967	-0.10E+04
2.48	0.405667	-0.10E+04
2.483	0.406233	-0.10E+04
2.486	0.407267	-0.10E+04
2.489	0.407667	-0.10E+04
2.492	0.407333	-0.10E+04
2.495	0.405933	-0.10E+04
2.498	0.406833	-0.10E+04
