Brown University Keck/NASA Relab Spectrum LS-JBA-125-P2/wls299
Wavelength(micron)	Reflectance	Standard Deviation
0.35	0.103500	-0.10E+04
0.353	0.103433	-0.10E+04
0.356	0.103300	-0.10E+04
0.359	0.103133	-0.10E+04
0.362	0.103567	-0.10E+04
0.365	0.104867	-0.10E+04
0.368	0.104600	-0.10E+04
0.371	0.106767	-0.10E+04
0.374	0.107833	-0.10E+04
0.377	0.107800	-0.10E+04
0.38	0.108367	-0.10E+04
0.383	0.108200	-0.10E+04
0.386	0.109033	-0.10E+04
0.389	0.109733	-0.10E+04
0.392	0.110300	-0.10E+04
0.395	0.111467	-0.10E+04
0.398	0.110967	-0.10E+04
0.401	0.110767	-0.10E+04
0.404	0.111333	-0.10E+04
0.407	0.112133	-0.10E+04
0.41	0.112867	-0.10E+04
0.413	0.112867	-0.10E+04
0.416	0.113367	-0.10E+04
0.419	0.112867	-0.10E+04
0.422	0.112233	-0.10E+04
0.425	0.113467	-0.10E+04
0.428	0.114967	-0.10E+04
0.431	0.116067	-0.10E+04
0.434	0.117100	-0.10E+04
0.437	0.116767	-0.10E+04
0.44	0.116900	-0.10E+04
0.443	0.116967	-0.10E+04
0.446	0.117933	-0.10E+04
0.449	0.118800	-0.10E+04
0.452	0.119900	-0.10E+04
0.455	0.120433	-0.10E+04
0.458	0.120567	-0.10E+04
0.461	0.121333	-0.10E+04
0.464	0.121433	-0.10E+04
0.467	0.122867	-0.10E+04
0.47	0.124567	-0.10E+04
0.473	0.124533	-0.10E+04
0.476	0.124600	-0.10E+04
0.479	0.124833	-0.10E+04
0.482	0.125600	-0.10E+04
0.485	0.126233	-0.10E+04
0.488	0.126800	-0.10E+04
0.491	0.128067	-0.10E+04
0.494	0.128867	-0.10E+04
0.497	0.129333	-0.10E+04
0.5	0.129567	-0.10E+04
0.503	0.130167	-0.10E+04
0.506	0.130367	-0.10E+04
0.509	0.130000	-0.10E+04
0.512	0.130533	-0.10E+04
0.515	0.131567	-0.10E+04
0.518	0.133233	-0.10E+04
0.521	0.133833	-0.10E+04
0.524	0.132900	-0.10E+04
0.527	0.132333	-0.10E+04
0.53	0.133533	-0.10E+04
0.533	0.134500	-0.10E+04
0.536	0.135067	-0.10E+04
0.539	0.134300	-0.10E+04
0.542	0.134733	-0.10E+04
0.545	0.135167	-0.10E+04
0.548	0.135033	-0.10E+04
0.551	0.135900	-0.10E+04
0.554	0.136000	-0.10E+04
0.557	0.136633	-0.10E+04
0.56	0.136900	-0.10E+04
0.563	0.137733	-0.10E+04
0.566	0.139133	-0.10E+04
0.569	0.139900	-0.10E+04
0.572	0.140667	-0.10E+04
0.575	0.140367	-0.10E+04
0.578	0.140667	-0.10E+04
0.581	0.141767	-0.10E+04
0.584	0.141833	-0.10E+04
0.587	0.141600	-0.10E+04
0.59	0.141200	-0.10E+04
0.593	0.140467	-0.10E+04
0.596	0.138967	-0.10E+04
0.599	0.139233	-0.10E+04
0.602	0.139333	-0.10E+04
0.605	0.139867	-0.10E+04
0.608	0.140067	-0.10E+04
0.611	0.141000	-0.10E+04
0.614	0.141000	-0.10E+04
0.617	0.141700	-0.10E+04
0.62	0.144133	-0.10E+04
0.623	0.145067	-0.10E+04
0.626	0.145733	-0.10E+04
0.629	0.144667	-0.10E+04
0.632	0.145833	-0.10E+04
0.635	0.147200	-0.10E+04
0.638	0.147267	-0.10E+04
0.641	0.145233	-0.10E+04
0.644	0.144933	-0.10E+04
0.647	0.146867	-0.10E+04
0.65	0.147667	-0.10E+04
0.653	0.145733	-0.10E+04
0.656	0.147133	-0.10E+04
0.659	0.149467	-0.10E+04
0.662	0.150900	-0.10E+04
0.665	0.150300	-0.10E+04
0.668	0.148667	-0.10E+04
0.671	0.149833	-0.10E+04
0.674	0.149600	-0.10E+04
0.677	0.150633	-0.10E+04
0.68	0.152000	-0.10E+04
0.683	0.151133	-0.10E+04
0.686	0.152167	-0.10E+04
0.689	0.150600	-0.10E+04
0.692	0.149900	-0.10E+04
0.695	0.152067	-0.10E+04
0.698	0.152833	-0.10E+04
0.701	0.152200	-0.10E+04
0.704	0.151267	-0.10E+04
0.707	0.152733	-0.10E+04
0.71	0.154133	-0.10E+04
0.713	0.155767	-0.10E+04
0.716	0.152800	-0.10E+04
0.719	0.153067	-0.10E+04
0.722	0.153867	-0.10E+04
0.725	0.154967	-0.10E+04
0.728	0.157100	-0.10E+04
0.731	0.157567	-0.10E+04
0.734	0.154467	-0.10E+04
0.737	0.152067	-0.10E+04
0.74	0.152667	-0.10E+04
0.743	0.150667	-0.10E+04
0.746	0.150433	-0.10E+04
0.749	0.152067	-0.10E+04
0.752	0.153833	-0.10E+04
0.755	0.153100	-0.10E+04
0.758	0.154833	-0.10E+04
0.761	0.154467	-0.10E+04
0.764	0.154100	-0.10E+04
0.767	0.155100	-0.10E+04
0.77	0.157167	-0.10E+04
0.773	0.158067	-0.10E+04
0.776	0.158933	-0.10E+04
0.779	0.159567	-0.10E+04
0.782	0.158700	-0.10E+04
0.785	0.157733	-0.10E+04
0.788	0.158933	-0.10E+04
0.791	0.157000	-0.10E+04
0.794	0.155833	-0.10E+04
0.797	0.157500	-0.10E+04
0.8	0.159200	-0.10E+04
0.803	0.158367	-0.10E+04
0.806	0.157900	-0.10E+04
0.809	0.160133	-0.10E+04
0.812	0.159067	-0.10E+04
0.815	0.157100	-0.10E+04
0.818	0.154400	-0.10E+04
0.821	0.152800	-0.10E+04
0.824	0.152800	-0.10E+04
0.827	0.151767	-0.10E+04
0.83	0.150600	-0.10E+04
0.833	0.152200	-0.10E+04
0.836	0.155233	-0.10E+04
0.839	0.157500	-0.10E+04
0.842	0.157967	-0.10E+04
0.845	0.158000	-0.10E+04
0.848	0.158567	-0.10E+04
0.851	0.157033	-0.10E+04
0.854	0.158367	-0.10E+04
0.857	0.153333	-0.10E+04
0.86	0.152867	-0.10E+04
0.863	0.157167	-0.10E+04
0.866	0.157033	-0.10E+04
0.869	0.151733	-0.10E+04
0.872	0.144667	-0.10E+04
0.875	0.143433	-0.10E+04
0.878	0.145700	-0.10E+04
0.881	0.150467	-0.10E+04
0.884	0.154467	-0.10E+04
0.887	0.154600	-0.10E+04
0.89	0.153967	-0.10E+04
0.893	0.154567	-0.10E+04
0.896	0.151933	-0.10E+04
0.899	0.150833	-0.10E+04
0.902	0.153700	-0.10E+04
0.905	0.156467	-0.10E+04
0.908	0.153100	-0.10E+04
0.911	0.151833	-0.10E+04
0.914	0.152100	-0.10E+04
0.917	0.151400	-0.10E+04
0.92	0.149833	-0.10E+04
0.923	0.149867	-0.10E+04
0.926	0.152367	-0.10E+04
0.929	0.149600	-0.10E+04
0.932	0.146867	-0.10E+04
0.935	0.148867	-0.10E+04
0.938	0.151700	-0.10E+04
0.941	0.153533	-0.10E+04
0.944	0.154200	-0.10E+04
0.947	0.155200	-0.10E+04
0.95	0.153433	-0.10E+04
0.953	0.152167	-0.10E+04
0.956	0.152467	-0.10E+04
0.959	0.153400	-0.10E+04
0.962	0.155033	-0.10E+04
0.965	0.154367	-0.10E+04
0.968	0.155533	-0.10E+04
0.971	0.156200	-0.10E+04
0.974	0.155900	-0.10E+04
0.977	0.159733	-0.10E+04
0.98	0.161800	-0.10E+04
0.983	0.161500	-0.10E+04
0.986	0.161767	-0.10E+04
0.989	0.163300	-0.10E+04
0.992	0.162800	-0.10E+04
0.995	0.164500	-0.10E+04
0.998	0.164033	-0.10E+04
1.001	0.161933	-0.10E+04
1.004	0.161833	-0.10E+04
1.007	0.163167	-0.10E+04
1.01	0.162100	-0.10E+04
1.013	0.161933	-0.10E+04
1.016	0.161700	-0.10E+04
1.019	0.160967	-0.10E+04
1.022	0.162233	-0.10E+04
1.025	0.163000	-0.10E+04
1.028	0.166633	-0.10E+04
1.031	0.165667	-0.10E+04
1.034	0.165600	-0.10E+04
1.037	0.166933	-0.10E+04
1.04	0.170533	-0.10E+04
1.043	0.170967	-0.10E+04
1.046	0.170433	-0.10E+04
1.049	0.171233	-0.10E+04
1.052	0.170867	-0.10E+04
1.055	0.169867	-0.10E+04
1.058	0.170967	-0.10E+04
1.061	0.171133	-0.10E+04
1.064	0.171867	-0.10E+04
1.067	0.171433	-0.10E+04
1.07	0.174333	-0.10E+04
1.073	0.176767	-0.10E+04
1.076	0.175200	-0.10E+04
1.079	0.175367	-0.10E+04
1.082	0.174300	-0.10E+04
1.085	0.174833	-0.10E+04
1.088	0.175167	-0.10E+04
1.091	0.176533	-0.10E+04
1.094	0.177167	-0.10E+04
1.097	0.176733	-0.10E+04
1.1	0.174433	-0.10E+04
1.103	0.178000	-0.10E+04
1.106	0.180800	-0.10E+04
1.109	0.183433	-0.10E+04
1.112	0.186200	-0.10E+04
1.115	0.184933	-0.10E+04
1.118	0.181467	-0.10E+04
1.121	0.178967	-0.10E+04
1.124	0.182167	-0.10E+04
1.127	0.184200	-0.10E+04
1.13	0.186300	-0.10E+04
1.133	0.187933	-0.10E+04
1.136	0.184800	-0.10E+04
1.139	0.185833	-0.10E+04
1.142	0.186933	-0.10E+04
1.145	0.187767	-0.10E+04
1.148	0.185833	-0.10E+04
1.151	0.187867	-0.10E+04
1.154	0.188967	-0.10E+04
1.157	0.188967	-0.10E+04
1.16	0.190767	-0.10E+04
1.163	0.191333	-0.10E+04
1.166	0.189533	-0.10E+04
1.169	0.189667	-0.10E+04
1.172	0.190867	-0.10E+04
1.175	0.190033	-0.10E+04
1.178	0.189833	-0.10E+04
1.181	0.192733	-0.10E+04
1.184	0.192967	-0.10E+04
1.187	0.191833	-0.10E+04
1.19	0.192000	-0.10E+04
1.193	0.191600	-0.10E+04
1.196	0.191667	-0.10E+04
1.199	0.192167	-0.10E+04
1.202	0.192733	-0.10E+04
1.205	0.191833	-0.10E+04
1.208	0.192067	-0.10E+04
1.211	0.192933	-0.10E+04
1.214	0.194200	-0.10E+04
1.217	0.195333	-0.10E+04
1.22	0.194800	-0.10E+04
1.223	0.193333	-0.10E+04
1.226	0.192333	-0.10E+04
1.229	0.194167	-0.10E+04
1.232	0.196500	-0.10E+04
1.235	0.196467	-0.10E+04
1.238	0.196833	-0.10E+04
1.241	0.199067	-0.10E+04
1.244	0.199933	-0.10E+04
1.247	0.200833	-0.10E+04
1.25	0.199400	-0.10E+04
1.253	0.198233	-0.10E+04
1.256	0.200667	-0.10E+04
1.259	0.200667	-0.10E+04
1.262	0.199533	-0.10E+04
1.265	0.201367	-0.10E+04
1.268	0.200833	-0.10E+04
1.271	0.200367	-0.10E+04
1.274	0.202667	-0.10E+04
1.277	0.204233	-0.10E+04
1.28	0.204567	-0.10E+04
1.283	0.202667	-0.10E+04
1.286	0.202467	-0.10E+04
1.289	0.203867	-0.10E+04
1.292	0.204833	-0.10E+04
1.295	0.204400	-0.10E+04
1.298	0.205833	-0.10E+04
1.301	0.204600	-0.10E+04
1.304	0.204933	-0.10E+04
1.307	0.204767	-0.10E+04
1.31	0.204300	-0.10E+04
1.313	0.204900	-0.10E+04
1.316	0.205200	-0.10E+04
1.319	0.206400	-0.10E+04
1.322	0.208133	-0.10E+04
1.325	0.208533	-0.10E+04
1.328	0.209067	-0.10E+04
1.331	0.210200	-0.10E+04
1.334	0.209500	-0.10E+04
1.337	0.209567	-0.10E+04
1.34	0.210300	-0.10E+04
1.343	0.209033	-0.10E+04
1.346	0.211833	-0.10E+04
1.349	0.212533	-0.10E+04
1.352	0.211967	-0.10E+04
1.355	0.214467	-0.10E+04
1.358	0.215000	-0.10E+04
1.361	0.213767	-0.10E+04
1.364	0.214900	-0.10E+04
1.367	0.216133	-0.10E+04
1.37	0.216933	-0.10E+04
1.373	0.214267	-0.10E+04
1.376	0.213267	-0.10E+04
1.379	0.215333	-0.10E+04
1.382	0.215967	-0.10E+04
1.385	0.213233	-0.10E+04
1.388	0.211033	-0.10E+04
1.391	0.213000	-0.10E+04
1.394	0.215267	-0.10E+04
1.397	0.215400	-0.10E+04
1.4	0.213733	-0.10E+04
1.403	0.215333	-0.10E+04
1.406	0.216933	-0.10E+04
1.409	0.216600	-0.10E+04
1.412	0.216200	-0.10E+04
1.415	0.217633	-0.10E+04
1.418	0.217333	-0.10E+04
1.421	0.218700	-0.10E+04
1.424	0.220000	-0.10E+04
1.427	0.218367	-0.10E+04
1.43	0.217600	-0.10E+04
1.433	0.218833	-0.10E+04
1.436	0.219800	-0.10E+04
1.439	0.218733	-0.10E+04
1.442	0.220933	-0.10E+04
1.445	0.223500	-0.10E+04
1.448	0.221467	-0.10E+04
1.451	0.222533	-0.10E+04
1.454	0.222933	-0.10E+04
1.457	0.221867	-0.10E+04
1.46	0.223200	-0.10E+04
1.463	0.225967	-0.10E+04
1.466	0.226933	-0.10E+04
1.469	0.227867	-0.10E+04
1.472	0.225000	-0.10E+04
1.475	0.223100	-0.10E+04
1.478	0.224967	-0.10E+04
1.481	0.223867	-0.10E+04
1.484	0.220800	-0.10E+04
1.487	0.221100	-0.10E+04
1.49	0.225667	-0.10E+04
1.493	0.224100	-0.10E+04
1.496	0.222900	-0.10E+04
1.499	0.225900	-0.10E+04
1.502	0.225967	-0.10E+04
1.505	0.225633	-0.10E+04
1.508	0.227233	-0.10E+04
1.511	0.227467	-0.10E+04
1.514	0.225367	-0.10E+04
1.517	0.225967	-0.10E+04
1.52	0.226633	-0.10E+04
1.523	0.228400	-0.10E+04
1.526	0.229033	-0.10E+04
1.529	0.228233	-0.10E+04
1.532	0.227867	-0.10E+04
1.535	0.226300	-0.10E+04
1.538	0.226367	-0.10E+04
1.541	0.229033	-0.10E+04
1.544	0.229800	-0.10E+04
1.547	0.229400	-0.10E+04
1.55	0.227633	-0.10E+04
1.553	0.229600	-0.10E+04
1.556	0.231067	-0.10E+04
1.559	0.232133	-0.10E+04
1.562	0.231367	-0.10E+04
1.565	0.230033	-0.10E+04
1.568	0.228267	-0.10E+04
1.571	0.230133	-0.10E+04
1.574	0.232033	-0.10E+04
1.577	0.232733	-0.10E+04
1.58	0.231200	-0.10E+04
1.583	0.231433	-0.10E+04
1.586	0.231500	-0.10E+04
1.589	0.233100	-0.10E+04
1.592	0.234033	-0.10E+04
1.595	0.233100	-0.10E+04
1.598	0.232333	-0.10E+04
1.601	0.231633	-0.10E+04
1.604	0.232633	-0.10E+04
1.607	0.233633	-0.10E+04
1.61	0.232867	-0.10E+04
1.613	0.231100	-0.10E+04
1.616	0.230733	-0.10E+04
1.619	0.232533	-0.10E+04
1.622	0.235933	-0.10E+04
1.625	0.235600	-0.10E+04
1.628	0.232233	-0.10E+04
1.631	0.232733	-0.10E+04
1.634	0.231800	-0.10E+04
1.637	0.230900	-0.10E+04
1.64	0.231533	-0.10E+04
1.643	0.234500	-0.10E+04
1.646	0.236533	-0.10E+04
1.649	0.235967	-0.10E+04
1.652	0.234533	-0.10E+04
1.655	0.235933	-0.10E+04
1.658	0.236167	-0.10E+04
1.661	0.235867	-0.10E+04
1.664	0.238900	-0.10E+04
1.667	0.239267	-0.10E+04
1.67	0.235700	-0.10E+04
1.673	0.234933	-0.10E+04
1.676	0.235067	-0.10E+04
1.679	0.234433	-0.10E+04
1.682	0.234900	-0.10E+04
1.685	0.233867	-0.10E+04
1.688	0.233800	-0.10E+04
1.691	0.232533	-0.10E+04
1.694	0.233800	-0.10E+04
1.697	0.234333	-0.10E+04
1.7	0.234067	-0.10E+04
1.703	0.234767	-0.10E+04
1.706	0.233300	-0.10E+04
1.709	0.233900	-0.10E+04
1.712	0.233700	-0.10E+04
1.715	0.232933	-0.10E+04
1.718	0.232967	-0.10E+04
1.721	0.234100	-0.10E+04
1.724	0.235033	-0.10E+04
1.727	0.234733	-0.10E+04
1.73	0.232567	-0.10E+04
1.733	0.233400	-0.10E+04
1.736	0.234033	-0.10E+04
1.739	0.235933	-0.10E+04
1.742	0.235100	-0.10E+04
1.745	0.235933	-0.10E+04
1.748	0.237967	-0.10E+04
1.751	0.235700	-0.10E+04
1.754	0.234867	-0.10E+04
1.757	0.236800	-0.10E+04
1.76	0.238233	-0.10E+04
1.763	0.239900	-0.10E+04
1.766	0.240200	-0.10E+04
1.769	0.239733	-0.10E+04
1.772	0.236400	-0.10E+04
1.775	0.232267	-0.10E+04
1.778	0.232667	-0.10E+04
1.781	0.237733	-0.10E+04
1.784	0.237667	-0.10E+04
1.787	0.235233	-0.10E+04
1.79	0.235400	-0.10E+04
1.793	0.239400	-0.10E+04
1.796	0.237933	-0.10E+04
1.799	0.235167	-0.10E+04
1.802	0.235800	-0.10E+04
1.805	0.235467	-0.10E+04
1.808	0.237433	-0.10E+04
1.811	0.237233	-0.10E+04
1.814	0.236800	-0.10E+04
1.817	0.237167	-0.10E+04
1.82	0.238067	-0.10E+04
1.823	0.237833	-0.10E+04
1.826	0.235400	-0.10E+04
1.829	0.238300	-0.10E+04
1.832	0.240233	-0.10E+04
1.835	0.238833	-0.10E+04
1.838	0.240533	-0.10E+04
1.841	0.241367	-0.10E+04
1.844	0.238167	-0.10E+04
1.847	0.235500	-0.10E+04
1.85	0.236333	-0.10E+04
1.853	0.239133	-0.10E+04
1.856	0.240800	-0.10E+04
1.859	0.241467	-0.10E+04
1.862	0.238400	-0.10E+04
1.865	0.233867	-0.10E+04
1.868	0.233533	-0.10E+04
1.871	0.235933	-0.10E+04
1.874	0.237033	-0.10E+04
1.877	0.236733	-0.10E+04
1.88	0.234367	-0.10E+04
1.883	0.233167	-0.10E+04
1.886	0.235833	-0.10E+04
1.889	0.237667	-0.10E+04
1.892	0.235400	-0.10E+04
1.895	0.235533	-0.10E+04
1.898	0.236433	-0.10E+04
1.901	0.239733	-0.10E+04
1.904	0.238367	-0.10E+04
1.907	0.238033	-0.10E+04
1.91	0.239367	-0.10E+04
1.913	0.239067	-0.10E+04
1.916	0.237067	-0.10E+04
1.919	0.237267	-0.10E+04
1.922	0.236900	-0.10E+04
1.925	0.239000	-0.10E+04
1.928	0.240467	-0.10E+04
1.931	0.240467	-0.10E+04
1.934	0.240167	-0.10E+04
1.937	0.243267	-0.10E+04
1.94	0.242767	-0.10E+04
1.943	0.240100	-0.10E+04
1.946	0.239000	-0.10E+04
1.949	0.238700	-0.10E+04
1.952	0.241167	-0.10E+04
1.955	0.241967	-0.10E+04
1.958	0.242467	-0.10E+04
1.961	0.241967	-0.10E+04
1.964	0.241733	-0.10E+04
1.967	0.241033	-0.10E+04
1.97	0.241833	-0.10E+04
1.973	0.241533	-0.10E+04
1.976	0.240067	-0.10E+04
1.979	0.239133	-0.10E+04
1.982	0.240033	-0.10E+04
1.985	0.242667	-0.10E+04
1.988	0.246600	-0.10E+04
1.991	0.246167	-0.10E+04
1.994	0.246133	-0.10E+04
1.997	0.246867	-0.10E+04
2	0.246900	-0.10E+04
2.003	0.246300	-0.10E+04
2.006	0.248133	-0.10E+04
2.009	0.249533	-0.10E+04
2.012	0.249533	-0.10E+04
2.015	0.247300	-0.10E+04
2.018	0.247200	-0.10E+04
2.021	0.248700	-0.10E+04
2.024	0.248700	-0.10E+04
2.027	0.250333	-0.10E+04
2.03	0.250733	-0.10E+04
2.033	0.250100	-0.10E+04
2.036	0.249833	-0.10E+04
2.039	0.247867	-0.10E+04
2.042	0.248167	-0.10E+04
2.045	0.250233	-0.10E+04
2.048	0.251733	-0.10E+04
2.051	0.251867	-0.10E+04
2.054	0.249667	-0.10E+04
2.057	0.249633	-0.10E+04
2.06	0.250867	-0.10E+04
2.063	0.252500	-0.10E+04
2.066	0.251867	-0.10E+04
2.069	0.250233	-0.10E+04
2.072	0.249800	-0.10E+04
2.075	0.250100	-0.10E+04
2.078	0.249033	-0.10E+04
2.081	0.248233	-0.10E+04
2.084	0.248700	-0.10E+04
2.087	0.248900	-0.10E+04
2.09	0.250333	-0.10E+04
2.093	0.251367	-0.10E+04
2.096	0.255867	-0.10E+04
2.099	0.255367	-0.10E+04
2.102	0.252967	-0.10E+04
2.105	0.251967	-0.10E+04
2.108	0.251533	-0.10E+04
2.111	0.253667	-0.10E+04
2.114	0.255500	-0.10E+04
2.117	0.257133	-0.10E+04
2.12	0.255533	-0.10E+04
2.123	0.253200	-0.10E+04
2.126	0.253933	-0.10E+04
2.129	0.255300	-0.10E+04
2.132	0.256900	-0.10E+04
2.135	0.256333	-0.10E+04
2.138	0.255767	-0.10E+04
2.141	0.255233	-0.10E+04
2.144	0.257100	-0.10E+04
2.147	0.259067	-0.10E+04
2.15	0.258800	-0.10E+04
2.153	0.259200	-0.10E+04
2.156	0.258467	-0.10E+04
2.159	0.258667	-0.10E+04
2.162	0.258300	-0.10E+04
2.165	0.256633	-0.10E+04
2.168	0.257033	-0.10E+04
2.171	0.257967	-0.10E+04
2.174	0.261467	-0.10E+04
2.177	0.259933	-0.10E+04
2.18	0.257933	-0.10E+04
2.183	0.257967	-0.10E+04
2.186	0.257067	-0.10E+04
2.189	0.259133	-0.10E+04
2.192	0.260200	-0.10E+04
2.195	0.260833	-0.10E+04
2.198	0.260033	-0.10E+04
2.201	0.262200	-0.10E+04
2.204	0.263767	-0.10E+04
2.207	0.261800	-0.10E+04
2.21	0.261933	-0.10E+04
2.213	0.262167	-0.10E+04
2.216	0.263300	-0.10E+04
2.219	0.265233	-0.10E+04
2.222	0.266600	-0.10E+04
2.225	0.267600	-0.10E+04
2.228	0.267367	-0.10E+04
2.231	0.268567	-0.10E+04
2.234	0.270100	-0.10E+04
2.237	0.271267	-0.10E+04
2.24	0.272333	-0.10E+04
2.243	0.270400	-0.10E+04
2.246	0.267767	-0.10E+04
2.249	0.270067	-0.10E+04
2.252	0.273067	-0.10E+04
2.255	0.272700	-0.10E+04
2.258	0.269933	-0.10E+04
2.261	0.268933	-0.10E+04
2.264	0.271033	-0.10E+04
2.267	0.275400	-0.10E+04
2.27	0.275367	-0.10E+04
2.273	0.274467	-0.10E+04
2.276	0.274067	-0.10E+04
2.279	0.275233	-0.10E+04
2.282	0.275167	-0.10E+04
2.285	0.272600	-0.10E+04
2.288	0.271000	-0.10E+04
2.291	0.273033	-0.10E+04
2.294	0.271967	-0.10E+04
2.297	0.274800	-0.10E+04
2.3	0.274900	-0.10E+04
2.303	0.275267	-0.10E+04
2.306	0.277167	-0.10E+04
2.309	0.276367	-0.10E+04
2.312	0.276633	-0.10E+04
2.315	0.276267	-0.10E+04
2.318	0.277333	-0.10E+04
2.321	0.276700	-0.10E+04
2.324	0.277167	-0.10E+04
2.327	0.280733	-0.10E+04
2.33	0.281167	-0.10E+04
2.333	0.279033	-0.10E+04
2.336	0.279400	-0.10E+04
2.339	0.281767	-0.10E+04
2.342	0.281733	-0.10E+04
2.345	0.279633	-0.10E+04
2.348	0.278800	-0.10E+04
2.351	0.278833	-0.10E+04
2.354	0.280200	-0.10E+04
2.357	0.282733	-0.10E+04
2.36	0.286533	-0.10E+04
2.363	0.285167	-0.10E+04
2.366	0.282733	-0.10E+04
2.369	0.284033	-0.10E+04
2.372	0.285433	-0.10E+04
2.375	0.285100	-0.10E+04
2.378	0.283100	-0.10E+04
2.381	0.285833	-0.10E+04
2.384	0.286867	-0.10E+04
2.387	0.286567	-0.10E+04
2.39	0.286100	-0.10E+04
2.393	0.285600	-0.10E+04
2.396	0.284767	-0.10E+04
2.399	0.286467	-0.10E+04
2.402	0.285133	-0.10E+04
2.405	0.287667	-0.10E+04
2.408	0.290400	-0.10E+04
2.411	0.289433	-0.10E+04
2.414	0.289000	-0.10E+04
2.417	0.288633	-0.10E+04
2.42	0.289767	-0.10E+04
2.423	0.290200	-0.10E+04
2.426	0.288100	-0.10E+04
2.429	0.287633	-0.10E+04
2.432	0.290333	-0.10E+04
2.435	0.292767	-0.10E+04
2.438	0.292933	-0.10E+04
2.441	0.293400	-0.10E+04
2.444	0.294133	-0.10E+04
2.447	0.292833	-0.10E+04
2.45	0.291567	-0.10E+04
2.453	0.290500	-0.10E+04
2.456	0.291933	-0.10E+04
2.459	0.294333	-0.10E+04
2.462	0.295300	-0.10E+04
2.465	0.296933	-0.10E+04
2.468	0.295033	-0.10E+04
2.471	0.296067	-0.10E+04
2.474	0.296767	-0.10E+04
2.477	0.296400	-0.10E+04
2.48	0.298067	-0.10E+04
2.483	0.299300	-0.10E+04
2.486	0.300667	-0.10E+04
2.489	0.301500	-0.10E+04
2.492	0.300333	-0.10E+04
2.495	0.301200	-0.10E+04
2.498	0.299633	-0.10E+04
