Brown University Keck/NASA Relab Spectrum LS-JBA-164-M/wls219
Wavelength(micron)	Reflectance	Standard Deviation
0.35	0.096000	-0.10E+04
0.353	0.099000	-0.10E+04
0.356	0.099667	-0.10E+04
0.359	0.101000	-0.10E+04
0.362	0.101667	-0.10E+04
0.365	0.102000	-0.10E+04
0.368	0.103000	-0.10E+04
0.371	0.103667	-0.10E+04
0.374	0.105000	-0.10E+04
0.377	0.105000	-0.10E+04
0.38	0.105000	-0.10E+04
0.383	0.108000	-0.10E+04
0.386	0.108667	-0.10E+04
0.389	0.110000	-0.10E+04
0.392	0.111333	-0.10E+04
0.395	0.112000	-0.10E+04
0.398	0.113000	-0.10E+04
0.401	0.113667	-0.10E+04
0.404	0.115000	-0.10E+04
0.407	0.116333	-0.10E+04
0.41	0.117000	-0.10E+04
0.413	0.119000	-0.10E+04
0.416	0.119667	-0.10E+04
0.419	0.121000	-0.10E+04
0.422	0.121667	-0.10E+04
0.425	0.122000	-0.10E+04
0.428	0.125000	-0.10E+04
0.431	0.125000	-0.10E+04
0.434	0.125000	-0.10E+04
0.437	0.127000	-0.10E+04
0.44	0.128000	-0.10E+04
0.443	0.130000	-0.10E+04
0.446	0.130333	-0.10E+04
0.449	0.131000	-0.10E+04
0.452	0.132333	-0.10E+04
0.455	0.133000	-0.10E+04
0.458	0.134000	-0.10E+04
0.461	0.134667	-0.10E+04
0.464	0.136000	-0.10E+04
0.467	0.138000	-0.10E+04
0.47	0.139000	-0.10E+04
0.473	0.139000	-0.10E+04
0.476	0.139667	-0.10E+04
0.479	0.141000	-0.10E+04
0.482	0.141667	-0.10E+04
0.485	0.142000	-0.10E+04
0.488	0.144000	-0.10E+04
0.491	0.144667	-0.10E+04
0.494	0.146000	-0.10E+04
0.497	0.146667	-0.10E+04
0.5	0.147000	-0.10E+04
0.503	0.148000	-0.10E+04
0.506	0.148667	-0.10E+04
0.509	0.150000	-0.10E+04
0.512	0.150667	-0.10E+04
0.515	0.151000	-0.10E+04
0.518	0.152000	-0.10E+04
0.521	0.152667	-0.10E+04
0.524	0.154000	-0.10E+04
0.527	0.155333	-0.10E+04
0.53	0.156000	-0.10E+04
0.533	0.158000	-0.10E+04
0.536	0.158667	-0.10E+04
0.539	0.160000	-0.10E+04
0.542	0.161333	-0.10E+04
0.545	0.162000	-0.10E+04
0.548	0.163000	-0.10E+04
0.551	0.163667	-0.10E+04
0.554	0.165000	-0.10E+04
0.557	0.165667	-0.10E+04
0.56	0.166000	-0.10E+04
0.563	0.167000	-0.10E+04
0.566	0.167333	-0.10E+04
0.569	0.168000	-0.10E+04
0.572	0.168667	-0.10E+04
0.575	0.169000	-0.10E+04
0.578	0.170000	-0.10E+04
0.581	0.170667	-0.10E+04
0.584	0.172000	-0.10E+04
0.587	0.172667	-0.10E+04
0.59	0.173000	-0.10E+04
0.593	0.175000	-0.10E+04
0.596	0.175667	-0.10E+04
0.599	0.177000	-0.10E+04
0.602	0.177667	-0.10E+04
0.605	0.178000	-0.10E+04
0.608	0.179000	-0.10E+04
0.611	0.179347	-0.10E+04
0.614	0.180041	-0.10E+04
0.617	0.180735	-0.10E+04
0.62	0.181081	-0.10E+04
0.623	0.183163	-0.10E+04
0.626	0.183510	-0.10E+04
0.629	0.184203	-0.10E+04
0.632	0.185591	-0.10E+04
0.635	0.186285	-0.10E+04
0.638	0.186285	-0.10E+04
0.641	0.186632	-0.10E+04
0.644	0.187326	-0.10E+04
0.647	0.188713	-0.10E+04
0.65	0.189407	-0.10E+04
0.653	0.190448	-0.10E+04
0.656	0.191141	-0.10E+04
0.659	0.192529	-0.10E+04
0.662	0.193223	-0.10E+04
0.665	0.193570	-0.10E+04
0.668	0.194610	-0.10E+04
0.671	0.194957	-0.10E+04
0.674	0.195651	-0.10E+04
0.677	0.196345	-0.10E+04
0.68	0.196692	-0.10E+04
0.683	0.197733	-0.10E+04
0.686	0.198079	-0.10E+04
0.689	0.198773	-0.10E+04
0.692	0.200161	-0.10E+04
0.695	0.200855	-0.10E+04
0.698	0.201895	-0.10E+04
0.701	0.202242	-0.10E+04
0.704	0.202936	-0.10E+04
0.707	0.203630	-0.10E+04
0.71	0.203977	-0.10E+04
0.713	0.205017	-0.10E+04
0.716	0.205364	-0.10E+04
0.719	0.206058	-0.10E+04
0.722	0.206752	-0.10E+04
0.725	0.207099	-0.10E+04
0.728	0.207099	-0.10E+04
0.731	0.207793	-0.10E+04
0.734	0.209180	-0.10E+04
0.737	0.209874	-0.10E+04
0.74	0.210221	-0.10E+04
0.743	0.211262	-0.10E+04
0.746	0.211609	-0.10E+04
0.749	0.212302	-0.10E+04
0.752	0.212996	-0.10E+04
0.755	0.213343	-0.10E+04
0.758	0.213343	-0.10E+04
0.761	0.213690	-0.10E+04
0.764	0.214384	-0.10E+04
0.767	0.215078	-0.10E+04
0.77	0.215424	-0.10E+04
0.773	0.215424	-0.10E+04
0.776	0.215424	-0.10E+04
0.779	0.215424	-0.10E+04
0.782	0.216118	-0.10E+04
0.785	0.216465	-0.10E+04
0.788	0.216465	-0.10E+04
0.791	0.216465	-0.10E+04
0.794	0.216465	-0.10E+04
0.797	0.217853	-0.10E+04
0.8	0.218547	-0.10E+04
0.803	0.218547	-0.10E+04
0.806	0.218893	-0.10E+04
0.809	0.219587	-0.10E+04
0.812	0.219587	-0.10E+04
0.815	0.219587	-0.10E+04
0.818	0.219587	-0.10E+04
0.821	0.219934	-0.10E+04
0.824	0.220628	-0.10E+04
0.827	0.221322	-0.10E+04
0.83	0.221669	-0.10E+04
0.833	0.221669	-0.10E+04
0.836	0.221669	-0.10E+04
0.839	0.221669	-0.10E+04
0.842	0.222362	-0.10E+04
0.845	0.222709	-0.10E+04
0.848	0.222709	-0.10E+04
0.851	0.223056	-0.10E+04
0.854	0.223750	-0.10E+04
0.857	0.223750	-0.10E+04
0.86	0.223750	-0.10E+04
0.863	0.224791	-0.10E+04
0.866	0.224791	-0.10E+04
0.869	0.224791	-0.10E+04
0.872	0.224791	-0.10E+04
0.875	0.224791	-0.10E+04
0.878	0.225831	-0.10E+04
0.881	0.226178	-0.10E+04
0.884	0.226872	-0.10E+04
0.887	0.227566	-0.10E+04
0.89	0.227913	-0.10E+04
0.893	0.227913	-0.10E+04
0.896	0.228260	-0.10E+04
0.899	0.228953	-0.10E+04
0.902	0.229647	-0.10E+04
0.905	0.229994	-0.10E+04
0.908	0.229994	-0.10E+04
0.911	0.230341	-0.10E+04
0.914	0.231035	-0.10E+04
0.917	0.231729	-0.10E+04
0.92	0.232076	-0.10E+04
0.923	0.233116	-0.10E+04
0.926	0.233116	-0.10E+04
0.929	0.233116	-0.10E+04
0.932	0.234504	-0.10E+04
0.935	0.235198	-0.10E+04
0.938	0.236238	-0.10E+04
0.941	0.236585	-0.10E+04
0.944	0.237279	-0.10E+04
0.947	0.237973	-0.10E+04
0.95	0.238320	-0.10E+04
0.953	0.239360	-0.10E+04
0.956	0.239707	-0.10E+04
0.959	0.240401	-0.10E+04
0.962	0.241095	-0.10E+04
0.965	0.241442	-0.10E+04
0.968	0.242483	-0.10E+04
0.971	0.242483	-0.10E+04
0.974	0.242483	-0.10E+04
0.977	0.242483	-0.10E+04
0.98	0.242483	-0.10E+04
0.983	0.243523	-0.10E+04
0.986	0.244217	-0.10E+04
0.989	0.245605	-0.10E+04
0.992	0.245605	-0.10E+04
0.995	0.245605	-0.10E+04
0.998	0.247686	-0.10E+04
1.001	0.248033	-0.10E+04
1.004	0.248727	-0.10E+04
1.007	0.248727	-0.10E+04
1.01	0.248727	-0.10E+04
1.013	0.250808	-0.10E+04
1.016	0.250808	-0.10E+04
1.019	0.250808	-0.10E+04
1.022	0.250808	-0.10E+04
1.025	0.250808	-0.10E+04
1.028	0.251849	-0.10E+04
1.031	0.252196	-0.10E+04
1.034	0.252890	-0.10E+04
1.037	0.253583	-0.10E+04
1.04	0.253930	-0.10E+04
1.043	0.254971	-0.10E+04
1.046	0.255318	-0.10E+04
1.049	0.256012	-0.10E+04
1.052	0.256705	-0.10E+04
1.055	0.257052	-0.10E+04
1.058	0.258093	-0.10E+04
1.061	0.258440	-0.10E+04
1.064	0.259134	-0.10E+04
1.067	0.259134	-0.10E+04
1.07	0.259134	-0.10E+04
1.073	0.261215	-0.10E+04
1.076	0.261215	-0.10E+04
1.079	0.261215	-0.10E+04
1.082	0.261215	-0.10E+04
1.085	0.261215	-0.10E+04
1.088	0.262256	-0.10E+04
1.091	0.262603	-0.10E+04
1.094	0.263297	-0.10E+04
1.097	0.263990	-0.10E+04
1.1	0.264337	-0.10E+04
1.103	0.265378	-0.10E+04
1.106	0.265725	-0.10E+04
1.109	0.266419	-0.10E+04
1.112	0.267112	-0.10E+04
1.115	0.267459	-0.10E+04
1.118	0.268500	-0.10E+04
1.121	0.268500	-0.10E+04
1.124	0.268500	-0.10E+04
1.127	0.269194	-0.10E+04
1.13	0.269541	-0.10E+04
1.133	0.270581	-0.10E+04
1.136	0.270928	-0.10E+04
1.139	0.271622	-0.10E+04
1.142	0.272316	-0.10E+04
1.145	0.272663	-0.10E+04
1.148	0.273704	-0.10E+04
1.151	0.274050	-0.10E+04
1.154	0.274744	-0.10E+04
1.157	0.274744	-0.10E+04
1.16	0.274744	-0.10E+04
1.163	0.276826	-0.10E+04
1.166	0.276826	-0.10E+04
1.169	0.276826	-0.10E+04
1.172	0.277519	-0.10E+04
1.175	0.277866	-0.10E+04
1.178	0.277866	-0.10E+04
1.181	0.278213	-0.10E+04
1.184	0.278907	-0.10E+04
1.187	0.279601	-0.10E+04
1.19	0.279948	-0.10E+04
1.193	0.279948	-0.10E+04
1.196	0.280295	-0.10E+04
1.199	0.280988	-0.10E+04
1.202	0.281682	-0.10E+04
1.205	0.282029	-0.10E+04
1.208	0.282029	-0.10E+04
1.211	0.282376	-0.10E+04
1.214	0.283070	-0.10E+04
1.217	0.283764	-0.10E+04
1.22	0.284110	-0.10E+04
1.223	0.285151	-0.10E+04
1.226	0.285151	-0.10E+04
1.229	0.285151	-0.10E+04
1.232	0.285845	-0.10E+04
1.235	0.286192	-0.10E+04
1.238	0.286192	-0.10E+04
1.241	0.286539	-0.10E+04
1.244	0.287233	-0.10E+04
1.247	0.287926	-0.10E+04
1.25	0.288273	-0.10E+04
1.253	0.289314	-0.10E+04
1.256	0.289661	-0.10E+04
1.259	0.290355	-0.10E+04
1.262	0.290355	-0.10E+04
1.265	0.290355	-0.10E+04
1.268	0.291395	-0.10E+04
1.271	0.291742	-0.10E+04
1.274	0.292436	-0.10E+04
1.277	0.292436	-0.10E+04
1.28	0.292436	-0.10E+04
1.283	0.293477	-0.10E+04
1.286	0.293477	-0.10E+04
1.289	0.293477	-0.10E+04
1.292	0.294171	-0.10E+04
1.295	0.294517	-0.10E+04
1.298	0.295558	-0.10E+04
1.301	0.295558	-0.10E+04
1.304	0.295558	-0.10E+04
1.307	0.296946	-0.10E+04
1.31	0.297640	-0.10E+04
1.313	0.298680	-0.10E+04
1.316	0.299027	-0.10E+04
1.319	0.299721	-0.10E+04
1.322	0.300415	-0.10E+04
1.325	0.300762	-0.10E+04
1.328	0.301802	-0.10E+04
1.331	0.301802	-0.10E+04
1.334	0.301802	-0.10E+04
1.337	0.302496	-0.10E+04
1.34	0.302843	-0.10E+04
1.343	0.302843	-0.10E+04
1.346	0.302843	-0.10E+04
1.349	0.302843	-0.10E+04
1.352	0.303537	-0.10E+04
1.355	0.303884	-0.10E+04
1.358	0.303884	-0.10E+04
1.361	0.304231	-0.10E+04
1.364	0.304924	-0.10E+04
1.367	0.304924	-0.10E+04
1.37	0.304924	-0.10E+04
1.373	0.305965	-0.10E+04
1.376	0.306659	-0.10E+04
1.379	0.308047	-0.10E+04
1.382	0.308047	-0.10E+04
1.385	0.308047	-0.10E+04
1.388	0.308047	-0.10E+04
1.391	0.308047	-0.10E+04
1.394	0.308047	-0.10E+04
1.397	0.308740	-0.10E+04
1.4	0.309087	-0.10E+04
1.403	0.310128	-0.10E+04
1.406	0.310475	-0.10E+04
1.409	0.311169	-0.10E+04
1.412	0.311862	-0.10E+04
1.415	0.312209	-0.10E+04
1.418	0.313250	-0.10E+04
1.421	0.313250	-0.10E+04
1.424	0.313250	-0.10E+04
1.427	0.313944	-0.10E+04
1.43	0.314291	-0.10E+04
1.433	0.316372	-0.10E+04
1.436	0.316719	-0.10E+04
1.439	0.317413	-0.10E+04
1.442	0.317413	-0.10E+04
1.445	0.317413	-0.10E+04
1.448	0.318453	-0.10E+04
1.451	0.318453	-0.10E+04
1.454	0.318453	-0.10E+04
1.457	0.319147	-0.10E+04
1.46	0.319494	-0.10E+04
1.463	0.319494	-0.10E+04
1.466	0.319841	-0.10E+04
1.469	0.320535	-0.10E+04
1.472	0.320535	-0.10E+04
1.475	0.320535	-0.10E+04
1.478	0.321576	-0.10E+04
1.481	0.321576	-0.10E+04
1.484	0.321576	-0.10E+04
1.487	0.321576	-0.10E+04
1.49	0.321576	-0.10E+04
1.493	0.321576	-0.10E+04
1.496	0.321576	-0.10E+04
1.499	0.321576	-0.10E+04
1.502	0.322269	-0.10E+04
1.505	0.322616	-0.10E+04
1.508	0.322616	-0.10E+04
1.511	0.322963	-0.10E+04
1.514	0.323657	-0.10E+04
1.517	0.325738	-0.10E+04
1.52	0.326779	-0.10E+04
1.523	0.326779	-0.10E+04
1.526	0.326779	-0.10E+04
1.529	0.326779	-0.10E+04
1.532	0.327473	-0.10E+04
1.535	0.327820	-0.10E+04
1.538	0.327820	-0.10E+04
1.541	0.328167	-0.10E+04
1.544	0.328860	-0.10E+04
1.547	0.328860	-0.10E+04
1.55	0.328860	-0.10E+04
1.553	0.328860	-0.10E+04
1.556	0.329207	-0.10E+04
1.559	0.329901	-0.10E+04
1.562	0.329901	-0.10E+04
1.565	0.329901	-0.10E+04
1.568	0.329901	-0.10E+04
1.571	0.329901	-0.10E+04
1.574	0.329901	-0.10E+04
1.577	0.329901	-0.10E+04
1.58	0.329901	-0.10E+04
1.583	0.330942	-0.10E+04
1.586	0.330942	-0.10E+04
1.589	0.330942	-0.10E+04
1.592	0.330942	-0.10E+04
1.595	0.330942	-0.10E+04
1.598	0.330942	-0.10E+04
1.601	0.330942	-0.10E+04
1.604	0.330942	-0.10E+04
1.607	0.333023	-0.10E+04
1.61	0.334064	-0.10E+04
1.613	0.335105	-0.10E+04
1.616	0.335105	-0.10E+04
1.619	0.335105	-0.10E+04
1.622	0.335798	-0.10E+04
1.625	0.336145	-0.10E+04
1.628	0.336145	-0.10E+04
1.631	0.336145	-0.10E+04
1.634	0.336145	-0.10E+04
1.637	0.336839	-0.10E+04
1.64	0.337186	-0.10E+04
1.643	0.337186	-0.10E+04
1.646	0.337186	-0.10E+04
1.649	0.337186	-0.10E+04
1.652	0.337880	-0.10E+04
1.655	0.338227	-0.10E+04
1.658	0.338227	-0.10E+04
1.661	0.338574	-0.10E+04
1.664	0.339267	-0.10E+04
1.667	0.339267	-0.10E+04
1.67	0.339267	-0.10E+04
1.673	0.339267	-0.10E+04
1.676	0.339267	-0.10E+04
1.679	0.339267	-0.10E+04
1.682	0.339267	-0.10E+04
1.685	0.339267	-0.10E+04
1.688	0.340308	-0.10E+04
1.691	0.340655	-0.10E+04
1.694	0.341349	-0.10E+04
1.697	0.340655	-0.10E+04
1.7	0.340308	-0.10E+04
1.703	0.340308	-0.10E+04
1.706	0.340308	-0.10E+04
1.709	0.340308	-0.10E+04
1.712	0.340308	-0.10E+04
1.715	0.340308	-0.10E+04
1.718	0.340308	-0.10E+04
1.721	0.341002	-0.10E+04
1.724	0.342390	-0.10E+04
1.727	0.343777	-0.10E+04
1.73	0.344471	-0.10E+04
1.733	0.345512	-0.10E+04
1.736	0.345512	-0.10E+04
1.739	0.345512	-0.10E+04
1.742	0.345512	-0.10E+04
1.745	0.345512	-0.10E+04
1.748	0.346552	-0.10E+04
1.751	0.346552	-0.10E+04
1.754	0.346552	-0.10E+04
1.757	0.346552	-0.10E+04
1.76	0.346552	-0.10E+04
1.763	0.347593	-0.10E+04
1.766	0.347593	-0.10E+04
1.769	0.347593	-0.10E+04
1.772	0.347593	-0.10E+04
1.775	0.347593	-0.10E+04
1.778	0.348634	-0.10E+04
1.781	0.348634	-0.10E+04
1.784	0.348634	-0.10E+04
1.787	0.348634	-0.10E+04
1.79	0.348634	-0.10E+04
1.793	0.348634	-0.10E+04
1.796	0.348981	-0.10E+04
1.799	0.349674	-0.10E+04
1.802	0.351062	-0.10E+04
1.805	0.351756	-0.10E+04
1.808	0.351756	-0.10E+04
1.811	0.351062	-0.10E+04
1.814	0.349674	-0.10E+04
1.817	0.349674	-0.10E+04
1.82	0.349674	-0.10E+04
1.823	0.350715	-0.10E+04
1.826	0.351062	-0.10E+04
1.829	0.351756	-0.10E+04
1.832	0.353837	-0.10E+04
1.835	0.354878	-0.10E+04
1.838	0.354878	-0.10E+04
1.841	0.355225	-0.10E+04
1.844	0.355919	-0.10E+04
1.847	0.355225	-0.10E+04
1.85	0.354878	-0.10E+04
1.853	0.354878	-0.10E+04
1.856	0.355225	-0.10E+04
1.859	0.355919	-0.10E+04
1.862	0.355919	-0.10E+04
1.865	0.355919	-0.10E+04
1.868	0.355919	-0.10E+04
1.871	0.356266	-0.10E+04
1.874	0.356959	-0.10E+04
1.877	0.357653	-0.10E+04
1.88	0.358000	-0.10E+04
1.883	0.359041	-0.10E+04
1.886	0.359388	-0.10E+04
1.889	0.360081	-0.10E+04
1.892	0.360775	-0.10E+04
1.895	0.361122	-0.10E+04
1.898	0.361122	-0.10E+04
1.901	0.361122	-0.10E+04
1.904	0.361122	-0.10E+04
1.907	0.360428	-0.10E+04
1.91	0.360081	-0.10E+04
1.913	0.361122	-0.10E+04
1.916	0.361122	-0.10E+04
1.919	0.361122	-0.10E+04
1.922	0.361816	-0.10E+04
1.925	0.362163	-0.10E+04
1.928	0.363203	-0.10E+04
1.931	0.363203	-0.10E+04
1.934	0.363203	-0.10E+04
1.937	0.363203	-0.10E+04
1.94	0.363203	-0.10E+04
1.943	0.364244	-0.10E+04
1.946	0.364244	-0.10E+04
1.949	0.364244	-0.10E+04
1.952	0.365632	-0.10E+04
1.955	0.366326	-0.10E+04
1.958	0.366326	-0.10E+04
1.961	0.366672	-0.10E+04
1.964	0.367366	-0.10E+04
1.967	0.367366	-0.10E+04
1.97	0.367366	-0.10E+04
1.973	0.367366	-0.10E+04
1.976	0.367366	-0.10E+04
1.979	0.367366	-0.10E+04
1.982	0.368060	-0.10E+04
1.985	0.368407	-0.10E+04
1.988	0.368407	-0.10E+04
1.991	0.368407	-0.10E+04
1.994	0.368407	-0.10E+04
1.997	0.369101	-0.10E+04
2	0.369448	-0.10E+04
2.003	0.369448	-0.10E+04
2.006	0.369448	-0.10E+04
2.009	0.369448	-0.10E+04
2.012	0.370141	-0.10E+04
2.015	0.370488	-0.10E+04
2.018	0.370488	-0.10E+04
2.021	0.370835	-0.10E+04
2.024	0.371529	-0.10E+04
2.027	0.371529	-0.10E+04
2.03	0.371529	-0.10E+04
2.033	0.372570	-0.10E+04
2.036	0.372917	-0.10E+04
2.039	0.373610	-0.10E+04
2.042	0.373610	-0.10E+04
2.045	0.373610	-0.10E+04
2.048	0.374651	-0.10E+04
2.051	0.374651	-0.10E+04
2.054	0.374651	-0.10E+04
2.057	0.375345	-0.10E+04
2.06	0.375692	-0.10E+04
2.063	0.375692	-0.10E+04
2.066	0.375692	-0.10E+04
2.069	0.375692	-0.10E+04
2.072	0.375692	-0.10E+04
2.075	0.375692	-0.10E+04
2.078	0.376733	-0.10E+04
2.081	0.376733	-0.10E+04
2.084	0.376733	-0.10E+04
2.087	0.377426	-0.10E+04
2.09	0.377773	-0.10E+04
2.093	0.377773	-0.10E+04
2.096	0.377773	-0.10E+04
2.099	0.377773	-0.10E+04
2.102	0.378467	-0.10E+04
2.105	0.378814	-0.10E+04
2.108	0.378814	-0.10E+04
2.111	0.379508	-0.10E+04
2.114	0.380895	-0.10E+04
2.117	0.380895	-0.10E+04
2.12	0.380895	-0.10E+04
2.123	0.381936	-0.10E+04
2.126	0.381936	-0.10E+04
2.129	0.381936	-0.10E+04
2.132	0.381936	-0.10E+04
2.135	0.381936	-0.10E+04
2.138	0.381936	-0.10E+04
2.141	0.381936	-0.10E+04
2.144	0.381936	-0.10E+04
2.147	0.382630	-0.10E+04
2.15	0.382977	-0.10E+04
2.153	0.384017	-0.10E+04
2.156	0.384364	-0.10E+04
2.159	0.385058	-0.10E+04
2.162	0.385058	-0.10E+04
2.165	0.385058	-0.10E+04
2.168	0.386099	-0.10E+04
2.171	0.386446	-0.10E+04
2.174	0.387140	-0.10E+04
2.177	0.387140	-0.10E+04
2.18	0.387140	-0.10E+04
2.183	0.387140	-0.10E+04
2.186	0.387486	-0.10E+04
2.189	0.388180	-0.10E+04
2.192	0.388874	-0.10E+04
2.195	0.389221	-0.10E+04
2.198	0.391302	-0.10E+04
2.201	0.391302	-0.10E+04
2.204	0.391302	-0.10E+04
2.207	0.391302	-0.10E+04
2.21	0.391302	-0.10E+04
2.213	0.391302	-0.10E+04
2.216	0.391302	-0.10E+04
2.219	0.391302	-0.10E+04
2.222	0.391996	-0.10E+04
2.225	0.392343	-0.10E+04
2.228	0.393384	-0.10E+04
2.231	0.393384	-0.10E+04
2.234	0.393384	-0.10E+04
2.237	0.394078	-0.10E+04
2.24	0.394424	-0.10E+04
2.243	0.395465	-0.10E+04
2.246	0.395812	-0.10E+04
2.249	0.396506	-0.10E+04
2.252	0.396506	-0.10E+04
2.255	0.396506	-0.10E+04
2.258	0.396506	-0.10E+04
2.261	0.396853	-0.10E+04
2.264	0.397547	-0.10E+04
2.267	0.397547	-0.10E+04
2.27	0.397547	-0.10E+04
2.273	0.398587	-0.10E+04
2.276	0.398587	-0.10E+04
2.279	0.398587	-0.10E+04
2.282	0.399281	-0.10E+04
2.285	0.399628	-0.10E+04
2.288	0.400669	-0.10E+04
2.291	0.400669	-0.10E+04
2.294	0.400669	-0.10E+04
2.297	0.400669	-0.10E+04
2.3	0.400669	-0.10E+04
2.303	0.400669	-0.10E+04
2.306	0.401016	-0.10E+04
2.309	0.401709	-0.10E+04
2.312	0.402403	-0.10E+04
2.315	0.402750	-0.10E+04
2.318	0.403791	-0.10E+04
2.321	0.404138	-0.10E+04
2.324	0.404831	-0.10E+04
2.327	0.404831	-0.10E+04
2.33	0.404831	-0.10E+04
2.333	0.405872	-0.10E+04
2.336	0.406219	-0.10E+04
2.339	0.406913	-0.10E+04
2.342	0.406913	-0.10E+04
2.345	0.406913	-0.10E+04
2.348	0.407953	-0.10E+04
2.351	0.407953	-0.10E+04
2.354	0.407953	-0.10E+04
2.357	0.408647	-0.10E+04
2.36	0.408994	-0.10E+04
2.363	0.408994	-0.10E+04
2.366	0.409341	-0.10E+04
2.369	0.410035	-0.10E+04
2.372	0.410035	-0.10E+04
2.375	0.410035	-0.10E+04
2.378	0.411076	-0.10E+04
2.381	0.411076	-0.10E+04
2.384	0.411076	-0.10E+04
2.387	0.411769	-0.10E+04
2.39	0.412116	-0.10E+04
2.393	0.412116	-0.10E+04
2.396	0.412116	-0.10E+04
2.399	0.412116	-0.10E+04
2.402	0.412810	-0.10E+04
2.405	0.413157	-0.10E+04
2.408	0.414198	-0.10E+04
2.411	0.414198	-0.10E+04
2.414	0.414198	-0.10E+04
2.417	0.414891	-0.10E+04
2.42	0.415238	-0.10E+04
2.423	0.415238	-0.10E+04
2.426	0.415238	-0.10E+04
2.429	0.415238	-0.10E+04
2.432	0.415932	-0.10E+04
2.435	0.416279	-0.10E+04
2.438	0.416279	-0.10E+04
2.441	0.416626	-0.10E+04
2.444	0.417320	-0.10E+04
2.447	0.417320	-0.10E+04
2.45	0.417320	-0.10E+04
2.453	0.417320	-0.10E+04
2.456	0.417667	-0.10E+04
2.459	0.418360	-0.10E+04
2.462	0.419054	-0.10E+04
2.465	0.419401	-0.10E+04
2.468	0.419401	-0.10E+04
2.471	0.419748	-0.10E+04
2.474	0.420442	-0.10E+04
2.477	0.421136	-0.10E+04
2.48	0.421483	-0.10E+04
2.483	0.422523	-0.10E+04
2.486	0.422523	-0.10E+04
2.489	0.422523	-0.10E+04
2.492	0.422523	-0.10E+04
2.495	0.422523	-0.10E+04
2.498	0.422523	-0.10E+04
