Brown University Keck/NASA Relab Spectrum LS-JBA-241-P/wls235
Wavelength(micron)	Reflectance	Standard Deviation
0.35	0.053000	-0.10E+04
0.353	0.054000	-0.10E+04
0.356	0.054333	-0.10E+04
0.359	0.055000	-0.10E+04
0.362	0.055000	-0.10E+04
0.365	0.055000	-0.10E+04
0.368	0.056000	-0.10E+04
0.371	0.056333	-0.10E+04
0.374	0.057000	-0.10E+04
0.377	0.057667	-0.10E+04
0.38	0.058000	-0.10E+04
0.383	0.058000	-0.10E+04
0.386	0.058000	-0.10E+04
0.389	0.058000	-0.10E+04
0.392	0.058667	-0.10E+04
0.395	0.059000	-0.10E+04
0.398	0.060000	-0.10E+04
0.401	0.060333	-0.10E+04
0.404	0.061000	-0.10E+04
0.407	0.061667	-0.10E+04
0.41	0.062000	-0.10E+04
0.413	0.062000	-0.10E+04
0.416	0.062000	-0.10E+04
0.419	0.062000	-0.10E+04
0.422	0.062667	-0.10E+04
0.425	0.063000	-0.10E+04
0.428	0.065000	-0.10E+04
0.431	0.065000	-0.10E+04
0.434	0.065000	-0.10E+04
0.437	0.065667	-0.10E+04
0.44	0.066000	-0.10E+04
0.443	0.067000	-0.10E+04
0.446	0.067333	-0.10E+04
0.449	0.068000	-0.10E+04
0.452	0.068000	-0.10E+04
0.455	0.068000	-0.10E+04
0.458	0.068000	-0.10E+04
0.461	0.068333	-0.10E+04
0.464	0.069000	-0.10E+04
0.467	0.069667	-0.10E+04
0.47	0.070000	-0.10E+04
0.473	0.071000	-0.10E+04
0.476	0.071000	-0.10E+04
0.479	0.071000	-0.10E+04
0.482	0.071000	-0.10E+04
0.485	0.071000	-0.10E+04
0.488	0.073000	-0.10E+04
0.491	0.073000	-0.10E+04
0.494	0.073000	-0.10E+04
0.497	0.073000	-0.10E+04
0.5	0.073000	-0.10E+04
0.503	0.073000	-0.10E+04
0.506	0.073333	-0.10E+04
0.509	0.074000	-0.10E+04
0.512	0.074667	-0.10E+04
0.515	0.075000	-0.10E+04
0.518	0.076000	-0.10E+04
0.521	0.076000	-0.10E+04
0.524	0.076000	-0.10E+04
0.527	0.076000	-0.10E+04
0.53	0.076000	-0.10E+04
0.533	0.077000	-0.10E+04
0.536	0.077333	-0.10E+04
0.539	0.078000	-0.10E+04
0.542	0.078667	-0.10E+04
0.545	0.079000	-0.10E+04
0.548	0.079000	-0.10E+04
0.551	0.079000	-0.10E+04
0.554	0.079000	-0.10E+04
0.557	0.079667	-0.10E+04
0.56	0.080000	-0.10E+04
0.563	0.081000	-0.10E+04
0.566	0.081000	-0.10E+04
0.569	0.081000	-0.10E+04
0.572	0.080333	-0.10E+04
0.575	0.080000	-0.10E+04
0.578	0.081000	-0.10E+04
0.581	0.081667	-0.10E+04
0.584	0.083000	-0.10E+04
0.587	0.083667	-0.10E+04
0.59	0.084000	-0.10E+04
0.593	0.085000	-0.10E+04
0.596	0.085000	-0.10E+04
0.599	0.085000	-0.10E+04
0.602	0.085000	-0.10E+04
0.605	0.085000	-0.10E+04
0.608	0.085200	-0.10E+04
0.611	0.085200	-0.10E+04
0.614	0.085200	-0.10E+04
0.617	0.085200	-0.10E+04
0.62	0.085200	-0.10E+04
0.623	0.086265	-0.10E+04
0.626	0.086975	-0.10E+04
0.629	0.088395	-0.10E+04
0.632	0.088395	-0.10E+04
0.635	0.088395	-0.10E+04
0.638	0.089460	-0.10E+04
0.641	0.089460	-0.10E+04
0.644	0.089460	-0.10E+04
0.647	0.090170	-0.10E+04
0.65	0.090525	-0.10E+04
0.653	0.090525	-0.10E+04
0.656	0.090880	-0.10E+04
0.659	0.091590	-0.10E+04
0.662	0.091590	-0.10E+04
0.665	0.091590	-0.10E+04
0.668	0.092655	-0.10E+04
0.671	0.093010	-0.10E+04
0.674	0.093720	-0.10E+04
0.677	0.093720	-0.10E+04
0.68	0.093720	-0.10E+04
0.683	0.094785	-0.10E+04
0.686	0.094785	-0.10E+04
0.689	0.094785	-0.10E+04
0.692	0.094785	-0.10E+04
0.695	0.094785	-0.10E+04
0.698	0.095850	-0.10E+04
0.701	0.096205	-0.10E+04
0.704	0.096915	-0.10E+04
0.707	0.097625	-0.10E+04
0.71	0.097980	-0.10E+04
0.713	0.097980	-0.10E+04
0.716	0.098335	-0.10E+04
0.719	0.099045	-0.10E+04
0.722	0.099045	-0.10E+04
0.725	0.099045	-0.10E+04
0.728	0.099045	-0.10E+04
0.731	0.099400	-0.10E+04
0.734	0.100110	-0.10E+04
0.737	0.100820	-0.10E+04
0.74	0.101175	-0.10E+04
0.743	0.101175	-0.10E+04
0.746	0.101175	-0.10E+04
0.749	0.101175	-0.10E+04
0.752	0.101175	-0.10E+04
0.755	0.101175	-0.10E+04
0.758	0.102240	-0.10E+04
0.761	0.102240	-0.10E+04
0.764	0.102240	-0.10E+04
0.767	0.102240	-0.10E+04
0.77	0.102240	-0.10E+04
0.773	0.102240	-0.10E+04
0.776	0.102595	-0.10E+04
0.779	0.103305	-0.10E+04
0.782	0.103305	-0.10E+04
0.785	0.103305	-0.10E+04
0.788	0.103305	-0.10E+04
0.791	0.103305	-0.10E+04
0.794	0.103305	-0.10E+04
0.797	0.103305	-0.10E+04
0.8	0.103305	-0.10E+04
0.803	0.103305	-0.10E+04
0.806	0.103305	-0.10E+04
0.809	0.103305	-0.10E+04
0.812	0.103305	-0.10E+04
0.815	0.103305	-0.10E+04
0.818	0.103305	-0.10E+04
0.821	0.103305	-0.10E+04
0.824	0.103305	-0.10E+04
0.827	0.104015	-0.10E+04
0.83	0.104370	-0.10E+04
0.833	0.104370	-0.10E+04
0.836	0.104370	-0.10E+04
0.839	0.104370	-0.10E+04
0.842	0.104370	-0.10E+04
0.845	0.104370	-0.10E+04
0.848	0.105435	-0.10E+04
0.851	0.105790	-0.10E+04
0.854	0.106500	-0.10E+04
0.857	0.106500	-0.10E+04
0.86	0.106500	-0.10E+04
0.863	0.106500	-0.10E+04
0.866	0.106500	-0.10E+04
0.869	0.106500	-0.10E+04
0.872	0.106500	-0.10E+04
0.875	0.106500	-0.10E+04
0.878	0.106500	-0.10E+04
0.881	0.106855	-0.10E+04
0.884	0.107565	-0.10E+04
0.887	0.108275	-0.10E+04
0.89	0.108630	-0.10E+04
0.893	0.108630	-0.10E+04
0.896	0.108985	-0.10E+04
0.899	0.109695	-0.10E+04
0.902	0.109695	-0.10E+04
0.905	0.109695	-0.10E+04
0.908	0.110760	-0.10E+04
0.911	0.110760	-0.10E+04
0.914	0.110760	-0.10E+04
0.917	0.111470	-0.10E+04
0.92	0.111825	-0.10E+04
0.923	0.111825	-0.10E+04
0.926	0.112180	-0.10E+04
0.929	0.112890	-0.10E+04
0.932	0.112890	-0.10E+04
0.935	0.112890	-0.10E+04
0.938	0.112890	-0.10E+04
0.941	0.112890	-0.10E+04
0.944	0.112890	-0.10E+04
0.947	0.112890	-0.10E+04
0.95	0.112890	-0.10E+04
0.953	0.113955	-0.10E+04
0.956	0.113955	-0.10E+04
0.959	0.113955	-0.10E+04
0.962	0.115375	-0.10E+04
0.965	0.116085	-0.10E+04
0.968	0.116085	-0.10E+04
0.971	0.116085	-0.10E+04
0.974	0.116085	-0.10E+04
0.977	0.116795	-0.10E+04
0.98	0.117150	-0.10E+04
0.983	0.117150	-0.10E+04
0.986	0.117505	-0.10E+04
0.989	0.118215	-0.10E+04
0.992	0.118215	-0.10E+04
0.995	0.118215	-0.10E+04
0.998	0.119280	-0.10E+04
1.001	0.119280	-0.10E+04
1.004	0.119280	-0.10E+04
1.007	0.119280	-0.10E+04
1.01	0.119280	-0.10E+04
1.013	0.120345	-0.10E+04
1.016	0.120345	-0.10E+04
1.019	0.120345	-0.10E+04
1.022	0.121055	-0.10E+04
1.025	0.121410	-0.10E+04
1.028	0.121410	-0.10E+04
1.031	0.121765	-0.10E+04
1.034	0.122475	-0.10E+04
1.037	0.122475	-0.10E+04
1.04	0.122475	-0.10E+04
1.043	0.122475	-0.10E+04
1.046	0.122830	-0.10E+04
1.049	0.123540	-0.10E+04
1.052	0.123540	-0.10E+04
1.055	0.123540	-0.10E+04
1.058	0.124605	-0.10E+04
1.061	0.124960	-0.10E+04
1.064	0.125670	-0.10E+04
1.067	0.125670	-0.10E+04
1.07	0.125670	-0.10E+04
1.073	0.125670	-0.10E+04
1.076	0.126025	-0.10E+04
1.079	0.126735	-0.10E+04
1.082	0.126735	-0.10E+04
1.085	0.126735	-0.10E+04
1.088	0.127800	-0.10E+04
1.091	0.128155	-0.10E+04
1.094	0.128865	-0.10E+04
1.097	0.128865	-0.10E+04
1.1	0.128865	-0.10E+04
1.103	0.128865	-0.10E+04
1.106	0.129220	-0.10E+04
1.109	0.129930	-0.10E+04
1.112	0.130640	-0.10E+04
1.115	0.130995	-0.10E+04
1.118	0.130995	-0.10E+04
1.121	0.130995	-0.10E+04
1.124	0.130995	-0.10E+04
1.127	0.131705	-0.10E+04
1.13	0.132060	-0.10E+04
1.133	0.132060	-0.10E+04
1.136	0.132770	-0.10E+04
1.139	0.134190	-0.10E+04
1.142	0.134190	-0.10E+04
1.145	0.134190	-0.10E+04
1.148	0.134190	-0.10E+04
1.151	0.134190	-0.10E+04
1.154	0.134190	-0.10E+04
1.157	0.134190	-0.10E+04
1.16	0.134190	-0.10E+04
1.163	0.135255	-0.10E+04
1.166	0.135610	-0.10E+04
1.169	0.136320	-0.10E+04
1.172	0.136320	-0.10E+04
1.175	0.136320	-0.10E+04
1.178	0.137385	-0.10E+04
1.181	0.137385	-0.10E+04
1.184	0.137385	-0.10E+04
1.187	0.138095	-0.10E+04
1.19	0.138450	-0.10E+04
1.193	0.138450	-0.10E+04
1.196	0.138805	-0.10E+04
1.199	0.139515	-0.10E+04
1.202	0.139515	-0.10E+04
1.205	0.139515	-0.10E+04
1.208	0.139515	-0.10E+04
1.211	0.139870	-0.10E+04
1.214	0.140580	-0.10E+04
1.217	0.140580	-0.10E+04
1.22	0.140580	-0.10E+04
1.223	0.140580	-0.10E+04
1.226	0.140935	-0.10E+04
1.229	0.141645	-0.10E+04
1.232	0.141645	-0.10E+04
1.235	0.141645	-0.10E+04
1.238	0.141645	-0.10E+04
1.241	0.141645	-0.10E+04
1.244	0.141645	-0.10E+04
1.247	0.142355	-0.10E+04
1.25	0.142710	-0.10E+04
1.253	0.142710	-0.10E+04
1.256	0.143420	-0.10E+04
1.259	0.144840	-0.10E+04
1.262	0.144840	-0.10E+04
1.265	0.144840	-0.10E+04
1.268	0.144840	-0.10E+04
1.271	0.145195	-0.10E+04
1.274	0.145905	-0.10E+04
1.277	0.145905	-0.10E+04
1.28	0.145905	-0.10E+04
1.283	0.146970	-0.10E+04
1.286	0.147325	-0.10E+04
1.289	0.148035	-0.10E+04
1.292	0.148035	-0.10E+04
1.295	0.148035	-0.10E+04
1.298	0.148035	-0.10E+04
1.301	0.148390	-0.10E+04
1.304	0.149100	-0.10E+04
1.307	0.149100	-0.10E+04
1.31	0.149100	-0.10E+04
1.313	0.150165	-0.10E+04
1.316	0.150165	-0.10E+04
1.319	0.150165	-0.10E+04
1.322	0.150165	-0.10E+04
1.325	0.150165	-0.10E+04
1.328	0.150165	-0.10E+04
1.331	0.150520	-0.10E+04
1.334	0.151230	-0.10E+04
1.337	0.151940	-0.10E+04
1.34	0.152295	-0.10E+04
1.343	0.152295	-0.10E+04
1.346	0.152295	-0.10E+04
1.349	0.152295	-0.10E+04
1.352	0.152295	-0.10E+04
1.355	0.152295	-0.10E+04
1.358	0.152295	-0.10E+04
1.361	0.152295	-0.10E+04
1.364	0.152295	-0.10E+04
1.367	0.153005	-0.10E+04
1.37	0.153360	-0.10E+04
1.373	0.153360	-0.10E+04
1.376	0.153360	-0.10E+04
1.379	0.153360	-0.10E+04
1.382	0.154070	-0.10E+04
1.385	0.154425	-0.10E+04
1.388	0.155490	-0.10E+04
1.391	0.155490	-0.10E+04
1.394	0.155490	-0.10E+04
1.397	0.156200	-0.10E+04
1.4	0.156555	-0.10E+04
1.403	0.157620	-0.10E+04
1.406	0.157975	-0.10E+04
1.409	0.158685	-0.10E+04
1.412	0.158685	-0.10E+04
1.415	0.158685	-0.10E+04
1.418	0.158685	-0.10E+04
1.421	0.159040	-0.10E+04
1.424	0.159750	-0.10E+04
1.427	0.159750	-0.10E+04
1.43	0.159750	-0.10E+04
1.433	0.160815	-0.10E+04
1.436	0.161170	-0.10E+04
1.439	0.161880	-0.10E+04
1.442	0.161880	-0.10E+04
1.445	0.161880	-0.10E+04
1.448	0.161880	-0.10E+04
1.451	0.161880	-0.10E+04
1.454	0.161880	-0.10E+04
1.457	0.162590	-0.10E+04
1.46	0.162945	-0.10E+04
1.463	0.162945	-0.10E+04
1.466	0.163300	-0.10E+04
1.469	0.164010	-0.10E+04
1.472	0.164010	-0.10E+04
1.475	0.164010	-0.10E+04
1.478	0.164010	-0.10E+04
1.481	0.164010	-0.10E+04
1.484	0.164010	-0.10E+04
1.487	0.164010	-0.10E+04
1.49	0.164010	-0.10E+04
1.493	0.165075	-0.10E+04
1.496	0.165430	-0.10E+04
1.499	0.166140	-0.10E+04
1.502	0.166140	-0.10E+04
1.505	0.166140	-0.10E+04
1.508	0.167205	-0.10E+04
1.511	0.167205	-0.10E+04
1.514	0.167205	-0.10E+04
1.517	0.167205	-0.10E+04
1.52	0.167205	-0.10E+04
1.523	0.167205	-0.10E+04
1.526	0.167560	-0.10E+04
1.529	0.168270	-0.10E+04
1.532	0.168270	-0.10E+04
1.535	0.168270	-0.10E+04
1.538	0.168270	-0.10E+04
1.541	0.168270	-0.10E+04
1.544	0.168270	-0.10E+04
1.547	0.168980	-0.10E+04
1.55	0.169335	-0.10E+04
1.553	0.169335	-0.10E+04
1.556	0.169690	-0.10E+04
1.559	0.170400	-0.10E+04
1.562	0.170400	-0.10E+04
1.565	0.170400	-0.10E+04
1.568	0.171465	-0.10E+04
1.571	0.171465	-0.10E+04
1.574	0.171465	-0.10E+04
1.577	0.171465	-0.10E+04
1.58	0.171465	-0.10E+04
1.583	0.171465	-0.10E+04
1.586	0.171465	-0.10E+04
1.589	0.171465	-0.10E+04
1.592	0.172175	-0.10E+04
1.595	0.172530	-0.10E+04
1.598	0.172530	-0.10E+04
1.601	0.172885	-0.10E+04
1.604	0.173595	-0.10E+04
1.607	0.173595	-0.10E+04
1.61	0.173595	-0.10E+04
1.613	0.173595	-0.10E+04
1.616	0.173595	-0.10E+04
1.619	0.173595	-0.10E+04
1.622	0.174305	-0.10E+04
1.625	0.174660	-0.10E+04
1.628	0.174660	-0.10E+04
1.631	0.174660	-0.10E+04
1.634	0.174660	-0.10E+04
1.637	0.175370	-0.10E+04
1.64	0.175725	-0.10E+04
1.643	0.175725	-0.10E+04
1.646	0.176080	-0.10E+04
1.649	0.176790	-0.10E+04
1.652	0.176790	-0.10E+04
1.655	0.176790	-0.10E+04
1.658	0.176790	-0.10E+04
1.661	0.176790	-0.10E+04
1.664	0.176790	-0.10E+04
1.667	0.177500	-0.10E+04
1.67	0.177855	-0.10E+04
1.673	0.177855	-0.10E+04
1.676	0.177855	-0.10E+04
1.679	0.177855	-0.10E+04
1.682	0.177855	-0.10E+04
1.685	0.177855	-0.10E+04
1.688	0.178920	-0.10E+04
1.691	0.179275	-0.10E+04
1.694	0.179985	-0.10E+04
1.697	0.179985	-0.10E+04
1.7	0.179985	-0.10E+04
1.703	0.179985	-0.10E+04
1.706	0.179985	-0.10E+04
1.709	0.179985	-0.10E+04
1.712	0.180695	-0.10E+04
1.715	0.181050	-0.10E+04
1.718	0.181050	-0.10E+04
1.721	0.181050	-0.10E+04
1.724	0.181050	-0.10E+04
1.727	0.181760	-0.10E+04
1.73	0.182115	-0.10E+04
1.733	0.182115	-0.10E+04
1.736	0.182115	-0.10E+04
1.739	0.182115	-0.10E+04
1.742	0.182115	-0.10E+04
1.745	0.182115	-0.10E+04
1.748	0.182115	-0.10E+04
1.751	0.182470	-0.10E+04
1.754	0.183180	-0.10E+04
1.757	0.183180	-0.10E+04
1.76	0.183180	-0.10E+04
1.763	0.183180	-0.10E+04
1.766	0.183535	-0.10E+04
1.769	0.184245	-0.10E+04
1.772	0.184245	-0.10E+04
1.775	0.184245	-0.10E+04
1.778	0.184245	-0.10E+04
1.781	0.184600	-0.10E+04
1.784	0.185310	-0.10E+04
1.787	0.185310	-0.10E+04
1.79	0.185310	-0.10E+04
1.793	0.185310	-0.10E+04
1.796	0.185310	-0.10E+04
1.799	0.185310	-0.10E+04
1.802	0.186020	-0.10E+04
1.805	0.186375	-0.10E+04
1.808	0.186375	-0.10E+04
1.811	0.186730	-0.10E+04
1.814	0.187440	-0.10E+04
1.817	0.187440	-0.10E+04
1.82	0.187440	-0.10E+04
1.823	0.188505	-0.10E+04
1.826	0.188505	-0.10E+04
1.829	0.188505	-0.10E+04
1.832	0.189215	-0.10E+04
1.835	0.189570	-0.10E+04
1.838	0.189570	-0.10E+04
1.841	0.189570	-0.10E+04
1.844	0.189570	-0.10E+04
1.847	0.190280	-0.10E+04
1.85	0.190635	-0.10E+04
1.853	0.190635	-0.10E+04
1.856	0.190635	-0.10E+04
1.859	0.190635	-0.10E+04
1.862	0.191345	-0.10E+04
1.865	0.191700	-0.10E+04
1.868	0.191700	-0.10E+04
1.871	0.191700	-0.10E+04
1.874	0.191700	-0.10E+04
1.877	0.192410	-0.10E+04
1.88	0.192765	-0.10E+04
1.883	0.192765	-0.10E+04
1.886	0.192765	-0.10E+04
1.889	0.192765	-0.10E+04
1.892	0.192765	-0.10E+04
1.895	0.192765	-0.10E+04
1.898	0.192765	-0.10E+04
1.901	0.193120	-0.10E+04
1.904	0.193830	-0.10E+04
1.907	0.193830	-0.10E+04
1.91	0.193830	-0.10E+04
1.913	0.194895	-0.10E+04
1.916	0.194895	-0.10E+04
1.919	0.194895	-0.10E+04
1.922	0.194895	-0.10E+04
1.925	0.194895	-0.10E+04
1.928	0.194895	-0.10E+04
1.931	0.195250	-0.10E+04
1.934	0.195960	-0.10E+04
1.937	0.196670	-0.10E+04
1.94	0.197025	-0.10E+04
1.943	0.197025	-0.10E+04
1.946	0.197380	-0.10E+04
1.949	0.198090	-0.10E+04
1.952	0.198090	-0.10E+04
1.955	0.198090	-0.10E+04
1.958	0.198090	-0.10E+04
1.961	0.198090	-0.10E+04
1.964	0.198090	-0.10E+04
1.967	0.198800	-0.10E+04
1.97	0.199155	-0.10E+04
1.973	0.199155	-0.10E+04
1.976	0.199155	-0.10E+04
1.979	0.199155	-0.10E+04
1.982	0.199155	-0.10E+04
1.985	0.199155	-0.10E+04
1.988	0.199155	-0.10E+04
1.991	0.199510	-0.10E+04
1.994	0.200220	-0.10E+04
1.997	0.200220	-0.10E+04
2	0.200220	-0.10E+04
2.003	0.200220	-0.10E+04
2.006	0.200220	-0.10E+04
2.009	0.200220	-0.10E+04
2.012	0.200220	-0.10E+04
2.015	0.200220	-0.10E+04
2.018	0.200220	-0.10E+04
2.021	0.200220	-0.10E+04
2.024	0.200220	-0.10E+04
2.027	0.200930	-0.10E+04
2.03	0.201285	-0.10E+04
2.033	0.201285	-0.10E+04
2.036	0.201640	-0.10E+04
2.039	0.202350	-0.10E+04
2.042	0.202350	-0.10E+04
2.045	0.202350	-0.10E+04
2.048	0.203415	-0.10E+04
2.051	0.203415	-0.10E+04
2.054	0.203415	-0.10E+04
2.057	0.203415	-0.10E+04
2.06	0.203415	-0.10E+04
2.063	0.203415	-0.10E+04
2.066	0.203415	-0.10E+04
2.069	0.203415	-0.10E+04
2.072	0.204125	-0.10E+04
2.075	0.204480	-0.10E+04
2.078	0.204480	-0.10E+04
2.081	0.204835	-0.10E+04
2.084	0.205545	-0.10E+04
2.087	0.205545	-0.10E+04
2.09	0.205545	-0.10E+04
2.093	0.206610	-0.10E+04
2.096	0.206965	-0.10E+04
2.099	0.207675	-0.10E+04
2.102	0.207675	-0.10E+04
2.105	0.207675	-0.10E+04
2.108	0.207675	-0.10E+04
2.111	0.207675	-0.10E+04
2.114	0.207675	-0.10E+04
2.117	0.208385	-0.10E+04
2.12	0.208740	-0.10E+04
2.123	0.208740	-0.10E+04
2.126	0.208740	-0.10E+04
2.129	0.208740	-0.10E+04
2.132	0.208740	-0.10E+04
2.135	0.208740	-0.10E+04
2.138	0.208740	-0.10E+04
2.141	0.208740	-0.10E+04
2.144	0.208740	-0.10E+04
2.147	0.209450	-0.10E+04
2.15	0.209805	-0.10E+04
2.153	0.209805	-0.10E+04
2.156	0.209805	-0.10E+04
2.159	0.209805	-0.10E+04
2.162	0.210515	-0.10E+04
2.165	0.210870	-0.10E+04
2.168	0.210870	-0.10E+04
2.171	0.210870	-0.10E+04
2.174	0.210870	-0.10E+04
2.177	0.211580	-0.10E+04
2.18	0.211935	-0.10E+04
2.183	0.211935	-0.10E+04
2.186	0.211935	-0.10E+04
2.189	0.211935	-0.10E+04
2.192	0.211935	-0.10E+04
2.195	0.211935	-0.10E+04
2.198	0.213000	-0.10E+04
2.201	0.213000	-0.10E+04
2.204	0.213000	-0.10E+04
2.207	0.213710	-0.10E+04
2.21	0.214065	-0.10E+04
2.213	0.215130	-0.10E+04
2.216	0.215130	-0.10E+04
2.219	0.215130	-0.10E+04
2.222	0.215840	-0.10E+04
2.225	0.216195	-0.10E+04
2.228	0.216195	-0.10E+04
2.231	0.216550	-0.10E+04
2.234	0.217260	-0.10E+04
2.237	0.217260	-0.10E+04
2.24	0.217260	-0.10E+04
2.243	0.217260	-0.10E+04
2.246	0.217615	-0.10E+04
2.249	0.218325	-0.10E+04
2.252	0.218325	-0.10E+04
2.255	0.218325	-0.10E+04
2.258	0.218325	-0.10E+04
2.261	0.218680	-0.10E+04
2.264	0.219390	-0.10E+04
2.267	0.219390	-0.10E+04
2.27	0.219390	-0.10E+04
2.273	0.219390	-0.10E+04
2.276	0.219390	-0.10E+04
2.279	0.219390	-0.10E+04
2.282	0.220100	-0.10E+04
2.285	0.220455	-0.10E+04
2.288	0.220455	-0.10E+04
2.291	0.220810	-0.10E+04
2.294	0.221520	-0.10E+04
2.297	0.221520	-0.10E+04
2.3	0.221520	-0.10E+04
2.303	0.221520	-0.10E+04
2.306	0.221520	-0.10E+04
2.309	0.221520	-0.10E+04
2.312	0.221520	-0.10E+04
2.315	0.221520	-0.10E+04
2.318	0.223650	-0.10E+04
2.321	0.223650	-0.10E+04
2.324	0.223650	-0.10E+04
2.327	0.223650	-0.10E+04
2.33	0.223650	-0.10E+04
2.333	0.224715	-0.10E+04
2.336	0.224715	-0.10E+04
2.339	0.224715	-0.10E+04
2.342	0.224715	-0.10E+04
2.345	0.224715	-0.10E+04
2.348	0.225780	-0.10E+04
2.351	0.225780	-0.10E+04
2.354	0.225780	-0.10E+04
2.357	0.226490	-0.10E+04
2.36	0.226845	-0.10E+04
2.363	0.226845	-0.10E+04
2.366	0.226845	-0.10E+04
2.369	0.226845	-0.10E+04
2.372	0.226845	-0.10E+04
2.375	0.226845	-0.10E+04
2.378	0.227910	-0.10E+04
2.381	0.227910	-0.10E+04
2.384	0.227910	-0.10E+04
2.387	0.227910	-0.10E+04
2.39	0.227910	-0.10E+04
2.393	0.228975	-0.10E+04
2.396	0.228975	-0.10E+04
2.399	0.228975	-0.10E+04
2.402	0.229685	-0.10E+04
2.405	0.230040	-0.10E+04
2.408	0.230040	-0.10E+04
2.411	0.230040	-0.10E+04
2.414	0.230040	-0.10E+04
2.417	0.230750	-0.10E+04
2.42	0.231105	-0.10E+04
2.423	0.232170	-0.10E+04
2.426	0.232170	-0.10E+04
2.429	0.232170	-0.10E+04
2.432	0.232170	-0.10E+04
2.435	0.232170	-0.10E+04
2.438	0.232170	-0.10E+04
2.441	0.232170	-0.10E+04
2.444	0.232170	-0.10E+04
2.447	0.232880	-0.10E+04
2.45	0.233235	-0.10E+04
2.453	0.233235	-0.10E+04
2.456	0.233235	-0.10E+04
2.459	0.233235	-0.10E+04
2.462	0.234655	-0.10E+04
2.465	0.235365	-0.10E+04
2.468	0.235365	-0.10E+04
2.471	0.235365	-0.10E+04
2.474	0.235365	-0.10E+04
2.477	0.235365	-0.10E+04
2.48	0.235365	-0.10E+04
2.483	0.235365	-0.10E+04
2.486	0.235365	-0.10E+04
2.489	0.235365	-0.10E+04
2.492	0.234655	-0.10E+04
2.495	0.234300	-0.10E+04
2.498	0.234300	-0.10E+04
