Brown University Keck/NASA Relab Spectrum LS-JBA-142/wls269
Wavelength(micron)	Reflectance	Standard Deviation
0.35	0.099933	-0.10E+04
0.353	0.100133	-0.10E+04
0.356	0.100367	-0.10E+04
0.359	0.100867	-0.10E+04
0.362	0.101800	-0.10E+04
0.365	0.102567	-0.10E+04
0.368	0.103267	-0.10E+04
0.371	0.103267	-0.10E+04
0.374	0.103433	-0.10E+04
0.377	0.103733	-0.10E+04
0.38	0.103933	-0.10E+04
0.383	0.103833	-0.10E+04
0.386	0.103733	-0.10E+04
0.389	0.104233	-0.10E+04
0.392	0.105233	-0.10E+04
0.395	0.105700	-0.10E+04
0.398	0.106200	-0.10E+04
0.401	0.105833	-0.10E+04
0.404	0.105967	-0.10E+04
0.407	0.106300	-0.10E+04
0.41	0.106967	-0.10E+04
0.413	0.107167	-0.10E+04
0.416	0.107700	-0.10E+04
0.419	0.108300	-0.10E+04
0.422	0.109067	-0.10E+04
0.425	0.109433	-0.10E+04
0.428	0.109733	-0.10E+04
0.431	0.109933	-0.10E+04
0.434	0.109933	-0.10E+04
0.437	0.110267	-0.10E+04
0.44	0.110633	-0.10E+04
0.443	0.111100	-0.10E+04
0.446	0.111133	-0.10E+04
0.449	0.111567	-0.10E+04
0.452	0.111833	-0.10E+04
0.455	0.112033	-0.10E+04
0.458	0.112400	-0.10E+04
0.461	0.112967	-0.10E+04
0.464	0.113600	-0.10E+04
0.467	0.113833	-0.10E+04
0.47	0.113833	-0.10E+04
0.473	0.114067	-0.10E+04
0.476	0.114433	-0.10E+04
0.479	0.115167	-0.10E+04
0.482	0.116000	-0.10E+04
0.485	0.116433	-0.10E+04
0.488	0.116500	-0.10E+04
0.491	0.116867	-0.10E+04
0.494	0.117533	-0.10E+04
0.497	0.118000	-0.10E+04
0.5	0.118533	-0.10E+04
0.503	0.119000	-0.10E+04
0.506	0.119033	-0.10E+04
0.509	0.119433	-0.10E+04
0.512	0.119767	-0.10E+04
0.515	0.119600	-0.10E+04
0.518	0.120033	-0.10E+04
0.521	0.120900	-0.10E+04
0.524	0.121300	-0.10E+04
0.527	0.121567	-0.10E+04
0.53	0.121400	-0.10E+04
0.533	0.121867	-0.10E+04
0.536	0.122033	-0.10E+04
0.539	0.122000	-0.10E+04
0.542	0.122367	-0.10E+04
0.545	0.122800	-0.10E+04
0.548	0.123233	-0.10E+04
0.551	0.123700	-0.10E+04
0.554	0.124233	-0.10E+04
0.557	0.124567	-0.10E+04
0.56	0.125000	-0.10E+04
0.563	0.124833	-0.10E+04
0.566	0.125500	-0.10E+04
0.569	0.126233	-0.10E+04
0.572	0.126667	-0.10E+04
0.575	0.127067	-0.10E+04
0.578	0.127433	-0.10E+04
0.581	0.127900	-0.10E+04
0.584	0.128367	-0.10E+04
0.587	0.128300	-0.10E+04
0.59	0.128500	-0.10E+04
0.593	0.128967	-0.10E+04
0.596	0.129667	-0.10E+04
0.599	0.129800	-0.10E+04
0.602	0.130033	-0.10E+04
0.605	0.130500	-0.10E+04
0.608	0.130233	-0.10E+04
0.611	0.129733	-0.10E+04
0.614	0.130333	-0.10E+04
0.617	0.131467	-0.10E+04
0.62	0.132400	-0.10E+04
0.623	0.132700	-0.10E+04
0.626	0.132600	-0.10E+04
0.629	0.132733	-0.10E+04
0.632	0.133067	-0.10E+04
0.635	0.133167	-0.10E+04
0.638	0.133167	-0.10E+04
0.641	0.133367	-0.10E+04
0.644	0.133267	-0.10E+04
0.647	0.133900	-0.10E+04
0.65	0.134400	-0.10E+04
0.653	0.134667	-0.10E+04
0.656	0.134633	-0.10E+04
0.659	0.134533	-0.10E+04
0.662	0.135200	-0.10E+04
0.665	0.135633	-0.10E+04
0.668	0.136533	-0.10E+04
0.671	0.136600	-0.10E+04
0.674	0.136133	-0.10E+04
0.677	0.136067	-0.10E+04
0.68	0.136367	-0.10E+04
0.683	0.136333	-0.10E+04
0.686	0.136867	-0.10E+04
0.689	0.137733	-0.10E+04
0.692	0.138433	-0.10E+04
0.695	0.138100	-0.10E+04
0.698	0.138000	-0.10E+04
0.701	0.138767	-0.10E+04
0.704	0.138900	-0.10E+04
0.707	0.138667	-0.10E+04
0.71	0.138567	-0.10E+04
0.713	0.139467	-0.10E+04
0.716	0.139867	-0.10E+04
0.719	0.139700	-0.10E+04
0.722	0.139833	-0.10E+04
0.725	0.140200	-0.10E+04
0.728	0.140400	-0.10E+04
0.731	0.140633	-0.10E+04
0.734	0.140667	-0.10E+04
0.737	0.140567	-0.10E+04
0.74	0.141233	-0.10E+04
0.743	0.141733	-0.10E+04
0.746	0.142367	-0.10E+04
0.749	0.142067	-0.10E+04
0.752	0.142000	-0.10E+04
0.755	0.142400	-0.10E+04
0.758	0.142533	-0.10E+04
0.761	0.142767	-0.10E+04
0.764	0.143000	-0.10E+04
0.767	0.143167	-0.10E+04
0.77	0.143133	-0.10E+04
0.773	0.142800	-0.10E+04
0.776	0.142533	-0.10E+04
0.779	0.142067	-0.10E+04
0.782	0.142567	-0.10E+04
0.785	0.143067	-0.10E+04
0.788	0.142967	-0.10E+04
0.791	0.143233	-0.10E+04
0.794	0.143467	-0.10E+04
0.797	0.143833	-0.10E+04
0.8	0.144000	-0.10E+04
0.803	0.143933	-0.10E+04
0.806	0.143167	-0.10E+04
0.809	0.143400	-0.10E+04
0.812	0.143600	-0.10E+04
0.815	0.142900	-0.10E+04
0.818	0.142533	-0.10E+04
0.821	0.142333	-0.10E+04
0.824	0.141967	-0.10E+04
0.827	0.141800	-0.10E+04
0.83	0.141667	-0.10E+04
0.833	0.141567	-0.10E+04
0.836	0.141367	-0.10E+04
0.839	0.140967	-0.10E+04
0.842	0.140767	-0.10E+04
0.845	0.140333	-0.10E+04
0.848	0.140100	-0.10E+04
0.851	0.139800	-0.10E+04
0.854	0.140233	-0.10E+04
0.857	0.139933	-0.10E+04
0.86	0.139667	-0.10E+04
0.863	0.138967	-0.10E+04
0.866	0.139100	-0.10E+04
0.869	0.139467	-0.10E+04
0.872	0.139500	-0.10E+04
0.875	0.139167	-0.10E+04
0.878	0.139133	-0.10E+04
0.881	0.139333	-0.10E+04
0.884	0.139300	-0.10E+04
0.887	0.138767	-0.10E+04
0.89	0.138933	-0.10E+04
0.893	0.138600	-0.10E+04
0.896	0.138533	-0.10E+04
0.899	0.138167	-0.10E+04
0.902	0.137767	-0.10E+04
0.905	0.138067	-0.10E+04
0.908	0.138433	-0.10E+04
0.911	0.138800	-0.10E+04
0.914	0.139100	-0.10E+04
0.917	0.138833	-0.10E+04
0.92	0.138333	-0.10E+04
0.923	0.138133	-0.10E+04
0.926	0.138633	-0.10E+04
0.929	0.139100	-0.10E+04
0.932	0.139267	-0.10E+04
0.935	0.139033	-0.10E+04
0.938	0.139167	-0.10E+04
0.941	0.139000	-0.10E+04
0.944	0.139467	-0.10E+04
0.947	0.139367	-0.10E+04
0.95	0.138767	-0.10E+04
0.953	0.138700	-0.10E+04
0.956	0.138867	-0.10E+04
0.959	0.139167	-0.10E+04
0.962	0.138933	-0.10E+04
0.965	0.139467	-0.10E+04
0.968	0.139900	-0.10E+04
0.971	0.140067	-0.10E+04
0.974	0.140300	-0.10E+04
0.977	0.140433	-0.10E+04
0.98	0.141000	-0.10E+04
0.983	0.141233	-0.10E+04
0.986	0.141500	-0.10E+04
0.989	0.141633	-0.10E+04
0.992	0.141967	-0.10E+04
0.995	0.142567	-0.10E+04
0.998	0.143133	-0.10E+04
1.001	0.143700	-0.10E+04
1.004	0.143800	-0.10E+04
1.007	0.144567	-0.10E+04
1.01	0.145433	-0.10E+04
1.013	0.145833	-0.10E+04
1.016	0.145767	-0.10E+04
1.019	0.146300	-0.10E+04
1.022	0.146833	-0.10E+04
1.025	0.147667	-0.10E+04
1.028	0.148433	-0.10E+04
1.031	0.148667	-0.10E+04
1.034	0.149367	-0.10E+04
1.037	0.149700	-0.10E+04
1.04	0.149800	-0.10E+04
1.043	0.150367	-0.10E+04
1.046	0.151033	-0.10E+04
1.049	0.151800	-0.10E+04
1.052	0.152367	-0.10E+04
1.055	0.152900	-0.10E+04
1.058	0.153167	-0.10E+04
1.061	0.153500	-0.10E+04
1.064	0.153600	-0.10E+04
1.067	0.153633	-0.10E+04
1.07	0.154233	-0.10E+04
1.073	0.154633	-0.10E+04
1.076	0.155733	-0.10E+04
1.079	0.156767	-0.10E+04
1.082	0.157367	-0.10E+04
1.085	0.157733	-0.10E+04
1.088	0.157433	-0.10E+04
1.091	0.157800	-0.10E+04
1.094	0.158633	-0.10E+04
1.097	0.159267	-0.10E+04
1.1	0.160100	-0.10E+04
1.103	0.160833	-0.10E+04
1.106	0.161233	-0.10E+04
1.109	0.161567	-0.10E+04
1.112	0.162067	-0.10E+04
1.115	0.162567	-0.10E+04
1.118	0.163400	-0.10E+04
1.121	0.163433	-0.10E+04
1.124	0.163767	-0.10E+04
1.127	0.164800	-0.10E+04
1.13	0.165133	-0.10E+04
1.133	0.165233	-0.10E+04
1.136	0.165267	-0.10E+04
1.139	0.165733	-0.10E+04
1.142	0.165933	-0.10E+04
1.145	0.166500	-0.10E+04
1.148	0.167133	-0.10E+04
1.151	0.167400	-0.10E+04
1.154	0.167567	-0.10E+04
1.157	0.168233	-0.10E+04
1.16	0.168633	-0.10E+04
1.163	0.168933	-0.10E+04
1.166	0.169067	-0.10E+04
1.169	0.169400	-0.10E+04
1.172	0.170433	-0.10E+04
1.175	0.171167	-0.10E+04
1.178	0.171800	-0.10E+04
1.181	0.171933	-0.10E+04
1.184	0.171800	-0.10E+04
1.187	0.172200	-0.10E+04
1.19	0.172500	-0.10E+04
1.193	0.173267	-0.10E+04
1.196	0.173900	-0.10E+04
1.199	0.173933	-0.10E+04
1.202	0.174133	-0.10E+04
1.205	0.174000	-0.10E+04
1.208	0.174200	-0.10E+04
1.211	0.174767	-0.10E+04
1.214	0.174767	-0.10E+04
1.217	0.175033	-0.10E+04
1.22	0.175400	-0.10E+04
1.223	0.175900	-0.10E+04
1.226	0.176133	-0.10E+04
1.229	0.176833	-0.10E+04
1.232	0.177633	-0.10E+04
1.235	0.178567	-0.10E+04
1.238	0.178733	-0.10E+04
1.241	0.178333	-0.10E+04
1.244	0.178767	-0.10E+04
1.247	0.179267	-0.10E+04
1.25	0.179767	-0.10E+04
1.253	0.180667	-0.10E+04
1.256	0.181167	-0.10E+04
1.259	0.181400	-0.10E+04
1.262	0.181567	-0.10E+04
1.265	0.181867	-0.10E+04
1.268	0.182467	-0.10E+04
1.271	0.183000	-0.10E+04
1.274	0.182833	-0.10E+04
1.277	0.182533	-0.10E+04
1.28	0.182867	-0.10E+04
1.283	0.183367	-0.10E+04
1.286	0.183733	-0.10E+04
1.289	0.184000	-0.10E+04
1.292	0.184167	-0.10E+04
1.295	0.184500	-0.10E+04
1.298	0.184733	-0.10E+04
1.301	0.185000	-0.10E+04
1.304	0.185333	-0.10E+04
1.307	0.185933	-0.10E+04
1.31	0.186367	-0.10E+04
1.313	0.186600	-0.10E+04
1.316	0.187167	-0.10E+04
1.319	0.187267	-0.10E+04
1.322	0.187767	-0.10E+04
1.325	0.188500	-0.10E+04
1.328	0.188667	-0.10E+04
1.331	0.189200	-0.10E+04
1.334	0.189333	-0.10E+04
1.337	0.189400	-0.10E+04
1.34	0.189667	-0.10E+04
1.343	0.190333	-0.10E+04
1.346	0.190400	-0.10E+04
1.349	0.190767	-0.10E+04
1.352	0.191567	-0.10E+04
1.355	0.191767	-0.10E+04
1.358	0.192400	-0.10E+04
1.361	0.193200	-0.10E+04
1.364	0.194000	-0.10E+04
1.367	0.194533	-0.10E+04
1.37	0.194933	-0.10E+04
1.373	0.195167	-0.10E+04
1.376	0.195267	-0.10E+04
1.379	0.195567	-0.10E+04
1.382	0.196100	-0.10E+04
1.385	0.196400	-0.10E+04
1.388	0.196967	-0.10E+04
1.391	0.197400	-0.10E+04
1.394	0.197267	-0.10E+04
1.397	0.197600	-0.10E+04
1.4	0.197733	-0.10E+04
1.403	0.197600	-0.10E+04
1.406	0.197767	-0.10E+04
1.409	0.198200	-0.10E+04
1.412	0.198800	-0.10E+04
1.415	0.199433	-0.10E+04
1.418	0.199767	-0.10E+04
1.421	0.199667	-0.10E+04
1.424	0.199933	-0.10E+04
1.427	0.200333	-0.10E+04
1.43	0.201200	-0.10E+04
1.433	0.201667	-0.10E+04
1.436	0.202200	-0.10E+04
1.439	0.203067	-0.10E+04
1.442	0.203833	-0.10E+04
1.445	0.203767	-0.10E+04
1.448	0.203867	-0.10E+04
1.451	0.204067	-0.10E+04
1.454	0.204167	-0.10E+04
1.457	0.204467	-0.10E+04
1.46	0.204333	-0.10E+04
1.463	0.204633	-0.10E+04
1.466	0.205067	-0.10E+04
1.469	0.205767	-0.10E+04
1.472	0.206267	-0.10E+04
1.475	0.206533	-0.10E+04
1.478	0.206633	-0.10E+04
1.481	0.207333	-0.10E+04
1.484	0.207767	-0.10E+04
1.487	0.207933	-0.10E+04
1.49	0.208033	-0.10E+04
1.493	0.208700	-0.10E+04
1.496	0.209233	-0.10E+04
1.499	0.209833	-0.10E+04
1.502	0.210567	-0.10E+04
1.505	0.210800	-0.10E+04
1.508	0.211200	-0.10E+04
1.511	0.211000	-0.10E+04
1.514	0.210333	-0.10E+04
1.517	0.210300	-0.10E+04
1.52	0.211100	-0.10E+04
1.523	0.211600	-0.10E+04
1.526	0.211467	-0.10E+04
1.529	0.211800	-0.10E+04
1.532	0.211800	-0.10E+04
1.535	0.212133	-0.10E+04
1.538	0.212100	-0.10E+04
1.541	0.212267	-0.10E+04
1.544	0.212667	-0.10E+04
1.547	0.212933	-0.10E+04
1.55	0.213000	-0.10E+04
1.553	0.213533	-0.10E+04
1.556	0.213633	-0.10E+04
1.559	0.213500	-0.10E+04
1.562	0.213933	-0.10E+04
1.565	0.213967	-0.10E+04
1.568	0.214433	-0.10E+04
1.571	0.214633	-0.10E+04
1.574	0.215067	-0.10E+04
1.577	0.215267	-0.10E+04
1.58	0.215167	-0.10E+04
1.583	0.215500	-0.10E+04
1.586	0.215633	-0.10E+04
1.589	0.215533	-0.10E+04
1.592	0.216267	-0.10E+04
1.595	0.216167	-0.10E+04
1.598	0.215800	-0.10E+04
1.601	0.216000	-0.10E+04
1.604	0.216433	-0.10E+04
1.607	0.215933	-0.10E+04
1.61	0.216233	-0.10E+04
1.613	0.216833	-0.10E+04
1.616	0.217367	-0.10E+04
1.619	0.217867	-0.10E+04
1.622	0.217633	-0.10E+04
1.625	0.217167	-0.10E+04
1.628	0.217067	-0.10E+04
1.631	0.217033	-0.10E+04
1.634	0.217100	-0.10E+04
1.637	0.217133	-0.10E+04
1.64	0.217233	-0.10E+04
1.643	0.217533	-0.10E+04
1.646	0.217700	-0.10E+04
1.649	0.217933	-0.10E+04
1.652	0.218367	-0.10E+04
1.655	0.218933	-0.10E+04
1.658	0.219333	-0.10E+04
1.661	0.219500	-0.10E+04
1.664	0.219367	-0.10E+04
1.667	0.219133	-0.10E+04
1.67	0.218600	-0.10E+04
1.673	0.218667	-0.10E+04
1.676	0.219133	-0.10E+04
1.679	0.219967	-0.10E+04
1.682	0.220067	-0.10E+04
1.685	0.219800	-0.10E+04
1.688	0.219400	-0.10E+04
1.691	0.219467	-0.10E+04
1.694	0.219667	-0.10E+04
1.697	0.219633	-0.10E+04
1.7	0.219667	-0.10E+04
1.703	0.219800	-0.10E+04
1.706	0.220067	-0.10E+04
1.709	0.220400	-0.10E+04
1.712	0.220667	-0.10E+04
1.715	0.220900	-0.10E+04
1.718	0.221267	-0.10E+04
1.721	0.221500	-0.10E+04
1.724	0.221433	-0.10E+04
1.727	0.221500	-0.10E+04
1.73	0.221167	-0.10E+04
1.733	0.221200	-0.10E+04
1.736	0.221267	-0.10E+04
1.739	0.221400	-0.10E+04
1.742	0.222233	-0.10E+04
1.745	0.222267	-0.10E+04
1.748	0.222133	-0.10E+04
1.751	0.221933	-0.10E+04
1.754	0.221833	-0.10E+04
1.757	0.221900	-0.10E+04
1.76	0.221500	-0.10E+04
1.763	0.221400	-0.10E+04
1.766	0.221633	-0.10E+04
1.769	0.221767	-0.10E+04
1.772	0.222233	-0.10E+04
1.775	0.222300	-0.10E+04
1.778	0.222433	-0.10E+04
1.781	0.222200	-0.10E+04
1.784	0.222267	-0.10E+04
1.787	0.222533	-0.10E+04
1.79	0.222767	-0.10E+04
1.793	0.222467	-0.10E+04
1.796	0.222367	-0.10E+04
1.799	0.223133	-0.10E+04
1.802	0.223433	-0.10E+04
1.805	0.223500	-0.10E+04
1.808	0.223300	-0.10E+04
1.811	0.223200	-0.10E+04
1.814	0.223667	-0.10E+04
1.817	0.223833	-0.10E+04
1.82	0.223867	-0.10E+04
1.823	0.223700	-0.10E+04
1.826	0.223467	-0.10E+04
1.829	0.223633	-0.10E+04
1.832	0.223700	-0.10E+04
1.835	0.224200	-0.10E+04
1.838	0.224667	-0.10E+04
1.841	0.224800	-0.10E+04
1.844	0.225233	-0.10E+04
1.847	0.225100	-0.10E+04
1.85	0.224900	-0.10E+04
1.853	0.224433	-0.10E+04
1.856	0.224667	-0.10E+04
1.859	0.225000	-0.10E+04
1.862	0.225567	-0.10E+04
1.865	0.225733	-0.10E+04
1.868	0.225700	-0.10E+04
1.871	0.225667	-0.10E+04
1.874	0.226033	-0.10E+04
1.877	0.225533	-0.10E+04
1.88	0.225233	-0.10E+04
1.883	0.224933	-0.10E+04
1.886	0.225033	-0.10E+04
1.889	0.225100	-0.10E+04
1.892	0.226000	-0.10E+04
1.895	0.226667	-0.10E+04
1.898	0.226833	-0.10E+04
1.901	0.227200	-0.10E+04
1.904	0.227367	-0.10E+04
1.907	0.227067	-0.10E+04
1.91	0.226900	-0.10E+04
1.913	0.227033	-0.10E+04
1.916	0.227100	-0.10E+04
1.919	0.226333	-0.10E+04
1.922	0.226700	-0.10E+04
1.925	0.227367	-0.10E+04
1.928	0.227900	-0.10E+04
1.931	0.228000	-0.10E+04
1.934	0.227733	-0.10E+04
1.937	0.227633	-0.10E+04
1.94	0.227633	-0.10E+04
1.943	0.228033	-0.10E+04
1.946	0.228100	-0.10E+04
1.949	0.228333	-0.10E+04
1.952	0.228567	-0.10E+04
1.955	0.228700	-0.10E+04
1.958	0.229200	-0.10E+04
1.961	0.228900	-0.10E+04
1.964	0.228533	-0.10E+04
1.967	0.228467	-0.10E+04
1.97	0.228900	-0.10E+04
1.973	0.229133	-0.10E+04
1.976	0.229733	-0.10E+04
1.979	0.229933	-0.10E+04
1.982	0.229900	-0.10E+04
1.985	0.229867	-0.10E+04
1.988	0.230033	-0.10E+04
1.991	0.229967	-0.10E+04
1.994	0.230033	-0.10E+04
1.997	0.230400	-0.10E+04
2	0.230867	-0.10E+04
2.003	0.231300	-0.10E+04
2.006	0.230933	-0.10E+04
2.009	0.230733	-0.10E+04
2.012	0.231767	-0.10E+04
2.015	0.232167	-0.10E+04
2.018	0.231733	-0.10E+04
2.021	0.231167	-0.10E+04
2.024	0.230967	-0.10E+04
2.027	0.231233	-0.10E+04
2.03	0.231533	-0.10E+04
2.033	0.232000	-0.10E+04
2.036	0.232033	-0.10E+04
2.039	0.232267	-0.10E+04
2.042	0.232167	-0.10E+04
2.045	0.232200	-0.10E+04
2.048	0.232600	-0.10E+04
2.051	0.232867	-0.10E+04
2.054	0.233100	-0.10E+04
2.057	0.233233	-0.10E+04
2.06	0.233100	-0.10E+04
2.063	0.233100	-0.10E+04
2.066	0.233133	-0.10E+04
2.069	0.233033	-0.10E+04
2.072	0.233433	-0.10E+04
2.075	0.233867	-0.10E+04
2.078	0.234133	-0.10E+04
2.081	0.234100	-0.10E+04
2.084	0.234000	-0.10E+04
2.087	0.234333	-0.10E+04
2.09	0.235233	-0.10E+04
2.093	0.235633	-0.10E+04
2.096	0.235633	-0.10E+04
2.099	0.235833	-0.10E+04
2.102	0.236133	-0.10E+04
2.105	0.236200	-0.10E+04
2.108	0.236100	-0.10E+04
2.111	0.236433	-0.10E+04
2.114	0.236600	-0.10E+04
2.117	0.237167	-0.10E+04
2.12	0.237367	-0.10E+04
2.123	0.237800	-0.10E+04
2.126	0.238067	-0.10E+04
2.129	0.238000	-0.10E+04
2.132	0.238400	-0.10E+04
2.135	0.238700	-0.10E+04
2.138	0.239033	-0.10E+04
2.141	0.239167	-0.10E+04
2.144	0.239400	-0.10E+04
2.147	0.239467	-0.10E+04
2.15	0.239533	-0.10E+04
2.153	0.240167	-0.10E+04
2.156	0.240567	-0.10E+04
2.159	0.240667	-0.10E+04
2.162	0.240667	-0.10E+04
2.165	0.240900	-0.10E+04
2.168	0.241100	-0.10E+04
2.171	0.241100	-0.10E+04
2.174	0.241600	-0.10E+04
2.177	0.242033	-0.10E+04
2.18	0.242600	-0.10E+04
2.183	0.242833	-0.10E+04
2.186	0.242767	-0.10E+04
2.189	0.243267	-0.10E+04
2.192	0.243400	-0.10E+04
2.195	0.243467	-0.10E+04
2.198	0.244000	-0.10E+04
2.201	0.244667	-0.10E+04
2.204	0.245200	-0.10E+04
2.207	0.245000	-0.10E+04
2.21	0.244967	-0.10E+04
2.213	0.244800	-0.10E+04
2.216	0.244767	-0.10E+04
2.219	0.245067	-0.10E+04
2.222	0.246133	-0.10E+04
2.225	0.247000	-0.10E+04
2.228	0.247267	-0.10E+04
2.231	0.247900	-0.10E+04
2.234	0.248200	-0.10E+04
2.237	0.248267	-0.10E+04
2.24	0.248733	-0.10E+04
2.243	0.249167	-0.10E+04
2.246	0.249400	-0.10E+04
2.249	0.249700	-0.10E+04
2.252	0.250200	-0.10E+04
2.255	0.250233	-0.10E+04
2.258	0.250033	-0.10E+04
2.261	0.250167	-0.10E+04
2.264	0.251333	-0.10E+04
2.267	0.252100	-0.10E+04
2.27	0.252233	-0.10E+04
2.273	0.252300	-0.10E+04
2.276	0.252567	-0.10E+04
2.279	0.252767	-0.10E+04
2.282	0.253033	-0.10E+04
2.285	0.253733	-0.10E+04
2.288	0.254500	-0.10E+04
2.291	0.254500	-0.10E+04
2.294	0.254900	-0.10E+04
2.297	0.255400	-0.10E+04
2.3	0.255467	-0.10E+04
2.303	0.254967	-0.10E+04
2.306	0.255167	-0.10E+04
2.309	0.256167	-0.10E+04
2.312	0.257100	-0.10E+04
2.315	0.257300	-0.10E+04
2.318	0.257733	-0.10E+04
2.321	0.258167	-0.10E+04
2.324	0.258300	-0.10E+04
2.327	0.258567	-0.10E+04
2.33	0.259067	-0.10E+04
2.333	0.259533	-0.10E+04
2.336	0.259667	-0.10E+04
2.339	0.260133	-0.10E+04
2.342	0.260467	-0.10E+04
2.345	0.261100	-0.10E+04
2.348	0.261267	-0.10E+04
2.351	0.262033	-0.10E+04
2.354	0.262567	-0.10E+04
2.357	0.263333	-0.10E+04
2.36	0.264167	-0.10E+04
2.363	0.264100	-0.10E+04
2.366	0.263967	-0.10E+04
2.369	0.263967	-0.10E+04
2.372	0.264600	-0.10E+04
2.375	0.265267	-0.10E+04
2.378	0.266033	-0.10E+04
2.381	0.266333	-0.10E+04
2.384	0.266733	-0.10E+04
2.387	0.267167	-0.10E+04
2.39	0.267633	-0.10E+04
2.393	0.267833	-0.10E+04
2.396	0.268333	-0.10E+04
2.399	0.268600	-0.10E+04
2.402	0.269300	-0.10E+04
2.405	0.269633	-0.10E+04
2.408	0.270000	-0.10E+04
2.411	0.270600	-0.10E+04
2.414	0.270267	-0.10E+04
2.417	0.270633	-0.10E+04
2.42	0.271633	-0.10E+04
2.423	0.272133	-0.10E+04
2.426	0.272433	-0.10E+04
2.429	0.272933	-0.10E+04
2.432	0.273067	-0.10E+04
2.435	0.273133	-0.10E+04
2.438	0.273733	-0.10E+04
2.441	0.274433	-0.10E+04
2.444	0.274967	-0.10E+04
2.447	0.275233	-0.10E+04
2.45	0.275800	-0.10E+04
2.453	0.276900	-0.10E+04
2.456	0.277833	-0.10E+04
2.459	0.278933	-0.10E+04
2.462	0.279300	-0.10E+04
2.465	0.279367	-0.10E+04
2.468	0.279100	-0.10E+04
2.471	0.278967	-0.10E+04
2.474	0.278533	-0.10E+04
2.477	0.278033	-0.10E+04
2.48	0.278267	-0.10E+04
2.483	0.278433	-0.10E+04
2.486	0.278967	-0.10E+04
2.489	0.279133	-0.10E+04
2.492	0.279867	-0.10E+04
2.495	0.279700	-0.10E+04
2.498	0.279667	-0.10E+04
