Brown University Keck/NASA Relab Spectrum LS-JBA-216-N1/wls302
Wavelength(micron)	Reflectance	Standard Deviation
0.35	0.137100	-0.10E+04
0.353	0.138000	-0.10E+04
0.356	0.138667	-0.10E+04
0.359	0.139967	-0.10E+04
0.362	0.139533	-0.10E+04
0.365	0.141000	-0.10E+04
0.368	0.141867	-0.10E+04
0.371	0.141900	-0.10E+04
0.374	0.142433	-0.10E+04
0.377	0.142700	-0.10E+04
0.38	0.142433	-0.10E+04
0.383	0.143333	-0.10E+04
0.386	0.145367	-0.10E+04
0.389	0.146533	-0.10E+04
0.392	0.146567	-0.10E+04
0.395	0.145733	-0.10E+04
0.398	0.145033	-0.10E+04
0.401	0.144833	-0.10E+04
0.404	0.144933	-0.10E+04
0.407	0.147667	-0.10E+04
0.41	0.149333	-0.10E+04
0.413	0.149433	-0.10E+04
0.416	0.149333	-0.10E+04
0.419	0.149500	-0.10E+04
0.422	0.151133	-0.10E+04
0.425	0.152500	-0.10E+04
0.428	0.153200	-0.10E+04
0.431	0.152733	-0.10E+04
0.434	0.153067	-0.10E+04
0.437	0.154867	-0.10E+04
0.44	0.156333	-0.10E+04
0.443	0.157867	-0.10E+04
0.446	0.159100	-0.10E+04
0.449	0.159000	-0.10E+04
0.452	0.158600	-0.10E+04
0.455	0.160133	-0.10E+04
0.458	0.160633	-0.10E+04
0.461	0.160967	-0.10E+04
0.464	0.161500	-0.10E+04
0.467	0.162767	-0.10E+04
0.47	0.163767	-0.10E+04
0.473	0.164267	-0.10E+04
0.476	0.165200	-0.10E+04
0.479	0.166800	-0.10E+04
0.482	0.167900	-0.10E+04
0.485	0.167867	-0.10E+04
0.488	0.167533	-0.10E+04
0.491	0.167433	-0.10E+04
0.494	0.168900	-0.10E+04
0.497	0.169233	-0.10E+04
0.5	0.170467	-0.10E+04
0.503	0.171300	-0.10E+04
0.506	0.172133	-0.10E+04
0.509	0.172900	-0.10E+04
0.512	0.173033	-0.10E+04
0.515	0.174633	-0.10E+04
0.518	0.175800	-0.10E+04
0.521	0.176467	-0.10E+04
0.524	0.177667	-0.10E+04
0.527	0.177933	-0.10E+04
0.53	0.178800	-0.10E+04
0.533	0.181133	-0.10E+04
0.536	0.181433	-0.10E+04
0.539	0.181633	-0.10E+04
0.542	0.182300	-0.10E+04
0.545	0.182600	-0.10E+04
0.548	0.183033	-0.10E+04
0.551	0.182933	-0.10E+04
0.554	0.183633	-0.10E+04
0.557	0.184333	-0.10E+04
0.56	0.185200	-0.10E+04
0.563	0.185567	-0.10E+04
0.566	0.186067	-0.10E+04
0.569	0.186667	-0.10E+04
0.572	0.187467	-0.10E+04
0.575	0.188100	-0.10E+04
0.578	0.189833	-0.10E+04
0.581	0.190900	-0.10E+04
0.584	0.190900	-0.10E+04
0.587	0.191067	-0.10E+04
0.59	0.191900	-0.10E+04
0.593	0.192567	-0.10E+04
0.596	0.193367	-0.10E+04
0.599	0.194433	-0.10E+04
0.602	0.195500	-0.10E+04
0.605	0.195167	-0.10E+04
0.608	0.197467	-0.10E+04
0.611	0.198467	-0.10E+04
0.614	0.198433	-0.10E+04
0.617	0.197867	-0.10E+04
0.62	0.201133	-0.10E+04
0.623	0.203033	-0.10E+04
0.626	0.204167	-0.10E+04
0.629	0.203800	-0.10E+04
0.632	0.203033	-0.10E+04
0.635	0.203633	-0.10E+04
0.638	0.204900	-0.10E+04
0.641	0.204233	-0.10E+04
0.644	0.205600	-0.10E+04
0.647	0.206100	-0.10E+04
0.65	0.206833	-0.10E+04
0.653	0.208700	-0.10E+04
0.656	0.210533	-0.10E+04
0.659	0.211933	-0.10E+04
0.662	0.211633	-0.10E+04
0.665	0.211200	-0.10E+04
0.668	0.213233	-0.10E+04
0.671	0.212867	-0.10E+04
0.674	0.212300	-0.10E+04
0.677	0.212733	-0.10E+04
0.68	0.213733	-0.10E+04
0.683	0.211900	-0.10E+04
0.686	0.211200	-0.10E+04
0.689	0.212733	-0.10E+04
0.692	0.213533	-0.10E+04
0.695	0.213400	-0.10E+04
0.698	0.215133	-0.10E+04
0.701	0.218267	-0.10E+04
0.704	0.215067	-0.10E+04
0.707	0.215000	-0.10E+04
0.71	0.215200	-0.10E+04
0.713	0.220367	-0.10E+04
0.716	0.219100	-0.10E+04
0.719	0.217833	-0.10E+04
0.722	0.220167	-0.10E+04
0.725	0.221633	-0.10E+04
0.728	0.221600	-0.10E+04
0.731	0.221067	-0.10E+04
0.734	0.223633	-0.10E+04
0.737	0.222633	-0.10E+04
0.74	0.225133	-0.10E+04
0.743	0.226000	-0.10E+04
0.746	0.224467	-0.10E+04
0.749	0.222600	-0.10E+04
0.752	0.223367	-0.10E+04
0.755	0.222933	-0.10E+04
0.758	0.228033	-0.10E+04
0.761	0.228967	-0.10E+04
0.764	0.231833	-0.10E+04
0.767	0.234300	-0.10E+04
0.77	0.233033	-0.10E+04
0.773	0.231367	-0.10E+04
0.776	0.232467	-0.10E+04
0.779	0.232800	-0.10E+04
0.782	0.231300	-0.10E+04
0.785	0.229600	-0.10E+04
0.788	0.230333	-0.10E+04
0.791	0.234000	-0.10E+04
0.794	0.235800	-0.10E+04
0.797	0.236233	-0.10E+04
0.8	0.234500	-0.10E+04
0.803	0.233833	-0.10E+04
0.806	0.235433	-0.10E+04
0.809	0.236933	-0.10E+04
0.812	0.236733	-0.10E+04
0.815	0.236000	-0.10E+04
0.818	0.235800	-0.10E+04
0.821	0.236167	-0.10E+04
0.824	0.236200	-0.10E+04
0.827	0.235567	-0.10E+04
0.83	0.234600	-0.10E+04
0.833	0.234700	-0.10E+04
0.836	0.235700	-0.10E+04
0.839	0.239733	-0.10E+04
0.842	0.240967	-0.10E+04
0.845	0.237800	-0.10E+04
0.848	0.235367	-0.10E+04
0.851	0.235100	-0.10E+04
0.854	0.235833	-0.10E+04
0.857	0.237900	-0.10E+04
0.86	0.240500	-0.10E+04
0.863	0.242700	-0.10E+04
0.866	0.244467	-0.10E+04
0.869	0.242767	-0.10E+04
0.872	0.241700	-0.10E+04
0.875	0.245067	-0.10E+04
0.878	0.243700	-0.10E+04
0.881	0.241633	-0.10E+04
0.884	0.242367	-0.10E+04
0.887	0.244867	-0.10E+04
0.89	0.244367	-0.10E+04
0.893	0.244300	-0.10E+04
0.896	0.242533	-0.10E+04
0.899	0.242833	-0.10E+04
0.902	0.243867	-0.10E+04
0.905	0.244867	-0.10E+04
0.908	0.244267	-0.10E+04
0.911	0.241633	-0.10E+04
0.914	0.245300	-0.10E+04
0.917	0.247000	-0.10E+04
0.92	0.245867	-0.10E+04
0.923	0.247867	-0.10E+04
0.926	0.248267	-0.10E+04
0.929	0.249833	-0.10E+04
0.932	0.252733	-0.10E+04
0.935	0.250767	-0.10E+04
0.938	0.250000	-0.10E+04
0.941	0.252800	-0.10E+04
0.944	0.252467	-0.10E+04
0.947	0.251333	-0.10E+04
0.95	0.252533	-0.10E+04
0.953	0.253067	-0.10E+04
0.956	0.251300	-0.10E+04
0.959	0.252700	-0.10E+04
0.962	0.255467	-0.10E+04
0.965	0.256067	-0.10E+04
0.968	0.254900	-0.10E+04
0.971	0.255700	-0.10E+04
0.974	0.258733	-0.10E+04
0.977	0.261300	-0.10E+04
0.98	0.261400	-0.10E+04
0.983	0.259467	-0.10E+04
0.986	0.260500	-0.10E+04
0.989	0.260900	-0.10E+04
0.992	0.263367	-0.10E+04
0.995	0.263733	-0.10E+04
0.998	0.264533	-0.10E+04
1.001	0.264433	-0.10E+04
1.004	0.263133	-0.10E+04
1.007	0.264500	-0.10E+04
1.01	0.266600	-0.10E+04
1.013	0.267967	-0.10E+04
1.016	0.268300	-0.10E+04
1.019	0.269033	-0.10E+04
1.022	0.270067	-0.10E+04
1.025	0.269167	-0.10E+04
1.028	0.270067	-0.10E+04
1.031	0.272633	-0.10E+04
1.034	0.272267	-0.10E+04
1.037	0.271400	-0.10E+04
1.04	0.271967	-0.10E+04
1.043	0.272433	-0.10E+04
1.046	0.272267	-0.10E+04
1.049	0.273267	-0.10E+04
1.052	0.275300	-0.10E+04
1.055	0.276100	-0.10E+04
1.058	0.278867	-0.10E+04
1.061	0.282800	-0.10E+04
1.064	0.282467	-0.10E+04
1.067	0.281100	-0.10E+04
1.07	0.281200	-0.10E+04
1.073	0.282600	-0.10E+04
1.076	0.284700	-0.10E+04
1.079	0.285467	-0.10E+04
1.082	0.283633	-0.10E+04
1.085	0.283167	-0.10E+04
1.088	0.284133	-0.10E+04
1.091	0.284700	-0.10E+04
1.094	0.285967	-0.10E+04
1.097	0.285367	-0.10E+04
1.1	0.284633	-0.10E+04
1.103	0.285533	-0.10E+04
1.106	0.286667	-0.10E+04
1.109	0.288133	-0.10E+04
1.112	0.290567	-0.10E+04
1.115	0.291667	-0.10E+04
1.118	0.289567	-0.10E+04
1.121	0.289633	-0.10E+04
1.124	0.289500	-0.10E+04
1.127	0.289700	-0.10E+04
1.13	0.288433	-0.10E+04
1.133	0.290733	-0.10E+04
1.136	0.293000	-0.10E+04
1.139	0.293433	-0.10E+04
1.142	0.294733	-0.10E+04
1.145	0.296933	-0.10E+04
1.148	0.296233	-0.10E+04
1.151	0.296267	-0.10E+04
1.154	0.297767	-0.10E+04
1.157	0.299633	-0.10E+04
1.16	0.299200	-0.10E+04
1.163	0.299500	-0.10E+04
1.166	0.300133	-0.10E+04
1.169	0.301233	-0.10E+04
1.172	0.300500	-0.10E+04
1.175	0.301600	-0.10E+04
1.178	0.302200	-0.10E+04
1.181	0.301000	-0.10E+04
1.184	0.303500	-0.10E+04
1.187	0.304333	-0.10E+04
1.19	0.301133	-0.10E+04
1.193	0.302900	-0.10E+04
1.196	0.303967	-0.10E+04
1.199	0.305067	-0.10E+04
1.202	0.304033	-0.10E+04
1.205	0.305533	-0.10E+04
1.208	0.306033	-0.10E+04
1.211	0.304467	-0.10E+04
1.214	0.308967	-0.10E+04
1.217	0.309667	-0.10E+04
1.22	0.310367	-0.10E+04
1.223	0.308333	-0.10E+04
1.226	0.307033	-0.10E+04
1.229	0.310533	-0.10E+04
1.232	0.311533	-0.10E+04
1.235	0.311133	-0.10E+04
1.238	0.311967	-0.10E+04
1.241	0.312333	-0.10E+04
1.244	0.314533	-0.10E+04
1.247	0.314567	-0.10E+04
1.25	0.314367	-0.10E+04
1.253	0.316067	-0.10E+04
1.256	0.315200	-0.10E+04
1.259	0.316833	-0.10E+04
1.262	0.316967	-0.10E+04
1.265	0.316867	-0.10E+04
1.268	0.317000	-0.10E+04
1.271	0.317400	-0.10E+04
1.274	0.315967	-0.10E+04
1.277	0.316733	-0.10E+04
1.28	0.317233	-0.10E+04
1.283	0.317133	-0.10E+04
1.286	0.317967	-0.10E+04
1.289	0.318333	-0.10E+04
1.292	0.320467	-0.10E+04
1.295	0.322033	-0.10E+04
1.298	0.323200	-0.10E+04
1.301	0.324233	-0.10E+04
1.304	0.323333	-0.10E+04
1.307	0.322400	-0.10E+04
1.31	0.324033	-0.10E+04
1.313	0.323933	-0.10E+04
1.316	0.324400	-0.10E+04
1.319	0.327600	-0.10E+04
1.322	0.328133	-0.10E+04
1.325	0.329467	-0.10E+04
1.328	0.327900	-0.10E+04
1.331	0.326100	-0.10E+04
1.334	0.327533	-0.10E+04
1.337	0.328967	-0.10E+04
1.34	0.329867	-0.10E+04
1.343	0.329100	-0.10E+04
1.346	0.329500	-0.10E+04
1.349	0.330833	-0.10E+04
1.352	0.331033	-0.10E+04
1.355	0.331500	-0.10E+04
1.358	0.334900	-0.10E+04
1.361	0.335333	-0.10E+04
1.364	0.337500	-0.10E+04
1.367	0.336500	-0.10E+04
1.37	0.337800	-0.10E+04
1.373	0.338433	-0.10E+04
1.376	0.339200	-0.10E+04
1.379	0.338633	-0.10E+04
1.382	0.337067	-0.10E+04
1.385	0.336100	-0.10E+04
1.388	0.337067	-0.10E+04
1.391	0.338667	-0.10E+04
1.394	0.339900	-0.10E+04
1.397	0.337700	-0.10E+04
1.4	0.338467	-0.10E+04
1.403	0.339433	-0.10E+04
1.406	0.338300	-0.10E+04
1.409	0.338900	-0.10E+04
1.412	0.340733	-0.10E+04
1.415	0.343900	-0.10E+04
1.418	0.346300	-0.10E+04
1.421	0.345200	-0.10E+04
1.424	0.344567	-0.10E+04
1.427	0.345167	-0.10E+04
1.43	0.346300	-0.10E+04
1.433	0.345367	-0.10E+04
1.436	0.345433	-0.10E+04
1.439	0.344700	-0.10E+04
1.442	0.345867	-0.10E+04
1.445	0.348567	-0.10E+04
1.448	0.349733	-0.10E+04
1.451	0.351500	-0.10E+04
1.454	0.350433	-0.10E+04
1.457	0.351533	-0.10E+04
1.46	0.351100	-0.10E+04
1.463	0.351133	-0.10E+04
1.466	0.350433	-0.10E+04
1.469	0.351900	-0.10E+04
1.472	0.352467	-0.10E+04
1.475	0.352367	-0.10E+04
1.478	0.352633	-0.10E+04
1.481	0.353900	-0.10E+04
1.484	0.354233	-0.10E+04
1.487	0.352167	-0.10E+04
1.49	0.352333	-0.10E+04
1.493	0.352700	-0.10E+04
1.496	0.355400	-0.10E+04
1.499	0.356467	-0.10E+04
1.502	0.356033	-0.10E+04
1.505	0.357067	-0.10E+04
1.508	0.358100	-0.10E+04
1.511	0.358233	-0.10E+04
1.514	0.356867	-0.10E+04
1.517	0.358733	-0.10E+04
1.52	0.357500	-0.10E+04
1.523	0.360100	-0.10E+04
1.526	0.361933	-0.10E+04
1.529	0.361567	-0.10E+04
1.532	0.360967	-0.10E+04
1.535	0.360800	-0.10E+04
1.538	0.361367	-0.10E+04
1.541	0.364467	-0.10E+04
1.544	0.365367	-0.10E+04
1.547	0.363067	-0.10E+04
1.55	0.361000	-0.10E+04
1.553	0.360300	-0.10E+04
1.556	0.361200	-0.10E+04
1.559	0.364367	-0.10E+04
1.562	0.364500	-0.10E+04
1.565	0.365367	-0.10E+04
1.568	0.366333	-0.10E+04
1.571	0.366500	-0.10E+04
1.574	0.369333	-0.10E+04
1.577	0.368467	-0.10E+04
1.58	0.366733	-0.10E+04
1.583	0.367700	-0.10E+04
1.586	0.366933	-0.10E+04
1.589	0.367633	-0.10E+04
1.592	0.370100	-0.10E+04
1.595	0.370633	-0.10E+04
1.598	0.369867	-0.10E+04
1.601	0.368667	-0.10E+04
1.604	0.368400	-0.10E+04
1.607	0.369367	-0.10E+04
1.61	0.370267	-0.10E+04
1.613	0.370533	-0.10E+04
1.616	0.370767	-0.10E+04
1.619	0.369667	-0.10E+04
1.622	0.368033	-0.10E+04
1.625	0.368433	-0.10E+04
1.628	0.372267	-0.10E+04
1.631	0.374067	-0.10E+04
1.634	0.373600	-0.10E+04
1.637	0.372567	-0.10E+04
1.64	0.375167	-0.10E+04
1.643	0.373800	-0.10E+04
1.646	0.369967	-0.10E+04
1.649	0.371200	-0.10E+04
1.652	0.372967	-0.10E+04
1.655	0.371300	-0.10E+04
1.658	0.373833	-0.10E+04
1.661	0.373833	-0.10E+04
1.664	0.373667	-0.10E+04
1.667	0.374567	-0.10E+04
1.67	0.376233	-0.10E+04
1.673	0.378500	-0.10E+04
1.676	0.379000	-0.10E+04
1.679	0.378967	-0.10E+04
1.682	0.378733	-0.10E+04
1.685	0.377533	-0.10E+04
1.688	0.379400	-0.10E+04
1.691	0.381500	-0.10E+04
1.694	0.381000	-0.10E+04
1.697	0.379533	-0.10E+04
1.7	0.379300	-0.10E+04
1.703	0.381733	-0.10E+04
1.706	0.383367	-0.10E+04
1.709	0.380233	-0.10E+04
1.712	0.380567	-0.10E+04
1.715	0.379333	-0.10E+04
1.718	0.379533	-0.10E+04
1.721	0.379933	-0.10E+04
1.724	0.378533	-0.10E+04
1.727	0.379067	-0.10E+04
1.73	0.379700	-0.10E+04
1.733	0.380067	-0.10E+04
1.736	0.379200	-0.10E+04
1.739	0.380400	-0.10E+04
1.742	0.380233	-0.10E+04
1.745	0.383067	-0.10E+04
1.748	0.383267	-0.10E+04
1.751	0.386533	-0.10E+04
1.754	0.385233	-0.10E+04
1.757	0.382800	-0.10E+04
1.76	0.381067	-0.10E+04
1.763	0.382200	-0.10E+04
1.766	0.384133	-0.10E+04
1.769	0.383767	-0.10E+04
1.772	0.385533	-0.10E+04
1.775	0.387233	-0.10E+04
1.778	0.387567	-0.10E+04
1.781	0.390233	-0.10E+04
1.784	0.390933	-0.10E+04
1.787	0.391167	-0.10E+04
1.79	0.391967	-0.10E+04
1.793	0.391967	-0.10E+04
1.796	0.390233	-0.10E+04
1.799	0.389833	-0.10E+04
1.802	0.389100	-0.10E+04
1.805	0.388400	-0.10E+04
1.808	0.388233	-0.10E+04
1.811	0.390600	-0.10E+04
1.814	0.391800	-0.10E+04
1.817	0.391467	-0.10E+04
1.82	0.388867	-0.10E+04
1.823	0.392067	-0.10E+04
1.826	0.394300	-0.10E+04
1.829	0.393433	-0.10E+04
1.832	0.394767	-0.10E+04
1.835	0.393033	-0.10E+04
1.838	0.393600	-0.10E+04
1.841	0.396233	-0.10E+04
1.844	0.394900	-0.10E+04
1.847	0.394833	-0.10E+04
1.85	0.394367	-0.10E+04
1.853	0.396700	-0.10E+04
1.856	0.396233	-0.10E+04
1.859	0.398000	-0.10E+04
1.862	0.398000	-0.10E+04
1.865	0.401267	-0.10E+04
1.868	0.400433	-0.10E+04
1.871	0.399500	-0.10E+04
1.874	0.398233	-0.10E+04
1.877	0.399900	-0.10E+04
1.88	0.399300	-0.10E+04
1.883	0.399033	-0.10E+04
1.886	0.401900	-0.10E+04
1.889	0.403233	-0.10E+04
1.892	0.402733	-0.10E+04
1.895	0.403800	-0.10E+04
1.898	0.402800	-0.10E+04
1.901	0.403167	-0.10E+04
1.904	0.402300	-0.10E+04
1.907	0.401933	-0.10E+04
1.91	0.405167	-0.10E+04
1.913	0.405533	-0.10E+04
1.916	0.405533	-0.10E+04
1.919	0.403400	-0.10E+04
1.922	0.404500	-0.10E+04
1.925	0.406600	-0.10E+04
1.928	0.407833	-0.10E+04
1.931	0.406600	-0.10E+04
1.934	0.403900	-0.10E+04
1.937	0.405467	-0.10E+04
1.94	0.406233	-0.10E+04
1.943	0.407233	-0.10E+04
1.946	0.408500	-0.10E+04
1.949	0.408767	-0.10E+04
1.952	0.408200	-0.10E+04
1.955	0.407867	-0.10E+04
1.958	0.409133	-0.10E+04
1.961	0.409200	-0.10E+04
1.964	0.407833	-0.10E+04
1.967	0.408333	-0.10E+04
1.97	0.409233	-0.10E+04
1.973	0.410800	-0.10E+04
1.976	0.410767	-0.10E+04
1.979	0.409567	-0.10E+04
1.982	0.411567	-0.10E+04
1.985	0.412867	-0.10E+04
1.988	0.413067	-0.10E+04
1.991	0.415167	-0.10E+04
1.994	0.417833	-0.10E+04
1.997	0.416333	-0.10E+04
2	0.417867	-0.10E+04
2.003	0.418467	-0.10E+04
2.006	0.417100	-0.10E+04
2.009	0.415033	-0.10E+04
2.012	0.418100	-0.10E+04
2.015	0.418200	-0.10E+04
2.018	0.417733	-0.10E+04
2.021	0.420400	-0.10E+04
2.024	0.419500	-0.10E+04
2.027	0.418500	-0.10E+04
2.03	0.418233	-0.10E+04
2.033	0.421233	-0.10E+04
2.036	0.420167	-0.10E+04
2.039	0.420167	-0.10E+04
2.042	0.421867	-0.10E+04
2.045	0.420867	-0.10E+04
2.048	0.422000	-0.10E+04
2.051	0.423167	-0.10E+04
2.054	0.425867	-0.10E+04
2.057	0.425033	-0.10E+04
2.06	0.424533	-0.10E+04
2.063	0.421567	-0.10E+04
2.066	0.422800	-0.10E+04
2.069	0.426433	-0.10E+04
2.072	0.426200	-0.10E+04
2.075	0.430300	-0.10E+04
2.078	0.431467	-0.10E+04
2.081	0.430333	-0.10E+04
2.084	0.429533	-0.10E+04
2.087	0.431067	-0.10E+04
2.09	0.429233	-0.10E+04
2.093	0.429667	-0.10E+04
2.096	0.429767	-0.10E+04
2.099	0.429067	-0.10E+04
2.102	0.429300	-0.10E+04
2.105	0.430633	-0.10E+04
2.108	0.430600	-0.10E+04
2.111	0.429433	-0.10E+04
2.114	0.428967	-0.10E+04
2.117	0.431400	-0.10E+04
2.12	0.435467	-0.10E+04
2.123	0.436200	-0.10E+04
2.126	0.433600	-0.10E+04
2.129	0.434300	-0.10E+04
2.132	0.435200	-0.10E+04
2.135	0.435133	-0.10E+04
2.138	0.436900	-0.10E+04
2.141	0.436833	-0.10E+04
2.144	0.437767	-0.10E+04
2.147	0.438500	-0.10E+04
2.15	0.437133	-0.10E+04
2.153	0.435100	-0.10E+04
2.156	0.436000	-0.10E+04
2.159	0.437500	-0.10E+04
2.162	0.435967	-0.10E+04
2.165	0.435567	-0.10E+04
2.168	0.438433	-0.10E+04
2.171	0.439733	-0.10E+04
2.174	0.440633	-0.10E+04
2.177	0.443100	-0.10E+04
2.18	0.443333	-0.10E+04
2.183	0.444667	-0.10E+04
2.186	0.445067	-0.10E+04
2.189	0.444200	-0.10E+04
2.192	0.446600	-0.10E+04
2.195	0.447000	-0.10E+04
2.198	0.447100	-0.10E+04
2.201	0.449867	-0.10E+04
2.204	0.450367	-0.10E+04
2.207	0.450267	-0.10E+04
2.21	0.448867	-0.10E+04
2.213	0.448067	-0.10E+04
2.216	0.451767	-0.10E+04
2.219	0.454867	-0.10E+04
2.222	0.454400	-0.10E+04
2.225	0.452833	-0.10E+04
2.228	0.455033	-0.10E+04
2.231	0.454767	-0.10E+04
2.234	0.455733	-0.10E+04
2.237	0.453700	-0.10E+04
2.24	0.453267	-0.10E+04
2.243	0.453300	-0.10E+04
2.246	0.455333	-0.10E+04
2.249	0.456000	-0.10E+04
2.252	0.455700	-0.10E+04
2.255	0.451033	-0.10E+04
2.258	0.456833	-0.10E+04
2.261	0.460133	-0.10E+04
2.264	0.459867	-0.10E+04
2.267	0.458933	-0.10E+04
2.27	0.458767	-0.10E+04
2.273	0.460667	-0.10E+04
2.276	0.463433	-0.10E+04
2.279	0.463233	-0.10E+04
2.282	0.460767	-0.10E+04
2.285	0.460167	-0.10E+04
2.288	0.460500	-0.10E+04
2.291	0.459567	-0.10E+04
2.294	0.459033	-0.10E+04
2.297	0.459700	-0.10E+04
2.3	0.462133	-0.10E+04
2.303	0.463633	-0.10E+04
2.306	0.465800	-0.10E+04
2.309	0.463900	-0.10E+04
2.312	0.464200	-0.10E+04
2.315	0.463867	-0.10E+04
2.318	0.464567	-0.10E+04
2.321	0.463567	-0.10E+04
2.324	0.467267	-0.10E+04
2.327	0.470000	-0.10E+04
2.33	0.469700	-0.10E+04
2.333	0.466833	-0.10E+04
2.336	0.472967	-0.10E+04
2.339	0.474667	-0.10E+04
2.342	0.471767	-0.10E+04
2.345	0.472800	-0.10E+04
2.348	0.471167	-0.10E+04
2.351	0.469700	-0.10E+04
2.354	0.470967	-0.10E+04
2.357	0.472900	-0.10E+04
2.36	0.473100	-0.10E+04
2.363	0.473833	-0.10E+04
2.366	0.477267	-0.10E+04
2.369	0.477967	-0.10E+04
2.372	0.477767	-0.10E+04
2.375	0.477300	-0.10E+04
2.378	0.476433	-0.10E+04
2.381	0.474567	-0.10E+04
2.384	0.474967	-0.10E+04
2.387	0.476700	-0.10E+04
2.39	0.477267	-0.10E+04
2.393	0.477933	-0.10E+04
2.396	0.479067	-0.10E+04
2.399	0.479533	-0.10E+04
2.402	0.481633	-0.10E+04
2.405	0.482067	-0.10E+04
2.408	0.482867	-0.10E+04
2.411	0.483567	-0.10E+04
2.414	0.484400	-0.10E+04
2.417	0.484833	-0.10E+04
2.42	0.484833	-0.10E+04
2.423	0.484333	-0.10E+04
2.426	0.486567	-0.10E+04
2.429	0.488367	-0.10E+04
2.432	0.490567	-0.10E+04
2.435	0.490867	-0.10E+04
2.438	0.491200	-0.10E+04
2.441	0.491500	-0.10E+04
2.444	0.488600	-0.10E+04
2.447	0.487433	-0.10E+04
2.45	0.488500	-0.10E+04
2.453	0.489333	-0.10E+04
2.456	0.489967	-0.10E+04
2.459	0.489533	-0.10E+04
2.462	0.489100	-0.10E+04
2.465	0.489200	-0.10E+04
2.468	0.491333	-0.10E+04
2.471	0.493700	-0.10E+04
2.474	0.493367	-0.10E+04
2.477	0.495333	-0.10E+04
2.48	0.496200	-0.10E+04
2.483	0.494467	-0.10E+04
2.486	0.493967	-0.10E+04
2.489	0.491767	-0.10E+04
2.492	0.490900	-0.10E+04
2.495	0.492200	-0.10E+04
2.498	0.495000	-0.10E+04
