Brown University Keck/NASA Relab Spectrum LS-JBA-220-P1/wls336
Wavelength(micron)	Reflectance	Standard Deviation
0.35	0.177533	-0.10E+04
0.353	0.176767	-0.10E+04
0.356	0.177700	-0.10E+04
0.359	0.178633	-0.10E+04
0.362	0.179333	-0.10E+04
0.365	0.182000	-0.10E+04
0.368	0.182367	-0.10E+04
0.371	0.183600	-0.10E+04
0.374	0.185267	-0.10E+04
0.377	0.186267	-0.10E+04
0.38	0.186267	-0.10E+04
0.383	0.186767	-0.10E+04
0.386	0.187433	-0.10E+04
0.389	0.188300	-0.10E+04
0.392	0.189900	-0.10E+04
0.395	0.191433	-0.10E+04
0.398	0.190567	-0.10E+04
0.401	0.190400	-0.10E+04
0.404	0.191567	-0.10E+04
0.407	0.193400	-0.10E+04
0.41	0.194400	-0.10E+04
0.413	0.192167	-0.10E+04
0.416	0.192933	-0.10E+04
0.419	0.195533	-0.10E+04
0.422	0.196633	-0.10E+04
0.425	0.198967	-0.10E+04
0.428	0.201700	-0.10E+04
0.431	0.203067	-0.10E+04
0.434	0.203100	-0.10E+04
0.437	0.201900	-0.10E+04
0.44	0.201800	-0.10E+04
0.443	0.204033	-0.10E+04
0.446	0.203933	-0.10E+04
0.449	0.203700	-0.10E+04
0.452	0.204600	-0.10E+04
0.455	0.206333	-0.10E+04
0.458	0.207867	-0.10E+04
0.461	0.208733	-0.10E+04
0.464	0.209667	-0.10E+04
0.467	0.210333	-0.10E+04
0.47	0.210800	-0.10E+04
0.473	0.211800	-0.10E+04
0.476	0.212300	-0.10E+04
0.479	0.211167	-0.10E+04
0.482	0.211467	-0.10E+04
0.485	0.211600	-0.10E+04
0.488	0.213967	-0.10E+04
0.491	0.214767	-0.10E+04
0.494	0.215133	-0.10E+04
0.497	0.217100	-0.10E+04
0.5	0.217600	-0.10E+04
0.503	0.218700	-0.10E+04
0.506	0.219400	-0.10E+04
0.509	0.219967	-0.10E+04
0.512	0.219500	-0.10E+04
0.515	0.221033	-0.10E+04
0.518	0.222100	-0.10E+04
0.521	0.223033	-0.10E+04
0.524	0.223000	-0.10E+04
0.527	0.222900	-0.10E+04
0.53	0.224667	-0.10E+04
0.533	0.225500	-0.10E+04
0.536	0.225767	-0.10E+04
0.539	0.226067	-0.10E+04
0.542	0.226733	-0.10E+04
0.545	0.227500	-0.10E+04
0.548	0.228033	-0.10E+04
0.551	0.230267	-0.10E+04
0.554	0.230067	-0.10E+04
0.557	0.230000	-0.10E+04
0.56	0.229700	-0.10E+04
0.563	0.230033	-0.10E+04
0.566	0.231433	-0.10E+04
0.569	0.232167	-0.10E+04
0.572	0.232267	-0.10E+04
0.575	0.232700	-0.10E+04
0.578	0.233933	-0.10E+04
0.581	0.234533	-0.10E+04
0.584	0.235867	-0.10E+04
0.587	0.235433	-0.10E+04
0.59	0.237000	-0.10E+04
0.593	0.239167	-0.10E+04
0.596	0.238867	-0.10E+04
0.599	0.238600	-0.10E+04
0.602	0.240667	-0.10E+04
0.605	0.240533	-0.10E+04
0.608	0.239667	-0.10E+04
0.611	0.239433	-0.10E+04
0.614	0.240433	-0.10E+04
0.617	0.241567	-0.10E+04
0.62	0.243500	-0.10E+04
0.623	0.242433	-0.10E+04
0.626	0.242600	-0.10E+04
0.629	0.242533	-0.10E+04
0.632	0.245467	-0.10E+04
0.635	0.248900	-0.10E+04
0.638	0.249367	-0.10E+04
0.641	0.248833	-0.10E+04
0.644	0.249133	-0.10E+04
0.647	0.249300	-0.10E+04
0.65	0.252233	-0.10E+04
0.653	0.251800	-0.10E+04
0.656	0.251933	-0.10E+04
0.659	0.253967	-0.10E+04
0.662	0.255100	-0.10E+04
0.665	0.255900	-0.10E+04
0.668	0.254733	-0.10E+04
0.671	0.252800	-0.10E+04
0.674	0.254667	-0.10E+04
0.677	0.257433	-0.10E+04
0.68	0.258800	-0.10E+04
0.683	0.258167	-0.10E+04
0.686	0.259033	-0.10E+04
0.689	0.258667	-0.10E+04
0.692	0.258533	-0.10E+04
0.695	0.257100	-0.10E+04
0.698	0.258867	-0.10E+04
0.701	0.259467	-0.10E+04
0.704	0.261800	-0.10E+04
0.707	0.261900	-0.10E+04
0.71	0.260933	-0.10E+04
0.713	0.262467	-0.10E+04
0.716	0.263933	-0.10E+04
0.719	0.265133	-0.10E+04
0.722	0.266467	-0.10E+04
0.725	0.264767	-0.10E+04
0.728	0.267733	-0.10E+04
0.731	0.268533	-0.10E+04
0.734	0.268833	-0.10E+04
0.737	0.268133	-0.10E+04
0.74	0.267500	-0.10E+04
0.743	0.266900	-0.10E+04
0.746	0.268400	-0.10E+04
0.749	0.270700	-0.10E+04
0.752	0.271333	-0.10E+04
0.755	0.272400	-0.10E+04
0.758	0.275467	-0.10E+04
0.761	0.275167	-0.10E+04
0.764	0.275600	-0.10E+04
0.767	0.275600	-0.10E+04
0.77	0.276233	-0.10E+04
0.773	0.277967	-0.10E+04
0.776	0.276200	-0.10E+04
0.779	0.274267	-0.10E+04
0.782	0.272800	-0.10E+04
0.785	0.273000	-0.10E+04
0.788	0.273933	-0.10E+04
0.791	0.276467	-0.10E+04
0.794	0.273867	-0.10E+04
0.797	0.273633	-0.10E+04
0.8	0.275233	-0.10E+04
0.803	0.274600	-0.10E+04
0.806	0.274800	-0.10E+04
0.809	0.276967	-0.10E+04
0.812	0.279800	-0.10E+04
0.815	0.280500	-0.10E+04
0.818	0.277267	-0.10E+04
0.821	0.277467	-0.10E+04
0.824	0.278467	-0.10E+04
0.827	0.278900	-0.10E+04
0.83	0.278000	-0.10E+04
0.833	0.279800	-0.10E+04
0.836	0.280000	-0.10E+04
0.839	0.279000	-0.10E+04
0.842	0.278600	-0.10E+04
0.845	0.276667	-0.10E+04
0.848	0.277733	-0.10E+04
0.851	0.279233	-0.10E+04
0.854	0.278800	-0.10E+04
0.857	0.278967	-0.10E+04
0.86	0.276467	-0.10E+04
0.863	0.274167	-0.10E+04
0.866	0.276467	-0.10E+04
0.869	0.279067	-0.10E+04
0.872	0.285433	-0.10E+04
0.875	0.283667	-0.10E+04
0.878	0.280333	-0.10E+04
0.881	0.279567	-0.10E+04
0.884	0.279433	-0.10E+04
0.887	0.280733	-0.10E+04
0.89	0.280367	-0.10E+04
0.893	0.279200	-0.10E+04
0.896	0.278300	-0.10E+04
0.899	0.277200	-0.10E+04
0.902	0.275367	-0.10E+04
0.905	0.278300	-0.10E+04
0.908	0.280300	-0.10E+04
0.911	0.285200	-0.10E+04
0.914	0.285767	-0.10E+04
0.917	0.281367	-0.10E+04
0.92	0.280200	-0.10E+04
0.923	0.280733	-0.10E+04
0.926	0.280867	-0.10E+04
0.929	0.280967	-0.10E+04
0.932	0.281067	-0.10E+04
0.935	0.282233	-0.10E+04
0.938	0.281867	-0.10E+04
0.941	0.282600	-0.10E+04
0.944	0.284300	-0.10E+04
0.947	0.285267	-0.10E+04
0.95	0.284700	-0.10E+04
0.953	0.286167	-0.10E+04
0.956	0.285767	-0.10E+04
0.959	0.289067	-0.10E+04
0.962	0.288767	-0.10E+04
0.965	0.287500	-0.10E+04
0.968	0.288933	-0.10E+04
0.971	0.290633	-0.10E+04
0.974	0.290000	-0.10E+04
0.977	0.289867	-0.10E+04
0.98	0.290233	-0.10E+04
0.983	0.290867	-0.10E+04
0.986	0.291533	-0.10E+04
0.989	0.293967	-0.10E+04
0.992	0.294633	-0.10E+04
0.995	0.295433	-0.10E+04
0.998	0.296500	-0.10E+04
1.001	0.298733	-0.10E+04
1.004	0.298233	-0.10E+04
1.007	0.297200	-0.10E+04
1.01	0.296033	-0.10E+04
1.013	0.297833	-0.10E+04
1.016	0.298533	-0.10E+04
1.019	0.298967	-0.10E+04
1.022	0.300767	-0.10E+04
1.025	0.302933	-0.10E+04
1.028	0.304767	-0.10E+04
1.031	0.304833	-0.10E+04
1.034	0.305267	-0.10E+04
1.037	0.305900	-0.10E+04
1.04	0.304433	-0.10E+04
1.043	0.302233	-0.10E+04
1.046	0.302300	-0.10E+04
1.049	0.303933	-0.10E+04
1.052	0.304400	-0.10E+04
1.055	0.307067	-0.10E+04
1.058	0.309367	-0.10E+04
1.061	0.308167	-0.10E+04
1.064	0.306967	-0.10E+04
1.067	0.309033	-0.10E+04
1.07	0.308667	-0.10E+04
1.073	0.309067	-0.10E+04
1.076	0.310200	-0.10E+04
1.079	0.308433	-0.10E+04
1.082	0.308433	-0.10E+04
1.085	0.311000	-0.10E+04
1.088	0.313067	-0.10E+04
1.091	0.311367	-0.10E+04
1.094	0.310333	-0.10E+04
1.097	0.312700	-0.10E+04
1.1	0.315300	-0.10E+04
1.103	0.315833	-0.10E+04
1.106	0.316333	-0.10E+04
1.109	0.317000	-0.10E+04
1.112	0.315200	-0.10E+04
1.115	0.314000	-0.10E+04
1.118	0.314967	-0.10E+04
1.121	0.314033	-0.10E+04
1.124	0.318000	-0.10E+04
1.127	0.317567	-0.10E+04
1.13	0.318133	-0.10E+04
1.133	0.318167	-0.10E+04
1.136	0.319400	-0.10E+04
1.139	0.320033	-0.10E+04
1.142	0.320100	-0.10E+04
1.145	0.319433	-0.10E+04
1.148	0.320467	-0.10E+04
1.151	0.321300	-0.10E+04
1.154	0.320967	-0.10E+04
1.157	0.322433	-0.10E+04
1.16	0.325067	-0.10E+04
1.163	0.325633	-0.10E+04
1.166	0.322533	-0.10E+04
1.169	0.323767	-0.10E+04
1.172	0.324367	-0.10E+04
1.175	0.325800	-0.10E+04
1.178	0.325533	-0.10E+04
1.181	0.323800	-0.10E+04
1.184	0.323133	-0.10E+04
1.187	0.326167	-0.10E+04
1.19	0.325533	-0.10E+04
1.193	0.325733	-0.10E+04
1.196	0.327033	-0.10E+04
1.199	0.327600	-0.10E+04
1.202	0.327733	-0.10E+04
1.205	0.328433	-0.10E+04
1.208	0.329667	-0.10E+04
1.211	0.325967	-0.10E+04
1.214	0.328800	-0.10E+04
1.217	0.330067	-0.10E+04
1.22	0.331100	-0.10E+04
1.223	0.332233	-0.10E+04
1.226	0.333833	-0.10E+04
1.229	0.335233	-0.10E+04
1.232	0.334600	-0.10E+04
1.235	0.334000	-0.10E+04
1.238	0.335100	-0.10E+04
1.241	0.335567	-0.10E+04
1.244	0.337900	-0.10E+04
1.247	0.335833	-0.10E+04
1.25	0.335767	-0.10E+04
1.253	0.334767	-0.10E+04
1.256	0.335867	-0.10E+04
1.259	0.336600	-0.10E+04
1.262	0.338133	-0.10E+04
1.265	0.340333	-0.10E+04
1.268	0.339600	-0.10E+04
1.271	0.338100	-0.10E+04
1.274	0.337167	-0.10E+04
1.277	0.335833	-0.10E+04
1.28	0.335867	-0.10E+04
1.283	0.337933	-0.10E+04
1.286	0.338500	-0.10E+04
1.289	0.339233	-0.10E+04
1.292	0.340600	-0.10E+04
1.295	0.341600	-0.10E+04
1.298	0.342367	-0.10E+04
1.301	0.341833	-0.10E+04
1.304	0.342500	-0.10E+04
1.307	0.345200	-0.10E+04
1.31	0.344933	-0.10E+04
1.313	0.344733	-0.10E+04
1.316	0.346400	-0.10E+04
1.319	0.347833	-0.10E+04
1.322	0.344767	-0.10E+04
1.325	0.344400	-0.10E+04
1.328	0.345233	-0.10E+04
1.331	0.344267	-0.10E+04
1.334	0.344633	-0.10E+04
1.337	0.344833	-0.10E+04
1.34	0.345800	-0.10E+04
1.343	0.346500	-0.10E+04
1.346	0.346333	-0.10E+04
1.349	0.346467	-0.10E+04
1.352	0.350033	-0.10E+04
1.355	0.349067	-0.10E+04
1.358	0.346900	-0.10E+04
1.361	0.345067	-0.10E+04
1.364	0.346067	-0.10E+04
1.367	0.347233	-0.10E+04
1.37	0.349733	-0.10E+04
1.373	0.351100	-0.10E+04
1.376	0.351600	-0.10E+04
1.379	0.352433	-0.10E+04
1.382	0.354567	-0.10E+04
1.385	0.356000	-0.10E+04
1.388	0.354833	-0.10E+04
1.391	0.355833	-0.10E+04
1.394	0.356767	-0.10E+04
1.397	0.355267	-0.10E+04
1.4	0.354200	-0.10E+04
1.403	0.354467	-0.10E+04
1.406	0.354233	-0.10E+04
1.409	0.357433	-0.10E+04
1.412	0.360467	-0.10E+04
1.415	0.363600	-0.10E+04
1.418	0.363633	-0.10E+04
1.421	0.361800	-0.10E+04
1.424	0.362333	-0.10E+04
1.427	0.360433	-0.10E+04
1.43	0.357600	-0.10E+04
1.433	0.357633	-0.10E+04
1.436	0.360367	-0.10E+04
1.439	0.360467	-0.10E+04
1.442	0.359067	-0.10E+04
1.445	0.359000	-0.10E+04
1.448	0.360033	-0.10E+04
1.451	0.362467	-0.10E+04
1.454	0.363567	-0.10E+04
1.457	0.362300	-0.10E+04
1.46	0.366100	-0.10E+04
1.463	0.365667	-0.10E+04
1.466	0.364467	-0.10E+04
1.469	0.366433	-0.10E+04
1.472	0.367067	-0.10E+04
1.475	0.367367	-0.10E+04
1.478	0.365133	-0.10E+04
1.481	0.365033	-0.10E+04
1.484	0.366200	-0.10E+04
1.487	0.366900	-0.10E+04
1.49	0.369067	-0.10E+04
1.493	0.371100	-0.10E+04
1.496	0.370867	-0.10E+04
1.499	0.369800	-0.10E+04
1.502	0.368333	-0.10E+04
1.505	0.369867	-0.10E+04
1.508	0.372000	-0.10E+04
1.511	0.372667	-0.10E+04
1.514	0.373433	-0.10E+04
1.517	0.372400	-0.10E+04
1.52	0.370767	-0.10E+04
1.523	0.370567	-0.10E+04
1.526	0.370933	-0.10E+04
1.529	0.370800	-0.10E+04
1.532	0.370133	-0.10E+04
1.535	0.368433	-0.10E+04
1.538	0.369633	-0.10E+04
1.541	0.370400	-0.10E+04
1.544	0.370833	-0.10E+04
1.547	0.371000	-0.10E+04
1.55	0.371933	-0.10E+04
1.553	0.373633	-0.10E+04
1.556	0.372200	-0.10E+04
1.559	0.373800	-0.10E+04
1.562	0.375567	-0.10E+04
1.565	0.375567	-0.10E+04
1.568	0.373733	-0.10E+04
1.571	0.375233	-0.10E+04
1.574	0.377033	-0.10E+04
1.577	0.376600	-0.10E+04
1.58	0.375900	-0.10E+04
1.583	0.376033	-0.10E+04
1.586	0.379067	-0.10E+04
1.589	0.378167	-0.10E+04
1.592	0.377033	-0.10E+04
1.595	0.377967	-0.10E+04
1.598	0.380467	-0.10E+04
1.601	0.381567	-0.10E+04
1.604	0.380167	-0.10E+04
1.607	0.377000	-0.10E+04
1.61	0.377300	-0.10E+04
1.613	0.378400	-0.10E+04
1.616	0.378600	-0.10E+04
1.619	0.379467	-0.10E+04
1.622	0.379333	-0.10E+04
1.625	0.380500	-0.10E+04
1.628	0.380833	-0.10E+04
1.631	0.382433	-0.10E+04
1.634	0.381600	-0.10E+04
1.637	0.382767	-0.10E+04
1.64	0.381700	-0.10E+04
1.643	0.381633	-0.10E+04
1.646	0.380000	-0.10E+04
1.649	0.380967	-0.10E+04
1.652	0.383533	-0.10E+04
1.655	0.381700	-0.10E+04
1.658	0.380000	-0.10E+04
1.661	0.379867	-0.10E+04
1.664	0.379067	-0.10E+04
1.667	0.380867	-0.10E+04
1.67	0.382933	-0.10E+04
1.673	0.383800	-0.10E+04
1.676	0.385400	-0.10E+04
1.679	0.385000	-0.10E+04
1.682	0.385333	-0.10E+04
1.685	0.385133	-0.10E+04
1.688	0.383900	-0.10E+04
1.691	0.382267	-0.10E+04
1.694	0.383667	-0.10E+04
1.697	0.382500	-0.10E+04
1.7	0.382767	-0.10E+04
1.703	0.383633	-0.10E+04
1.706	0.384833	-0.10E+04
1.709	0.383333	-0.10E+04
1.712	0.383633	-0.10E+04
1.715	0.383733	-0.10E+04
1.718	0.388033	-0.10E+04
1.721	0.388700	-0.10E+04
1.724	0.386233	-0.10E+04
1.727	0.383433	-0.10E+04
1.73	0.381800	-0.10E+04
1.733	0.382300	-0.10E+04
1.736	0.383933	-0.10E+04
1.739	0.384867	-0.10E+04
1.742	0.386300	-0.10E+04
1.745	0.387267	-0.10E+04
1.748	0.386767	-0.10E+04
1.751	0.386167	-0.10E+04
1.754	0.385067	-0.10E+04
1.757	0.384900	-0.10E+04
1.76	0.385300	-0.10E+04
1.763	0.386500	-0.10E+04
1.766	0.385467	-0.10E+04
1.769	0.385500	-0.10E+04
1.772	0.385200	-0.10E+04
1.775	0.386533	-0.10E+04
1.778	0.386700	-0.10E+04
1.781	0.386733	-0.10E+04
1.784	0.385067	-0.10E+04
1.787	0.386133	-0.10E+04
1.79	0.385033	-0.10E+04
1.793	0.383800	-0.10E+04
1.796	0.385200	-0.10E+04
1.799	0.389133	-0.10E+04
1.802	0.389233	-0.10E+04
1.805	0.388600	-0.10E+04
1.808	0.388867	-0.10E+04
1.811	0.389533	-0.10E+04
1.814	0.390800	-0.10E+04
1.817	0.388933	-0.10E+04
1.82	0.390367	-0.10E+04
1.823	0.390867	-0.10E+04
1.826	0.389300	-0.10E+04
1.829	0.390167	-0.10E+04
1.832	0.393400	-0.10E+04
1.835	0.392000	-0.10E+04
1.838	0.390600	-0.10E+04
1.841	0.393367	-0.10E+04
1.844	0.394567	-0.10E+04
1.847	0.395033	-0.10E+04
1.85	0.393967	-0.10E+04
1.853	0.394467	-0.10E+04
1.856	0.394600	-0.10E+04
1.859	0.393900	-0.10E+04
1.862	0.393333	-0.10E+04
1.865	0.395100	-0.10E+04
1.868	0.393033	-0.10E+04
1.871	0.390867	-0.10E+04
1.874	0.391900	-0.10E+04
1.877	0.396267	-0.10E+04
1.88	0.397933	-0.10E+04
1.883	0.397333	-0.10E+04
1.886	0.396300	-0.10E+04
1.889	0.398733	-0.10E+04
1.892	0.395000	-0.10E+04
1.895	0.394133	-0.10E+04
1.898	0.393900	-0.10E+04
1.901	0.395367	-0.10E+04
1.904	0.398033	-0.10E+04
1.907	0.399100	-0.10E+04
1.91	0.398667	-0.10E+04
1.913	0.398167	-0.10E+04
1.916	0.397533	-0.10E+04
1.919	0.398500	-0.10E+04
1.922	0.401000	-0.10E+04
1.925	0.398967	-0.10E+04
1.928	0.399167	-0.10E+04
1.931	0.401833	-0.10E+04
1.934	0.402000	-0.10E+04
1.937	0.402200	-0.10E+04
1.94	0.402667	-0.10E+04
1.943	0.402133	-0.10E+04
1.946	0.405567	-0.10E+04
1.949	0.404400	-0.10E+04
1.952	0.402533	-0.10E+04
1.955	0.403433	-0.10E+04
1.958	0.403900	-0.10E+04
1.961	0.403833	-0.10E+04
1.964	0.404033	-0.10E+04
1.967	0.405400	-0.10E+04
1.97	0.405967	-0.10E+04
1.973	0.405567	-0.10E+04
1.976	0.405167	-0.10E+04
1.979	0.407067	-0.10E+04
1.982	0.407367	-0.10E+04
1.985	0.406033	-0.10E+04
1.988	0.403800	-0.10E+04
1.991	0.402700	-0.10E+04
1.994	0.404100	-0.10E+04
1.997	0.405200	-0.10E+04
2	0.408900	-0.10E+04
2.003	0.411133	-0.10E+04
2.006	0.409167	-0.10E+04
2.009	0.409567	-0.10E+04
2.012	0.411967	-0.10E+04
2.015	0.412133	-0.10E+04
2.018	0.410867	-0.10E+04
2.021	0.410567	-0.10E+04
2.024	0.410600	-0.10E+04
2.027	0.411000	-0.10E+04
2.03	0.411000	-0.10E+04
2.033	0.411267	-0.10E+04
2.036	0.411033	-0.10E+04
2.039	0.409833	-0.10E+04
2.042	0.408833	-0.10E+04
2.045	0.411333	-0.10E+04
2.048	0.410400	-0.10E+04
2.051	0.412167	-0.10E+04
2.054	0.415233	-0.10E+04
2.057	0.414833	-0.10E+04
2.06	0.412300	-0.10E+04
2.063	0.412500	-0.10E+04
2.066	0.413633	-0.10E+04
2.069	0.416100	-0.10E+04
2.072	0.416600	-0.10E+04
2.075	0.416733	-0.10E+04
2.078	0.418800	-0.10E+04
2.081	0.420167	-0.10E+04
2.084	0.417500	-0.10E+04
2.087	0.414367	-0.10E+04
2.09	0.415467	-0.10E+04
2.093	0.417100	-0.10E+04
2.096	0.418400	-0.10E+04
2.099	0.420400	-0.10E+04
2.102	0.421933	-0.10E+04
2.105	0.421833	-0.10E+04
2.108	0.421000	-0.10E+04
2.111	0.421033	-0.10E+04
2.114	0.420067	-0.10E+04
2.117	0.422233	-0.10E+04
2.12	0.421467	-0.10E+04
2.123	0.421500	-0.10E+04
2.126	0.420633	-0.10E+04
2.129	0.421700	-0.10E+04
2.132	0.421700	-0.10E+04
2.135	0.420733	-0.10E+04
2.138	0.420333	-0.10E+04
2.141	0.421533	-0.10E+04
2.144	0.420533	-0.10E+04
2.147	0.420067	-0.10E+04
2.15	0.422633	-0.10E+04
2.153	0.423867	-0.10E+04
2.156	0.423300	-0.10E+04
2.159	0.423133	-0.10E+04
2.162	0.422333	-0.10E+04
2.165	0.422567	-0.10E+04
2.168	0.419333	-0.10E+04
2.171	0.419900	-0.10E+04
2.174	0.422000	-0.10E+04
2.177	0.420733	-0.10E+04
2.18	0.417233	-0.10E+04
2.183	0.417700	-0.10E+04
2.186	0.418767	-0.10E+04
2.189	0.420200	-0.10E+04
2.192	0.418367	-0.10E+04
2.195	0.420633	-0.10E+04
2.198	0.422367	-0.10E+04
2.201	0.423800	-0.10E+04
2.204	0.424433	-0.10E+04
2.207	0.424967	-0.10E+04
2.21	0.427100	-0.10E+04
2.213	0.427567	-0.10E+04
2.216	0.426367	-0.10E+04
2.219	0.426600	-0.10E+04
2.222	0.425300	-0.10E+04
2.225	0.427500	-0.10E+04
2.228	0.429700	-0.10E+04
2.231	0.429967	-0.10E+04
2.234	0.428400	-0.10E+04
2.237	0.430933	-0.10E+04
2.24	0.432167	-0.10E+04
2.243	0.432200	-0.10E+04
2.246	0.434800	-0.10E+04
2.249	0.435267	-0.10E+04
2.252	0.434100	-0.10E+04
2.255	0.435667	-0.10E+04
2.258	0.436500	-0.10E+04
2.261	0.438233	-0.10E+04
2.264	0.438933	-0.10E+04
2.267	0.441433	-0.10E+04
2.27	0.444200	-0.10E+04
2.273	0.443567	-0.10E+04
2.276	0.445100	-0.10E+04
2.279	0.443667	-0.10E+04
2.282	0.443333	-0.10E+04
2.285	0.442767	-0.10E+04
2.288	0.442767	-0.10E+04
2.291	0.444900	-0.10E+04
2.294	0.443967	-0.10E+04
2.297	0.443200	-0.10E+04
2.3	0.443067	-0.10E+04
2.303	0.443000	-0.10E+04
2.306	0.445533	-0.10E+04
2.309	0.445600	-0.10E+04
2.312	0.446367	-0.10E+04
2.315	0.444533	-0.10E+04
2.318	0.447667	-0.10E+04
2.321	0.451133	-0.10E+04
2.324	0.452467	-0.10E+04
2.327	0.450400	-0.10E+04
2.33	0.450300	-0.10E+04
2.333	0.450833	-0.10E+04
2.336	0.450733	-0.10E+04
2.339	0.451967	-0.10E+04
2.342	0.454000	-0.10E+04
2.345	0.454300	-0.10E+04
2.348	0.452433	-0.10E+04
2.351	0.455500	-0.10E+04
2.354	0.456633	-0.10E+04
2.357	0.454367	-0.10E+04
2.36	0.453667	-0.10E+04
2.363	0.457533	-0.10E+04
2.366	0.460533	-0.10E+04
2.369	0.458567	-0.10E+04
2.372	0.456567	-0.10E+04
2.375	0.457167	-0.10E+04
2.378	0.458733	-0.10E+04
2.381	0.457000	-0.10E+04
2.384	0.459033	-0.10E+04
2.387	0.462200	-0.10E+04
2.39	0.461133	-0.10E+04
2.393	0.461567	-0.10E+04
2.396	0.461667	-0.10E+04
2.399	0.459000	-0.10E+04
2.402	0.459300	-0.10E+04
2.405	0.460333	-0.10E+04
2.408	0.461133	-0.10E+04
2.411	0.460867	-0.10E+04
2.414	0.459167	-0.10E+04
2.417	0.462767	-0.10E+04
2.42	0.464167	-0.10E+04
2.423	0.463600	-0.10E+04
2.426	0.463167	-0.10E+04
2.429	0.462833	-0.10E+04
2.432	0.463500	-0.10E+04
2.435	0.461767	-0.10E+04
2.438	0.461700	-0.10E+04
2.441	0.462167	-0.10E+04
2.444	0.461800	-0.10E+04
2.447	0.463433	-0.10E+04
2.45	0.464733	-0.10E+04
2.453	0.466633	-0.10E+04
2.456	0.464667	-0.10E+04
2.459	0.463833	-0.10E+04
2.462	0.466500	-0.10E+04
2.465	0.466600	-0.10E+04
2.468	0.466200	-0.10E+04
2.471	0.468500	-0.10E+04
2.474	0.471333	-0.10E+04
2.477	0.472200	-0.10E+04
2.48	0.470300	-0.10E+04
2.483	0.467467	-0.10E+04
2.486	0.466667	-0.10E+04
2.489	0.466000	-0.10E+04
2.492	0.466600	-0.10E+04
2.495	0.465733	-0.10E+04
2.498	0.467367	-0.10E+04
