Brown University Keck/NASA Relab Spectrum LS-JBA-173-P1/wls378
Wavelength(micron)	Reflectance	Standard Deviation
0.35	0.216000	-0.10E+04
0.353	0.220000	-0.10E+04
0.356	0.221000	-0.10E+04
0.359	0.223000	-0.10E+04
0.362	0.225667	-0.10E+04
0.365	0.227000	-0.10E+04
0.368	0.229000	-0.10E+04
0.371	0.230000	-0.10E+04
0.374	0.232000	-0.10E+04
0.377	0.234000	-0.10E+04
0.38	0.235000	-0.10E+04
0.383	0.238000	-0.10E+04
0.386	0.238333	-0.10E+04
0.389	0.239000	-0.10E+04
0.392	0.241000	-0.10E+04
0.395	0.242000	-0.10E+04
0.398	0.245000	-0.10E+04
0.401	0.246000	-0.10E+04
0.404	0.248000	-0.10E+04
0.407	0.249333	-0.10E+04
0.41	0.250000	-0.10E+04
0.413	0.253000	-0.10E+04
0.416	0.253667	-0.10E+04
0.419	0.255000	-0.10E+04
0.422	0.256333	-0.10E+04
0.425	0.257000	-0.10E+04
0.428	0.260000	-0.10E+04
0.431	0.260667	-0.10E+04
0.434	0.262000	-0.10E+04
0.437	0.264000	-0.10E+04
0.44	0.265000	-0.10E+04
0.443	0.267000	-0.10E+04
0.446	0.267667	-0.10E+04
0.449	0.269000	-0.10E+04
0.452	0.269667	-0.10E+04
0.455	0.270000	-0.10E+04
0.458	0.272000	-0.10E+04
0.461	0.272667	-0.10E+04
0.464	0.274000	-0.10E+04
0.467	0.275333	-0.10E+04
0.47	0.276000	-0.10E+04
0.473	0.278000	-0.10E+04
0.476	0.278333	-0.10E+04
0.479	0.279000	-0.10E+04
0.482	0.279667	-0.10E+04
0.485	0.280000	-0.10E+04
0.488	0.283000	-0.10E+04
0.491	0.283000	-0.10E+04
0.494	0.283000	-0.10E+04
0.497	0.285000	-0.10E+04
0.5	0.286000	-0.10E+04
0.503	0.288000	-0.10E+04
0.506	0.288000	-0.10E+04
0.509	0.288000	-0.10E+04
0.512	0.289333	-0.10E+04
0.515	0.290000	-0.10E+04
0.518	0.292000	-0.10E+04
0.521	0.292667	-0.10E+04
0.524	0.294000	-0.10E+04
0.527	0.294667	-0.10E+04
0.53	0.295000	-0.10E+04
0.533	0.296000	-0.10E+04
0.536	0.296667	-0.10E+04
0.539	0.298000	-0.10E+04
0.542	0.299333	-0.10E+04
0.545	0.300000	-0.10E+04
0.548	0.301000	-0.10E+04
0.551	0.301333	-0.10E+04
0.554	0.302000	-0.10E+04
0.557	0.302667	-0.10E+04
0.56	0.303000	-0.10E+04
0.563	0.305000	-0.10E+04
0.566	0.305333	-0.10E+04
0.569	0.306000	-0.10E+04
0.572	0.307333	-0.10E+04
0.575	0.308000	-0.10E+04
0.578	0.309000	-0.10E+04
0.581	0.309667	-0.10E+04
0.584	0.311000	-0.10E+04
0.587	0.312333	-0.10E+04
0.59	0.313000	-0.10E+04
0.593	0.313000	-0.10E+04
0.596	0.313333	-0.10E+04
0.599	0.314000	-0.10E+04
0.602	0.314667	-0.10E+04
0.605	0.315000	-0.10E+04
0.608	0.321000	-0.10E+04
0.611	0.321333	-0.10E+04
0.614	0.322000	-0.10E+04
0.617	0.322667	-0.10E+04
0.62	0.323000	-0.10E+04
0.623	0.324000	-0.10E+04
0.626	0.324333	-0.10E+04
0.629	0.325000	-0.10E+04
0.632	0.326333	-0.10E+04
0.635	0.327000	-0.10E+04
0.638	0.329000	-0.10E+04
0.641	0.329667	-0.10E+04
0.644	0.331000	-0.10E+04
0.647	0.331667	-0.10E+04
0.65	0.332000	-0.10E+04
0.653	0.333000	-0.10E+04
0.656	0.333333	-0.10E+04
0.659	0.334000	-0.10E+04
0.662	0.334667	-0.10E+04
0.665	0.335000	-0.10E+04
0.668	0.337000	-0.10E+04
0.671	0.337333	-0.10E+04
0.674	0.338000	-0.10E+04
0.677	0.338667	-0.10E+04
0.68	0.339000	-0.10E+04
0.683	0.341000	-0.10E+04
0.686	0.341000	-0.10E+04
0.689	0.341000	-0.10E+04
0.692	0.341667	-0.10E+04
0.695	0.342000	-0.10E+04
0.698	0.343000	-0.10E+04
0.701	0.343333	-0.10E+04
0.704	0.344000	-0.10E+04
0.707	0.345333	-0.10E+04
0.71	0.346000	-0.10E+04
0.713	0.348000	-0.10E+04
0.716	0.348333	-0.10E+04
0.719	0.349000	-0.10E+04
0.722	0.349667	-0.10E+04
0.725	0.350000	-0.10E+04
0.728	0.351000	-0.10E+04
0.731	0.351333	-0.10E+04
0.734	0.352000	-0.10E+04
0.737	0.352000	-0.10E+04
0.74	0.352000	-0.10E+04
0.743	0.353000	-0.10E+04
0.746	0.353667	-0.10E+04
0.749	0.355000	-0.10E+04
0.752	0.355667	-0.10E+04
0.755	0.356000	-0.10E+04
0.758	0.356000	-0.10E+04
0.761	0.356667	-0.10E+04
0.764	0.358000	-0.10E+04
0.767	0.358667	-0.10E+04
0.77	0.359000	-0.10E+04
0.773	0.360000	-0.10E+04
0.776	0.360000	-0.10E+04
0.779	0.360000	-0.10E+04
0.782	0.360000	-0.10E+04
0.785	0.360000	-0.10E+04
0.788	0.360000	-0.10E+04
0.791	0.360000	-0.10E+04
0.794	0.360000	-0.10E+04
0.797	0.360000	-0.10E+04
0.8	0.360000	-0.10E+04
0.803	0.360000	-0.10E+04
0.806	0.360000	-0.10E+04
0.809	0.360000	-0.10E+04
0.812	0.359333	-0.10E+04
0.815	0.359000	-0.10E+04
0.818	0.359000	-0.10E+04
0.821	0.359000	-0.10E+04
0.824	0.359000	-0.10E+04
0.827	0.359000	-0.10E+04
0.83	0.359000	-0.10E+04
0.833	0.359000	-0.10E+04
0.836	0.359000	-0.10E+04
0.839	0.359000	-0.10E+04
0.842	0.359000	-0.10E+04
0.845	0.359000	-0.10E+04
0.848	0.359000	-0.10E+04
0.851	0.359000	-0.10E+04
0.854	0.359000	-0.10E+04
0.857	0.359000	-0.10E+04
0.86	0.359000	-0.10E+04
0.863	0.359000	-0.10E+04
0.866	0.359000	-0.10E+04
0.869	0.359000	-0.10E+04
0.872	0.359000	-0.10E+04
0.875	0.359000	-0.10E+04
0.878	0.359000	-0.10E+04
0.881	0.359000	-0.10E+04
0.884	0.359000	-0.10E+04
0.887	0.359667	-0.10E+04
0.89	0.360000	-0.10E+04
0.893	0.360000	-0.10E+04
0.896	0.360000	-0.10E+04
0.899	0.360000	-0.10E+04
0.902	0.360000	-0.10E+04
0.905	0.360000	-0.10E+04
0.908	0.360000	-0.10E+04
0.911	0.360333	-0.10E+04
0.914	0.361000	-0.10E+04
0.917	0.361000	-0.10E+04
0.92	0.361000	-0.10E+04
0.923	0.362000	-0.10E+04
0.926	0.362333	-0.10E+04
0.929	0.363000	-0.10E+04
0.932	0.363667	-0.10E+04
0.935	0.364000	-0.10E+04
0.938	0.365000	-0.10E+04
0.941	0.365333	-0.10E+04
0.944	0.366000	-0.10E+04
0.947	0.367333	-0.10E+04
0.95	0.368000	-0.10E+04
0.953	0.369000	-0.10E+04
0.956	0.369000	-0.10E+04
0.959	0.369000	-0.10E+04
0.962	0.369667	-0.10E+04
0.965	0.370000	-0.10E+04
0.968	0.372000	-0.10E+04
0.971	0.372333	-0.10E+04
0.974	0.373000	-0.10E+04
0.977	0.373667	-0.10E+04
0.98	0.374000	-0.10E+04
0.983	0.376000	-0.10E+04
0.986	0.376333	-0.10E+04
0.989	0.377000	-0.10E+04
0.992	0.377667	-0.10E+04
0.995	0.378000	-0.10E+04
0.998	0.378000	-0.10E+04
1.001	0.378667	-0.10E+04
1.004	0.380000	-0.10E+04
1.007	0.380667	-0.10E+04
1.01	0.381000	-0.10E+04
1.013	0.383000	-0.10E+04
1.016	0.383000	-0.10E+04
1.019	0.383000	-0.10E+04
1.022	0.384333	-0.10E+04
1.025	0.385000	-0.10E+04
1.028	0.386000	-0.10E+04
1.031	0.386333	-0.10E+04
1.034	0.387000	-0.10E+04
1.037	0.388333	-0.10E+04
1.04	0.389000	-0.10E+04
1.043	0.390000	-0.10E+04
1.046	0.390333	-0.10E+04
1.049	0.391000	-0.10E+04
1.052	0.391667	-0.10E+04
1.055	0.392000	-0.10E+04
1.058	0.393000	-0.10E+04
1.061	0.393333	-0.10E+04
1.064	0.394000	-0.10E+04
1.067	0.394667	-0.10E+04
1.07	0.395000	-0.10E+04
1.073	0.395000	-0.10E+04
1.076	0.395667	-0.10E+04
1.079	0.397000	-0.10E+04
1.082	0.397667	-0.10E+04
1.085	0.398000	-0.10E+04
1.088	0.399000	-0.10E+04
1.091	0.399333	-0.10E+04
1.094	0.400000	-0.10E+04
1.097	0.400000	-0.10E+04
1.1	0.400000	-0.10E+04
1.103	0.402000	-0.10E+04
1.106	0.402333	-0.10E+04
1.109	0.403000	-0.10E+04
1.112	0.403000	-0.10E+04
1.115	0.403000	-0.10E+04
1.118	0.405000	-0.10E+04
1.121	0.405333	-0.10E+04
1.124	0.406000	-0.10E+04
1.127	0.406667	-0.10E+04
1.13	0.407000	-0.10E+04
1.133	0.408000	-0.10E+04
1.136	0.408000	-0.10E+04
1.139	0.408000	-0.10E+04
1.142	0.408000	-0.10E+04
1.145	0.408000	-0.10E+04
1.148	0.409000	-0.10E+04
1.151	0.409000	-0.10E+04
1.154	0.409000	-0.10E+04
1.157	0.410333	-0.10E+04
1.16	0.411000	-0.10E+04
1.163	0.411000	-0.10E+04
1.166	0.411333	-0.10E+04
1.169	0.412000	-0.10E+04
1.172	0.412667	-0.10E+04
1.175	0.413000	-0.10E+04
1.178	0.414000	-0.10E+04
1.181	0.414333	-0.10E+04
1.184	0.415000	-0.10E+04
1.187	0.415667	-0.10E+04
1.19	0.416000	-0.10E+04
1.193	0.416000	-0.10E+04
1.196	0.416000	-0.10E+04
1.199	0.416000	-0.10E+04
1.202	0.416667	-0.10E+04
1.205	0.417000	-0.10E+04
1.208	0.417000	-0.10E+04
1.211	0.417333	-0.10E+04
1.214	0.418000	-0.10E+04
1.217	0.418667	-0.10E+04
1.22	0.419000	-0.10E+04
1.223	0.419000	-0.10E+04
1.226	0.419000	-0.10E+04
1.229	0.419000	-0.10E+04
1.232	0.419667	-0.10E+04
1.235	0.420000	-0.10E+04
1.238	0.421000	-0.10E+04
1.241	0.421667	-0.10E+04
1.244	0.423000	-0.10E+04
1.247	0.423000	-0.10E+04
1.25	0.423000	-0.10E+04
1.253	0.424000	-0.10E+04
1.256	0.424333	-0.10E+04
1.259	0.425000	-0.10E+04
1.262	0.425000	-0.10E+04
1.265	0.425000	-0.10E+04
1.268	0.426000	-0.10E+04
1.271	0.426000	-0.10E+04
1.274	0.426000	-0.10E+04
1.277	0.426000	-0.10E+04
1.28	0.426000	-0.10E+04
1.283	0.428000	-0.10E+04
1.286	0.428000	-0.10E+04
1.289	0.428000	-0.10E+04
1.292	0.428000	-0.10E+04
1.295	0.428000	-0.10E+04
1.298	0.429000	-0.10E+04
1.301	0.429667	-0.10E+04
1.304	0.431000	-0.10E+04
1.307	0.431000	-0.10E+04
1.31	0.431000	-0.10E+04
1.313	0.433000	-0.10E+04
1.316	0.433000	-0.10E+04
1.319	0.433000	-0.10E+04
1.322	0.433667	-0.10E+04
1.325	0.434000	-0.10E+04
1.328	0.434000	-0.10E+04
1.331	0.434333	-0.10E+04
1.334	0.435000	-0.10E+04
1.337	0.435667	-0.10E+04
1.34	0.436000	-0.10E+04
1.343	0.437000	-0.10E+04
1.346	0.437000	-0.10E+04
1.349	0.437000	-0.10E+04
1.352	0.437667	-0.10E+04
1.355	0.438000	-0.10E+04
1.358	0.440000	-0.10E+04
1.361	0.440333	-0.10E+04
1.364	0.441000	-0.10E+04
1.367	0.441667	-0.10E+04
1.37	0.442000	-0.10E+04
1.373	0.442000	-0.10E+04
1.376	0.442333	-0.10E+04
1.379	0.443000	-0.10E+04
1.382	0.443667	-0.10E+04
1.385	0.444000	-0.10E+04
1.388	0.444000	-0.10E+04
1.391	0.444333	-0.10E+04
1.394	0.445000	-0.10E+04
1.397	0.446333	-0.10E+04
1.4	0.447000	-0.10E+04
1.403	0.447000	-0.10E+04
1.406	0.446667	-0.10E+04
1.409	0.446000	-0.10E+04
1.412	0.447333	-0.10E+04
1.415	0.448000	-0.10E+04
1.418	0.449000	-0.10E+04
1.421	0.449333	-0.10E+04
1.424	0.450000	-0.10E+04
1.427	0.450667	-0.10E+04
1.43	0.451000	-0.10E+04
1.433	0.451000	-0.10E+04
1.436	0.451000	-0.10E+04
1.439	0.451000	-0.10E+04
1.442	0.451667	-0.10E+04
1.445	0.452000	-0.10E+04
1.448	0.453000	-0.10E+04
1.451	0.453000	-0.10E+04
1.454	0.453000	-0.10E+04
1.457	0.453000	-0.10E+04
1.46	0.453000	-0.10E+04
1.463	0.453000	-0.10E+04
1.466	0.453333	-0.10E+04
1.469	0.454000	-0.10E+04
1.472	0.454000	-0.10E+04
1.475	0.454000	-0.10E+04
1.478	0.454000	-0.10E+04
1.481	0.454667	-0.10E+04
1.484	0.456000	-0.10E+04
1.487	0.456000	-0.10E+04
1.49	0.456000	-0.10E+04
1.493	0.456000	-0.10E+04
1.496	0.456333	-0.10E+04
1.499	0.457000	-0.10E+04
1.502	0.457667	-0.10E+04
1.505	0.458000	-0.10E+04
1.508	0.458000	-0.10E+04
1.511	0.458333	-0.10E+04
1.514	0.459000	-0.10E+04
1.517	0.459000	-0.10E+04
1.52	0.459000	-0.10E+04
1.523	0.460000	-0.10E+04
1.526	0.460333	-0.10E+04
1.529	0.461000	-0.10E+04
1.532	0.461000	-0.10E+04
1.535	0.461000	-0.10E+04
1.538	0.461000	-0.10E+04
1.541	0.461000	-0.10E+04
1.544	0.461000	-0.10E+04
1.547	0.461667	-0.10E+04
1.55	0.462000	-0.10E+04
1.553	0.462000	-0.10E+04
1.556	0.462000	-0.10E+04
1.559	0.462000	-0.10E+04
1.562	0.462667	-0.10E+04
1.565	0.463000	-0.10E+04
1.568	0.463000	-0.10E+04
1.571	0.463000	-0.10E+04
1.574	0.463000	-0.10E+04
1.577	0.463000	-0.10E+04
1.58	0.463000	-0.10E+04
1.583	0.464000	-0.10E+04
1.586	0.464000	-0.10E+04
1.589	0.464000	-0.10E+04
1.592	0.463333	-0.10E+04
1.595	0.463000	-0.10E+04
1.598	0.463000	-0.10E+04
1.601	0.463333	-0.10E+04
1.604	0.464000	-0.10E+04
1.607	0.464667	-0.10E+04
1.61	0.465000	-0.10E+04
1.613	0.465000	-0.10E+04
1.616	0.465000	-0.10E+04
1.619	0.465000	-0.10E+04
1.622	0.465000	-0.10E+04
1.625	0.465000	-0.10E+04
1.628	0.466000	-0.10E+04
1.631	0.466000	-0.10E+04
1.634	0.466000	-0.10E+04
1.637	0.466000	-0.10E+04
1.64	0.466000	-0.10E+04
1.643	0.466000	-0.10E+04
1.646	0.466333	-0.10E+04
1.649	0.467000	-0.10E+04
1.652	0.467000	-0.10E+04
1.655	0.467000	-0.10E+04
1.658	0.467000	-0.10E+04
1.661	0.467000	-0.10E+04
1.664	0.467000	-0.10E+04
1.667	0.467667	-0.10E+04
1.67	0.468000	-0.10E+04
1.673	0.468000	-0.10E+04
1.676	0.468000	-0.10E+04
1.679	0.468000	-0.10E+04
1.682	0.468000	-0.10E+04
1.685	0.468000	-0.10E+04
1.688	0.468000	-0.10E+04
1.691	0.468333	-0.10E+04
1.694	0.469000	-0.10E+04
1.697	0.469000	-0.10E+04
1.7	0.469000	-0.10E+04
1.703	0.469000	-0.10E+04
1.706	0.469000	-0.10E+04
1.709	0.469000	-0.10E+04
1.712	0.469000	-0.10E+04
1.715	0.469000	-0.10E+04
1.718	0.470000	-0.10E+04
1.721	0.470000	-0.10E+04
1.724	0.470000	-0.10E+04
1.727	0.470000	-0.10E+04
1.73	0.470000	-0.10E+04
1.733	0.470000	-0.10E+04
1.736	0.470000	-0.10E+04
1.739	0.470000	-0.10E+04
1.742	0.470000	-0.10E+04
1.745	0.470000	-0.10E+04
1.748	0.470000	-0.10E+04
1.751	0.470000	-0.10E+04
1.754	0.470000	-0.10E+04
1.757	0.470000	-0.10E+04
1.76	0.470000	-0.10E+04
1.763	0.470000	-0.10E+04
1.766	0.470333	-0.10E+04
1.769	0.471000	-0.10E+04
1.772	0.471000	-0.10E+04
1.775	0.471000	-0.10E+04
1.778	0.471000	-0.10E+04
1.781	0.471000	-0.10E+04
1.784	0.471000	-0.10E+04
1.787	0.471000	-0.10E+04
1.79	0.471000	-0.10E+04
1.793	0.471000	-0.10E+04
1.796	0.471000	-0.10E+04
1.799	0.471000	-0.10E+04
1.802	0.471667	-0.10E+04
1.805	0.472000	-0.10E+04
1.808	0.473000	-0.10E+04
1.811	0.473000	-0.10E+04
1.814	0.473000	-0.10E+04
1.817	0.473000	-0.10E+04
1.82	0.473000	-0.10E+04
1.823	0.473000	-0.10E+04
1.826	0.473333	-0.10E+04
1.829	0.474000	-0.10E+04
1.832	0.474667	-0.10E+04
1.835	0.475000	-0.10E+04
1.838	0.475000	-0.10E+04
1.841	0.475333	-0.10E+04
1.844	0.476000	-0.10E+04
1.847	0.476000	-0.10E+04
1.85	0.476000	-0.10E+04
1.853	0.476000	-0.10E+04
1.856	0.476333	-0.10E+04
1.859	0.477000	-0.10E+04
1.862	0.477667	-0.10E+04
1.865	0.478000	-0.10E+04
1.868	0.478000	-0.10E+04
1.871	0.478000	-0.10E+04
1.874	0.478000	-0.10E+04
1.877	0.478000	-0.10E+04
1.88	0.478000	-0.10E+04
1.883	0.479000	-0.10E+04
1.886	0.479000	-0.10E+04
1.889	0.479000	-0.10E+04
1.892	0.479000	-0.10E+04
1.895	0.479000	-0.10E+04
1.898	0.480000	-0.10E+04
1.901	0.480000	-0.10E+04
1.904	0.480000	-0.10E+04
1.907	0.480667	-0.10E+04
1.91	0.481000	-0.10E+04
1.913	0.481000	-0.10E+04
1.916	0.481000	-0.10E+04
1.919	0.481000	-0.10E+04
1.922	0.481667	-0.10E+04
1.925	0.482000	-0.10E+04
1.928	0.482000	-0.10E+04
1.931	0.482000	-0.10E+04
1.934	0.482000	-0.10E+04
1.937	0.482000	-0.10E+04
1.94	0.482000	-0.10E+04
1.943	0.482000	-0.10E+04
1.946	0.482333	-0.10E+04
1.949	0.483000	-0.10E+04
1.952	0.483000	-0.10E+04
1.955	0.483000	-0.10E+04
1.958	0.483000	-0.10E+04
1.961	0.483333	-0.10E+04
1.964	0.484000	-0.10E+04
1.967	0.484000	-0.10E+04
1.97	0.484000	-0.10E+04
1.973	0.484000	-0.10E+04
1.976	0.484000	-0.10E+04
1.979	0.484000	-0.10E+04
1.982	0.484667	-0.10E+04
1.985	0.485000	-0.10E+04
1.988	0.485000	-0.10E+04
1.991	0.485333	-0.10E+04
1.994	0.486000	-0.10E+04
1.997	0.486667	-0.10E+04
2	0.487000	-0.10E+04
2.003	0.487000	-0.10E+04
2.006	0.487000	-0.10E+04
2.009	0.487000	-0.10E+04
2.012	0.487667	-0.10E+04
2.015	0.488000	-0.10E+04
2.018	0.488000	-0.10E+04
2.021	0.488000	-0.10E+04
2.024	0.488000	-0.10E+04
2.027	0.488000	-0.10E+04
2.03	0.488000	-0.10E+04
2.033	0.490000	-0.10E+04
2.036	0.490000	-0.10E+04
2.039	0.490000	-0.10E+04
2.042	0.490667	-0.10E+04
2.045	0.491000	-0.10E+04
2.048	0.491000	-0.10E+04
2.051	0.491333	-0.10E+04
2.054	0.492000	-0.10E+04
2.057	0.492000	-0.10E+04
2.06	0.492000	-0.10E+04
2.063	0.493000	-0.10E+04
2.066	0.493000	-0.10E+04
2.069	0.493000	-0.10E+04
2.072	0.493667	-0.10E+04
2.075	0.494000	-0.10E+04
2.078	0.495000	-0.10E+04
2.081	0.495000	-0.10E+04
2.084	0.495000	-0.10E+04
2.087	0.495000	-0.10E+04
2.09	0.495000	-0.10E+04
2.093	0.496000	-0.10E+04
2.096	0.496000	-0.10E+04
2.099	0.496000	-0.10E+04
2.102	0.497333	-0.10E+04
2.105	0.498000	-0.10E+04
2.108	0.498000	-0.10E+04
2.111	0.498333	-0.10E+04
2.114	0.499000	-0.10E+04
2.117	0.500333	-0.10E+04
2.12	0.501000	-0.10E+04
2.123	0.501000	-0.10E+04
2.126	0.501000	-0.10E+04
2.129	0.501000	-0.10E+04
2.132	0.501000	-0.10E+04
2.135	0.501000	-0.10E+04
2.138	0.501000	-0.10E+04
2.141	0.501000	-0.10E+04
2.144	0.501000	-0.10E+04
2.147	0.501667	-0.10E+04
2.15	0.502000	-0.10E+04
2.153	0.503000	-0.10E+04
2.156	0.503333	-0.10E+04
2.159	0.504000	-0.10E+04
2.162	0.504667	-0.10E+04
2.165	0.505000	-0.10E+04
2.168	0.505000	-0.10E+04
2.171	0.505667	-0.10E+04
2.174	0.507000	-0.10E+04
2.177	0.507000	-0.10E+04
2.18	0.507000	-0.10E+04
2.183	0.508000	-0.10E+04
2.186	0.508333	-0.10E+04
2.189	0.509000	-0.10E+04
2.192	0.509000	-0.10E+04
2.195	0.509000	-0.10E+04
2.198	0.509000	-0.10E+04
2.201	0.509333	-0.10E+04
2.204	0.510000	-0.10E+04
2.207	0.510000	-0.10E+04
2.21	0.510000	-0.10E+04
2.213	0.511000	-0.10E+04
2.216	0.511333	-0.10E+04
2.219	0.512000	-0.10E+04
2.222	0.512667	-0.10E+04
2.225	0.513000	-0.10E+04
2.228	0.513000	-0.10E+04
2.231	0.513667	-0.10E+04
2.234	0.515000	-0.10E+04
2.237	0.515667	-0.10E+04
2.24	0.516000	-0.10E+04
2.243	0.516000	-0.10E+04
2.246	0.516333	-0.10E+04
2.249	0.517000	-0.10E+04
2.252	0.517667	-0.10E+04
2.255	0.518000	-0.10E+04
2.258	0.518000	-0.10E+04
2.261	0.518000	-0.10E+04
2.264	0.518000	-0.10E+04
2.267	0.518667	-0.10E+04
2.27	0.519000	-0.10E+04
2.273	0.520000	-0.10E+04
2.276	0.520333	-0.10E+04
2.279	0.521000	-0.10E+04
2.282	0.521667	-0.10E+04
2.285	0.522000	-0.10E+04
2.288	0.523000	-0.10E+04
2.291	0.523333	-0.10E+04
2.294	0.524000	-0.10E+04
2.297	0.524667	-0.10E+04
2.3	0.525000	-0.10E+04
2.303	0.526000	-0.10E+04
2.306	0.526000	-0.10E+04
2.309	0.526000	-0.10E+04
2.312	0.526667	-0.10E+04
2.315	0.527000	-0.10E+04
2.318	0.527000	-0.10E+04
2.321	0.527333	-0.10E+04
2.324	0.528000	-0.10E+04
2.327	0.528667	-0.10E+04
2.33	0.529000	-0.10E+04
2.333	0.530000	-0.10E+04
2.336	0.530000	-0.10E+04
2.339	0.530000	-0.10E+04
2.342	0.530000	-0.10E+04
2.345	0.530000	-0.10E+04
2.348	0.532000	-0.10E+04
2.351	0.532000	-0.10E+04
2.354	0.532000	-0.10E+04
2.357	0.532667	-0.10E+04
2.36	0.533000	-0.10E+04
2.363	0.533000	-0.10E+04
2.366	0.533333	-0.10E+04
2.369	0.534000	-0.10E+04
2.372	0.534000	-0.10E+04
2.375	0.534000	-0.10E+04
2.378	0.535000	-0.10E+04
2.381	0.535000	-0.10E+04
2.384	0.535000	-0.10E+04
2.387	0.535667	-0.10E+04
2.39	0.536000	-0.10E+04
2.393	0.536000	-0.10E+04
2.396	0.536333	-0.10E+04
2.399	0.537000	-0.10E+04
2.402	0.537667	-0.10E+04
2.405	0.538000	-0.10E+04
2.408	0.538000	-0.10E+04
2.411	0.538000	-0.10E+04
2.414	0.538000	-0.10E+04
2.417	0.538000	-0.10E+04
2.42	0.538000	-0.10E+04
2.423	0.540000	-0.10E+04
2.426	0.540333	-0.10E+04
2.429	0.541000	-0.10E+04
2.432	0.541000	-0.10E+04
2.435	0.541000	-0.10E+04
2.438	0.543000	-0.10E+04
2.441	0.543000	-0.10E+04
2.444	0.543000	-0.10E+04
2.447	0.543667	-0.10E+04
2.45	0.544000	-0.10E+04
2.453	0.544000	-0.10E+04
2.456	0.544000	-0.10E+04
2.459	0.544000	-0.10E+04
2.462	0.544667	-0.10E+04
2.465	0.545000	-0.10E+04
2.468	0.546000	-0.10E+04
2.471	0.546000	-0.10E+04
2.474	0.546000	-0.10E+04
2.477	0.546000	-0.10E+04
2.48	0.546000	-0.10E+04
2.483	0.547000	-0.10E+04
2.486	0.547333	-0.10E+04
2.489	0.548000	-0.10E+04
2.492	0.548667	-0.10E+04
2.495	0.549000	-0.10E+04
2.498	0.549000	-0.10E+04
