Brown University Keck/NASA Relab Spectrum LS-JBA-220-P2/wls369
Wavelength(micron)	Reflectance	Standard Deviation
0.35	0.148000	-0.10E+04
0.353	0.151000	-0.10E+04
0.356	0.152000	-0.10E+04
0.359	0.154000	-0.10E+04
0.362	0.155333	-0.10E+04
0.365	0.156000	-0.10E+04
0.368	0.159000	-0.10E+04
0.371	0.159333	-0.10E+04
0.374	0.160000	-0.10E+04
0.377	0.162000	-0.10E+04
0.38	0.163000	-0.10E+04
0.383	0.165000	-0.10E+04
0.386	0.165667	-0.10E+04
0.389	0.167000	-0.10E+04
0.392	0.168333	-0.10E+04
0.395	0.169000	-0.10E+04
0.398	0.170000	-0.10E+04
0.401	0.171000	-0.10E+04
0.404	0.173000	-0.10E+04
0.407	0.174333	-0.10E+04
0.41	0.175000	-0.10E+04
0.413	0.177000	-0.10E+04
0.416	0.177667	-0.10E+04
0.419	0.179000	-0.10E+04
0.422	0.180333	-0.10E+04
0.425	0.181000	-0.10E+04
0.428	0.183000	-0.10E+04
0.431	0.183667	-0.10E+04
0.434	0.185000	-0.10E+04
0.437	0.185667	-0.10E+04
0.44	0.186000	-0.10E+04
0.443	0.187000	-0.10E+04
0.446	0.187667	-0.10E+04
0.449	0.189000	-0.10E+04
0.452	0.191000	-0.10E+04
0.455	0.192000	-0.10E+04
0.458	0.193000	-0.10E+04
0.461	0.193333	-0.10E+04
0.464	0.194000	-0.10E+04
0.467	0.194667	-0.10E+04
0.47	0.195000	-0.10E+04
0.473	0.196000	-0.10E+04
0.476	0.196333	-0.10E+04
0.479	0.197000	-0.10E+04
0.482	0.198333	-0.10E+04
0.485	0.199000	-0.10E+04
0.488	0.200000	-0.10E+04
0.491	0.200667	-0.10E+04
0.494	0.202000	-0.10E+04
0.497	0.202667	-0.10E+04
0.5	0.203000	-0.10E+04
0.503	0.203000	-0.10E+04
0.506	0.203333	-0.10E+04
0.509	0.204000	-0.10E+04
0.512	0.204667	-0.10E+04
0.515	0.205000	-0.10E+04
0.518	0.206000	-0.10E+04
0.521	0.206333	-0.10E+04
0.524	0.207000	-0.10E+04
0.527	0.208333	-0.10E+04
0.53	0.209000	-0.10E+04
0.533	0.210000	-0.10E+04
0.536	0.210333	-0.10E+04
0.539	0.211000	-0.10E+04
0.542	0.211667	-0.10E+04
0.545	0.212000	-0.10E+04
0.548	0.213000	-0.10E+04
0.551	0.213333	-0.10E+04
0.554	0.214000	-0.10E+04
0.557	0.214000	-0.10E+04
0.56	0.214000	-0.10E+04
0.563	0.215000	-0.10E+04
0.566	0.215333	-0.10E+04
0.569	0.216000	-0.10E+04
0.572	0.217333	-0.10E+04
0.575	0.218000	-0.10E+04
0.578	0.219000	-0.10E+04
0.581	0.219333	-0.10E+04
0.584	0.220000	-0.10E+04
0.587	0.220667	-0.10E+04
0.59	0.221000	-0.10E+04
0.593	0.222000	-0.10E+04
0.596	0.222000	-0.10E+04
0.599	0.222000	-0.10E+04
0.602	0.223333	-0.10E+04
0.605	0.224000	-0.10E+04
0.608	0.224000	-0.10E+04
0.611	0.224667	-0.10E+04
0.614	0.226000	-0.10E+04
0.617	0.226667	-0.10E+04
0.62	0.227000	-0.10E+04
0.623	0.229000	-0.10E+04
0.626	0.229333	-0.10E+04
0.629	0.230000	-0.10E+04
0.632	0.230667	-0.10E+04
0.635	0.231000	-0.10E+04
0.638	0.232000	-0.10E+04
0.641	0.232000	-0.10E+04
0.644	0.232000	-0.10E+04
0.647	0.232667	-0.10E+04
0.65	0.233000	-0.10E+04
0.653	0.234000	-0.10E+04
0.656	0.234333	-0.10E+04
0.659	0.235000	-0.10E+04
0.662	0.235667	-0.10E+04
0.665	0.236000	-0.10E+04
0.668	0.238000	-0.10E+04
0.671	0.238333	-0.10E+04
0.674	0.239000	-0.10E+04
0.677	0.239667	-0.10E+04
0.68	0.240000	-0.10E+04
0.683	0.241000	-0.10E+04
0.686	0.241000	-0.10E+04
0.689	0.241000	-0.10E+04
0.692	0.241000	-0.10E+04
0.695	0.241000	-0.10E+04
0.698	0.243000	-0.10E+04
0.701	0.243333	-0.10E+04
0.704	0.244000	-0.10E+04
0.707	0.244667	-0.10E+04
0.71	0.245000	-0.10E+04
0.713	0.246000	-0.10E+04
0.716	0.246667	-0.10E+04
0.719	0.248000	-0.10E+04
0.722	0.248667	-0.10E+04
0.725	0.249000	-0.10E+04
0.728	0.249000	-0.10E+04
0.731	0.249667	-0.10E+04
0.734	0.251000	-0.10E+04
0.737	0.251000	-0.10E+04
0.74	0.251000	-0.10E+04
0.743	0.252000	-0.10E+04
0.746	0.252333	-0.10E+04
0.749	0.253000	-0.10E+04
0.752	0.253000	-0.10E+04
0.755	0.253000	-0.10E+04
0.758	0.254000	-0.10E+04
0.761	0.254333	-0.10E+04
0.764	0.255000	-0.10E+04
0.767	0.255000	-0.10E+04
0.77	0.255000	-0.10E+04
0.773	0.256000	-0.10E+04
0.776	0.256333	-0.10E+04
0.779	0.257000	-0.10E+04
0.782	0.257000	-0.10E+04
0.785	0.257000	-0.10E+04
0.788	0.258000	-0.10E+04
0.791	0.258000	-0.10E+04
0.794	0.258000	-0.10E+04
0.797	0.258000	-0.10E+04
0.8	0.258000	-0.10E+04
0.803	0.258000	-0.10E+04
0.806	0.258000	-0.10E+04
0.809	0.258000	-0.10E+04
0.812	0.258000	-0.10E+04
0.815	0.258000	-0.10E+04
0.818	0.258000	-0.10E+04
0.821	0.258000	-0.10E+04
0.824	0.258000	-0.10E+04
0.827	0.258000	-0.10E+04
0.83	0.258000	-0.10E+04
0.833	0.258000	-0.10E+04
0.836	0.258000	-0.10E+04
0.839	0.258000	-0.10E+04
0.842	0.258000	-0.10E+04
0.845	0.258000	-0.10E+04
0.848	0.258000	-0.10E+04
0.851	0.258000	-0.10E+04
0.854	0.258000	-0.10E+04
0.857	0.258000	-0.10E+04
0.86	0.258000	-0.10E+04
0.863	0.259000	-0.10E+04
0.866	0.259000	-0.10E+04
0.869	0.259000	-0.10E+04
0.872	0.259000	-0.10E+04
0.875	0.259000	-0.10E+04
0.878	0.259000	-0.10E+04
0.881	0.259000	-0.10E+04
0.884	0.259000	-0.10E+04
0.887	0.259667	-0.10E+04
0.89	0.260000	-0.10E+04
0.893	0.260000	-0.10E+04
0.896	0.260000	-0.10E+04
0.899	0.260000	-0.10E+04
0.902	0.260667	-0.10E+04
0.905	0.261000	-0.10E+04
0.908	0.261000	-0.10E+04
0.911	0.261000	-0.10E+04
0.914	0.261000	-0.10E+04
0.917	0.261000	-0.10E+04
0.92	0.261000	-0.10E+04
0.923	0.262000	-0.10E+04
0.926	0.262333	-0.10E+04
0.929	0.263000	-0.10E+04
0.932	0.263000	-0.10E+04
0.935	0.263000	-0.10E+04
0.938	0.263000	-0.10E+04
0.941	0.263333	-0.10E+04
0.944	0.264000	-0.10E+04
0.947	0.265333	-0.10E+04
0.95	0.266000	-0.10E+04
0.953	0.266000	-0.10E+04
0.956	0.266333	-0.10E+04
0.959	0.267000	-0.10E+04
0.962	0.267667	-0.10E+04
0.965	0.268000	-0.10E+04
0.968	0.269000	-0.10E+04
0.971	0.269333	-0.10E+04
0.974	0.270000	-0.10E+04
0.977	0.270667	-0.10E+04
0.98	0.271000	-0.10E+04
0.983	0.271000	-0.10E+04
0.986	0.271333	-0.10E+04
0.989	0.272000	-0.10E+04
0.992	0.273333	-0.10E+04
0.995	0.274000	-0.10E+04
0.998	0.275000	-0.10E+04
1.001	0.275333	-0.10E+04
1.004	0.276000	-0.10E+04
1.007	0.276667	-0.10E+04
1.01	0.277000	-0.10E+04
1.013	0.278000	-0.10E+04
1.016	0.278333	-0.10E+04
1.019	0.279000	-0.10E+04
1.022	0.279000	-0.10E+04
1.025	0.279000	-0.10E+04
1.028	0.280000	-0.10E+04
1.031	0.280000	-0.10E+04
1.034	0.280000	-0.10E+04
1.037	0.281333	-0.10E+04
1.04	0.282000	-0.10E+04
1.043	0.283000	-0.10E+04
1.046	0.283333	-0.10E+04
1.049	0.284000	-0.10E+04
1.052	0.284667	-0.10E+04
1.055	0.285000	-0.10E+04
1.058	0.286000	-0.10E+04
1.061	0.286333	-0.10E+04
1.064	0.287000	-0.10E+04
1.067	0.287667	-0.10E+04
1.07	0.288000	-0.10E+04
1.073	0.288000	-0.10E+04
1.076	0.288000	-0.10E+04
1.079	0.288000	-0.10E+04
1.082	0.288667	-0.10E+04
1.085	0.289000	-0.10E+04
1.088	0.290000	-0.10E+04
1.091	0.290333	-0.10E+04
1.094	0.291000	-0.10E+04
1.097	0.291667	-0.10E+04
1.1	0.292000	-0.10E+04
1.103	0.293000	-0.10E+04
1.106	0.293333	-0.10E+04
1.109	0.294000	-0.10E+04
1.112	0.294667	-0.10E+04
1.115	0.295000	-0.10E+04
1.118	0.295000	-0.10E+04
1.121	0.295333	-0.10E+04
1.124	0.296000	-0.10E+04
1.127	0.296667	-0.10E+04
1.13	0.297000	-0.10E+04
1.133	0.297000	-0.10E+04
1.136	0.297333	-0.10E+04
1.139	0.298000	-0.10E+04
1.142	0.298667	-0.10E+04
1.145	0.299000	-0.10E+04
1.148	0.300000	-0.10E+04
1.151	0.300000	-0.10E+04
1.154	0.300000	-0.10E+04
1.157	0.300000	-0.10E+04
1.16	0.300000	-0.10E+04
1.163	0.301000	-0.10E+04
1.166	0.301333	-0.10E+04
1.169	0.302000	-0.10E+04
1.172	0.302667	-0.10E+04
1.175	0.303000	-0.10E+04
1.178	0.304000	-0.10E+04
1.181	0.304000	-0.10E+04
1.184	0.304000	-0.10E+04
1.187	0.304000	-0.10E+04
1.19	0.304000	-0.10E+04
1.193	0.305000	-0.10E+04
1.196	0.305333	-0.10E+04
1.199	0.306000	-0.10E+04
1.202	0.306000	-0.10E+04
1.205	0.306000	-0.10E+04
1.208	0.307000	-0.10E+04
1.211	0.307000	-0.10E+04
1.214	0.307000	-0.10E+04
1.217	0.307667	-0.10E+04
1.22	0.308000	-0.10E+04
1.223	0.308000	-0.10E+04
1.226	0.308333	-0.10E+04
1.229	0.309000	-0.10E+04
1.232	0.309000	-0.10E+04
1.235	0.309000	-0.10E+04
1.238	0.309000	-0.10E+04
1.241	0.309333	-0.10E+04
1.244	0.310000	-0.10E+04
1.247	0.311333	-0.10E+04
1.25	0.312000	-0.10E+04
1.253	0.312000	-0.10E+04
1.256	0.312333	-0.10E+04
1.259	0.313000	-0.10E+04
1.262	0.313667	-0.10E+04
1.265	0.314000	-0.10E+04
1.268	0.314000	-0.10E+04
1.271	0.314000	-0.10E+04
1.274	0.314000	-0.10E+04
1.277	0.314667	-0.10E+04
1.28	0.315000	-0.10E+04
1.283	0.315000	-0.10E+04
1.286	0.315333	-0.10E+04
1.289	0.316000	-0.10E+04
1.292	0.316667	-0.10E+04
1.295	0.317000	-0.10E+04
1.298	0.317000	-0.10E+04
1.301	0.317333	-0.10E+04
1.304	0.318000	-0.10E+04
1.307	0.318667	-0.10E+04
1.31	0.319000	-0.10E+04
1.313	0.320000	-0.10E+04
1.316	0.320333	-0.10E+04
1.319	0.321000	-0.10E+04
1.322	0.321667	-0.10E+04
1.325	0.322000	-0.10E+04
1.328	0.323000	-0.10E+04
1.331	0.323000	-0.10E+04
1.334	0.323000	-0.10E+04
1.337	0.323667	-0.10E+04
1.34	0.324000	-0.10E+04
1.343	0.324000	-0.10E+04
1.346	0.324333	-0.10E+04
1.349	0.325000	-0.10E+04
1.352	0.325000	-0.10E+04
1.355	0.325000	-0.10E+04
1.358	0.326000	-0.10E+04
1.361	0.326000	-0.10E+04
1.364	0.326000	-0.10E+04
1.367	0.326000	-0.10E+04
1.37	0.326000	-0.10E+04
1.373	0.327000	-0.10E+04
1.376	0.327333	-0.10E+04
1.379	0.328000	-0.10E+04
1.382	0.329333	-0.10E+04
1.385	0.330000	-0.10E+04
1.388	0.331000	-0.10E+04
1.391	0.331000	-0.10E+04
1.394	0.331000	-0.10E+04
1.397	0.331667	-0.10E+04
1.4	0.332000	-0.10E+04
1.403	0.332000	-0.10E+04
1.406	0.332000	-0.10E+04
1.409	0.332000	-0.10E+04
1.412	0.333333	-0.10E+04
1.415	0.334000	-0.10E+04
1.418	0.334000	-0.10E+04
1.421	0.334000	-0.10E+04
1.424	0.334000	-0.10E+04
1.427	0.334667	-0.10E+04
1.43	0.335000	-0.10E+04
1.433	0.335000	-0.10E+04
1.436	0.335000	-0.10E+04
1.439	0.335000	-0.10E+04
1.442	0.335000	-0.10E+04
1.445	0.335000	-0.10E+04
1.448	0.336000	-0.10E+04
1.451	0.336333	-0.10E+04
1.454	0.337000	-0.10E+04
1.457	0.337667	-0.10E+04
1.46	0.338000	-0.10E+04
1.463	0.338000	-0.10E+04
1.466	0.338333	-0.10E+04
1.469	0.339000	-0.10E+04
1.472	0.339000	-0.10E+04
1.475	0.339000	-0.10E+04
1.478	0.340000	-0.10E+04
1.481	0.340333	-0.10E+04
1.484	0.341000	-0.10E+04
1.487	0.341000	-0.10E+04
1.49	0.341000	-0.10E+04
1.493	0.341000	-0.10E+04
1.496	0.341333	-0.10E+04
1.499	0.342000	-0.10E+04
1.502	0.342000	-0.10E+04
1.505	0.342000	-0.10E+04
1.508	0.343000	-0.10E+04
1.511	0.343000	-0.10E+04
1.514	0.343000	-0.10E+04
1.517	0.343000	-0.10E+04
1.52	0.343000	-0.10E+04
1.523	0.343000	-0.10E+04
1.526	0.343000	-0.10E+04
1.529	0.343000	-0.10E+04
1.532	0.343000	-0.10E+04
1.535	0.343000	-0.10E+04
1.538	0.344000	-0.10E+04
1.541	0.344000	-0.10E+04
1.544	0.344000	-0.10E+04
1.547	0.344000	-0.10E+04
1.55	0.344000	-0.10E+04
1.553	0.344000	-0.10E+04
1.556	0.344000	-0.10E+04
1.559	0.344000	-0.10E+04
1.562	0.344000	-0.10E+04
1.565	0.344000	-0.10E+04
1.568	0.345000	-0.10E+04
1.571	0.345333	-0.10E+04
1.574	0.346000	-0.10E+04
1.577	0.346667	-0.10E+04
1.58	0.347000	-0.10E+04
1.583	0.347000	-0.10E+04
1.586	0.347000	-0.10E+04
1.589	0.347000	-0.10E+04
1.592	0.347000	-0.10E+04
1.595	0.347000	-0.10E+04
1.598	0.348000	-0.10E+04
1.601	0.348000	-0.10E+04
1.604	0.348000	-0.10E+04
1.607	0.348000	-0.10E+04
1.61	0.348000	-0.10E+04
1.613	0.348000	-0.10E+04
1.616	0.348333	-0.10E+04
1.619	0.349000	-0.10E+04
1.622	0.349000	-0.10E+04
1.625	0.349000	-0.10E+04
1.628	0.350000	-0.10E+04
1.631	0.350000	-0.10E+04
1.634	0.350000	-0.10E+04
1.637	0.350000	-0.10E+04
1.64	0.350000	-0.10E+04
1.643	0.350000	-0.10E+04
1.646	0.350000	-0.10E+04
1.649	0.350000	-0.10E+04
1.652	0.350667	-0.10E+04
1.655	0.351000	-0.10E+04
1.658	0.351000	-0.10E+04
1.661	0.351000	-0.10E+04
1.664	0.351000	-0.10E+04
1.667	0.351000	-0.10E+04
1.67	0.351000	-0.10E+04
1.673	0.351000	-0.10E+04
1.676	0.351333	-0.10E+04
1.679	0.352000	-0.10E+04
1.682	0.352000	-0.10E+04
1.685	0.352000	-0.10E+04
1.688	0.352000	-0.10E+04
1.691	0.352000	-0.10E+04
1.694	0.352000	-0.10E+04
1.697	0.352000	-0.10E+04
1.7	0.352000	-0.10E+04
1.703	0.352000	-0.10E+04
1.706	0.352000	-0.10E+04
1.709	0.352000	-0.10E+04
1.712	0.352667	-0.10E+04
1.715	0.353000	-0.10E+04
1.718	0.353000	-0.10E+04
1.721	0.353000	-0.10E+04
1.724	0.353000	-0.10E+04
1.727	0.353000	-0.10E+04
1.73	0.353000	-0.10E+04
1.733	0.353000	-0.10E+04
1.736	0.353000	-0.10E+04
1.739	0.353000	-0.10E+04
1.742	0.353667	-0.10E+04
1.745	0.354000	-0.10E+04
1.748	0.354000	-0.10E+04
1.751	0.354333	-0.10E+04
1.754	0.355000	-0.10E+04
1.757	0.355000	-0.10E+04
1.76	0.355000	-0.10E+04
1.763	0.355000	-0.10E+04
1.766	0.355000	-0.10E+04
1.769	0.355000	-0.10E+04
1.772	0.355000	-0.10E+04
1.775	0.355000	-0.10E+04
1.778	0.356000	-0.10E+04
1.781	0.356000	-0.10E+04
1.784	0.356000	-0.10E+04
1.787	0.356000	-0.10E+04
1.79	0.356000	-0.10E+04
1.793	0.357000	-0.10E+04
1.796	0.357000	-0.10E+04
1.799	0.357000	-0.10E+04
1.802	0.357000	-0.10E+04
1.805	0.357000	-0.10E+04
1.808	0.357000	-0.10E+04
1.811	0.357333	-0.10E+04
1.814	0.358000	-0.10E+04
1.817	0.358667	-0.10E+04
1.82	0.359000	-0.10E+04
1.823	0.359000	-0.10E+04
1.826	0.359333	-0.10E+04
1.829	0.360000	-0.10E+04
1.832	0.360000	-0.10E+04
1.835	0.360000	-0.10E+04
1.838	0.360000	-0.10E+04
1.841	0.360000	-0.10E+04
1.844	0.360000	-0.10E+04
1.847	0.360667	-0.10E+04
1.85	0.361000	-0.10E+04
1.853	0.361000	-0.10E+04
1.856	0.361000	-0.10E+04
1.859	0.361000	-0.10E+04
1.862	0.361667	-0.10E+04
1.865	0.362000	-0.10E+04
1.868	0.362000	-0.10E+04
1.871	0.362333	-0.10E+04
1.874	0.363000	-0.10E+04
1.877	0.363000	-0.10E+04
1.88	0.363000	-0.10E+04
1.883	0.364000	-0.10E+04
1.886	0.364000	-0.10E+04
1.889	0.364000	-0.10E+04
1.892	0.364667	-0.10E+04
1.895	0.365000	-0.10E+04
1.898	0.365000	-0.10E+04
1.901	0.365333	-0.10E+04
1.904	0.366000	-0.10E+04
1.907	0.366000	-0.10E+04
1.91	0.366000	-0.10E+04
1.913	0.366000	-0.10E+04
1.916	0.366000	-0.10E+04
1.919	0.366000	-0.10E+04
1.922	0.366667	-0.10E+04
1.925	0.367000	-0.10E+04
1.928	0.368000	-0.10E+04
1.931	0.368000	-0.10E+04
1.934	0.368000	-0.10E+04
1.937	0.368000	-0.10E+04
1.94	0.368000	-0.10E+04
1.943	0.369000	-0.10E+04
1.946	0.369000	-0.10E+04
1.949	0.369000	-0.10E+04
1.952	0.369000	-0.10E+04
1.955	0.369000	-0.10E+04
1.958	0.369000	-0.10E+04
1.961	0.369000	-0.10E+04
1.964	0.369000	-0.10E+04
1.967	0.369000	-0.10E+04
1.97	0.369000	-0.10E+04
1.973	0.369000	-0.10E+04
1.976	0.369333	-0.10E+04
1.979	0.370000	-0.10E+04
1.982	0.370000	-0.10E+04
1.985	0.370000	-0.10E+04
1.988	0.371000	-0.10E+04
1.991	0.371000	-0.10E+04
1.994	0.371000	-0.10E+04
1.997	0.371000	-0.10E+04
2	0.371000	-0.10E+04
2.003	0.372000	-0.10E+04
2.006	0.372000	-0.10E+04
2.009	0.372000	-0.10E+04
2.012	0.372000	-0.10E+04
2.015	0.372000	-0.10E+04
2.018	0.372000	-0.10E+04
2.021	0.372333	-0.10E+04
2.024	0.373000	-0.10E+04
2.027	0.373000	-0.10E+04
2.03	0.373000	-0.10E+04
2.033	0.373000	-0.10E+04
2.036	0.373333	-0.10E+04
2.039	0.374000	-0.10E+04
2.042	0.374000	-0.10E+04
2.045	0.374000	-0.10E+04
2.048	0.374000	-0.10E+04
2.051	0.374667	-0.10E+04
2.054	0.376000	-0.10E+04
2.057	0.376000	-0.10E+04
2.06	0.376000	-0.10E+04
2.063	0.376000	-0.10E+04
2.066	0.376000	-0.10E+04
2.069	0.376000	-0.10E+04
2.072	0.376667	-0.10E+04
2.075	0.377000	-0.10E+04
2.078	0.377000	-0.10E+04
2.081	0.377333	-0.10E+04
2.084	0.378000	-0.10E+04
2.087	0.378000	-0.10E+04
2.09	0.378000	-0.10E+04
2.093	0.378000	-0.10E+04
2.096	0.378000	-0.10E+04
2.099	0.378000	-0.10E+04
2.102	0.378667	-0.10E+04
2.105	0.379000	-0.10E+04
2.108	0.380000	-0.10E+04
2.111	0.380333	-0.10E+04
2.114	0.381000	-0.10E+04
2.117	0.381000	-0.10E+04
2.12	0.381000	-0.10E+04
2.123	0.382000	-0.10E+04
2.126	0.382000	-0.10E+04
2.129	0.382000	-0.10E+04
2.132	0.382667	-0.10E+04
2.135	0.383000	-0.10E+04
2.138	0.383000	-0.10E+04
2.141	0.383000	-0.10E+04
2.144	0.383000	-0.10E+04
2.147	0.383000	-0.10E+04
2.15	0.383000	-0.10E+04
2.153	0.384000	-0.10E+04
2.156	0.384333	-0.10E+04
2.159	0.385000	-0.10E+04
2.162	0.385000	-0.10E+04
2.165	0.385000	-0.10E+04
2.168	0.386000	-0.10E+04
2.171	0.386000	-0.10E+04
2.174	0.386000	-0.10E+04
2.177	0.386667	-0.10E+04
2.18	0.387000	-0.10E+04
2.183	0.388000	-0.10E+04
2.186	0.388333	-0.10E+04
2.189	0.389000	-0.10E+04
2.192	0.389000	-0.10E+04
2.195	0.389000	-0.10E+04
2.198	0.390000	-0.10E+04
2.201	0.390000	-0.10E+04
2.204	0.390000	-0.10E+04
2.207	0.390667	-0.10E+04
2.21	0.391000	-0.10E+04
2.213	0.391000	-0.10E+04
2.216	0.391000	-0.10E+04
2.219	0.391000	-0.10E+04
2.222	0.391000	-0.10E+04
2.225	0.391000	-0.10E+04
2.228	0.392000	-0.10E+04
2.231	0.392667	-0.10E+04
2.234	0.394000	-0.10E+04
2.237	0.394000	-0.10E+04
2.24	0.394000	-0.10E+04
2.243	0.394000	-0.10E+04
2.246	0.394333	-0.10E+04
2.249	0.395000	-0.10E+04
2.252	0.395667	-0.10E+04
2.255	0.396000	-0.10E+04
2.258	0.397000	-0.10E+04
2.261	0.397333	-0.10E+04
2.264	0.398000	-0.10E+04
2.267	0.398000	-0.10E+04
2.27	0.398000	-0.10E+04
2.273	0.399000	-0.10E+04
2.276	0.399000	-0.10E+04
2.279	0.399000	-0.10E+04
2.282	0.399667	-0.10E+04
2.285	0.400000	-0.10E+04
2.288	0.400000	-0.10E+04
2.291	0.400333	-0.10E+04
2.294	0.401000	-0.10E+04
2.297	0.401000	-0.10E+04
2.3	0.401000	-0.10E+04
2.303	0.402000	-0.10E+04
2.306	0.402333	-0.10E+04
2.309	0.403000	-0.10E+04
2.312	0.403000	-0.10E+04
2.315	0.403000	-0.10E+04
2.318	0.405000	-0.10E+04
2.321	0.405333	-0.10E+04
2.324	0.406000	-0.10E+04
2.327	0.406000	-0.10E+04
2.33	0.406000	-0.10E+04
2.333	0.407000	-0.10E+04
2.336	0.407333	-0.10E+04
2.339	0.408000	-0.10E+04
2.342	0.408000	-0.10E+04
2.345	0.408000	-0.10E+04
2.348	0.408000	-0.10E+04
2.351	0.408333	-0.10E+04
2.354	0.409000	-0.10E+04
2.357	0.409000	-0.10E+04
2.36	0.409000	-0.10E+04
2.363	0.410000	-0.10E+04
2.366	0.410333	-0.10E+04
2.369	0.411000	-0.10E+04
2.372	0.411000	-0.10E+04
2.375	0.411000	-0.10E+04
2.378	0.411000	-0.10E+04
2.381	0.411333	-0.10E+04
2.384	0.412000	-0.10E+04
2.387	0.412667	-0.10E+04
2.39	0.413000	-0.10E+04
2.393	0.414000	-0.10E+04
2.396	0.414000	-0.10E+04
2.399	0.414000	-0.10E+04
2.402	0.414667	-0.10E+04
2.405	0.415000	-0.10E+04
2.408	0.415000	-0.10E+04
2.411	0.415333	-0.10E+04
2.414	0.416000	-0.10E+04
2.417	0.416000	-0.10E+04
2.42	0.416000	-0.10E+04
2.423	0.416000	-0.10E+04
2.426	0.416333	-0.10E+04
2.429	0.417000	-0.10E+04
2.432	0.417000	-0.10E+04
2.435	0.417000	-0.10E+04
2.438	0.418000	-0.10E+04
2.441	0.418333	-0.10E+04
2.444	0.419000	-0.10E+04
2.447	0.419000	-0.10E+04
2.45	0.419000	-0.10E+04
2.453	0.420000	-0.10E+04
2.456	0.420000	-0.10E+04
2.459	0.420000	-0.10E+04
2.462	0.420000	-0.10E+04
2.465	0.420000	-0.10E+04
2.468	0.422000	-0.10E+04
2.471	0.422000	-0.10E+04
2.474	0.422000	-0.10E+04
2.477	0.422667	-0.10E+04
2.48	0.423000	-0.10E+04
2.483	0.423000	-0.10E+04
2.486	0.423333	-0.10E+04
2.489	0.424000	-0.10E+04
2.492	0.424000	-0.10E+04
2.495	0.424000	-0.10E+04
2.498	0.424000	-0.10E+04
