Brown University Keck/NASA Relab Spectrum LS-JBA-164-N/wls389
Wavelength(micron)	Reflectance	Standard Deviation
0.35	0.147000	-0.10E+04
0.353	0.151000	-0.10E+04
0.356	0.151667	-0.10E+04
0.359	0.153000	-0.10E+04
0.362	0.154333	-0.10E+04
0.365	0.155000	-0.10E+04
0.368	0.158000	-0.10E+04
0.371	0.158667	-0.10E+04
0.374	0.160000	-0.10E+04
0.377	0.161333	-0.10E+04
0.38	0.162000	-0.10E+04
0.383	0.165000	-0.10E+04
0.386	0.166000	-0.10E+04
0.389	0.168000	-0.10E+04
0.392	0.169333	-0.10E+04
0.395	0.170000	-0.10E+04
0.398	0.173000	-0.10E+04
0.401	0.173667	-0.10E+04
0.404	0.175000	-0.10E+04
0.407	0.176333	-0.10E+04
0.41	0.177000	-0.10E+04
0.413	0.180000	-0.10E+04
0.416	0.181333	-0.10E+04
0.419	0.184000	-0.10E+04
0.422	0.185333	-0.10E+04
0.425	0.186000	-0.10E+04
0.428	0.188000	-0.10E+04
0.431	0.189000	-0.10E+04
0.434	0.191000	-0.10E+04
0.437	0.193667	-0.10E+04
0.44	0.195000	-0.10E+04
0.443	0.197000	-0.10E+04
0.446	0.197667	-0.10E+04
0.449	0.199000	-0.10E+04
0.452	0.201000	-0.10E+04
0.455	0.202000	-0.10E+04
0.458	0.204000	-0.10E+04
0.461	0.204333	-0.10E+04
0.464	0.205000	-0.10E+04
0.467	0.206333	-0.10E+04
0.47	0.207000	-0.10E+04
0.473	0.211000	-0.10E+04
0.476	0.211667	-0.10E+04
0.479	0.213000	-0.10E+04
0.482	0.214333	-0.10E+04
0.485	0.215000	-0.10E+04
0.488	0.216000	-0.10E+04
0.491	0.217333	-0.10E+04
0.494	0.220000	-0.10E+04
0.497	0.221333	-0.10E+04
0.5	0.222000	-0.10E+04
0.503	0.224000	-0.10E+04
0.506	0.224333	-0.10E+04
0.509	0.225000	-0.10E+04
0.512	0.226333	-0.10E+04
0.515	0.227000	-0.10E+04
0.518	0.229000	-0.10E+04
0.521	0.230000	-0.10E+04
0.524	0.232000	-0.10E+04
0.527	0.232667	-0.10E+04
0.53	0.233000	-0.10E+04
0.533	0.236000	-0.10E+04
0.536	0.236667	-0.10E+04
0.539	0.238000	-0.10E+04
0.542	0.239333	-0.10E+04
0.545	0.240000	-0.10E+04
0.548	0.241000	-0.10E+04
0.551	0.241667	-0.10E+04
0.554	0.243000	-0.10E+04
0.557	0.244333	-0.10E+04
0.56	0.245000	-0.10E+04
0.563	0.246000	-0.10E+04
0.566	0.247333	-0.10E+04
0.569	0.250000	-0.10E+04
0.572	0.250000	-0.10E+04
0.575	0.250000	-0.10E+04
0.578	0.252000	-0.10E+04
0.581	0.253000	-0.10E+04
0.584	0.255000	-0.10E+04
0.587	0.257000	-0.10E+04
0.59	0.258000	-0.10E+04
0.593	0.260000	-0.10E+04
0.596	0.260333	-0.10E+04
0.599	0.261000	-0.10E+04
0.602	0.261667	-0.10E+04
0.605	0.262000	-0.10E+04
0.608	0.262800	-0.10E+04
0.611	0.263479	-0.10E+04
0.614	0.264837	-0.10E+04
0.617	0.266195	-0.10E+04
0.62	0.266874	-0.10E+04
0.623	0.267893	-0.10E+04
0.626	0.268572	-0.10E+04
0.629	0.269930	-0.10E+04
0.632	0.270609	-0.10E+04
0.635	0.270949	-0.10E+04
0.638	0.272986	-0.10E+04
0.641	0.273326	-0.10E+04
0.644	0.274005	-0.10E+04
0.647	0.275363	-0.10E+04
0.65	0.276042	-0.10E+04
0.653	0.277061	-0.10E+04
0.656	0.278079	-0.10E+04
0.659	0.280116	-0.10E+04
0.662	0.280795	-0.10E+04
0.665	0.281135	-0.10E+04
0.668	0.283172	-0.10E+04
0.671	0.283851	-0.10E+04
0.674	0.285209	-0.10E+04
0.677	0.285888	-0.10E+04
0.68	0.286228	-0.10E+04
0.683	0.286228	-0.10E+04
0.686	0.286907	-0.10E+04
0.689	0.288265	-0.10E+04
0.692	0.289623	-0.10E+04
0.695	0.290302	-0.10E+04
0.698	0.292340	-0.10E+04
0.701	0.292679	-0.10E+04
0.704	0.293358	-0.10E+04
0.707	0.294037	-0.10E+04
0.71	0.294377	-0.10E+04
0.713	0.295395	-0.10E+04
0.716	0.296074	-0.10E+04
0.719	0.297433	-0.10E+04
0.722	0.298112	-0.10E+04
0.725	0.298451	-0.10E+04
0.728	0.300488	-0.10E+04
0.731	0.300828	-0.10E+04
0.734	0.301507	-0.10E+04
0.737	0.302186	-0.10E+04
0.74	0.302526	-0.10E+04
0.743	0.303544	-0.10E+04
0.746	0.303884	-0.10E+04
0.749	0.304563	-0.10E+04
0.752	0.305242	-0.10E+04
0.755	0.305581	-0.10E+04
0.758	0.306600	-0.10E+04
0.761	0.306600	-0.10E+04
0.764	0.306600	-0.10E+04
0.767	0.307279	-0.10E+04
0.77	0.307619	-0.10E+04
0.773	0.309656	-0.10E+04
0.776	0.309656	-0.10E+04
0.779	0.309656	-0.10E+04
0.782	0.310335	-0.10E+04
0.785	0.310674	-0.10E+04
0.788	0.311693	-0.10E+04
0.791	0.311693	-0.10E+04
0.794	0.311693	-0.10E+04
0.797	0.311693	-0.10E+04
0.8	0.311693	-0.10E+04
0.803	0.312712	-0.10E+04
0.806	0.312712	-0.10E+04
0.809	0.312712	-0.10E+04
0.812	0.312712	-0.10E+04
0.815	0.312712	-0.10E+04
0.818	0.313730	-0.10E+04
0.821	0.313730	-0.10E+04
0.824	0.313730	-0.10E+04
0.827	0.313730	-0.10E+04
0.83	0.313730	-0.10E+04
0.833	0.314749	-0.10E+04
0.836	0.315088	-0.10E+04
0.839	0.315767	-0.10E+04
0.842	0.315767	-0.10E+04
0.845	0.315767	-0.10E+04
0.848	0.316786	-0.10E+04
0.851	0.317126	-0.10E+04
0.854	0.317805	-0.10E+04
0.857	0.318484	-0.10E+04
0.86	0.318823	-0.10E+04
0.863	0.318823	-0.10E+04
0.866	0.319163	-0.10E+04
0.869	0.319842	-0.10E+04
0.872	0.319842	-0.10E+04
0.875	0.319842	-0.10E+04
0.878	0.319842	-0.10E+04
0.881	0.320181	-0.10E+04
0.884	0.320861	-0.10E+04
0.887	0.320861	-0.10E+04
0.89	0.320861	-0.10E+04
0.893	0.321879	-0.10E+04
0.896	0.322219	-0.10E+04
0.899	0.322898	-0.10E+04
0.902	0.323577	-0.10E+04
0.905	0.323916	-0.10E+04
0.908	0.324935	-0.10E+04
0.911	0.325614	-0.10E+04
0.914	0.326972	-0.10E+04
0.917	0.326972	-0.10E+04
0.92	0.326972	-0.10E+04
0.923	0.329009	-0.10E+04
0.926	0.329009	-0.10E+04
0.929	0.329009	-0.10E+04
0.932	0.329688	-0.10E+04
0.935	0.330028	-0.10E+04
0.938	0.331047	-0.10E+04
0.941	0.331386	-0.10E+04
0.944	0.332065	-0.10E+04
0.947	0.332065	-0.10E+04
0.95	0.332065	-0.10E+04
0.953	0.333084	-0.10E+04
0.956	0.333763	-0.10E+04
0.959	0.335121	-0.10E+04
0.962	0.335800	-0.10E+04
0.965	0.336140	-0.10E+04
0.968	0.338177	-0.10E+04
0.971	0.338177	-0.10E+04
0.974	0.338177	-0.10E+04
0.977	0.338856	-0.10E+04
0.98	0.339195	-0.10E+04
0.983	0.341233	-0.10E+04
0.986	0.341233	-0.10E+04
0.989	0.341233	-0.10E+04
0.992	0.341912	-0.10E+04
0.995	0.342251	-0.10E+04
0.998	0.343270	-0.10E+04
1.001	0.343609	-0.10E+04
1.004	0.344288	-0.10E+04
1.007	0.345647	-0.10E+04
1.01	0.346326	-0.10E+04
1.013	0.347344	-0.10E+04
1.016	0.347684	-0.10E+04
1.019	0.348363	-0.10E+04
1.022	0.349042	-0.10E+04
1.025	0.349381	-0.10E+04
1.028	0.350400	-0.10E+04
1.031	0.350740	-0.10E+04
1.034	0.351419	-0.10E+04
1.037	0.352098	-0.10E+04
1.04	0.352437	-0.10E+04
1.043	0.353456	-0.10E+04
1.046	0.353795	-0.10E+04
1.049	0.354474	-0.10E+04
1.052	0.355154	-0.10E+04
1.055	0.355493	-0.10E+04
1.058	0.356512	-0.10E+04
1.061	0.357191	-0.10E+04
1.064	0.358549	-0.10E+04
1.067	0.358549	-0.10E+04
1.07	0.358549	-0.10E+04
1.073	0.358549	-0.10E+04
1.076	0.358888	-0.10E+04
1.079	0.359567	-0.10E+04
1.082	0.360247	-0.10E+04
1.085	0.360586	-0.10E+04
1.088	0.361605	-0.10E+04
1.091	0.361944	-0.10E+04
1.094	0.362623	-0.10E+04
1.097	0.363981	-0.10E+04
1.1	0.364661	-0.10E+04
1.103	0.365679	-0.10E+04
1.106	0.366019	-0.10E+04
1.109	0.366698	-0.10E+04
1.112	0.367377	-0.10E+04
1.115	0.367716	-0.10E+04
1.118	0.367716	-0.10E+04
1.121	0.368056	-0.10E+04
1.124	0.368735	-0.10E+04
1.127	0.369414	-0.10E+04
1.13	0.369754	-0.10E+04
1.133	0.370772	-0.10E+04
1.136	0.371112	-0.10E+04
1.139	0.371791	-0.10E+04
1.142	0.372470	-0.10E+04
1.145	0.372809	-0.10E+04
1.148	0.373828	-0.10E+04
1.151	0.374167	-0.10E+04
1.154	0.374847	-0.10E+04
1.157	0.375526	-0.10E+04
1.16	0.375865	-0.10E+04
1.163	0.376884	-0.10E+04
1.166	0.376884	-0.10E+04
1.169	0.376884	-0.10E+04
1.172	0.377563	-0.10E+04
1.175	0.377902	-0.10E+04
1.178	0.378921	-0.10E+04
1.181	0.379261	-0.10E+04
1.184	0.379940	-0.10E+04
1.187	0.379940	-0.10E+04
1.19	0.379940	-0.10E+04
1.193	0.380958	-0.10E+04
1.196	0.381637	-0.10E+04
1.199	0.382995	-0.10E+04
1.202	0.382995	-0.10E+04
1.205	0.382995	-0.10E+04
1.208	0.382995	-0.10E+04
1.211	0.383335	-0.10E+04
1.214	0.384014	-0.10E+04
1.217	0.384693	-0.10E+04
1.22	0.385033	-0.10E+04
1.223	0.386051	-0.10E+04
1.226	0.386051	-0.10E+04
1.229	0.386051	-0.10E+04
1.232	0.387409	-0.10E+04
1.235	0.388088	-0.10E+04
1.238	0.388088	-0.10E+04
1.241	0.388428	-0.10E+04
1.244	0.389107	-0.10E+04
1.247	0.389786	-0.10E+04
1.25	0.390126	-0.10E+04
1.253	0.390126	-0.10E+04
1.256	0.390465	-0.10E+04
1.259	0.391144	-0.10E+04
1.262	0.391823	-0.10E+04
1.265	0.392163	-0.10E+04
1.268	0.392163	-0.10E+04
1.271	0.392502	-0.10E+04
1.274	0.393181	-0.10E+04
1.277	0.393860	-0.10E+04
1.28	0.394200	-0.10E+04
1.283	0.394200	-0.10E+04
1.286	0.394879	-0.10E+04
1.289	0.396237	-0.10E+04
1.292	0.396916	-0.10E+04
1.295	0.397256	-0.10E+04
1.298	0.398274	-0.10E+04
1.301	0.398614	-0.10E+04
1.304	0.399293	-0.10E+04
1.307	0.399293	-0.10E+04
1.31	0.399293	-0.10E+04
1.313	0.400312	-0.10E+04
1.316	0.400312	-0.10E+04
1.319	0.400312	-0.10E+04
1.322	0.401670	-0.10E+04
1.325	0.402349	-0.10E+04
1.328	0.403367	-0.10E+04
1.331	0.403367	-0.10E+04
1.334	0.403367	-0.10E+04
1.337	0.404047	-0.10E+04
1.34	0.404386	-0.10E+04
1.343	0.405405	-0.10E+04
1.346	0.405405	-0.10E+04
1.349	0.405405	-0.10E+04
1.352	0.406084	-0.10E+04
1.355	0.406423	-0.10E+04
1.358	0.407442	-0.10E+04
1.361	0.407442	-0.10E+04
1.364	0.407442	-0.10E+04
1.367	0.408121	-0.10E+04
1.37	0.408460	-0.10E+04
1.373	0.408460	-0.10E+04
1.376	0.408460	-0.10E+04
1.379	0.408460	-0.10E+04
1.382	0.409819	-0.10E+04
1.385	0.410498	-0.10E+04
1.388	0.411516	-0.10E+04
1.391	0.412195	-0.10E+04
1.394	0.413554	-0.10E+04
1.397	0.414233	-0.10E+04
1.4	0.414572	-0.10E+04
1.403	0.414572	-0.10E+04
1.406	0.414912	-0.10E+04
1.409	0.415591	-0.10E+04
1.412	0.416270	-0.10E+04
1.415	0.416609	-0.10E+04
1.418	0.416609	-0.10E+04
1.421	0.416949	-0.10E+04
1.424	0.417628	-0.10E+04
1.427	0.418307	-0.10E+04
1.43	0.418647	-0.10E+04
1.433	0.418647	-0.10E+04
1.436	0.418986	-0.10E+04
1.439	0.419665	-0.10E+04
1.442	0.419665	-0.10E+04
1.445	0.419665	-0.10E+04
1.448	0.420684	-0.10E+04
1.451	0.421023	-0.10E+04
1.454	0.421702	-0.10E+04
1.457	0.422381	-0.10E+04
1.46	0.422721	-0.10E+04
1.463	0.423740	-0.10E+04
1.466	0.423740	-0.10E+04
1.469	0.423740	-0.10E+04
1.472	0.424419	-0.10E+04
1.475	0.424758	-0.10E+04
1.478	0.425777	-0.10E+04
1.481	0.425777	-0.10E+04
1.484	0.425777	-0.10E+04
1.487	0.425777	-0.10E+04
1.49	0.425777	-0.10E+04
1.493	0.426795	-0.10E+04
1.496	0.427135	-0.10E+04
1.499	0.427814	-0.10E+04
1.502	0.427814	-0.10E+04
1.505	0.427814	-0.10E+04
1.508	0.427814	-0.10E+04
1.511	0.428154	-0.10E+04
1.514	0.428833	-0.10E+04
1.517	0.429512	-0.10E+04
1.52	0.429851	-0.10E+04
1.523	0.430870	-0.10E+04
1.526	0.431209	-0.10E+04
1.529	0.431888	-0.10E+04
1.532	0.431888	-0.10E+04
1.535	0.431888	-0.10E+04
1.538	0.431888	-0.10E+04
1.541	0.432228	-0.10E+04
1.544	0.432907	-0.10E+04
1.547	0.433586	-0.10E+04
1.55	0.433926	-0.10E+04
1.553	0.433926	-0.10E+04
1.556	0.433926	-0.10E+04
1.559	0.433926	-0.10E+04
1.562	0.433926	-0.10E+04
1.565	0.433926	-0.10E+04
1.568	0.434944	-0.10E+04
1.571	0.434944	-0.10E+04
1.574	0.434944	-0.10E+04
1.577	0.435623	-0.10E+04
1.58	0.435963	-0.10E+04
1.583	0.435963	-0.10E+04
1.586	0.435963	-0.10E+04
1.589	0.435963	-0.10E+04
1.592	0.436642	-0.10E+04
1.595	0.436981	-0.10E+04
1.598	0.436981	-0.10E+04
1.601	0.436981	-0.10E+04
1.604	0.436981	-0.10E+04
1.607	0.437661	-0.10E+04
1.61	0.438000	-0.10E+04
1.613	0.438000	-0.10E+04
1.616	0.438340	-0.10E+04
1.619	0.439019	-0.10E+04
1.622	0.439698	-0.10E+04
1.625	0.440037	-0.10E+04
1.628	0.440037	-0.10E+04
1.631	0.440377	-0.10E+04
1.634	0.441056	-0.10E+04
1.637	0.441056	-0.10E+04
1.64	0.441056	-0.10E+04
1.643	0.442074	-0.10E+04
1.646	0.442074	-0.10E+04
1.649	0.442074	-0.10E+04
1.652	0.442074	-0.10E+04
1.655	0.442074	-0.10E+04
1.658	0.442074	-0.10E+04
1.661	0.442414	-0.10E+04
1.664	0.443093	-0.10E+04
1.667	0.443093	-0.10E+04
1.67	0.443093	-0.10E+04
1.673	0.444112	-0.10E+04
1.676	0.444112	-0.10E+04
1.679	0.444112	-0.10E+04
1.682	0.444791	-0.10E+04
1.685	0.445130	-0.10E+04
1.688	0.445130	-0.10E+04
1.691	0.445130	-0.10E+04
1.694	0.445130	-0.10E+04
1.697	0.445130	-0.10E+04
1.7	0.445130	-0.10E+04
1.703	0.446149	-0.10E+04
1.706	0.446149	-0.10E+04
1.709	0.446149	-0.10E+04
1.712	0.446149	-0.10E+04
1.715	0.446149	-0.10E+04
1.718	0.446149	-0.10E+04
1.721	0.446149	-0.10E+04
1.724	0.446149	-0.10E+04
1.727	0.446828	-0.10E+04
1.73	0.447167	-0.10E+04
1.733	0.447167	-0.10E+04
1.736	0.447507	-0.10E+04
1.739	0.448186	-0.10E+04
1.742	0.448865	-0.10E+04
1.745	0.449205	-0.10E+04
1.748	0.449205	-0.10E+04
1.751	0.449205	-0.10E+04
1.754	0.449205	-0.10E+04
1.757	0.449884	-0.10E+04
1.76	0.450223	-0.10E+04
1.763	0.451242	-0.10E+04
1.766	0.451242	-0.10E+04
1.769	0.451242	-0.10E+04
1.772	0.451242	-0.10E+04
1.775	0.451242	-0.10E+04
1.778	0.451242	-0.10E+04
1.781	0.451242	-0.10E+04
1.784	0.451242	-0.10E+04
1.787	0.451921	-0.10E+04
1.79	0.452261	-0.10E+04
1.793	0.453279	-0.10E+04
1.796	0.453279	-0.10E+04
1.799	0.453279	-0.10E+04
1.802	0.453279	-0.10E+04
1.805	0.453279	-0.10E+04
1.808	0.453279	-0.10E+04
1.811	0.453279	-0.10E+04
1.814	0.453279	-0.10E+04
1.817	0.453958	-0.10E+04
1.82	0.454298	-0.10E+04
1.823	0.454298	-0.10E+04
1.826	0.454298	-0.10E+04
1.829	0.454298	-0.10E+04
1.832	0.454977	-0.10E+04
1.835	0.455316	-0.10E+04
1.838	0.456335	-0.10E+04
1.841	0.456674	-0.10E+04
1.844	0.457354	-0.10E+04
1.847	0.457354	-0.10E+04
1.85	0.457354	-0.10E+04
1.853	0.458372	-0.10E+04
1.856	0.458712	-0.10E+04
1.859	0.459391	-0.10E+04
1.862	0.459391	-0.10E+04
1.865	0.459391	-0.10E+04
1.868	0.460409	-0.10E+04
1.871	0.460409	-0.10E+04
1.874	0.460409	-0.10E+04
1.877	0.461088	-0.10E+04
1.88	0.461428	-0.10E+04
1.883	0.461428	-0.10E+04
1.886	0.461767	-0.10E+04
1.889	0.462447	-0.10E+04
1.892	0.462447	-0.10E+04
1.895	0.462447	-0.10E+04
1.898	0.462447	-0.10E+04
1.901	0.462786	-0.10E+04
1.904	0.463465	-0.10E+04
1.907	0.463465	-0.10E+04
1.91	0.463465	-0.10E+04
1.913	0.464484	-0.10E+04
1.916	0.464484	-0.10E+04
1.919	0.464484	-0.10E+04
1.922	0.464484	-0.10E+04
1.925	0.464484	-0.10E+04
1.928	0.465502	-0.10E+04
1.931	0.465842	-0.10E+04
1.934	0.466521	-0.10E+04
1.937	0.466521	-0.10E+04
1.94	0.466521	-0.10E+04
1.943	0.467540	-0.10E+04
1.946	0.467540	-0.10E+04
1.949	0.467540	-0.10E+04
1.952	0.468219	-0.10E+04
1.955	0.468558	-0.10E+04
1.958	0.468558	-0.10E+04
1.961	0.468898	-0.10E+04
1.964	0.469577	-0.10E+04
1.967	0.469577	-0.10E+04
1.97	0.469577	-0.10E+04
1.973	0.469577	-0.10E+04
1.976	0.469916	-0.10E+04
1.979	0.470595	-0.10E+04
1.982	0.470595	-0.10E+04
1.985	0.470595	-0.10E+04
1.988	0.471614	-0.10E+04
1.991	0.471614	-0.10E+04
1.994	0.471614	-0.10E+04
1.997	0.471614	-0.10E+04
2	0.471614	-0.10E+04
2.003	0.471614	-0.10E+04
2.006	0.471614	-0.10E+04
2.009	0.471614	-0.10E+04
2.012	0.472293	-0.10E+04
2.015	0.472633	-0.10E+04
2.018	0.472633	-0.10E+04
2.021	0.472972	-0.10E+04
2.024	0.473651	-0.10E+04
2.027	0.473651	-0.10E+04
2.03	0.473651	-0.10E+04
2.033	0.474670	-0.10E+04
2.036	0.475009	-0.10E+04
2.039	0.475688	-0.10E+04
2.042	0.476367	-0.10E+04
2.045	0.476707	-0.10E+04
2.048	0.476707	-0.10E+04
2.051	0.477047	-0.10E+04
2.054	0.477726	-0.10E+04
2.057	0.477726	-0.10E+04
2.06	0.477726	-0.10E+04
2.063	0.478744	-0.10E+04
2.066	0.479084	-0.10E+04
2.069	0.479763	-0.10E+04
2.072	0.479763	-0.10E+04
2.075	0.479763	-0.10E+04
2.078	0.479763	-0.10E+04
2.081	0.479763	-0.10E+04
2.084	0.479763	-0.10E+04
2.087	0.479763	-0.10E+04
2.09	0.479763	-0.10E+04
2.093	0.480781	-0.10E+04
2.096	0.480781	-0.10E+04
2.099	0.480781	-0.10E+04
2.102	0.481461	-0.10E+04
2.105	0.481800	-0.10E+04
2.108	0.481800	-0.10E+04
2.111	0.482140	-0.10E+04
2.114	0.482819	-0.10E+04
2.117	0.482819	-0.10E+04
2.12	0.482819	-0.10E+04
2.123	0.484856	-0.10E+04
2.126	0.484856	-0.10E+04
2.129	0.484856	-0.10E+04
2.132	0.484856	-0.10E+04
2.135	0.484856	-0.10E+04
2.138	0.485874	-0.10E+04
2.141	0.486214	-0.10E+04
2.144	0.486893	-0.10E+04
2.147	0.486893	-0.10E+04
2.15	0.486893	-0.10E+04
2.153	0.487912	-0.10E+04
2.156	0.487912	-0.10E+04
2.159	0.487912	-0.10E+04
2.162	0.488591	-0.10E+04
2.165	0.488930	-0.10E+04
2.168	0.488930	-0.10E+04
2.171	0.489270	-0.10E+04
2.174	0.489949	-0.10E+04
2.177	0.490628	-0.10E+04
2.18	0.490967	-0.10E+04
2.183	0.490967	-0.10E+04
2.186	0.491307	-0.10E+04
2.189	0.491986	-0.10E+04
2.192	0.491986	-0.10E+04
2.195	0.491986	-0.10E+04
2.198	0.493005	-0.10E+04
2.201	0.493005	-0.10E+04
2.204	0.493005	-0.10E+04
2.207	0.493684	-0.10E+04
2.21	0.494023	-0.10E+04
2.213	0.494023	-0.10E+04
2.216	0.494363	-0.10E+04
2.219	0.495042	-0.10E+04
2.222	0.495721	-0.10E+04
2.225	0.496060	-0.10E+04
2.228	0.497079	-0.10E+04
2.231	0.497419	-0.10E+04
2.234	0.498098	-0.10E+04
2.237	0.498098	-0.10E+04
2.24	0.498098	-0.10E+04
2.243	0.500135	-0.10E+04
2.246	0.500135	-0.10E+04
2.249	0.500135	-0.10E+04
2.252	0.500814	-0.10E+04
2.255	0.501154	-0.10E+04
2.258	0.501154	-0.10E+04
2.261	0.501493	-0.10E+04
2.264	0.502172	-0.10E+04
2.267	0.502172	-0.10E+04
2.27	0.502172	-0.10E+04
2.273	0.503191	-0.10E+04
2.276	0.503530	-0.10E+04
2.279	0.504209	-0.10E+04
2.282	0.504888	-0.10E+04
2.285	0.505228	-0.10E+04
2.288	0.505228	-0.10E+04
2.291	0.505567	-0.10E+04
2.294	0.506247	-0.10E+04
2.297	0.506926	-0.10E+04
2.3	0.507265	-0.10E+04
2.303	0.508284	-0.10E+04
2.306	0.508963	-0.10E+04
2.309	0.510321	-0.10E+04
2.312	0.510321	-0.10E+04
2.315	0.510321	-0.10E+04
2.318	0.510321	-0.10E+04
2.321	0.510321	-0.10E+04
2.324	0.510321	-0.10E+04
2.327	0.511000	-0.10E+04
2.33	0.511340	-0.10E+04
2.333	0.511340	-0.10E+04
2.336	0.511679	-0.10E+04
2.339	0.512358	-0.10E+04
2.342	0.512358	-0.10E+04
2.345	0.512358	-0.10E+04
2.348	0.513377	-0.10E+04
2.351	0.513377	-0.10E+04
2.354	0.513377	-0.10E+04
2.357	0.514056	-0.10E+04
2.36	0.514395	-0.10E+04
2.363	0.515414	-0.10E+04
2.366	0.515414	-0.10E+04
2.369	0.515414	-0.10E+04
2.372	0.516772	-0.10E+04
2.375	0.517451	-0.10E+04
2.378	0.517451	-0.10E+04
2.381	0.517791	-0.10E+04
2.384	0.518470	-0.10E+04
2.387	0.519149	-0.10E+04
2.39	0.519488	-0.10E+04
2.393	0.519488	-0.10E+04
2.396	0.519488	-0.10E+04
2.399	0.519488	-0.10E+04
2.402	0.520167	-0.10E+04
2.405	0.520507	-0.10E+04
2.408	0.520507	-0.10E+04
2.411	0.520847	-0.10E+04
2.414	0.521526	-0.10E+04
2.417	0.522205	-0.10E+04
2.42	0.522544	-0.10E+04
2.423	0.522544	-0.10E+04
2.426	0.522544	-0.10E+04
2.429	0.522544	-0.10E+04
2.432	0.523223	-0.10E+04
2.435	0.523563	-0.10E+04
2.438	0.524581	-0.10E+04
2.441	0.524921	-0.10E+04
2.444	0.525600	-0.10E+04
2.447	0.526279	-0.10E+04
2.45	0.526619	-0.10E+04
2.453	0.526619	-0.10E+04
2.456	0.526958	-0.10E+04
2.459	0.527637	-0.10E+04
2.462	0.527637	-0.10E+04
2.465	0.527637	-0.10E+04
2.468	0.527637	-0.10E+04
2.471	0.527977	-0.10E+04
2.474	0.528656	-0.10E+04
2.477	0.528656	-0.10E+04
2.48	0.528656	-0.10E+04
2.483	0.529674	-0.10E+04
2.486	0.530014	-0.10E+04
2.489	0.530693	-0.10E+04
2.492	0.531372	-0.10E+04
2.495	0.531712	-0.10E+04
2.498	0.532730	-0.10E+04
