Brown University Keck/NASA Relab Spectrum LS-JBA-144/wls342
Wavelength(micron)	Reflectance	Standard Deviation
0.35	0.089667	-0.10E+04
0.353	0.089900	-0.10E+04
0.356	0.090367	-0.10E+04
0.359	0.091067	-0.10E+04
0.362	0.091533	-0.10E+04
0.365	0.091933	-0.10E+04
0.368	0.092333	-0.10E+04
0.371	0.092367	-0.10E+04
0.374	0.092833	-0.10E+04
0.377	0.093067	-0.10E+04
0.38	0.093667	-0.10E+04
0.383	0.093833	-0.10E+04
0.386	0.094233	-0.10E+04
0.389	0.094800	-0.10E+04
0.392	0.095267	-0.10E+04
0.395	0.095600	-0.10E+04
0.398	0.095633	-0.10E+04
0.401	0.095633	-0.10E+04
0.404	0.096233	-0.10E+04
0.407	0.096800	-0.10E+04
0.41	0.097633	-0.10E+04
0.413	0.098133	-0.10E+04
0.416	0.098667	-0.10E+04
0.419	0.098967	-0.10E+04
0.422	0.099400	-0.10E+04
0.425	0.099567	-0.10E+04
0.428	0.100067	-0.10E+04
0.431	0.100500	-0.10E+04
0.434	0.101200	-0.10E+04
0.437	0.101667	-0.10E+04
0.44	0.102033	-0.10E+04
0.443	0.102567	-0.10E+04
0.446	0.102900	-0.10E+04
0.449	0.103300	-0.10E+04
0.452	0.103933	-0.10E+04
0.455	0.104433	-0.10E+04
0.458	0.104800	-0.10E+04
0.461	0.105067	-0.10E+04
0.464	0.105400	-0.10E+04
0.467	0.105867	-0.10E+04
0.47	0.106233	-0.10E+04
0.473	0.106733	-0.10E+04
0.476	0.107167	-0.10E+04
0.479	0.107667	-0.10E+04
0.482	0.107900	-0.10E+04
0.485	0.108033	-0.10E+04
0.488	0.108933	-0.10E+04
0.491	0.110033	-0.10E+04
0.494	0.110367	-0.10E+04
0.497	0.110533	-0.10E+04
0.5	0.110700	-0.10E+04
0.503	0.110900	-0.10E+04
0.506	0.111267	-0.10E+04
0.509	0.111700	-0.10E+04
0.512	0.112333	-0.10E+04
0.515	0.112733	-0.10E+04
0.518	0.113033	-0.10E+04
0.521	0.113700	-0.10E+04
0.524	0.114433	-0.10E+04
0.527	0.115133	-0.10E+04
0.53	0.115400	-0.10E+04
0.533	0.115533	-0.10E+04
0.536	0.115667	-0.10E+04
0.539	0.115967	-0.10E+04
0.542	0.116633	-0.10E+04
0.545	0.117000	-0.10E+04
0.548	0.117433	-0.10E+04
0.551	0.117767	-0.10E+04
0.554	0.118100	-0.10E+04
0.557	0.118767	-0.10E+04
0.56	0.119267	-0.10E+04
0.563	0.119633	-0.10E+04
0.566	0.120067	-0.10E+04
0.569	0.120567	-0.10E+04
0.572	0.121200	-0.10E+04
0.575	0.121500	-0.10E+04
0.578	0.121933	-0.10E+04
0.581	0.122233	-0.10E+04
0.584	0.122533	-0.10E+04
0.587	0.122667	-0.10E+04
0.59	0.122733	-0.10E+04
0.593	0.122733	-0.10E+04
0.596	0.122867	-0.10E+04
0.599	0.123000	-0.10E+04
0.602	0.123667	-0.10E+04
0.605	0.124167	-0.10E+04
0.608	0.124567	-0.10E+04
0.611	0.125300	-0.10E+04
0.614	0.125467	-0.10E+04
0.617	0.125933	-0.10E+04
0.62	0.126533	-0.10E+04
0.623	0.126967	-0.10E+04
0.626	0.127067	-0.10E+04
0.629	0.127433	-0.10E+04
0.632	0.127867	-0.10E+04
0.635	0.128100	-0.10E+04
0.638	0.128400	-0.10E+04
0.641	0.129200	-0.10E+04
0.644	0.129700	-0.10E+04
0.647	0.130100	-0.10E+04
0.65	0.130000	-0.10E+04
0.653	0.130300	-0.10E+04
0.656	0.130533	-0.10E+04
0.659	0.131067	-0.10E+04
0.662	0.131400	-0.10E+04
0.665	0.131467	-0.10E+04
0.668	0.131733	-0.10E+04
0.671	0.132333	-0.10E+04
0.674	0.132800	-0.10E+04
0.677	0.133367	-0.10E+04
0.68	0.133800	-0.10E+04
0.683	0.133900	-0.10E+04
0.686	0.134267	-0.10E+04
0.689	0.134467	-0.10E+04
0.692	0.134700	-0.10E+04
0.695	0.135100	-0.10E+04
0.698	0.135600	-0.10E+04
0.701	0.135800	-0.10E+04
0.704	0.135833	-0.10E+04
0.707	0.136200	-0.10E+04
0.71	0.136267	-0.10E+04
0.713	0.136667	-0.10E+04
0.716	0.137067	-0.10E+04
0.719	0.136933	-0.10E+04
0.722	0.137500	-0.10E+04
0.725	0.137600	-0.10E+04
0.728	0.137767	-0.10E+04
0.731	0.138300	-0.10E+04
0.734	0.138533	-0.10E+04
0.737	0.138700	-0.10E+04
0.74	0.138967	-0.10E+04
0.743	0.139200	-0.10E+04
0.746	0.139467	-0.10E+04
0.749	0.139600	-0.10E+04
0.752	0.139633	-0.10E+04
0.755	0.140167	-0.10E+04
0.758	0.140067	-0.10E+04
0.761	0.140267	-0.10E+04
0.764	0.140867	-0.10E+04
0.767	0.140933	-0.10E+04
0.77	0.140967	-0.10E+04
0.773	0.140933	-0.10E+04
0.776	0.141067	-0.10E+04
0.779	0.141267	-0.10E+04
0.782	0.141133	-0.10E+04
0.785	0.141167	-0.10E+04
0.788	0.141367	-0.10E+04
0.791	0.141800	-0.10E+04
0.794	0.141967	-0.10E+04
0.797	0.142133	-0.10E+04
0.8	0.141900	-0.10E+04
0.803	0.141500	-0.10E+04
0.806	0.141167	-0.10E+04
0.809	0.141267	-0.10E+04
0.812	0.141033	-0.10E+04
0.815	0.141233	-0.10E+04
0.818	0.141400	-0.10E+04
0.821	0.141100	-0.10E+04
0.824	0.140333	-0.10E+04
0.827	0.140133	-0.10E+04
0.83	0.140500	-0.10E+04
0.833	0.140767	-0.10E+04
0.836	0.140733	-0.10E+04
0.839	0.140467	-0.10E+04
0.842	0.140367	-0.10E+04
0.845	0.139833	-0.10E+04
0.848	0.139367	-0.10E+04
0.851	0.139133	-0.10E+04
0.854	0.139633	-0.10E+04
0.857	0.139367	-0.10E+04
0.86	0.139333	-0.10E+04
0.863	0.138867	-0.10E+04
0.866	0.138500	-0.10E+04
0.869	0.138233	-0.10E+04
0.872	0.138167	-0.10E+04
0.875	0.137900	-0.10E+04
0.878	0.137967	-0.10E+04
0.881	0.137900	-0.10E+04
0.884	0.137933	-0.10E+04
0.887	0.137700	-0.10E+04
0.89	0.137467	-0.10E+04
0.893	0.136933	-0.10E+04
0.896	0.136700	-0.10E+04
0.899	0.136233	-0.10E+04
0.902	0.135800	-0.10E+04
0.905	0.135600	-0.10E+04
0.908	0.135900	-0.10E+04
0.911	0.136333	-0.10E+04
0.914	0.136667	-0.10E+04
0.917	0.137200	-0.10E+04
0.92	0.137300	-0.10E+04
0.923	0.137633	-0.10E+04
0.926	0.137767	-0.10E+04
0.929	0.137867	-0.10E+04
0.932	0.138067	-0.10E+04
0.935	0.137700	-0.10E+04
0.938	0.137567	-0.10E+04
0.941	0.137600	-0.10E+04
0.944	0.137833	-0.10E+04
0.947	0.138267	-0.10E+04
0.95	0.138133	-0.10E+04
0.953	0.138267	-0.10E+04
0.956	0.138400	-0.10E+04
0.959	0.138767	-0.10E+04
0.962	0.139133	-0.10E+04
0.965	0.139333	-0.10E+04
0.968	0.139500	-0.10E+04
0.971	0.139633	-0.10E+04
0.974	0.139833	-0.10E+04
0.977	0.139767	-0.10E+04
0.98	0.139667	-0.10E+04
0.983	0.140367	-0.10E+04
0.986	0.140800	-0.10E+04
0.989	0.141067	-0.10E+04
0.992	0.141533	-0.10E+04
0.995	0.141733	-0.10E+04
0.998	0.142200	-0.10E+04
1.001	0.142533	-0.10E+04
1.004	0.142833	-0.10E+04
1.007	0.143467	-0.10E+04
1.01	0.143867	-0.10E+04
1.013	0.144433	-0.10E+04
1.016	0.144833	-0.10E+04
1.019	0.145200	-0.10E+04
1.022	0.145733	-0.10E+04
1.025	0.146300	-0.10E+04
1.028	0.146867	-0.10E+04
1.031	0.147567	-0.10E+04
1.034	0.148000	-0.10E+04
1.037	0.148667	-0.10E+04
1.04	0.149400	-0.10E+04
1.043	0.149900	-0.10E+04
1.046	0.150600	-0.10E+04
1.049	0.150933	-0.10E+04
1.052	0.151633	-0.10E+04
1.055	0.152533	-0.10E+04
1.058	0.152867	-0.10E+04
1.061	0.153300	-0.10E+04
1.064	0.153700	-0.10E+04
1.067	0.154167	-0.10E+04
1.07	0.154600	-0.10E+04
1.073	0.154600	-0.10E+04
1.076	0.155033	-0.10E+04
1.079	0.155433	-0.10E+04
1.082	0.156300	-0.10E+04
1.085	0.156933	-0.10E+04
1.088	0.157400	-0.10E+04
1.091	0.157900	-0.10E+04
1.094	0.158700	-0.10E+04
1.097	0.159267	-0.10E+04
1.1	0.159533	-0.10E+04
1.103	0.160267	-0.10E+04
1.106	0.160933	-0.10E+04
1.109	0.161667	-0.10E+04
1.112	0.162533	-0.10E+04
1.115	0.162933	-0.10E+04
1.118	0.163333	-0.10E+04
1.121	0.163500	-0.10E+04
1.124	0.163867	-0.10E+04
1.127	0.164667	-0.10E+04
1.13	0.165100	-0.10E+04
1.133	0.165467	-0.10E+04
1.136	0.165867	-0.10E+04
1.139	0.166600	-0.10E+04
1.142	0.167233	-0.10E+04
1.145	0.168000	-0.10E+04
1.148	0.168133	-0.10E+04
1.151	0.168533	-0.10E+04
1.154	0.169100	-0.10E+04
1.157	0.169833	-0.10E+04
1.16	0.170333	-0.10E+04
1.163	0.170333	-0.10E+04
1.166	0.170133	-0.10E+04
1.169	0.170900	-0.10E+04
1.172	0.171500	-0.10E+04
1.175	0.172033	-0.10E+04
1.178	0.172233	-0.10E+04
1.181	0.172467	-0.10E+04
1.184	0.172933	-0.10E+04
1.187	0.173200	-0.10E+04
1.19	0.173533	-0.10E+04
1.193	0.173833	-0.10E+04
1.196	0.174300	-0.10E+04
1.199	0.174567	-0.10E+04
1.202	0.174733	-0.10E+04
1.205	0.175233	-0.10E+04
1.208	0.175733	-0.10E+04
1.211	0.176067	-0.10E+04
1.214	0.176633	-0.10E+04
1.217	0.176600	-0.10E+04
1.22	0.177133	-0.10E+04
1.223	0.177467	-0.10E+04
1.226	0.177767	-0.10E+04
1.229	0.178867	-0.10E+04
1.232	0.179467	-0.10E+04
1.235	0.180033	-0.10E+04
1.238	0.179967	-0.10E+04
1.241	0.180467	-0.10E+04
1.244	0.180833	-0.10E+04
1.247	0.181167	-0.10E+04
1.25	0.181467	-0.10E+04
1.253	0.181467	-0.10E+04
1.256	0.182100	-0.10E+04
1.259	0.182800	-0.10E+04
1.262	0.183400	-0.10E+04
1.265	0.183467	-0.10E+04
1.268	0.183667	-0.10E+04
1.271	0.183633	-0.10E+04
1.274	0.183867	-0.10E+04
1.277	0.184367	-0.10E+04
1.28	0.184967	-0.10E+04
1.283	0.185467	-0.10E+04
1.286	0.185633	-0.10E+04
1.289	0.186033	-0.10E+04
1.292	0.186600	-0.10E+04
1.295	0.186967	-0.10E+04
1.298	0.187133	-0.10E+04
1.301	0.187133	-0.10E+04
1.304	0.187533	-0.10E+04
1.307	0.188133	-0.10E+04
1.31	0.188367	-0.10E+04
1.313	0.188800	-0.10E+04
1.316	0.189267	-0.10E+04
1.319	0.189700	-0.10E+04
1.322	0.190433	-0.10E+04
1.325	0.190500	-0.10E+04
1.328	0.190667	-0.10E+04
1.331	0.191067	-0.10E+04
1.334	0.191767	-0.10E+04
1.337	0.191867	-0.10E+04
1.34	0.192333	-0.10E+04
1.343	0.192533	-0.10E+04
1.346	0.193133	-0.10E+04
1.349	0.193433	-0.10E+04
1.352	0.193833	-0.10E+04
1.355	0.194433	-0.10E+04
1.358	0.194800	-0.10E+04
1.361	0.195067	-0.10E+04
1.364	0.195433	-0.10E+04
1.367	0.195800	-0.10E+04
1.37	0.196300	-0.10E+04
1.373	0.197000	-0.10E+04
1.376	0.197667	-0.10E+04
1.379	0.198000	-0.10E+04
1.382	0.198433	-0.10E+04
1.385	0.198800	-0.10E+04
1.388	0.199467	-0.10E+04
1.391	0.199933	-0.10E+04
1.394	0.200333	-0.10E+04
1.397	0.200233	-0.10E+04
1.4	0.200467	-0.10E+04
1.403	0.201133	-0.10E+04
1.406	0.201433	-0.10E+04
1.409	0.201733	-0.10E+04
1.412	0.202067	-0.10E+04
1.415	0.202633	-0.10E+04
1.418	0.202967	-0.10E+04
1.421	0.203500	-0.10E+04
1.424	0.204067	-0.10E+04
1.427	0.204400	-0.10E+04
1.43	0.205033	-0.10E+04
1.433	0.205567	-0.10E+04
1.436	0.205933	-0.10E+04
1.439	0.206100	-0.10E+04
1.442	0.206367	-0.10E+04
1.445	0.206500	-0.10E+04
1.448	0.206700	-0.10E+04
1.451	0.206900	-0.10E+04
1.454	0.207433	-0.10E+04
1.457	0.207900	-0.10E+04
1.46	0.208600	-0.10E+04
1.463	0.209067	-0.10E+04
1.466	0.209533	-0.10E+04
1.469	0.209867	-0.10E+04
1.472	0.210267	-0.10E+04
1.475	0.210667	-0.10E+04
1.478	0.211067	-0.10E+04
1.481	0.211367	-0.10E+04
1.484	0.211467	-0.10E+04
1.487	0.211600	-0.10E+04
1.49	0.211667	-0.10E+04
1.493	0.212133	-0.10E+04
1.496	0.212733	-0.10E+04
1.499	0.213433	-0.10E+04
1.502	0.214033	-0.10E+04
1.505	0.214000	-0.10E+04
1.508	0.214067	-0.10E+04
1.511	0.214500	-0.10E+04
1.514	0.214567	-0.10E+04
1.517	0.214767	-0.10E+04
1.52	0.215167	-0.10E+04
1.523	0.215267	-0.10E+04
1.526	0.215833	-0.10E+04
1.529	0.216800	-0.10E+04
1.532	0.216767	-0.10E+04
1.535	0.216767	-0.10E+04
1.538	0.216733	-0.10E+04
1.541	0.217200	-0.10E+04
1.544	0.217133	-0.10E+04
1.547	0.217533	-0.10E+04
1.55	0.217900	-0.10E+04
1.553	0.217933	-0.10E+04
1.556	0.218067	-0.10E+04
1.559	0.218033	-0.10E+04
1.562	0.218300	-0.10E+04
1.565	0.218967	-0.10E+04
1.568	0.219300	-0.10E+04
1.571	0.219233	-0.10E+04
1.574	0.219200	-0.10E+04
1.577	0.219933	-0.10E+04
1.58	0.220067	-0.10E+04
1.583	0.220133	-0.10E+04
1.586	0.220533	-0.10E+04
1.589	0.220867	-0.10E+04
1.592	0.221400	-0.10E+04
1.595	0.221667	-0.10E+04
1.598	0.221967	-0.10E+04
1.601	0.222333	-0.10E+04
1.604	0.221767	-0.10E+04
1.607	0.221833	-0.10E+04
1.61	0.221767	-0.10E+04
1.613	0.221967	-0.10E+04
1.616	0.222200	-0.10E+04
1.619	0.222567	-0.10E+04
1.622	0.222767	-0.10E+04
1.625	0.222867	-0.10E+04
1.628	0.222833	-0.10E+04
1.631	0.222800	-0.10E+04
1.634	0.223400	-0.10E+04
1.637	0.223500	-0.10E+04
1.64	0.223267	-0.10E+04
1.643	0.223700	-0.10E+04
1.646	0.223633	-0.10E+04
1.649	0.223833	-0.10E+04
1.652	0.224167	-0.10E+04
1.655	0.224633	-0.10E+04
1.658	0.224900	-0.10E+04
1.661	0.224333	-0.10E+04
1.664	0.224367	-0.10E+04
1.667	0.224400	-0.10E+04
1.67	0.224800	-0.10E+04
1.673	0.225000	-0.10E+04
1.676	0.225267	-0.10E+04
1.679	0.225700	-0.10E+04
1.682	0.225700	-0.10E+04
1.685	0.225267	-0.10E+04
1.688	0.225200	-0.10E+04
1.691	0.224833	-0.10E+04
1.694	0.225200	-0.10E+04
1.697	0.225467	-0.10E+04
1.7	0.225567	-0.10E+04
1.703	0.225633	-0.10E+04
1.706	0.225833	-0.10E+04
1.709	0.225833	-0.10E+04
1.712	0.226033	-0.10E+04
1.715	0.226267	-0.10E+04
1.718	0.226400	-0.10E+04
1.721	0.226367	-0.10E+04
1.724	0.226233	-0.10E+04
1.727	0.226200	-0.10E+04
1.73	0.226400	-0.10E+04
1.733	0.226800	-0.10E+04
1.736	0.227167	-0.10E+04
1.739	0.227467	-0.10E+04
1.742	0.227667	-0.10E+04
1.745	0.227433	-0.10E+04
1.748	0.227700	-0.10E+04
1.751	0.227500	-0.10E+04
1.754	0.227467	-0.10E+04
1.757	0.227467	-0.10E+04
1.76	0.227200	-0.10E+04
1.763	0.227100	-0.10E+04
1.766	0.227367	-0.10E+04
1.769	0.227200	-0.10E+04
1.772	0.227400	-0.10E+04
1.775	0.228067	-0.10E+04
1.778	0.227900	-0.10E+04
1.781	0.228133	-0.10E+04
1.784	0.228367	-0.10E+04
1.787	0.228400	-0.10E+04
1.79	0.228700	-0.10E+04
1.793	0.228967	-0.10E+04
1.796	0.228833	-0.10E+04
1.799	0.228533	-0.10E+04
1.802	0.228800	-0.10E+04
1.805	0.228867	-0.10E+04
1.808	0.229267	-0.10E+04
1.811	0.229267	-0.10E+04
1.814	0.229000	-0.10E+04
1.817	0.228767	-0.10E+04
1.82	0.228700	-0.10E+04
1.823	0.229300	-0.10E+04
1.826	0.229367	-0.10E+04
1.829	0.229600	-0.10E+04
1.832	0.229667	-0.10E+04
1.835	0.229767	-0.10E+04
1.838	0.229633	-0.10E+04
1.841	0.229633	-0.10E+04
1.844	0.229400	-0.10E+04
1.847	0.229400	-0.10E+04
1.85	0.229533	-0.10E+04
1.853	0.229700	-0.10E+04
1.856	0.230200	-0.10E+04
1.859	0.229967	-0.10E+04
1.862	0.230067	-0.10E+04
1.865	0.230200	-0.10E+04
1.868	0.230267	-0.10E+04
1.871	0.230600	-0.10E+04
1.874	0.230933	-0.10E+04
1.877	0.230500	-0.10E+04
1.88	0.230433	-0.10E+04
1.883	0.230467	-0.10E+04
1.886	0.230667	-0.10E+04
1.889	0.230767	-0.10E+04
1.892	0.230967	-0.10E+04
1.895	0.231500	-0.10E+04
1.898	0.231600	-0.10E+04
1.901	0.231800	-0.10E+04
1.904	0.232067	-0.10E+04
1.907	0.231867	-0.10E+04
1.91	0.232133	-0.10E+04
1.913	0.232067	-0.10E+04
1.916	0.232133	-0.10E+04
1.919	0.232267	-0.10E+04
1.922	0.232200	-0.10E+04
1.925	0.232600	-0.10E+04
1.928	0.233033	-0.10E+04
1.931	0.233600	-0.10E+04
1.934	0.233733	-0.10E+04
1.937	0.233467	-0.10E+04
1.94	0.233233	-0.10E+04
1.943	0.233167	-0.10E+04
1.946	0.233167	-0.10E+04
1.949	0.233533	-0.10E+04
1.952	0.233567	-0.10E+04
1.955	0.233633	-0.10E+04
1.958	0.233933	-0.10E+04
1.961	0.234267	-0.10E+04
1.964	0.234367	-0.10E+04
1.967	0.234267	-0.10E+04
1.97	0.234167	-0.10E+04
1.973	0.234233	-0.10E+04
1.976	0.234367	-0.10E+04
1.979	0.234667	-0.10E+04
1.982	0.235000	-0.10E+04
1.985	0.234633	-0.10E+04
1.988	0.234967	-0.10E+04
1.991	0.235200	-0.10E+04
1.994	0.235600	-0.10E+04
1.997	0.235567	-0.10E+04
2	0.235700	-0.10E+04
2.003	0.236133	-0.10E+04
2.006	0.236167	-0.10E+04
2.009	0.236233	-0.10E+04
2.012	0.236700	-0.10E+04
2.015	0.237100	-0.10E+04
2.018	0.237367	-0.10E+04
2.021	0.237400	-0.10E+04
2.024	0.237200	-0.10E+04
2.027	0.236733	-0.10E+04
2.03	0.236667	-0.10E+04
2.033	0.236833	-0.10E+04
2.036	0.236867	-0.10E+04
2.039	0.236800	-0.10E+04
2.042	0.236833	-0.10E+04
2.045	0.237133	-0.10E+04
2.048	0.237400	-0.10E+04
2.051	0.237533	-0.10E+04
2.054	0.237433	-0.10E+04
2.057	0.237733	-0.10E+04
2.06	0.238200	-0.10E+04
2.063	0.238967	-0.10E+04
2.066	0.239233	-0.10E+04
2.069	0.239167	-0.10E+04
2.072	0.239100	-0.10E+04
2.075	0.239467	-0.10E+04
2.078	0.239667	-0.10E+04
2.081	0.239867	-0.10E+04
2.084	0.240267	-0.10E+04
2.087	0.240433	-0.10E+04
2.09	0.240533	-0.10E+04
2.093	0.240833	-0.10E+04
2.096	0.241467	-0.10E+04
2.099	0.241233	-0.10E+04
2.102	0.241367	-0.10E+04
2.105	0.242100	-0.10E+04
2.108	0.242433	-0.10E+04
2.111	0.242600	-0.10E+04
2.114	0.242333	-0.10E+04
2.117	0.243000	-0.10E+04
2.12	0.243600	-0.10E+04
2.123	0.244000	-0.10E+04
2.126	0.243867	-0.10E+04
2.129	0.243867	-0.10E+04
2.132	0.244067	-0.10E+04
2.135	0.244600	-0.10E+04
2.138	0.244633	-0.10E+04
2.141	0.244533	-0.10E+04
2.144	0.244867	-0.10E+04
2.147	0.245033	-0.10E+04
2.15	0.245100	-0.10E+04
2.153	0.245533	-0.10E+04
2.156	0.246033	-0.10E+04
2.159	0.246467	-0.10E+04
2.162	0.246800	-0.10E+04
2.165	0.247167	-0.10E+04
2.168	0.247300	-0.10E+04
2.171	0.247233	-0.10E+04
2.174	0.247100	-0.10E+04
2.177	0.247533	-0.10E+04
2.18	0.247967	-0.10E+04
2.183	0.248167	-0.10E+04
2.186	0.248333	-0.10E+04
2.189	0.248433	-0.10E+04
2.192	0.248867	-0.10E+04
2.195	0.249100	-0.10E+04
2.198	0.249333	-0.10E+04
2.201	0.250000	-0.10E+04
2.204	0.250433	-0.10E+04
2.207	0.250667	-0.10E+04
2.21	0.251100	-0.10E+04
2.213	0.251567	-0.10E+04
2.216	0.251433	-0.10E+04
2.219	0.251433	-0.10E+04
2.222	0.251667	-0.10E+04
2.225	0.252500	-0.10E+04
2.228	0.252500	-0.10E+04
2.231	0.252767	-0.10E+04
2.234	0.253033	-0.10E+04
2.237	0.253633	-0.10E+04
2.24	0.253900	-0.10E+04
2.243	0.254000	-0.10E+04
2.246	0.253933	-0.10E+04
2.249	0.254933	-0.10E+04
2.252	0.255267	-0.10E+04
2.255	0.255567	-0.10E+04
2.258	0.256200	-0.10E+04
2.261	0.256267	-0.10E+04
2.264	0.256100	-0.10E+04
2.267	0.256767	-0.10E+04
2.27	0.256967	-0.10E+04
2.273	0.257467	-0.10E+04
2.276	0.257900	-0.10E+04
2.279	0.258300	-0.10E+04
2.282	0.258367	-0.10E+04
2.285	0.258633	-0.10E+04
2.288	0.259300	-0.10E+04
2.291	0.259900	-0.10E+04
2.294	0.260100	-0.10E+04
2.297	0.260633	-0.10E+04
2.3	0.261167	-0.10E+04
2.303	0.261533	-0.10E+04
2.306	0.261600	-0.10E+04
2.309	0.261533	-0.10E+04
2.312	0.262133	-0.10E+04
2.315	0.262933	-0.10E+04
2.318	0.263300	-0.10E+04
2.321	0.263733	-0.10E+04
2.324	0.264467	-0.10E+04
2.327	0.264433	-0.10E+04
2.33	0.264600	-0.10E+04
2.333	0.265033	-0.10E+04
2.336	0.265600	-0.10E+04
2.339	0.266000	-0.10E+04
2.342	0.266200	-0.10E+04
2.345	0.266767	-0.10E+04
2.348	0.267133	-0.10E+04
2.351	0.267633	-0.10E+04
2.354	0.268133	-0.10E+04
2.357	0.268333	-0.10E+04
2.36	0.268933	-0.10E+04
2.363	0.269467	-0.10E+04
2.366	0.269900	-0.10E+04
2.369	0.270033	-0.10E+04
2.372	0.270433	-0.10E+04
2.375	0.270867	-0.10E+04
2.378	0.271267	-0.10E+04
2.381	0.271500	-0.10E+04
2.384	0.271867	-0.10E+04
2.387	0.272367	-0.10E+04
2.39	0.272833	-0.10E+04
2.393	0.273467	-0.10E+04
2.396	0.274000	-0.10E+04
2.399	0.274533	-0.10E+04
2.402	0.274833	-0.10E+04
2.405	0.275000	-0.10E+04
2.408	0.275833	-0.10E+04
2.411	0.276200	-0.10E+04
2.414	0.276300	-0.10E+04
2.417	0.276100	-0.10E+04
2.42	0.276733	-0.10E+04
2.423	0.277500	-0.10E+04
2.426	0.278433	-0.10E+04
2.429	0.279233	-0.10E+04
2.432	0.279500	-0.10E+04
2.435	0.280067	-0.10E+04
2.438	0.280100	-0.10E+04
2.441	0.280700	-0.10E+04
2.444	0.281133	-0.10E+04
2.447	0.281400	-0.10E+04
2.45	0.281567	-0.10E+04
2.453	0.282333	-0.10E+04
2.456	0.282900	-0.10E+04
2.459	0.282933	-0.10E+04
2.462	0.283067	-0.10E+04
2.465	0.282567	-0.10E+04
2.468	0.282267	-0.10E+04
2.471	0.282167	-0.10E+04
2.474	0.282433	-0.10E+04
2.477	0.282233	-0.10E+04
2.48	0.282500	-0.10E+04
2.483	0.282667	-0.10E+04
2.486	0.283033	-0.10E+04
2.489	0.283433	-0.10E+04
2.492	0.284300	-0.10E+04
2.495	0.284133	-0.10E+04
2.498	0.285267	-0.10E+04
