Brown University Keck/NASA Relab Spectrum LS-JBA-005/wls331
Wavelength(micron)	Reflectance	Standard Deviation
0.35	0.144733	-0.10E+04
0.353	0.146500	-0.10E+04
0.356	0.148267	-0.10E+04
0.359	0.148800	-0.10E+04
0.362	0.149700	-0.10E+04
0.365	0.150167	-0.10E+04
0.368	0.151000	-0.10E+04
0.371	0.151700	-0.10E+04
0.374	0.153000	-0.10E+04
0.377	0.153733	-0.10E+04
0.38	0.153933	-0.10E+04
0.383	0.153533	-0.10E+04
0.386	0.153767	-0.10E+04
0.389	0.155233	-0.10E+04
0.392	0.155433	-0.10E+04
0.395	0.154367	-0.10E+04
0.398	0.154133	-0.10E+04
0.401	0.154300	-0.10E+04
0.404	0.154733	-0.10E+04
0.407	0.155500	-0.10E+04
0.41	0.155033	-0.10E+04
0.413	0.155167	-0.10E+04
0.416	0.155067	-0.10E+04
0.419	0.155933	-0.10E+04
0.422	0.156233	-0.10E+04
0.425	0.156700	-0.10E+04
0.428	0.156300	-0.10E+04
0.431	0.155600	-0.10E+04
0.434	0.155267	-0.10E+04
0.437	0.156067	-0.10E+04
0.44	0.156133	-0.10E+04
0.443	0.156533	-0.10E+04
0.446	0.157833	-0.10E+04
0.449	0.156833	-0.10E+04
0.452	0.156533	-0.10E+04
0.455	0.158600	-0.10E+04
0.458	0.159133	-0.10E+04
0.461	0.158533	-0.10E+04
0.464	0.158200	-0.10E+04
0.467	0.157167	-0.10E+04
0.47	0.157467	-0.10E+04
0.473	0.158500	-0.10E+04
0.476	0.159600	-0.10E+04
0.479	0.159800	-0.10E+04
0.482	0.159767	-0.10E+04
0.485	0.159367	-0.10E+04
0.488	0.159633	-0.10E+04
0.491	0.158900	-0.10E+04
0.494	0.159367	-0.10E+04
0.497	0.159133	-0.10E+04
0.5	0.159167	-0.10E+04
0.503	0.159000	-0.10E+04
0.506	0.159833	-0.10E+04
0.509	0.159633	-0.10E+04
0.512	0.158933	-0.10E+04
0.515	0.159867	-0.10E+04
0.518	0.159533	-0.10E+04
0.521	0.159567	-0.10E+04
0.524	0.160967	-0.10E+04
0.527	0.161400	-0.10E+04
0.53	0.162300	-0.10E+04
0.533	0.163000	-0.10E+04
0.536	0.163567	-0.10E+04
0.539	0.163300	-0.10E+04
0.542	0.163033	-0.10E+04
0.545	0.163233	-0.10E+04
0.548	0.163167	-0.10E+04
0.551	0.162633	-0.10E+04
0.554	0.163233	-0.10E+04
0.557	0.164133	-0.10E+04
0.56	0.164367	-0.10E+04
0.563	0.164700	-0.10E+04
0.566	0.165000	-0.10E+04
0.569	0.165633	-0.10E+04
0.572	0.166000	-0.10E+04
0.575	0.167167	-0.10E+04
0.578	0.167567	-0.10E+04
0.581	0.167400	-0.10E+04
0.584	0.166900	-0.10E+04
0.587	0.167000	-0.10E+04
0.59	0.167567	-0.10E+04
0.593	0.167433	-0.10E+04
0.596	0.169467	-0.10E+04
0.599	0.170133	-0.10E+04
0.602	0.170400	-0.10E+04
0.605	0.170133	-0.10E+04
0.608	0.170567	-0.10E+04
0.611	0.170233	-0.10E+04
0.614	0.170733	-0.10E+04
0.617	0.172133	-0.10E+04
0.62	0.171633	-0.10E+04
0.623	0.171333	-0.10E+04
0.626	0.171867	-0.10E+04
0.629	0.171933	-0.10E+04
0.632	0.172033	-0.10E+04
0.635	0.173767	-0.10E+04
0.638	0.174867	-0.10E+04
0.641	0.175033	-0.10E+04
0.644	0.173733	-0.10E+04
0.647	0.173233	-0.10E+04
0.65	0.173900	-0.10E+04
0.653	0.172667	-0.10E+04
0.656	0.171667	-0.10E+04
0.659	0.172200	-0.10E+04
0.662	0.173300	-0.10E+04
0.665	0.175100	-0.10E+04
0.668	0.173900	-0.10E+04
0.671	0.174067	-0.10E+04
0.674	0.176767	-0.10E+04
0.677	0.180833	-0.10E+04
0.68	0.183567	-0.10E+04
0.683	0.183433	-0.10E+04
0.686	0.187000	-0.10E+04
0.689	0.187767	-0.10E+04
0.692	0.189133	-0.10E+04
0.695	0.186967	-0.10E+04
0.698	0.186467	-0.10E+04
0.701	0.187767	-0.10E+04
0.704	0.188367	-0.10E+04
0.707	0.189067	-0.10E+04
0.71	0.187833	-0.10E+04
0.713	0.186967	-0.10E+04
0.716	0.189500	-0.10E+04
0.719	0.190067	-0.10E+04
0.722	0.190600	-0.10E+04
0.725	0.190433	-0.10E+04
0.728	0.190567	-0.10E+04
0.731	0.191333	-0.10E+04
0.734	0.191367	-0.10E+04
0.737	0.190600	-0.10E+04
0.74	0.191367	-0.10E+04
0.743	0.188600	-0.10E+04
0.746	0.189733	-0.10E+04
0.749	0.191267	-0.10E+04
0.752	0.190800	-0.10E+04
0.755	0.189900	-0.10E+04
0.758	0.193600	-0.10E+04
0.761	0.192333	-0.10E+04
0.764	0.190300	-0.10E+04
0.767	0.189833	-0.10E+04
0.77	0.190067	-0.10E+04
0.773	0.191267	-0.10E+04
0.776	0.189800	-0.10E+04
0.779	0.187367	-0.10E+04
0.782	0.187000	-0.10E+04
0.785	0.187367	-0.10E+04
0.788	0.188900	-0.10E+04
0.791	0.185200	-0.10E+04
0.794	0.185600	-0.10E+04
0.797	0.188800	-0.10E+04
0.8	0.188500	-0.10E+04
0.803	0.188867	-0.10E+04
0.806	0.189900	-0.10E+04
0.809	0.190300	-0.10E+04
0.812	0.189267	-0.10E+04
0.815	0.190167	-0.10E+04
0.818	0.187300	-0.10E+04
0.821	0.183533	-0.10E+04
0.824	0.185133	-0.10E+04
0.827	0.187333	-0.10E+04
0.83	0.186833	-0.10E+04
0.833	0.187633	-0.10E+04
0.836	0.185467	-0.10E+04
0.839	0.182800	-0.10E+04
0.842	0.182533	-0.10E+04
0.845	0.182833	-0.10E+04
0.848	0.182533	-0.10E+04
0.851	0.180333	-0.10E+04
0.854	0.176800	-0.10E+04
0.857	0.175133	-0.10E+04
0.86	0.170967	-0.10E+04
0.863	0.166900	-0.10E+04
0.866	0.168567	-0.10E+04
0.869	0.170433	-0.10E+04
0.872	0.174067	-0.10E+04
0.875	0.175033	-0.10E+04
0.878	0.174067	-0.10E+04
0.881	0.169733	-0.10E+04
0.884	0.169733	-0.10E+04
0.887	0.172300	-0.10E+04
0.89	0.168700	-0.10E+04
0.893	0.167567	-0.10E+04
0.896	0.168167	-0.10E+04
0.899	0.165967	-0.10E+04
0.902	0.162733	-0.10E+04
0.905	0.159700	-0.10E+04
0.908	0.160633	-0.10E+04
0.911	0.161767	-0.10E+04
0.914	0.159667	-0.10E+04
0.917	0.158633	-0.10E+04
0.92	0.163167	-0.10E+04
0.923	0.164833	-0.10E+04
0.926	0.163100	-0.10E+04
0.929	0.160000	-0.10E+04
0.932	0.158133	-0.10E+04
0.935	0.158133	-0.10E+04
0.938	0.159033	-0.10E+04
0.941	0.161633	-0.10E+04
0.944	0.161333	-0.10E+04
0.947	0.160400	-0.10E+04
0.95	0.159000	-0.10E+04
0.953	0.158400	-0.10E+04
0.956	0.160333	-0.10E+04
0.959	0.159667	-0.10E+04
0.962	0.160333	-0.10E+04
0.965	0.158733	-0.10E+04
0.968	0.157867	-0.10E+04
0.971	0.156533	-0.10E+04
0.974	0.155433	-0.10E+04
0.977	0.154467	-0.10E+04
0.98	0.154133	-0.10E+04
0.983	0.153467	-0.10E+04
0.986	0.153133	-0.10E+04
0.989	0.155200	-0.10E+04
0.992	0.155100	-0.10E+04
0.995	0.155067	-0.10E+04
0.998	0.156133	-0.10E+04
1.001	0.158267	-0.10E+04
1.004	0.156400	-0.10E+04
1.007	0.156433	-0.10E+04
1.01	0.158267	-0.10E+04
1.013	0.159133	-0.10E+04
1.016	0.157700	-0.10E+04
1.019	0.158700	-0.10E+04
1.022	0.161533	-0.10E+04
1.025	0.160800	-0.10E+04
1.028	0.159567	-0.10E+04
1.031	0.158567	-0.10E+04
1.034	0.161333	-0.10E+04
1.037	0.162067	-0.10E+04
1.04	0.165800	-0.10E+04
1.043	0.166467	-0.10E+04
1.046	0.165200	-0.10E+04
1.049	0.165767	-0.10E+04
1.052	0.166200	-0.10E+04
1.055	0.166900	-0.10E+04
1.058	0.170167	-0.10E+04
1.061	0.169433	-0.10E+04
1.064	0.170133	-0.10E+04
1.067	0.170500	-0.10E+04
1.07	0.170533	-0.10E+04
1.073	0.172267	-0.10E+04
1.076	0.172300	-0.10E+04
1.079	0.173700	-0.10E+04
1.082	0.173567	-0.10E+04
1.085	0.174467	-0.10E+04
1.088	0.175433	-0.10E+04
1.091	0.174400	-0.10E+04
1.094	0.174533	-0.10E+04
1.097	0.175533	-0.10E+04
1.1	0.177467	-0.10E+04
1.103	0.179000	-0.10E+04
1.106	0.178833	-0.10E+04
1.109	0.179400	-0.10E+04
1.112	0.178200	-0.10E+04
1.115	0.178733	-0.10E+04
1.118	0.183500	-0.10E+04
1.121	0.184867	-0.10E+04
1.124	0.184067	-0.10E+04
1.127	0.184100	-0.10E+04
1.13	0.184967	-0.10E+04
1.133	0.186033	-0.10E+04
1.136	0.187433	-0.10E+04
1.139	0.189100	-0.10E+04
1.142	0.191400	-0.10E+04
1.145	0.192967	-0.10E+04
1.148	0.193767	-0.10E+04
1.151	0.192967	-0.10E+04
1.154	0.191033	-0.10E+04
1.157	0.189833	-0.10E+04
1.16	0.190533	-0.10E+04
1.163	0.192933	-0.10E+04
1.166	0.192933	-0.10E+04
1.169	0.192367	-0.10E+04
1.172	0.193433	-0.10E+04
1.175	0.193533	-0.10E+04
1.178	0.191633	-0.10E+04
1.181	0.191767	-0.10E+04
1.184	0.190867	-0.10E+04
1.187	0.191133	-0.10E+04
1.19	0.191833	-0.10E+04
1.193	0.192067	-0.10E+04
1.196	0.191367	-0.10E+04
1.199	0.191567	-0.10E+04
1.202	0.193433	-0.10E+04
1.205	0.195200	-0.10E+04
1.208	0.195033	-0.10E+04
1.211	0.196133	-0.10E+04
1.214	0.196033	-0.10E+04
1.217	0.197700	-0.10E+04
1.22	0.197067	-0.10E+04
1.223	0.196133	-0.10E+04
1.226	0.195900	-0.10E+04
1.229	0.197433	-0.10E+04
1.232	0.199100	-0.10E+04
1.235	0.199300	-0.10E+04
1.238	0.199433	-0.10E+04
1.241	0.200333	-0.10E+04
1.244	0.200833	-0.10E+04
1.247	0.201533	-0.10E+04
1.25	0.203100	-0.10E+04
1.253	0.203333	-0.10E+04
1.256	0.203067	-0.10E+04
1.259	0.202100	-0.10E+04
1.262	0.203300	-0.10E+04
1.265	0.203233	-0.10E+04
1.268	0.203533	-0.10E+04
1.271	0.201967	-0.10E+04
1.274	0.202233	-0.10E+04
1.277	0.201833	-0.10E+04
1.28	0.203200	-0.10E+04
1.283	0.205533	-0.10E+04
1.286	0.204600	-0.10E+04
1.289	0.204033	-0.10E+04
1.292	0.202133	-0.10E+04
1.295	0.201367	-0.10E+04
1.298	0.201167	-0.10E+04
1.301	0.199100	-0.10E+04
1.304	0.201233	-0.10E+04
1.307	0.203567	-0.10E+04
1.31	0.203400	-0.10E+04
1.313	0.203333	-0.10E+04
1.316	0.203533	-0.10E+04
1.319	0.202867	-0.10E+04
1.322	0.201900	-0.10E+04
1.325	0.204100	-0.10E+04
1.328	0.204733	-0.10E+04
1.331	0.204500	-0.10E+04
1.334	0.205400	-0.10E+04
1.337	0.203600	-0.10E+04
1.34	0.204433	-0.10E+04
1.343	0.204767	-0.10E+04
1.346	0.206767	-0.10E+04
1.349	0.206900	-0.10E+04
1.352	0.207233	-0.10E+04
1.355	0.207033	-0.10E+04
1.358	0.204800	-0.10E+04
1.361	0.207133	-0.10E+04
1.364	0.207200	-0.10E+04
1.367	0.206633	-0.10E+04
1.37	0.208033	-0.10E+04
1.373	0.208067	-0.10E+04
1.376	0.207767	-0.10E+04
1.379	0.209800	-0.10E+04
1.382	0.209233	-0.10E+04
1.385	0.211867	-0.10E+04
1.388	0.210900	-0.10E+04
1.391	0.209533	-0.10E+04
1.394	0.211300	-0.10E+04
1.397	0.211700	-0.10E+04
1.4	0.210733	-0.10E+04
1.403	0.210733	-0.10E+04
1.406	0.211500	-0.10E+04
1.409	0.212400	-0.10E+04
1.412	0.210433	-0.10E+04
1.415	0.210767	-0.10E+04
1.418	0.210500	-0.10E+04
1.421	0.212667	-0.10E+04
1.424	0.213033	-0.10E+04
1.427	0.213433	-0.10E+04
1.43	0.211600	-0.10E+04
1.433	0.210167	-0.10E+04
1.436	0.210533	-0.10E+04
1.439	0.212000	-0.10E+04
1.442	0.212700	-0.10E+04
1.445	0.212967	-0.10E+04
1.448	0.212533	-0.10E+04
1.451	0.214133	-0.10E+04
1.454	0.215267	-0.10E+04
1.457	0.212567	-0.10E+04
1.46	0.212800	-0.10E+04
1.463	0.214167	-0.10E+04
1.466	0.216233	-0.10E+04
1.469	0.216167	-0.10E+04
1.472	0.214433	-0.10E+04
1.475	0.213767	-0.10E+04
1.478	0.214867	-0.10E+04
1.481	0.212700	-0.10E+04
1.484	0.215200	-0.10E+04
1.487	0.218267	-0.10E+04
1.49	0.219733	-0.10E+04
1.493	0.221233	-0.10E+04
1.496	0.219500	-0.10E+04
1.499	0.218000	-0.10E+04
1.502	0.218800	-0.10E+04
1.505	0.218867	-0.10E+04
1.508	0.219100	-0.10E+04
1.511	0.219900	-0.10E+04
1.514	0.218100	-0.10E+04
1.517	0.217033	-0.10E+04
1.52	0.217267	-0.10E+04
1.523	0.217867	-0.10E+04
1.526	0.219300	-0.10E+04
1.529	0.218667	-0.10E+04
1.532	0.219033	-0.10E+04
1.535	0.219367	-0.10E+04
1.538	0.219600	-0.10E+04
1.541	0.220467	-0.10E+04
1.544	0.221933	-0.10E+04
1.547	0.221300	-0.10E+04
1.55	0.219700	-0.10E+04
1.553	0.219533	-0.10E+04
1.556	0.220000	-0.10E+04
1.559	0.220100	-0.10E+04
1.562	0.220600	-0.10E+04
1.565	0.219767	-0.10E+04
1.568	0.219367	-0.10E+04
1.571	0.221267	-0.10E+04
1.574	0.220400	-0.10E+04
1.577	0.220333	-0.10E+04
1.58	0.219833	-0.10E+04
1.583	0.221300	-0.10E+04
1.586	0.225067	-0.10E+04
1.589	0.225400	-0.10E+04
1.592	0.223900	-0.10E+04
1.595	0.221767	-0.10E+04
1.598	0.220633	-0.10E+04
1.601	0.223233	-0.10E+04
1.604	0.225900	-0.10E+04
1.607	0.225433	-0.10E+04
1.61	0.224867	-0.10E+04
1.613	0.224067	-0.10E+04
1.616	0.222833	-0.10E+04
1.619	0.224200	-0.10E+04
1.622	0.223500	-0.10E+04
1.625	0.222067	-0.10E+04
1.628	0.223333	-0.10E+04
1.631	0.222567	-0.10E+04
1.634	0.222933	-0.10E+04
1.637	0.222567	-0.10E+04
1.64	0.221433	-0.10E+04
1.643	0.223267	-0.10E+04
1.646	0.223533	-0.10E+04
1.649	0.223067	-0.10E+04
1.652	0.222467	-0.10E+04
1.655	0.224467	-0.10E+04
1.658	0.223833	-0.10E+04
1.661	0.222433	-0.10E+04
1.664	0.220800	-0.10E+04
1.667	0.221933	-0.10E+04
1.67	0.222133	-0.10E+04
1.673	0.223500	-0.10E+04
1.676	0.223633	-0.10E+04
1.679	0.221000	-0.10E+04
1.682	0.219000	-0.10E+04
1.685	0.219800	-0.10E+04
1.688	0.220867	-0.10E+04
1.691	0.221300	-0.10E+04
1.694	0.222133	-0.10E+04
1.697	0.221467	-0.10E+04
1.7	0.221333	-0.10E+04
1.703	0.220533	-0.10E+04
1.706	0.221167	-0.10E+04
1.709	0.222167	-0.10E+04
1.712	0.222067	-0.10E+04
1.715	0.222367	-0.10E+04
1.718	0.223700	-0.10E+04
1.721	0.224500	-0.10E+04
1.724	0.224733	-0.10E+04
1.727	0.224067	-0.10E+04
1.73	0.223100	-0.10E+04
1.733	0.220333	-0.10E+04
1.736	0.223267	-0.10E+04
1.739	0.221600	-0.10E+04
1.742	0.223033	-0.10E+04
1.745	0.224567	-0.10E+04
1.748	0.224200	-0.10E+04
1.751	0.221100	-0.10E+04
1.754	0.223567	-0.10E+04
1.757	0.225400	-0.10E+04
1.76	0.224967	-0.10E+04
1.763	0.224867	-0.10E+04
1.766	0.223233	-0.10E+04
1.769	0.222733	-0.10E+04
1.772	0.224267	-0.10E+04
1.775	0.223100	-0.10E+04
1.778	0.221967	-0.10E+04
1.781	0.224133	-0.10E+04
1.784	0.226333	-0.10E+04
1.787	0.225400	-0.10E+04
1.79	0.225200	-0.10E+04
1.793	0.225133	-0.10E+04
1.796	0.225400	-0.10E+04
1.799	0.225100	-0.10E+04
1.802	0.224367	-0.10E+04
1.805	0.225100	-0.10E+04
1.808	0.224600	-0.10E+04
1.811	0.224267	-0.10E+04
1.814	0.225533	-0.10E+04
1.817	0.228367	-0.10E+04
1.82	0.226900	-0.10E+04
1.823	0.226033	-0.10E+04
1.826	0.227167	-0.10E+04
1.829	0.225867	-0.10E+04
1.832	0.224933	-0.10E+04
1.835	0.224167	-0.10E+04
1.838	0.224467	-0.10E+04
1.841	0.224567	-0.10E+04
1.844	0.226133	-0.10E+04
1.847	0.228800	-0.10E+04
1.85	0.228400	-0.10E+04
1.853	0.227100	-0.10E+04
1.856	0.226033	-0.10E+04
1.859	0.225033	-0.10E+04
1.862	0.224633	-0.10E+04
1.865	0.226633	-0.10E+04
1.868	0.228800	-0.10E+04
1.871	0.228733	-0.10E+04
1.874	0.228967	-0.10E+04
1.877	0.229600	-0.10E+04
1.88	0.228733	-0.10E+04
1.883	0.226833	-0.10E+04
1.886	0.227167	-0.10E+04
1.889	0.227800	-0.10E+04
1.892	0.228333	-0.10E+04
1.895	0.229433	-0.10E+04
1.898	0.230267	-0.10E+04
1.901	0.227667	-0.10E+04
1.904	0.227933	-0.10E+04
1.907	0.227100	-0.10E+04
1.91	0.226800	-0.10E+04
1.913	0.228033	-0.10E+04
1.916	0.229167	-0.10E+04
1.919	0.231867	-0.10E+04
1.922	0.230133	-0.10E+04
1.925	0.229533	-0.10E+04
1.928	0.229433	-0.10E+04
1.931	0.229667	-0.10E+04
1.934	0.230633	-0.10E+04
1.937	0.232533	-0.10E+04
1.94	0.233567	-0.10E+04
1.943	0.232767	-0.10E+04
1.946	0.229633	-0.10E+04
1.949	0.228667	-0.10E+04
1.952	0.230233	-0.10E+04
1.955	0.231767	-0.10E+04
1.958	0.233467	-0.10E+04
1.961	0.233933	-0.10E+04
1.964	0.236367	-0.10E+04
1.967	0.236733	-0.10E+04
1.97	0.235200	-0.10E+04
1.973	0.233500	-0.10E+04
1.976	0.234300	-0.10E+04
1.979	0.234800	-0.10E+04
1.982	0.232867	-0.10E+04
1.985	0.232333	-0.10E+04
1.988	0.234467	-0.10E+04
1.991	0.234833	-0.10E+04
1.994	0.234567	-0.10E+04
1.997	0.235467	-0.10E+04
2	0.235633	-0.10E+04
2.003	0.234633	-0.10E+04
2.006	0.232167	-0.10E+04
2.009	0.232167	-0.10E+04
2.012	0.232067	-0.10E+04
2.015	0.233633	-0.10E+04
2.018	0.233033	-0.10E+04
2.021	0.236333	-0.10E+04
2.024	0.235333	-0.10E+04
2.027	0.233900	-0.10E+04
2.03	0.233667	-0.10E+04
2.033	0.233100	-0.10E+04
2.036	0.233067	-0.10E+04
2.039	0.233200	-0.10E+04
2.042	0.233833	-0.10E+04
2.045	0.235967	-0.10E+04
2.048	0.235733	-0.10E+04
2.051	0.234433	-0.10E+04
2.054	0.236167	-0.10E+04
2.057	0.236833	-0.10E+04
2.06	0.238033	-0.10E+04
2.063	0.237867	-0.10E+04
2.066	0.237167	-0.10E+04
2.069	0.236867	-0.10E+04
2.072	0.237067	-0.10E+04
2.075	0.236900	-0.10E+04
2.078	0.237033	-0.10E+04
2.081	0.236867	-0.10E+04
2.084	0.238700	-0.10E+04
2.087	0.238600	-0.10E+04
2.09	0.236733	-0.10E+04
2.093	0.237067	-0.10E+04
2.096	0.238733	-0.10E+04
2.099	0.239700	-0.10E+04
2.102	0.241033	-0.10E+04
2.105	0.241067	-0.10E+04
2.108	0.241233	-0.10E+04
2.111	0.240267	-0.10E+04
2.114	0.238367	-0.10E+04
2.117	0.236700	-0.10E+04
2.12	0.235700	-0.10E+04
2.123	0.235333	-0.10E+04
2.126	0.237767	-0.10E+04
2.129	0.239767	-0.10E+04
2.132	0.239733	-0.10E+04
2.135	0.238133	-0.10E+04
2.138	0.239400	-0.10E+04
2.141	0.237700	-0.10E+04
2.144	0.238600	-0.10E+04
2.147	0.238900	-0.10E+04
2.15	0.240033	-0.10E+04
2.153	0.239633	-0.10E+04
2.156	0.239433	-0.10E+04
2.159	0.236933	-0.10E+04
2.162	0.238867	-0.10E+04
2.165	0.238567	-0.10E+04
2.168	0.238467	-0.10E+04
2.171	0.237300	-0.10E+04
2.174	0.237500	-0.10E+04
2.177	0.237133	-0.10E+04
2.18	0.237733	-0.10E+04
2.183	0.236800	-0.10E+04
2.186	0.236300	-0.10E+04
2.189	0.236967	-0.10E+04
2.192	0.239333	-0.10E+04
2.195	0.239700	-0.10E+04
2.198	0.239000	-0.10E+04
2.201	0.238933	-0.10E+04
2.204	0.239433	-0.10E+04
2.207	0.239300	-0.10E+04
2.21	0.239400	-0.10E+04
2.213	0.240167	-0.10E+04
2.216	0.240433	-0.10E+04
2.219	0.240000	-0.10E+04
2.222	0.238200	-0.10E+04
2.225	0.240800	-0.10E+04
2.228	0.238833	-0.10E+04
2.231	0.239800	-0.10E+04
2.234	0.242500	-0.10E+04
2.237	0.245800	-0.10E+04
2.24	0.245833	-0.10E+04
2.243	0.245700	-0.10E+04
2.246	0.243800	-0.10E+04
2.249	0.243833	-0.10E+04
2.252	0.243900	-0.10E+04
2.255	0.242867	-0.10E+04
2.258	0.243333	-0.10E+04
2.261	0.247033	-0.10E+04
2.264	0.248633	-0.10E+04
2.267	0.250033	-0.10E+04
2.27	0.250367	-0.10E+04
2.273	0.250567	-0.10E+04
2.276	0.249733	-0.10E+04
2.279	0.248900	-0.10E+04
2.282	0.248700	-0.10E+04
2.285	0.248000	-0.10E+04
2.288	0.247933	-0.10E+04
2.291	0.250600	-0.10E+04
2.294	0.252067	-0.10E+04
2.297	0.251733	-0.10E+04
2.3	0.251667	-0.10E+04
2.303	0.252633	-0.10E+04
2.306	0.252167	-0.10E+04
2.309	0.251533	-0.10E+04
2.312	0.252800	-0.10E+04
2.315	0.253200	-0.10E+04
2.318	0.255067	-0.10E+04
2.321	0.254633	-0.10E+04
2.324	0.254067	-0.10E+04
2.327	0.255067	-0.10E+04
2.33	0.255533	-0.10E+04
2.333	0.258867	-0.10E+04
2.336	0.259167	-0.10E+04
2.339	0.258833	-0.10E+04
2.342	0.259100	-0.10E+04
2.345	0.258600	-0.10E+04
2.348	0.257833	-0.10E+04
2.351	0.258567	-0.10E+04
2.354	0.258867	-0.10E+04
2.357	0.257367	-0.10E+04
2.36	0.260033	-0.10E+04
2.363	0.261333	-0.10E+04
2.366	0.262667	-0.10E+04
2.369	0.262333	-0.10E+04
2.372	0.262900	-0.10E+04
2.375	0.264767	-0.10E+04
2.378	0.265433	-0.10E+04
2.381	0.264333	-0.10E+04
2.384	0.266267	-0.10E+04
2.387	0.268633	-0.10E+04
2.39	0.267100	-0.10E+04
2.393	0.266500	-0.10E+04
2.396	0.265033	-0.10E+04
2.399	0.267300	-0.10E+04
2.402	0.270100	-0.10E+04
2.405	0.271100	-0.10E+04
2.408	0.270833	-0.10E+04
2.411	0.270867	-0.10E+04
2.414	0.271033	-0.10E+04
2.417	0.272833	-0.10E+04
2.42	0.273333	-0.10E+04
2.423	0.272133	-0.10E+04
2.426	0.271000	-0.10E+04
2.429	0.271667	-0.10E+04
2.432	0.273467	-0.10E+04
2.435	0.276833	-0.10E+04
2.438	0.277767	-0.10E+04
2.441	0.278467	-0.10E+04
2.444	0.279167	-0.10E+04
2.447	0.277967	-0.10E+04
2.45	0.275300	-0.10E+04
2.453	0.277300	-0.10E+04
2.456	0.278367	-0.10E+04
2.459	0.278400	-0.10E+04
2.462	0.279900	-0.10E+04
2.465	0.279167	-0.10E+04
2.468	0.280567	-0.10E+04
2.471	0.282133	-0.10E+04
2.474	0.284500	-0.10E+04
2.477	0.283933	-0.10E+04
2.48	0.286267	-0.10E+04
2.483	0.285733	-0.10E+04
2.486	0.285133	-0.10E+04
2.489	0.288367	-0.10E+04
2.492	0.286333	-0.10E+04
2.495	0.284633	-0.10E+04
2.498	0.286400	-0.10E+04
