Brown University Keck/NASA Relab Spectrum LS-JBA-152-P/wls362
Wavelength(micron)	Reflectance	Standard Deviation
0.35	0.136000	-0.10E+04
0.353	0.139000	-0.10E+04
0.356	0.140000	-0.10E+04
0.359	0.142000	-0.10E+04
0.362	0.144000	-0.10E+04
0.365	0.145000	-0.10E+04
0.368	0.148000	-0.10E+04
0.371	0.149000	-0.10E+04
0.374	0.151000	-0.10E+04
0.377	0.152333	-0.10E+04
0.38	0.153000	-0.10E+04
0.383	0.156000	-0.10E+04
0.386	0.156667	-0.10E+04
0.389	0.158000	-0.10E+04
0.392	0.160667	-0.10E+04
0.395	0.162000	-0.10E+04
0.398	0.164000	-0.10E+04
0.401	0.165000	-0.10E+04
0.404	0.167000	-0.10E+04
0.407	0.169000	-0.10E+04
0.41	0.170000	-0.10E+04
0.413	0.172000	-0.10E+04
0.416	0.173000	-0.10E+04
0.419	0.175000	-0.10E+04
0.422	0.177667	-0.10E+04
0.425	0.179000	-0.10E+04
0.428	0.181000	-0.10E+04
0.431	0.182000	-0.10E+04
0.434	0.184000	-0.10E+04
0.437	0.186000	-0.10E+04
0.44	0.187000	-0.10E+04
0.443	0.189000	-0.10E+04
0.446	0.190000	-0.10E+04
0.449	0.192000	-0.10E+04
0.452	0.194000	-0.10E+04
0.455	0.195000	-0.10E+04
0.458	0.197000	-0.10E+04
0.461	0.197333	-0.10E+04
0.464	0.198000	-0.10E+04
0.467	0.200000	-0.10E+04
0.47	0.201000	-0.10E+04
0.473	0.203000	-0.10E+04
0.476	0.203667	-0.10E+04
0.479	0.205000	-0.10E+04
0.482	0.206333	-0.10E+04
0.485	0.207000	-0.10E+04
0.488	0.210000	-0.10E+04
0.491	0.210667	-0.10E+04
0.494	0.212000	-0.10E+04
0.497	0.214000	-0.10E+04
0.5	0.215000	-0.10E+04
0.503	0.217000	-0.10E+04
0.506	0.218000	-0.10E+04
0.509	0.220000	-0.10E+04
0.512	0.220667	-0.10E+04
0.515	0.221000	-0.10E+04
0.518	0.223000	-0.10E+04
0.521	0.223667	-0.10E+04
0.524	0.225000	-0.10E+04
0.527	0.227667	-0.10E+04
0.53	0.229000	-0.10E+04
0.533	0.232000	-0.10E+04
0.536	0.232000	-0.10E+04
0.539	0.232000	-0.10E+04
0.542	0.234000	-0.10E+04
0.545	0.235000	-0.10E+04
0.548	0.236000	-0.10E+04
0.551	0.237333	-0.10E+04
0.554	0.240000	-0.10E+04
0.557	0.240667	-0.10E+04
0.56	0.241000	-0.10E+04
0.563	0.242000	-0.10E+04
0.566	0.242333	-0.10E+04
0.569	0.243000	-0.10E+04
0.572	0.245667	-0.10E+04
0.575	0.247000	-0.10E+04
0.578	0.250000	-0.10E+04
0.581	0.250333	-0.10E+04
0.584	0.251000	-0.10E+04
0.587	0.252333	-0.10E+04
0.59	0.253000	-0.10E+04
0.593	0.256000	-0.10E+04
0.596	0.256667	-0.10E+04
0.599	0.258000	-0.10E+04
0.602	0.258667	-0.10E+04
0.605	0.259000	-0.10E+04
0.608	0.260200	-0.10E+04
0.611	0.261237	-0.10E+04
0.614	0.263310	-0.10E+04
0.617	0.264692	-0.10E+04
0.62	0.265383	-0.10E+04
0.623	0.267457	-0.10E+04
0.626	0.267802	-0.10E+04
0.629	0.268493	-0.10E+04
0.632	0.269875	-0.10E+04
0.635	0.270567	-0.10E+04
0.638	0.272640	-0.10E+04
0.641	0.273676	-0.10E+04
0.644	0.275750	-0.10E+04
0.647	0.276441	-0.10E+04
0.65	0.276786	-0.10E+04
0.653	0.279896	-0.10E+04
0.656	0.280242	-0.10E+04
0.659	0.280933	-0.10E+04
0.662	0.282315	-0.10E+04
0.665	0.283006	-0.10E+04
0.668	0.285080	-0.10E+04
0.671	0.285771	-0.10E+04
0.674	0.287153	-0.10E+04
0.677	0.288535	-0.10E+04
0.68	0.289226	-0.10E+04
0.683	0.290263	-0.10E+04
0.686	0.290263	-0.10E+04
0.689	0.290263	-0.10E+04
0.692	0.291645	-0.10E+04
0.695	0.292336	-0.10E+04
0.698	0.293373	-0.10E+04
0.701	0.294410	-0.10E+04
0.704	0.296483	-0.10E+04
0.707	0.297174	-0.10E+04
0.71	0.297520	-0.10E+04
0.713	0.298556	-0.10E+04
0.716	0.299247	-0.10E+04
0.719	0.300629	-0.10E+04
0.722	0.302012	-0.10E+04
0.725	0.302703	-0.10E+04
0.728	0.303739	-0.10E+04
0.731	0.304431	-0.10E+04
0.734	0.305813	-0.10E+04
0.737	0.307195	-0.10E+04
0.74	0.307886	-0.10E+04
0.743	0.307886	-0.10E+04
0.746	0.308232	-0.10E+04
0.749	0.308923	-0.10E+04
0.752	0.310305	-0.10E+04
0.755	0.310996	-0.10E+04
0.758	0.312033	-0.10E+04
0.761	0.312724	-0.10E+04
0.764	0.314106	-0.10E+04
0.767	0.314797	-0.10E+04
0.77	0.315143	-0.10E+04
0.773	0.316179	-0.10E+04
0.776	0.316179	-0.10E+04
0.779	0.316179	-0.10E+04
0.782	0.316870	-0.10E+04
0.785	0.317216	-0.10E+04
0.788	0.317216	-0.10E+04
0.791	0.317561	-0.10E+04
0.794	0.318253	-0.10E+04
0.797	0.318253	-0.10E+04
0.8	0.318253	-0.10E+04
0.803	0.318253	-0.10E+04
0.806	0.318598	-0.10E+04
0.809	0.319289	-0.10E+04
0.812	0.319289	-0.10E+04
0.815	0.319289	-0.10E+04
0.818	0.320326	-0.10E+04
0.821	0.320326	-0.10E+04
0.824	0.320326	-0.10E+04
0.827	0.321708	-0.10E+04
0.83	0.322399	-0.10E+04
0.833	0.323436	-0.10E+04
0.836	0.323436	-0.10E+04
0.839	0.323436	-0.10E+04
0.842	0.324127	-0.10E+04
0.845	0.324473	-0.10E+04
0.848	0.325509	-0.10E+04
0.851	0.325855	-0.10E+04
0.854	0.326546	-0.10E+04
0.857	0.326546	-0.10E+04
0.86	0.326546	-0.10E+04
0.863	0.326546	-0.10E+04
0.866	0.326891	-0.10E+04
0.869	0.327582	-0.10E+04
0.872	0.327582	-0.10E+04
0.875	0.327582	-0.10E+04
0.878	0.327582	-0.10E+04
0.881	0.327928	-0.10E+04
0.884	0.328619	-0.10E+04
0.887	0.330001	-0.10E+04
0.89	0.330692	-0.10E+04
0.893	0.332766	-0.10E+04
0.896	0.333111	-0.10E+04
0.899	0.333802	-0.10E+04
0.902	0.334494	-0.10E+04
0.905	0.334839	-0.10E+04
0.908	0.336912	-0.10E+04
0.911	0.336912	-0.10E+04
0.914	0.336912	-0.10E+04
0.917	0.337603	-0.10E+04
0.92	0.337949	-0.10E+04
0.923	0.338986	-0.10E+04
0.926	0.339677	-0.10E+04
0.929	0.341059	-0.10E+04
0.932	0.341750	-0.10E+04
0.935	0.342096	-0.10E+04
0.938	0.344169	-0.10E+04
0.941	0.344514	-0.10E+04
0.944	0.345206	-0.10E+04
0.947	0.345897	-0.10E+04
0.95	0.346242	-0.10E+04
0.953	0.347279	-0.10E+04
0.956	0.347624	-0.10E+04
0.959	0.348316	-0.10E+04
0.962	0.349698	-0.10E+04
0.965	0.350389	-0.10E+04
0.968	0.352462	-0.10E+04
0.971	0.352808	-0.10E+04
0.974	0.353499	-0.10E+04
0.977	0.354190	-0.10E+04
0.98	0.354535	-0.10E+04
0.983	0.355572	-0.10E+04
0.986	0.356263	-0.10E+04
0.989	0.357645	-0.10E+04
0.992	0.358337	-0.10E+04
0.995	0.358682	-0.10E+04
0.998	0.360755	-0.10E+04
1.001	0.361101	-0.10E+04
1.004	0.361792	-0.10E+04
1.007	0.362483	-0.10E+04
1.01	0.362829	-0.10E+04
1.013	0.364902	-0.10E+04
1.016	0.364902	-0.10E+04
1.019	0.364902	-0.10E+04
1.022	0.366284	-0.10E+04
1.025	0.366975	-0.10E+04
1.028	0.369049	-0.10E+04
1.031	0.369394	-0.10E+04
1.034	0.370085	-0.10E+04
1.037	0.371467	-0.10E+04
1.04	0.372159	-0.10E+04
1.043	0.373195	-0.10E+04
1.046	0.373541	-0.10E+04
1.049	0.374232	-0.10E+04
1.052	0.375614	-0.10E+04
1.055	0.376305	-0.10E+04
1.058	0.377342	-0.10E+04
1.061	0.377687	-0.10E+04
1.064	0.378379	-0.10E+04
1.067	0.379070	-0.10E+04
1.07	0.379415	-0.10E+04
1.073	0.380452	-0.10E+04
1.076	0.380797	-0.10E+04
1.079	0.381488	-0.10E+04
1.082	0.382180	-0.10E+04
1.085	0.382525	-0.10E+04
1.088	0.383562	-0.10E+04
1.091	0.384253	-0.10E+04
1.094	0.385635	-0.10E+04
1.097	0.386326	-0.10E+04
1.1	0.386672	-0.10E+04
1.103	0.388745	-0.10E+04
1.106	0.388745	-0.10E+04
1.109	0.388745	-0.10E+04
1.112	0.390127	-0.10E+04
1.115	0.390818	-0.10E+04
1.118	0.391855	-0.10E+04
1.121	0.392546	-0.10E+04
1.124	0.393928	-0.10E+04
1.127	0.394619	-0.10E+04
1.13	0.394965	-0.10E+04
1.133	0.396002	-0.10E+04
1.136	0.396347	-0.10E+04
1.139	0.397038	-0.10E+04
1.142	0.398420	-0.10E+04
1.145	0.399112	-0.10E+04
1.148	0.400148	-0.10E+04
1.151	0.400494	-0.10E+04
1.154	0.401185	-0.10E+04
1.157	0.401876	-0.10E+04
1.16	0.402222	-0.10E+04
1.163	0.404295	-0.10E+04
1.166	0.404640	-0.10E+04
1.169	0.405331	-0.10E+04
1.172	0.405331	-0.10E+04
1.175	0.405331	-0.10E+04
1.178	0.406368	-0.10E+04
1.181	0.406714	-0.10E+04
1.184	0.407405	-0.10E+04
1.187	0.408096	-0.10E+04
1.19	0.408441	-0.10E+04
1.193	0.409478	-0.10E+04
1.196	0.410169	-0.10E+04
1.199	0.411551	-0.10E+04
1.202	0.412243	-0.10E+04
1.205	0.412588	-0.10E+04
1.208	0.413625	-0.10E+04
1.211	0.413970	-0.10E+04
1.214	0.414661	-0.10E+04
1.217	0.414661	-0.10E+04
1.22	0.414661	-0.10E+04
1.223	0.416735	-0.10E+04
1.226	0.417080	-0.10E+04
1.229	0.417771	-0.10E+04
1.232	0.419154	-0.10E+04
1.235	0.419845	-0.10E+04
1.238	0.420881	-0.10E+04
1.241	0.421227	-0.10E+04
1.244	0.421918	-0.10E+04
1.247	0.421918	-0.10E+04
1.25	0.421918	-0.10E+04
1.253	0.422955	-0.10E+04
1.256	0.423300	-0.10E+04
1.259	0.423991	-0.10E+04
1.262	0.424682	-0.10E+04
1.265	0.425028	-0.10E+04
1.268	0.427101	-0.10E+04
1.271	0.427447	-0.10E+04
1.274	0.428138	-0.10E+04
1.277	0.429520	-0.10E+04
1.28	0.430211	-0.10E+04
1.283	0.431248	-0.10E+04
1.286	0.431593	-0.10E+04
1.289	0.432284	-0.10E+04
1.292	0.432976	-0.10E+04
1.295	0.433321	-0.10E+04
1.298	0.434358	-0.10E+04
1.301	0.434703	-0.10E+04
1.304	0.435394	-0.10E+04
1.307	0.436086	-0.10E+04
1.31	0.436431	-0.10E+04
1.313	0.438504	-0.10E+04
1.316	0.438850	-0.10E+04
1.319	0.439541	-0.10E+04
1.322	0.440232	-0.10E+04
1.325	0.440578	-0.10E+04
1.328	0.441614	-0.10E+04
1.331	0.442305	-0.10E+04
1.334	0.443688	-0.10E+04
1.337	0.443688	-0.10E+04
1.34	0.443688	-0.10E+04
1.343	0.443688	-0.10E+04
1.346	0.443688	-0.10E+04
1.349	0.443688	-0.10E+04
1.352	0.445070	-0.10E+04
1.355	0.445761	-0.10E+04
1.358	0.446798	-0.10E+04
1.361	0.447143	-0.10E+04
1.364	0.447834	-0.10E+04
1.367	0.448525	-0.10E+04
1.37	0.448871	-0.10E+04
1.373	0.448871	-0.10E+04
1.376	0.449562	-0.10E+04
1.379	0.450944	-0.10E+04
1.382	0.451635	-0.10E+04
1.385	0.451981	-0.10E+04
1.388	0.453018	-0.10E+04
1.391	0.454054	-0.10E+04
1.394	0.456127	-0.10E+04
1.397	0.456819	-0.10E+04
1.4	0.457164	-0.10E+04
1.403	0.458201	-0.10E+04
1.406	0.458546	-0.10E+04
1.409	0.459237	-0.10E+04
1.412	0.459929	-0.10E+04
1.415	0.460274	-0.10E+04
1.418	0.461311	-0.10E+04
1.421	0.461311	-0.10E+04
1.424	0.461311	-0.10E+04
1.427	0.462002	-0.10E+04
1.43	0.462347	-0.10E+04
1.433	0.463384	-0.10E+04
1.436	0.463730	-0.10E+04
1.439	0.464421	-0.10E+04
1.442	0.465112	-0.10E+04
1.445	0.465457	-0.10E+04
1.448	0.466494	-0.10E+04
1.451	0.466840	-0.10E+04
1.454	0.467531	-0.10E+04
1.457	0.468222	-0.10E+04
1.46	0.468567	-0.10E+04
1.463	0.469604	-0.10E+04
1.466	0.469604	-0.10E+04
1.469	0.469604	-0.10E+04
1.472	0.470986	-0.10E+04
1.475	0.471677	-0.10E+04
1.478	0.472714	-0.10E+04
1.481	0.473060	-0.10E+04
1.484	0.473751	-0.10E+04
1.487	0.473751	-0.10E+04
1.49	0.473751	-0.10E+04
1.493	0.475824	-0.10E+04
1.496	0.476169	-0.10E+04
1.499	0.476861	-0.10E+04
1.502	0.476861	-0.10E+04
1.505	0.476861	-0.10E+04
1.508	0.477897	-0.10E+04
1.511	0.478243	-0.10E+04
1.514	0.478934	-0.10E+04
1.517	0.478934	-0.10E+04
1.52	0.478934	-0.10E+04
1.523	0.479971	-0.10E+04
1.526	0.479971	-0.10E+04
1.529	0.479971	-0.10E+04
1.532	0.481353	-0.10E+04
1.535	0.482044	-0.10E+04
1.538	0.483080	-0.10E+04
1.541	0.483426	-0.10E+04
1.544	0.484117	-0.10E+04
1.547	0.484117	-0.10E+04
1.55	0.484117	-0.10E+04
1.553	0.485154	-0.10E+04
1.556	0.485154	-0.10E+04
1.559	0.485154	-0.10E+04
1.562	0.486536	-0.10E+04
1.565	0.487227	-0.10E+04
1.568	0.487227	-0.10E+04
1.571	0.487227	-0.10E+04
1.574	0.487227	-0.10E+04
1.577	0.487918	-0.10E+04
1.58	0.488264	-0.10E+04
1.583	0.489300	-0.10E+04
1.586	0.489646	-0.10E+04
1.589	0.490337	-0.10E+04
1.592	0.490337	-0.10E+04
1.595	0.490337	-0.10E+04
1.598	0.491374	-0.10E+04
1.601	0.491719	-0.10E+04
1.604	0.492410	-0.10E+04
1.607	0.492410	-0.10E+04
1.61	0.492410	-0.10E+04
1.613	0.493447	-0.10E+04
1.616	0.493793	-0.10E+04
1.619	0.494484	-0.10E+04
1.622	0.495175	-0.10E+04
1.625	0.495520	-0.10E+04
1.628	0.495520	-0.10E+04
1.631	0.495866	-0.10E+04
1.634	0.496557	-0.10E+04
1.637	0.497248	-0.10E+04
1.64	0.497594	-0.10E+04
1.643	0.498630	-0.10E+04
1.646	0.498630	-0.10E+04
1.649	0.498630	-0.10E+04
1.652	0.499321	-0.10E+04
1.655	0.499667	-0.10E+04
1.658	0.499667	-0.10E+04
1.661	0.500013	-0.10E+04
1.664	0.500704	-0.10E+04
1.667	0.500704	-0.10E+04
1.67	0.500704	-0.10E+04
1.673	0.501740	-0.10E+04
1.676	0.502086	-0.10E+04
1.679	0.502777	-0.10E+04
1.682	0.503468	-0.10E+04
1.685	0.503814	-0.10E+04
1.688	0.503814	-0.10E+04
1.691	0.504159	-0.10E+04
1.694	0.504850	-0.10E+04
1.697	0.504850	-0.10E+04
1.7	0.504850	-0.10E+04
1.703	0.505887	-0.10E+04
1.706	0.505887	-0.10E+04
1.709	0.505887	-0.10E+04
1.712	0.506578	-0.10E+04
1.715	0.506923	-0.10E+04
1.718	0.507960	-0.10E+04
1.721	0.507960	-0.10E+04
1.724	0.507960	-0.10E+04
1.727	0.507960	-0.10E+04
1.73	0.507960	-0.10E+04
1.733	0.508997	-0.10E+04
1.736	0.509342	-0.10E+04
1.739	0.510033	-0.10E+04
1.742	0.510033	-0.10E+04
1.745	0.510033	-0.10E+04
1.748	0.511070	-0.10E+04
1.751	0.511070	-0.10E+04
1.754	0.511070	-0.10E+04
1.757	0.512452	-0.10E+04
1.76	0.513143	-0.10E+04
1.763	0.513143	-0.10E+04
1.766	0.513489	-0.10E+04
1.769	0.514180	-0.10E+04
1.772	0.514180	-0.10E+04
1.775	0.514180	-0.10E+04
1.778	0.515217	-0.10E+04
1.781	0.515217	-0.10E+04
1.784	0.515217	-0.10E+04
1.787	0.515908	-0.10E+04
1.79	0.516253	-0.10E+04
1.793	0.518327	-0.10E+04
1.796	0.518327	-0.10E+04
1.799	0.518327	-0.10E+04
1.802	0.518327	-0.10E+04
1.805	0.518327	-0.10E+04
1.808	0.518327	-0.10E+04
1.811	0.518672	-0.10E+04
1.814	0.519363	-0.10E+04
1.817	0.520054	-0.10E+04
1.82	0.520400	-0.10E+04
1.823	0.521437	-0.10E+04
1.826	0.521437	-0.10E+04
1.829	0.521437	-0.10E+04
1.832	0.522819	-0.10E+04
1.835	0.523510	-0.10E+04
1.838	0.523510	-0.10E+04
1.841	0.523856	-0.10E+04
1.844	0.524547	-0.10E+04
1.847	0.525929	-0.10E+04
1.85	0.526620	-0.10E+04
1.853	0.527657	-0.10E+04
1.856	0.527657	-0.10E+04
1.859	0.527657	-0.10E+04
1.862	0.528348	-0.10E+04
1.865	0.528693	-0.10E+04
1.868	0.528693	-0.10E+04
1.871	0.529039	-0.10E+04
1.874	0.529730	-0.10E+04
1.877	0.530421	-0.10E+04
1.88	0.530767	-0.10E+04
1.883	0.531803	-0.10E+04
1.886	0.532149	-0.10E+04
1.889	0.532840	-0.10E+04
1.892	0.533531	-0.10E+04
1.895	0.533876	-0.10E+04
1.898	0.534913	-0.10E+04
1.901	0.535259	-0.10E+04
1.904	0.535950	-0.10E+04
1.907	0.535950	-0.10E+04
1.91	0.535950	-0.10E+04
1.913	0.535950	-0.10E+04
1.916	0.536295	-0.10E+04
1.919	0.536986	-0.10E+04
1.922	0.536986	-0.10E+04
1.925	0.536986	-0.10E+04
1.928	0.538023	-0.10E+04
1.931	0.538369	-0.10E+04
1.934	0.539060	-0.10E+04
1.937	0.539751	-0.10E+04
1.94	0.540096	-0.10E+04
1.943	0.541133	-0.10E+04
1.946	0.541479	-0.10E+04
1.949	0.542170	-0.10E+04
1.952	0.542861	-0.10E+04
1.955	0.543206	-0.10E+04
1.958	0.543206	-0.10E+04
1.961	0.543206	-0.10E+04
1.964	0.543206	-0.10E+04
1.967	0.543898	-0.10E+04
1.97	0.544243	-0.10E+04
1.973	0.545280	-0.10E+04
1.976	0.545280	-0.10E+04
1.979	0.545280	-0.10E+04
1.982	0.545971	-0.10E+04
1.985	0.546316	-0.10E+04
1.988	0.547353	-0.10E+04
1.991	0.547353	-0.10E+04
1.994	0.547353	-0.10E+04
1.997	0.548044	-0.10E+04
2	0.548390	-0.10E+04
2.003	0.548390	-0.10E+04
2.006	0.548735	-0.10E+04
2.009	0.549426	-0.10E+04
2.012	0.549426	-0.10E+04
2.015	0.549426	-0.10E+04
2.018	0.550463	-0.10E+04
2.021	0.550463	-0.10E+04
2.024	0.550463	-0.10E+04
2.027	0.551154	-0.10E+04
2.03	0.551500	-0.10E+04
2.033	0.553573	-0.10E+04
2.036	0.553918	-0.10E+04
2.039	0.554610	-0.10E+04
2.042	0.554610	-0.10E+04
2.045	0.554610	-0.10E+04
2.048	0.555646	-0.10E+04
2.051	0.555992	-0.10E+04
2.054	0.556683	-0.10E+04
2.057	0.556683	-0.10E+04
2.06	0.556683	-0.10E+04
2.063	0.557720	-0.10E+04
2.066	0.557720	-0.10E+04
2.069	0.557720	-0.10E+04
2.072	0.559102	-0.10E+04
2.075	0.559793	-0.10E+04
2.078	0.560830	-0.10E+04
2.081	0.561175	-0.10E+04
2.084	0.561866	-0.10E+04
2.087	0.561866	-0.10E+04
2.09	0.561866	-0.10E+04
2.093	0.562903	-0.10E+04
2.096	0.563248	-0.10E+04
2.099	0.563939	-0.10E+04
2.102	0.564631	-0.10E+04
2.105	0.564976	-0.10E+04
2.108	0.564976	-0.10E+04
2.111	0.565322	-0.10E+04
2.114	0.566013	-0.10E+04
2.117	0.566013	-0.10E+04
2.12	0.566013	-0.10E+04
2.123	0.566013	-0.10E+04
2.126	0.566358	-0.10E+04
2.129	0.567049	-0.10E+04
2.132	0.568432	-0.10E+04
2.135	0.569123	-0.10E+04
2.138	0.569123	-0.10E+04
2.141	0.569468	-0.10E+04
2.144	0.570159	-0.10E+04
2.147	0.571542	-0.10E+04
2.15	0.572233	-0.10E+04
2.153	0.572233	-0.10E+04
2.156	0.572578	-0.10E+04
2.159	0.573269	-0.10E+04
2.162	0.573960	-0.10E+04
2.165	0.574306	-0.10E+04
2.168	0.574306	-0.10E+04
2.171	0.574652	-0.10E+04
2.174	0.575343	-0.10E+04
2.177	0.575343	-0.10E+04
2.18	0.575343	-0.10E+04
2.183	0.577416	-0.10E+04
2.186	0.577762	-0.10E+04
2.189	0.578453	-0.10E+04
2.192	0.578453	-0.10E+04
2.195	0.578453	-0.10E+04
2.198	0.579489	-0.10E+04
2.201	0.579835	-0.10E+04
2.204	0.580526	-0.10E+04
2.207	0.581217	-0.10E+04
2.21	0.581563	-0.10E+04
2.213	0.583636	-0.10E+04
2.216	0.583636	-0.10E+04
2.219	0.583636	-0.10E+04
2.222	0.583636	-0.10E+04
2.225	0.583636	-0.10E+04
2.228	0.584673	-0.10E+04
2.231	0.585018	-0.10E+04
2.234	0.585709	-0.10E+04
2.237	0.586400	-0.10E+04
2.24	0.586746	-0.10E+04
2.243	0.587782	-0.10E+04
2.246	0.588474	-0.10E+04
2.249	0.589856	-0.10E+04
2.252	0.590547	-0.10E+04
2.255	0.590892	-0.10E+04
2.258	0.591929	-0.10E+04
2.261	0.592275	-0.10E+04
2.264	0.592966	-0.10E+04
2.267	0.592966	-0.10E+04
2.27	0.592966	-0.10E+04
2.273	0.594002	-0.10E+04
2.276	0.594694	-0.10E+04
2.279	0.596076	-0.10E+04
2.282	0.596767	-0.10E+04
2.285	0.597112	-0.10E+04
2.288	0.599186	-0.10E+04
2.291	0.599531	-0.10E+04
2.294	0.600222	-0.10E+04
2.297	0.600913	-0.10E+04
2.3	0.601259	-0.10E+04
2.303	0.602296	-0.10E+04
2.306	0.602296	-0.10E+04
2.309	0.602296	-0.10E+04
2.312	0.602987	-0.10E+04
2.315	0.603332	-0.10E+04
2.318	0.604369	-0.10E+04
2.321	0.605060	-0.10E+04
2.324	0.606442	-0.10E+04
2.327	0.606442	-0.10E+04
2.33	0.606442	-0.10E+04
2.333	0.607479	-0.10E+04
2.336	0.607824	-0.10E+04
2.339	0.608516	-0.10E+04
2.342	0.609207	-0.10E+04
2.345	0.609552	-0.10E+04
2.348	0.609552	-0.10E+04
2.351	0.609898	-0.10E+04
2.354	0.610589	-0.10E+04
2.357	0.611280	-0.10E+04
2.36	0.611625	-0.10E+04
2.363	0.612662	-0.10E+04
2.366	0.613008	-0.10E+04
2.369	0.613699	-0.10E+04
2.372	0.614390	-0.10E+04
2.375	0.614735	-0.10E+04
2.378	0.615772	-0.10E+04
2.381	0.615772	-0.10E+04
2.384	0.615772	-0.10E+04
2.387	0.616463	-0.10E+04
2.39	0.616809	-0.10E+04
2.393	0.618882	-0.10E+04
2.396	0.618882	-0.10E+04
2.399	0.618882	-0.10E+04
2.402	0.618882	-0.10E+04
2.405	0.618882	-0.10E+04
2.408	0.619919	-0.10E+04
2.411	0.620264	-0.10E+04
2.414	0.620955	-0.10E+04
2.417	0.621646	-0.10E+04
2.42	0.621992	-0.10E+04
2.423	0.623029	-0.10E+04
2.426	0.623374	-0.10E+04
2.429	0.624065	-0.10E+04
2.432	0.624756	-0.10E+04
2.435	0.625102	-0.10E+04
2.438	0.626139	-0.10E+04
2.441	0.626484	-0.10E+04
2.444	0.627175	-0.10E+04
2.447	0.627866	-0.10E+04
2.45	0.628212	-0.10E+04
2.453	0.629249	-0.10E+04
2.456	0.629594	-0.10E+04
2.459	0.630285	-0.10E+04
2.462	0.630976	-0.10E+04
2.465	0.631322	-0.10E+04
2.468	0.632359	-0.10E+04
2.471	0.632359	-0.10E+04
2.474	0.632359	-0.10E+04
2.477	0.633050	-0.10E+04
2.48	0.633395	-0.10E+04
2.483	0.634432	-0.10E+04
2.486	0.634432	-0.10E+04
2.489	0.634432	-0.10E+04
2.492	0.635123	-0.10E+04
2.495	0.635468	-0.10E+04
2.498	0.637542	-0.10E+04
