Brown University Keck/NASA Relab Spectrum LPDD70801A/wls380
Wavelength(micron)	Reflectance	Standard Deviation
0.35	0.360367	-0.10E+04
0.353	0.362100	-0.10E+04
0.356	0.365367	-0.10E+04
0.359	0.367900	-0.10E+04
0.362	0.368767	-0.10E+04
0.365	0.371133	-0.10E+04
0.368	0.373267	-0.10E+04
0.371	0.375200	-0.10E+04
0.374	0.376733	-0.10E+04
0.377	0.377333	-0.10E+04
0.38	0.379233	-0.10E+04
0.383	0.380800	-0.10E+04
0.386	0.382333	-0.10E+04
0.389	0.384000	-0.10E+04
0.392	0.386433	-0.10E+04
0.395	0.387567	-0.10E+04
0.398	0.386500	-0.10E+04
0.401	0.388533	-0.10E+04
0.404	0.389700	-0.10E+04
0.407	0.389833	-0.10E+04
0.41	0.390700	-0.10E+04
0.413	0.394733	-0.10E+04
0.416	0.394033	-0.10E+04
0.419	0.395800	-0.10E+04
0.422	0.399433	-0.10E+04
0.425	0.399933	-0.10E+04
0.428	0.400733	-0.10E+04
0.431	0.402333	-0.10E+04
0.434	0.405300	-0.10E+04
0.437	0.405467	-0.10E+04
0.44	0.405867	-0.10E+04
0.443	0.406567	-0.10E+04
0.446	0.408467	-0.10E+04
0.449	0.409300	-0.10E+04
0.452	0.412333	-0.10E+04
0.455	0.413700	-0.10E+04
0.458	0.411567	-0.10E+04
0.461	0.412900	-0.10E+04
0.464	0.415267	-0.10E+04
0.467	0.419500	-0.10E+04
0.47	0.423233	-0.10E+04
0.473	0.423833	-0.10E+04
0.476	0.423633	-0.10E+04
0.479	0.424067	-0.10E+04
0.482	0.424533	-0.10E+04
0.485	0.425200	-0.10E+04
0.488	0.426100	-0.10E+04
0.491	0.426667	-0.10E+04
0.494	0.427100	-0.10E+04
0.497	0.428733	-0.10E+04
0.5	0.431300	-0.10E+04
0.503	0.433133	-0.10E+04
0.506	0.433267	-0.10E+04
0.509	0.434800	-0.10E+04
0.512	0.437000	-0.10E+04
0.515	0.438133	-0.10E+04
0.518	0.438833	-0.10E+04
0.521	0.440133	-0.10E+04
0.524	0.440733	-0.10E+04
0.527	0.441367	-0.10E+04
0.53	0.443167	-0.10E+04
0.533	0.444233	-0.10E+04
0.536	0.446467	-0.10E+04
0.539	0.446267	-0.10E+04
0.542	0.448200	-0.10E+04
0.545	0.449633	-0.10E+04
0.548	0.449933	-0.10E+04
0.551	0.451067	-0.10E+04
0.554	0.452467	-0.10E+04
0.557	0.452633	-0.10E+04
0.56	0.452433	-0.10E+04
0.563	0.453800	-0.10E+04
0.566	0.455500	-0.10E+04
0.569	0.455833	-0.10E+04
0.572	0.457967	-0.10E+04
0.575	0.460067	-0.10E+04
0.578	0.460433	-0.10E+04
0.581	0.459767	-0.10E+04
0.584	0.461033	-0.10E+04
0.587	0.462833	-0.10E+04
0.59	0.464167	-0.10E+04
0.593	0.464333	-0.10E+04
0.596	0.465167	-0.10E+04
0.599	0.467200	-0.10E+04
0.602	0.468300	-0.10E+04
0.605	0.468533	-0.10E+04
0.608	0.469767	-0.10E+04
0.611	0.471733	-0.10E+04
0.614	0.473533	-0.10E+04
0.617	0.474367	-0.10E+04
0.62	0.473700	-0.10E+04
0.623	0.476500	-0.10E+04
0.626	0.476700	-0.10E+04
0.629	0.476333	-0.10E+04
0.632	0.477933	-0.10E+04
0.635	0.478667	-0.10E+04
0.638	0.480733	-0.10E+04
0.641	0.482133	-0.10E+04
0.644	0.482900	-0.10E+04
0.647	0.481667	-0.10E+04
0.65	0.482433	-0.10E+04
0.653	0.485400	-0.10E+04
0.656	0.485700	-0.10E+04
0.659	0.486233	-0.10E+04
0.662	0.485100	-0.10E+04
0.665	0.484933	-0.10E+04
0.668	0.484800	-0.10E+04
0.671	0.485467	-0.10E+04
0.674	0.487867	-0.10E+04
0.677	0.488233	-0.10E+04
0.68	0.488133	-0.10E+04
0.683	0.492833	-0.10E+04
0.686	0.493333	-0.10E+04
0.689	0.492733	-0.10E+04
0.692	0.491767	-0.10E+04
0.695	0.493900	-0.10E+04
0.698	0.496833	-0.10E+04
0.701	0.499067	-0.10E+04
0.704	0.496133	-0.10E+04
0.707	0.497467	-0.10E+04
0.71	0.500700	-0.10E+04
0.713	0.502733	-0.10E+04
0.716	0.503800	-0.10E+04
0.719	0.503067	-0.10E+04
0.722	0.502900	-0.10E+04
0.725	0.502467	-0.10E+04
0.728	0.505967	-0.10E+04
0.731	0.506933	-0.10E+04
0.734	0.507467	-0.10E+04
0.737	0.508700	-0.10E+04
0.74	0.510500	-0.10E+04
0.743	0.510233	-0.10E+04
0.746	0.510167	-0.10E+04
0.749	0.508267	-0.10E+04
0.752	0.507233	-0.10E+04
0.755	0.508000	-0.10E+04
0.758	0.510400	-0.10E+04
0.761	0.512733	-0.10E+04
0.764	0.515500	-0.10E+04
0.767	0.514500	-0.10E+04
0.77	0.514467	-0.10E+04
0.773	0.514300	-0.10E+04
0.776	0.514100	-0.10E+04
0.779	0.515900	-0.10E+04
0.782	0.517567	-0.10E+04
0.785	0.518700	-0.10E+04
0.788	0.519200	-0.10E+04
0.791	0.518567	-0.10E+04
0.794	0.520900	-0.10E+04
0.797	0.523400	-0.10E+04
0.8	0.524133	-0.10E+04
0.803	0.525900	-0.10E+04
0.806	0.528033	-0.10E+04
0.809	0.526400	-0.10E+04
0.812	0.526800	-0.10E+04
0.815	0.526533	-0.10E+04
0.818	0.527100	-0.10E+04
0.821	0.527633	-0.10E+04
0.824	0.527433	-0.10E+04
0.827	0.526533	-0.10E+04
0.83	0.526267	-0.10E+04
0.833	0.528200	-0.10E+04
0.836	0.528200	-0.10E+04
0.839	0.527567	-0.10E+04
0.842	0.526633	-0.10E+04
0.845	0.528533	-0.10E+04
0.848	0.529667	-0.10E+04
0.851	0.530033	-0.10E+04
0.854	0.531633	-0.10E+04
0.857	0.531600	-0.10E+04
0.86	0.532100	-0.10E+04
0.863	0.530533	-0.10E+04
0.866	0.531800	-0.10E+04
0.869	0.533033	-0.10E+04
0.872	0.533533	-0.10E+04
0.875	0.531933	-0.10E+04
0.878	0.535300	-0.10E+04
0.881	0.538900	-0.10E+04
0.884	0.541733	-0.10E+04
0.887	0.539733	-0.10E+04
0.89	0.536367	-0.10E+04
0.893	0.538133	-0.10E+04
0.896	0.543533	-0.10E+04
0.899	0.543967	-0.10E+04
0.902	0.542367	-0.10E+04
0.905	0.541000	-0.10E+04
0.908	0.540833	-0.10E+04
0.911	0.540167	-0.10E+04
0.914	0.540200	-0.10E+04
0.917	0.542267	-0.10E+04
0.92	0.547033	-0.10E+04
0.923	0.547667	-0.10E+04
0.926	0.547400	-0.10E+04
0.929	0.547667	-0.10E+04
0.932	0.546833	-0.10E+04
0.935	0.546633	-0.10E+04
0.938	0.551167	-0.10E+04
0.941	0.552467	-0.10E+04
0.944	0.552567	-0.10E+04
0.947	0.550800	-0.10E+04
0.95	0.550133	-0.10E+04
0.953	0.552633	-0.10E+04
0.956	0.551367	-0.10E+04
0.959	0.549933	-0.10E+04
0.962	0.552700	-0.10E+04
0.965	0.555233	-0.10E+04
0.968	0.556400	-0.10E+04
0.971	0.557033	-0.10E+04
0.974	0.555967	-0.10E+04
0.977	0.554933	-0.10E+04
0.98	0.556033	-0.10E+04
0.983	0.556867	-0.10E+04
0.986	0.558967	-0.10E+04
0.989	0.560200	-0.10E+04
0.992	0.560533	-0.10E+04
0.995	0.561600	-0.10E+04
0.998	0.561400	-0.10E+04
1.001	0.560600	-0.10E+04
1.004	0.558333	-0.10E+04
1.007	0.559333	-0.10E+04
1.01	0.560500	-0.10E+04
1.013	0.560967	-0.10E+04
1.016	0.564067	-0.10E+04
1.019	0.565067	-0.10E+04
1.022	0.566700	-0.10E+04
1.025	0.566100	-0.10E+04
1.028	0.567533	-0.10E+04
1.031	0.569933	-0.10E+04
1.034	0.567833	-0.10E+04
1.037	0.567367	-0.10E+04
1.04	0.568133	-0.10E+04
1.043	0.566567	-0.10E+04
1.046	0.566733	-0.10E+04
1.049	0.566533	-0.10E+04
1.052	0.565167	-0.10E+04
1.055	0.566033	-0.10E+04
1.058	0.566233	-0.10E+04
1.061	0.567867	-0.10E+04
1.064	0.570767	-0.10E+04
1.067	0.572833	-0.10E+04
1.07	0.573367	-0.10E+04
1.073	0.572767	-0.10E+04
1.076	0.571833	-0.10E+04
1.079	0.573300	-0.10E+04
1.082	0.572800	-0.10E+04
1.085	0.571333	-0.10E+04
1.088	0.572267	-0.10E+04
1.091	0.574033	-0.10E+04
1.094	0.576500	-0.10E+04
1.097	0.574933	-0.10E+04
1.1	0.575933	-0.10E+04
1.103	0.580967	-0.10E+04
1.106	0.582333	-0.10E+04
1.109	0.581067	-0.10E+04
1.112	0.581367	-0.10E+04
1.115	0.581000	-0.10E+04
1.118	0.579567	-0.10E+04
1.121	0.580400	-0.10E+04
1.124	0.580333	-0.10E+04
1.127	0.581467	-0.10E+04
1.13	0.581600	-0.10E+04
1.133	0.581500	-0.10E+04
1.136	0.582867	-0.10E+04
1.139	0.584100	-0.10E+04
1.142	0.584800	-0.10E+04
1.145	0.584433	-0.10E+04
1.148	0.584600	-0.10E+04
1.151	0.585533	-0.10E+04
1.154	0.588167	-0.10E+04
1.157	0.590900	-0.10E+04
1.16	0.589100	-0.10E+04
1.163	0.589767	-0.10E+04
1.166	0.589767	-0.10E+04
1.169	0.590900	-0.10E+04
1.172	0.593033	-0.10E+04
1.175	0.592500	-0.10E+04
1.178	0.592233	-0.10E+04
1.181	0.592033	-0.10E+04
1.184	0.594467	-0.10E+04
1.187	0.593200	-0.10E+04
1.19	0.594000	-0.10E+04
1.193	0.594800	-0.10E+04
1.196	0.597533	-0.10E+04
1.199	0.595400	-0.10E+04
1.202	0.592067	-0.10E+04
1.205	0.595333	-0.10E+04
1.208	0.596767	-0.10E+04
1.211	0.597533	-0.10E+04
1.214	0.597600	-0.10E+04
1.217	0.597567	-0.10E+04
1.22	0.598733	-0.10E+04
1.223	0.600267	-0.10E+04
1.226	0.600600	-0.10E+04
1.229	0.599800	-0.10E+04
1.232	0.600800	-0.10E+04
1.235	0.602900	-0.10E+04
1.238	0.605167	-0.10E+04
1.241	0.605267	-0.10E+04
1.244	0.605500	-0.10E+04
1.247	0.605767	-0.10E+04
1.25	0.605733	-0.10E+04
1.253	0.607400	-0.10E+04
1.256	0.610167	-0.10E+04
1.259	0.606267	-0.10E+04
1.262	0.607433	-0.10E+04
1.265	0.607667	-0.10E+04
1.268	0.607633	-0.10E+04
1.271	0.607233	-0.10E+04
1.274	0.609733	-0.10E+04
1.277	0.612300	-0.10E+04
1.28	0.611667	-0.10E+04
1.283	0.612567	-0.10E+04
1.286	0.611400	-0.10E+04
1.289	0.611667	-0.10E+04
1.292	0.610567	-0.10E+04
1.295	0.611000	-0.10E+04
1.298	0.614400	-0.10E+04
1.301	0.613267	-0.10E+04
1.304	0.614967	-0.10E+04
1.307	0.617567	-0.10E+04
1.31	0.618933	-0.10E+04
1.313	0.619800	-0.10E+04
1.316	0.620267	-0.10E+04
1.319	0.618700	-0.10E+04
1.322	0.618600	-0.10E+04
1.325	0.619433	-0.10E+04
1.328	0.619000	-0.10E+04
1.331	0.620067	-0.10E+04
1.334	0.621033	-0.10E+04
1.337	0.620400	-0.10E+04
1.34	0.617567	-0.10E+04
1.343	0.618267	-0.10E+04
1.346	0.620667	-0.10E+04
1.349	0.624433	-0.10E+04
1.352	0.625500	-0.10E+04
1.355	0.628167	-0.10E+04
1.358	0.625633	-0.10E+04
1.361	0.622900	-0.10E+04
1.364	0.624200	-0.10E+04
1.367	0.625333	-0.10E+04
1.37	0.625700	-0.10E+04
1.373	0.627233	-0.10E+04
1.376	0.629433	-0.10E+04
1.379	0.631467	-0.10E+04
1.382	0.633400	-0.10E+04
1.385	0.632733	-0.10E+04
1.388	0.632767	-0.10E+04
1.391	0.630300	-0.10E+04
1.394	0.628167	-0.10E+04
1.397	0.630433	-0.10E+04
1.4	0.632600	-0.10E+04
1.403	0.633233	-0.10E+04
1.406	0.634400	-0.10E+04
1.409	0.635133	-0.10E+04
1.412	0.633667	-0.10E+04
1.415	0.636367	-0.10E+04
1.418	0.637967	-0.10E+04
1.421	0.635500	-0.10E+04
1.424	0.638000	-0.10E+04
1.427	0.638433	-0.10E+04
1.43	0.638400	-0.10E+04
1.433	0.637433	-0.10E+04
1.436	0.638500	-0.10E+04
1.439	0.638800	-0.10E+04
1.442	0.638167	-0.10E+04
1.445	0.637067	-0.10E+04
1.448	0.639500	-0.10E+04
1.451	0.641633	-0.10E+04
1.454	0.642867	-0.10E+04
1.457	0.644667	-0.10E+04
1.46	0.645433	-0.10E+04
1.463	0.643233	-0.10E+04
1.466	0.641533	-0.10E+04
1.469	0.641400	-0.10E+04
1.472	0.640900	-0.10E+04
1.475	0.644767	-0.10E+04
1.478	0.648233	-0.10E+04
1.481	0.648933	-0.10E+04
1.484	0.648600	-0.10E+04
1.487	0.647000	-0.10E+04
1.49	0.646867	-0.10E+04
1.493	0.647667	-0.10E+04
1.496	0.649867	-0.10E+04
1.499	0.650667	-0.10E+04
1.502	0.651333	-0.10E+04
1.505	0.648533	-0.10E+04
1.508	0.649367	-0.10E+04
1.511	0.650900	-0.10E+04
1.514	0.648667	-0.10E+04
1.517	0.649000	-0.10E+04
1.52	0.649867	-0.10E+04
1.523	0.650767	-0.10E+04
1.526	0.653767	-0.10E+04
1.529	0.656533	-0.10E+04
1.532	0.658533	-0.10E+04
1.535	0.659400	-0.10E+04
1.538	0.657833	-0.10E+04
1.541	0.655200	-0.10E+04
1.544	0.657133	-0.10E+04
1.547	0.658667	-0.10E+04
1.55	0.659100	-0.10E+04
1.553	0.658500	-0.10E+04
1.556	0.658533	-0.10E+04
1.559	0.661467	-0.10E+04
1.562	0.664000	-0.10E+04
1.565	0.661133	-0.10E+04
1.568	0.662000	-0.10E+04
1.571	0.663733	-0.10E+04
1.574	0.663433	-0.10E+04
1.577	0.663433	-0.10E+04
1.58	0.664533	-0.10E+04
1.583	0.663700	-0.10E+04
1.586	0.664733	-0.10E+04
1.589	0.664000	-0.10E+04
1.592	0.663900	-0.10E+04
1.595	0.665167	-0.10E+04
1.598	0.666900	-0.10E+04
1.601	0.668667	-0.10E+04
1.604	0.666433	-0.10E+04
1.607	0.666000	-0.10E+04
1.61	0.667400	-0.10E+04
1.613	0.666333	-0.10E+04
1.616	0.667067	-0.10E+04
1.619	0.668033	-0.10E+04
1.622	0.669233	-0.10E+04
1.625	0.669833	-0.10E+04
1.628	0.671533	-0.10E+04
1.631	0.669600	-0.10E+04
1.634	0.671500	-0.10E+04
1.637	0.670867	-0.10E+04
1.64	0.671000	-0.10E+04
1.643	0.671967	-0.10E+04
1.646	0.672633	-0.10E+04
1.649	0.673433	-0.10E+04
1.652	0.670933	-0.10E+04
1.655	0.672300	-0.10E+04
1.658	0.673233	-0.10E+04
1.661	0.674867	-0.10E+04
1.664	0.677633	-0.10E+04
1.667	0.677567	-0.10E+04
1.67	0.675467	-0.10E+04
1.673	0.676200	-0.10E+04
1.676	0.678933	-0.10E+04
1.679	0.679700	-0.10E+04
1.682	0.680233	-0.10E+04
1.685	0.679533	-0.10E+04
1.688	0.680267	-0.10E+04
1.691	0.679100	-0.10E+04
1.694	0.681700	-0.10E+04
1.697	0.684067	-0.10E+04
1.7	0.685567	-0.10E+04
1.703	0.687167	-0.10E+04
1.706	0.685567	-0.10E+04
1.709	0.684167	-0.10E+04
1.712	0.684167	-0.10E+04
1.715	0.687100	-0.10E+04
1.718	0.685733	-0.10E+04
1.721	0.685333	-0.10E+04
1.724	0.686200	-0.10E+04
1.727	0.686900	-0.10E+04
1.73	0.685400	-0.10E+04
1.733	0.685533	-0.10E+04
1.736	0.685967	-0.10E+04
1.739	0.687200	-0.10E+04
1.742	0.688133	-0.10E+04
1.745	0.685967	-0.10E+04
1.748	0.688267	-0.10E+04
1.751	0.690800	-0.10E+04
1.754	0.691133	-0.10E+04
1.757	0.690900	-0.10E+04
1.76	0.692167	-0.10E+04
1.763	0.693133	-0.10E+04
1.766	0.694433	-0.10E+04
1.769	0.693200	-0.10E+04
1.772	0.693500	-0.10E+04
1.775	0.696200	-0.10E+04
1.778	0.697400	-0.10E+04
1.781	0.696100	-0.10E+04
1.784	0.698300	-0.10E+04
1.787	0.697700	-0.10E+04
1.79	0.696300	-0.10E+04
1.793	0.696200	-0.10E+04
1.796	0.699200	-0.10E+04
1.799	0.702000	-0.10E+04
1.802	0.701067	-0.10E+04
1.805	0.700833	-0.10E+04
1.808	0.702067	-0.10E+04
1.811	0.704967	-0.10E+04
1.814	0.702700	-0.10E+04
1.817	0.703000	-0.10E+04
1.82	0.702467	-0.10E+04
1.823	0.701833	-0.10E+04
1.826	0.701833	-0.10E+04
1.829	0.703433	-0.10E+04
1.832	0.704233	-0.10E+04
1.835	0.705200	-0.10E+04
1.838	0.705433	-0.10E+04
1.841	0.704333	-0.10E+04
1.844	0.705533	-0.10E+04
1.847	0.704433	-0.10E+04
1.85	0.705000	-0.10E+04
1.853	0.707133	-0.10E+04
1.856	0.709367	-0.10E+04
1.859	0.708433	-0.10E+04
1.862	0.708967	-0.10E+04
1.865	0.710967	-0.10E+04
1.868	0.713633	-0.10E+04
1.871	0.712967	-0.10E+04
1.874	0.711900	-0.10E+04
1.877	0.711000	-0.10E+04
1.88	0.711167	-0.10E+04
1.883	0.715833	-0.10E+04
1.886	0.715200	-0.10E+04
1.889	0.715500	-0.10E+04
1.892	0.717067	-0.10E+04
1.895	0.716367	-0.10E+04
1.898	0.719500	-0.10E+04
1.901	0.720600	-0.10E+04
1.904	0.718633	-0.10E+04
1.907	0.718200	-0.10E+04
1.91	0.719967	-0.10E+04
1.913	0.719433	-0.10E+04
1.916	0.719367	-0.10E+04
1.919	0.721467	-0.10E+04
1.922	0.722800	-0.10E+04
1.925	0.722867	-0.10E+04
1.928	0.723400	-0.10E+04
1.931	0.724733	-0.10E+04
1.934	0.723967	-0.10E+04
1.937	0.725267	-0.10E+04
1.94	0.726067	-0.10E+04
1.943	0.726533	-0.10E+04
1.946	0.725967	-0.10E+04
1.949	0.725467	-0.10E+04
1.952	0.727400	-0.10E+04
1.955	0.729333	-0.10E+04
1.958	0.730300	-0.10E+04
1.961	0.731767	-0.10E+04
1.964	0.731233	-0.10E+04
1.967	0.729633	-0.10E+04
1.97	0.726700	-0.10E+04
1.973	0.727800	-0.10E+04
1.976	0.732100	-0.10E+04
1.979	0.734433	-0.10E+04
1.982	0.732033	-0.10E+04
1.985	0.731300	-0.10E+04
1.988	0.732767	-0.10E+04
1.991	0.732667	-0.10E+04
1.994	0.733233	-0.10E+04
1.997	0.735900	-0.10E+04
2	0.736767	-0.10E+04
2.003	0.737500	-0.10E+04
2.006	0.738867	-0.10E+04
2.009	0.737967	-0.10E+04
2.012	0.733200	-0.10E+04
2.015	0.731900	-0.10E+04
2.018	0.733433	-0.10E+04
2.021	0.739533	-0.10E+04
2.024	0.743000	-0.10E+04
2.027	0.742900	-0.10E+04
2.03	0.740333	-0.10E+04
2.033	0.738800	-0.10E+04
2.036	0.737333	-0.10E+04
2.039	0.739500	-0.10E+04
2.042	0.740067	-0.10E+04
2.045	0.741333	-0.10E+04
2.048	0.743600	-0.10E+04
2.051	0.744933	-0.10E+04
2.054	0.743333	-0.10E+04
2.057	0.744100	-0.10E+04
2.06	0.744900	-0.10E+04
2.063	0.745833	-0.10E+04
2.066	0.743900	-0.10E+04
2.069	0.744333	-0.10E+04
2.072	0.746633	-0.10E+04
2.075	0.747600	-0.10E+04
2.078	0.748700	-0.10E+04
2.081	0.746200	-0.10E+04
2.084	0.745133	-0.10E+04
2.087	0.745833	-0.10E+04
2.09	0.746200	-0.10E+04
2.093	0.747700	-0.10E+04
2.096	0.745033	-0.10E+04
2.099	0.745733	-0.10E+04
2.102	0.751100	-0.10E+04
2.105	0.751367	-0.10E+04
2.108	0.752000	-0.10E+04
2.111	0.752300	-0.10E+04
2.114	0.751500	-0.10E+04
2.117	0.751567	-0.10E+04
2.12	0.753333	-0.10E+04
2.123	0.752100	-0.10E+04
2.126	0.752567	-0.10E+04
2.129	0.756433	-0.10E+04
2.132	0.757500	-0.10E+04
2.135	0.756867	-0.10E+04
2.138	0.757733	-0.10E+04
2.141	0.760800	-0.10E+04
2.144	0.760300	-0.10E+04
2.147	0.757767	-0.10E+04
2.15	0.756533	-0.10E+04
2.153	0.758333	-0.10E+04
2.156	0.759267	-0.10E+04
2.159	0.759700	-0.10E+04
2.162	0.760100	-0.10E+04
2.165	0.760267	-0.10E+04
2.168	0.762667	-0.10E+04
2.171	0.763667	-0.10E+04
2.174	0.761367	-0.10E+04
2.177	0.761367	-0.10E+04
2.18	0.761867	-0.10E+04
2.183	0.763033	-0.10E+04
2.186	0.762200	-0.10E+04
2.189	0.763733	-0.10E+04
2.192	0.766667	-0.10E+04
2.195	0.767200	-0.10E+04
2.198	0.769233	-0.10E+04
2.201	0.769467	-0.10E+04
2.204	0.769833	-0.10E+04
2.207	0.770933	-0.10E+04
2.21	0.769300	-0.10E+04
2.213	0.769833	-0.10E+04
2.216	0.769400	-0.10E+04
2.219	0.771567	-0.10E+04
2.222	0.771567	-0.10E+04
2.225	0.771800	-0.10E+04
2.228	0.774267	-0.10E+04
2.231	0.774333	-0.10E+04
2.234	0.775133	-0.10E+04
2.237	0.775500	-0.10E+04
2.24	0.772800	-0.10E+04
2.243	0.771133	-0.10E+04
2.246	0.773767	-0.10E+04
2.249	0.776733	-0.10E+04
2.252	0.780867	-0.10E+04
2.255	0.779433	-0.10E+04
2.258	0.778967	-0.10E+04
2.261	0.778833	-0.10E+04
2.264	0.776700	-0.10E+04
2.267	0.776233	-0.10E+04
2.27	0.774767	-0.10E+04
2.273	0.779533	-0.10E+04
2.276	0.779567	-0.10E+04
2.279	0.777767	-0.10E+04
2.282	0.780833	-0.10E+04
2.285	0.781033	-0.10E+04
2.288	0.782133	-0.10E+04
2.291	0.783333	-0.10E+04
2.294	0.781900	-0.10E+04
2.297	0.784133	-0.10E+04
2.3	0.786067	-0.10E+04
2.303	0.788067	-0.10E+04
2.306	0.786333	-0.10E+04
2.309	0.784867	-0.10E+04
2.312	0.783300	-0.10E+04
2.315	0.784967	-0.10E+04
2.318	0.785500	-0.10E+04
2.321	0.785633	-0.10E+04
2.324	0.787033	-0.10E+04
2.327	0.789633	-0.10E+04
2.33	0.791500	-0.10E+04
2.333	0.791100	-0.10E+04
2.336	0.792233	-0.10E+04
2.339	0.793467	-0.10E+04
2.342	0.792667	-0.10E+04
2.345	0.792933	-0.10E+04
2.348	0.791067	-0.10E+04
2.351	0.790433	-0.10E+04
2.354	0.793567	-0.10E+04
2.357	0.795800	-0.10E+04
2.36	0.794300	-0.10E+04
2.363	0.796667	-0.10E+04
2.366	0.796800	-0.10E+04
2.369	0.796000	-0.10E+04
2.372	0.796400	-0.10E+04
2.375	0.797867	-0.10E+04
2.378	0.800100	-0.10E+04
2.381	0.799867	-0.10E+04
2.384	0.799467	-0.10E+04
2.387	0.798533	-0.10E+04
2.39	0.799567	-0.10E+04
2.393	0.801767	-0.10E+04
2.396	0.803067	-0.10E+04
2.399	0.804433	-0.10E+04
2.402	0.805300	-0.10E+04
2.405	0.804533	-0.10E+04
2.408	0.806700	-0.10E+04
2.411	0.807133	-0.10E+04
2.414	0.805867	-0.10E+04
2.417	0.804567	-0.10E+04
2.42	0.805133	-0.10E+04
2.423	0.810767	-0.10E+04
2.426	0.812800	-0.10E+04
2.429	0.811333	-0.10E+04
2.432	0.808433	-0.10E+04
2.435	0.807400	-0.10E+04
2.438	0.808100	-0.10E+04
2.441	0.810967	-0.10E+04
2.444	0.814733	-0.10E+04
2.447	0.814700	-0.10E+04
2.45	0.812267	-0.10E+04
2.453	0.811267	-0.10E+04
2.456	0.813933	-0.10E+04
2.459	0.811667	-0.10E+04
2.462	0.813700	-0.10E+04
2.465	0.812967	-0.10E+04
2.468	0.813400	-0.10E+04
2.471	0.814433	-0.10E+04
2.474	0.814067	-0.10E+04
2.477	0.815567	-0.10E+04
2.48	0.813900	-0.10E+04
2.483	0.813600	-0.10E+04
2.486	0.817100	-0.10E+04
2.489	0.818967	-0.10E+04
2.492	0.821900	-0.10E+04
2.495	0.822467	-0.10E+04
2.498	0.821267	-0.10E+04
