Brown University Keck/NASA Relab Spectrum LS-JBA-163-N/wls394
Wavelength(micron)	Reflectance	Standard Deviation
0.35	0.197000	-0.10E+04
0.353	0.201000	-0.10E+04
0.356	0.202000	-0.10E+04
0.359	0.204000	-0.10E+04
0.362	0.205333	-0.10E+04
0.365	0.206000	-0.10E+04
0.368	0.208000	-0.10E+04
0.371	0.209000	-0.10E+04
0.374	0.211000	-0.10E+04
0.377	0.212333	-0.10E+04
0.38	0.213000	-0.10E+04
0.383	0.215000	-0.10E+04
0.386	0.216000	-0.10E+04
0.389	0.218000	-0.10E+04
0.392	0.220667	-0.10E+04
0.395	0.222000	-0.10E+04
0.398	0.223000	-0.10E+04
0.401	0.224000	-0.10E+04
0.404	0.226000	-0.10E+04
0.407	0.228000	-0.10E+04
0.41	0.229000	-0.10E+04
0.413	0.231000	-0.10E+04
0.416	0.231667	-0.10E+04
0.419	0.233000	-0.10E+04
0.422	0.234333	-0.10E+04
0.425	0.235000	-0.10E+04
0.428	0.239000	-0.10E+04
0.431	0.239333	-0.10E+04
0.434	0.240000	-0.10E+04
0.437	0.242667	-0.10E+04
0.44	0.244000	-0.10E+04
0.443	0.246000	-0.10E+04
0.446	0.246667	-0.10E+04
0.449	0.248000	-0.10E+04
0.452	0.249333	-0.10E+04
0.455	0.250000	-0.10E+04
0.458	0.252000	-0.10E+04
0.461	0.252667	-0.10E+04
0.464	0.254000	-0.10E+04
0.467	0.255333	-0.10E+04
0.47	0.256000	-0.10E+04
0.473	0.257000	-0.10E+04
0.476	0.257667	-0.10E+04
0.479	0.259000	-0.10E+04
0.482	0.261000	-0.10E+04
0.485	0.262000	-0.10E+04
0.488	0.263000	-0.10E+04
0.491	0.263667	-0.10E+04
0.494	0.265000	-0.10E+04
0.497	0.266333	-0.10E+04
0.5	0.267000	-0.10E+04
0.503	0.270000	-0.10E+04
0.506	0.270333	-0.10E+04
0.509	0.271000	-0.10E+04
0.512	0.272333	-0.10E+04
0.515	0.273000	-0.10E+04
0.518	0.275000	-0.10E+04
0.521	0.276000	-0.10E+04
0.524	0.278000	-0.10E+04
0.527	0.279333	-0.10E+04
0.53	0.280000	-0.10E+04
0.533	0.281000	-0.10E+04
0.536	0.282333	-0.10E+04
0.539	0.285000	-0.10E+04
0.542	0.286333	-0.10E+04
0.545	0.287000	-0.10E+04
0.548	0.287000	-0.10E+04
0.551	0.287667	-0.10E+04
0.554	0.289000	-0.10E+04
0.557	0.289667	-0.10E+04
0.56	0.290000	-0.10E+04
0.563	0.293000	-0.10E+04
0.566	0.293000	-0.10E+04
0.569	0.293000	-0.10E+04
0.572	0.294333	-0.10E+04
0.575	0.295000	-0.10E+04
0.578	0.297000	-0.10E+04
0.581	0.297667	-0.10E+04
0.584	0.299000	-0.10E+04
0.587	0.301000	-0.10E+04
0.59	0.302000	-0.10E+04
0.593	0.304000	-0.10E+04
0.596	0.304333	-0.10E+04
0.599	0.305000	-0.10E+04
0.602	0.305667	-0.10E+04
0.605	0.306000	-0.10E+04
0.608	0.306800	-0.10E+04
0.611	0.307141	-0.10E+04
0.614	0.307823	-0.10E+04
0.617	0.309186	-0.10E+04
0.62	0.309868	-0.10E+04
0.623	0.311913	-0.10E+04
0.626	0.312254	-0.10E+04
0.629	0.312936	-0.10E+04
0.632	0.313618	-0.10E+04
0.635	0.313959	-0.10E+04
0.638	0.316004	-0.10E+04
0.641	0.316345	-0.10E+04
0.644	0.317027	-0.10E+04
0.647	0.318390	-0.10E+04
0.65	0.319072	-0.10E+04
0.653	0.320095	-0.10E+04
0.656	0.320776	-0.10E+04
0.659	0.322140	-0.10E+04
0.662	0.322822	-0.10E+04
0.665	0.323163	-0.10E+04
0.668	0.324185	-0.10E+04
0.671	0.324526	-0.10E+04
0.674	0.325208	-0.10E+04
0.677	0.325890	-0.10E+04
0.68	0.326231	-0.10E+04
0.683	0.328276	-0.10E+04
0.686	0.328958	-0.10E+04
0.689	0.330321	-0.10E+04
0.692	0.330321	-0.10E+04
0.695	0.330321	-0.10E+04
0.698	0.331344	-0.10E+04
0.701	0.332026	-0.10E+04
0.704	0.333389	-0.10E+04
0.707	0.333389	-0.10E+04
0.71	0.333389	-0.10E+04
0.713	0.335435	-0.10E+04
0.716	0.335776	-0.10E+04
0.719	0.336457	-0.10E+04
0.722	0.337821	-0.10E+04
0.725	0.338503	-0.10E+04
0.728	0.339525	-0.10E+04
0.731	0.339866	-0.10E+04
0.734	0.340548	-0.10E+04
0.737	0.341230	-0.10E+04
0.74	0.341571	-0.10E+04
0.743	0.342593	-0.10E+04
0.746	0.342593	-0.10E+04
0.749	0.342593	-0.10E+04
0.752	0.343275	-0.10E+04
0.755	0.343616	-0.10E+04
0.758	0.344639	-0.10E+04
0.761	0.344980	-0.10E+04
0.764	0.345661	-0.10E+04
0.767	0.346343	-0.10E+04
0.77	0.346684	-0.10E+04
0.773	0.347707	-0.10E+04
0.776	0.348048	-0.10E+04
0.779	0.348729	-0.10E+04
0.782	0.348729	-0.10E+04
0.785	0.348729	-0.10E+04
0.788	0.348729	-0.10E+04
0.791	0.349070	-0.10E+04
0.794	0.349752	-0.10E+04
0.797	0.350434	-0.10E+04
0.8	0.350775	-0.10E+04
0.803	0.350775	-0.10E+04
0.806	0.350775	-0.10E+04
0.809	0.350775	-0.10E+04
0.812	0.350775	-0.10E+04
0.815	0.350775	-0.10E+04
0.818	0.351797	-0.10E+04
0.821	0.351797	-0.10E+04
0.824	0.351797	-0.10E+04
0.827	0.351797	-0.10E+04
0.83	0.351797	-0.10E+04
0.833	0.351797	-0.10E+04
0.836	0.351797	-0.10E+04
0.839	0.351797	-0.10E+04
0.842	0.351797	-0.10E+04
0.845	0.351797	-0.10E+04
0.848	0.351797	-0.10E+04
0.851	0.351797	-0.10E+04
0.854	0.351797	-0.10E+04
0.857	0.351797	-0.10E+04
0.86	0.351797	-0.10E+04
0.863	0.352820	-0.10E+04
0.866	0.353161	-0.10E+04
0.869	0.353843	-0.10E+04
0.872	0.354524	-0.10E+04
0.875	0.354865	-0.10E+04
0.878	0.354865	-0.10E+04
0.881	0.354865	-0.10E+04
0.884	0.354865	-0.10E+04
0.887	0.354865	-0.10E+04
0.89	0.354865	-0.10E+04
0.893	0.354865	-0.10E+04
0.896	0.355206	-0.10E+04
0.899	0.355888	-0.10E+04
0.902	0.356570	-0.10E+04
0.905	0.356911	-0.10E+04
0.908	0.357933	-0.10E+04
0.911	0.357933	-0.10E+04
0.914	0.357933	-0.10E+04
0.917	0.359297	-0.10E+04
0.92	0.359979	-0.10E+04
0.923	0.359979	-0.10E+04
0.926	0.360320	-0.10E+04
0.929	0.361001	-0.10E+04
0.932	0.361001	-0.10E+04
0.935	0.361001	-0.10E+04
0.938	0.362024	-0.10E+04
0.941	0.362024	-0.10E+04
0.944	0.362024	-0.10E+04
0.947	0.362706	-0.10E+04
0.95	0.363047	-0.10E+04
0.953	0.364069	-0.10E+04
0.956	0.364410	-0.10E+04
0.959	0.365092	-0.10E+04
0.962	0.365774	-0.10E+04
0.965	0.366115	-0.10E+04
0.968	0.368160	-0.10E+04
0.971	0.368501	-0.10E+04
0.974	0.369183	-0.10E+04
0.977	0.369183	-0.10E+04
0.98	0.369183	-0.10E+04
0.983	0.370205	-0.10E+04
0.986	0.370546	-0.10E+04
0.989	0.371228	-0.10E+04
0.992	0.371910	-0.10E+04
0.995	0.372251	-0.10E+04
0.998	0.374296	-0.10E+04
1.001	0.374637	-0.10E+04
1.004	0.375319	-0.10E+04
1.007	0.376000	-0.10E+04
1.01	0.376341	-0.10E+04
1.013	0.377364	-0.10E+04
1.016	0.377705	-0.10E+04
1.019	0.378387	-0.10E+04
1.022	0.379068	-0.10E+04
1.025	0.379409	-0.10E+04
1.028	0.380432	-0.10E+04
1.031	0.380773	-0.10E+04
1.034	0.381455	-0.10E+04
1.037	0.382136	-0.10E+04
1.04	0.382477	-0.10E+04
1.043	0.384523	-0.10E+04
1.046	0.384523	-0.10E+04
1.049	0.384523	-0.10E+04
1.052	0.384523	-0.10E+04
1.055	0.384523	-0.10E+04
1.058	0.385545	-0.10E+04
1.061	0.385886	-0.10E+04
1.064	0.386568	-0.10E+04
1.067	0.386568	-0.10E+04
1.07	0.386568	-0.10E+04
1.073	0.387591	-0.10E+04
1.076	0.387932	-0.10E+04
1.079	0.388613	-0.10E+04
1.082	0.389295	-0.10E+04
1.085	0.389636	-0.10E+04
1.088	0.390659	-0.10E+04
1.091	0.391000	-0.10E+04
1.094	0.391681	-0.10E+04
1.097	0.391681	-0.10E+04
1.1	0.391681	-0.10E+04
1.103	0.392704	-0.10E+04
1.106	0.393045	-0.10E+04
1.109	0.393727	-0.10E+04
1.112	0.394408	-0.10E+04
1.115	0.394749	-0.10E+04
1.118	0.394749	-0.10E+04
1.121	0.395090	-0.10E+04
1.124	0.395772	-0.10E+04
1.127	0.396454	-0.10E+04
1.13	0.396795	-0.10E+04
1.133	0.397817	-0.10E+04
1.136	0.398158	-0.10E+04
1.139	0.398840	-0.10E+04
1.142	0.399522	-0.10E+04
1.145	0.399863	-0.10E+04
1.148	0.399863	-0.10E+04
1.151	0.400204	-0.10E+04
1.154	0.400885	-0.10E+04
1.157	0.400885	-0.10E+04
1.16	0.400885	-0.10E+04
1.163	0.401908	-0.10E+04
1.166	0.401908	-0.10E+04
1.169	0.401908	-0.10E+04
1.172	0.402590	-0.10E+04
1.175	0.402931	-0.10E+04
1.178	0.403953	-0.10E+04
1.181	0.404294	-0.10E+04
1.184	0.404976	-0.10E+04
1.187	0.405658	-0.10E+04
1.19	0.405999	-0.10E+04
1.193	0.407021	-0.10E+04
1.196	0.407021	-0.10E+04
1.199	0.407021	-0.10E+04
1.202	0.407703	-0.10E+04
1.205	0.408044	-0.10E+04
1.208	0.408044	-0.10E+04
1.211	0.408385	-0.10E+04
1.214	0.409067	-0.10E+04
1.217	0.409067	-0.10E+04
1.22	0.409067	-0.10E+04
1.223	0.410089	-0.10E+04
1.226	0.410089	-0.10E+04
1.229	0.410089	-0.10E+04
1.232	0.410771	-0.10E+04
1.235	0.411112	-0.10E+04
1.238	0.412135	-0.10E+04
1.241	0.412135	-0.10E+04
1.244	0.412135	-0.10E+04
1.247	0.412816	-0.10E+04
1.25	0.413157	-0.10E+04
1.253	0.413157	-0.10E+04
1.256	0.413839	-0.10E+04
1.259	0.415203	-0.10E+04
1.262	0.415203	-0.10E+04
1.265	0.415203	-0.10E+04
1.268	0.416225	-0.10E+04
1.271	0.416566	-0.10E+04
1.274	0.417248	-0.10E+04
1.277	0.417248	-0.10E+04
1.28	0.417248	-0.10E+04
1.283	0.418271	-0.10E+04
1.286	0.418271	-0.10E+04
1.289	0.418271	-0.10E+04
1.292	0.418952	-0.10E+04
1.295	0.419293	-0.10E+04
1.298	0.420316	-0.10E+04
1.301	0.420316	-0.10E+04
1.304	0.420316	-0.10E+04
1.307	0.420998	-0.10E+04
1.31	0.421339	-0.10E+04
1.313	0.422361	-0.10E+04
1.316	0.422702	-0.10E+04
1.319	0.423384	-0.10E+04
1.322	0.424066	-0.10E+04
1.325	0.424407	-0.10E+04
1.328	0.425429	-0.10E+04
1.331	0.425770	-0.10E+04
1.334	0.426452	-0.10E+04
1.337	0.427134	-0.10E+04
1.34	0.427475	-0.10E+04
1.343	0.427475	-0.10E+04
1.346	0.427475	-0.10E+04
1.349	0.427475	-0.10E+04
1.352	0.427475	-0.10E+04
1.355	0.427475	-0.10E+04
1.358	0.428497	-0.10E+04
1.361	0.428497	-0.10E+04
1.364	0.428497	-0.10E+04
1.367	0.429179	-0.10E+04
1.37	0.429520	-0.10E+04
1.373	0.429520	-0.10E+04
1.376	0.429861	-0.10E+04
1.379	0.430543	-0.10E+04
1.382	0.431224	-0.10E+04
1.385	0.431565	-0.10E+04
1.388	0.432588	-0.10E+04
1.391	0.432929	-0.10E+04
1.394	0.433611	-0.10E+04
1.397	0.434292	-0.10E+04
1.4	0.434633	-0.10E+04
1.403	0.435656	-0.10E+04
1.406	0.435656	-0.10E+04
1.409	0.435656	-0.10E+04
1.412	0.436338	-0.10E+04
1.415	0.436679	-0.10E+04
1.418	0.437701	-0.10E+04
1.421	0.437701	-0.10E+04
1.424	0.437701	-0.10E+04
1.427	0.438383	-0.10E+04
1.43	0.438724	-0.10E+04
1.433	0.438724	-0.10E+04
1.436	0.439065	-0.10E+04
1.439	0.439747	-0.10E+04
1.442	0.441110	-0.10E+04
1.445	0.441792	-0.10E+04
1.448	0.441792	-0.10E+04
1.451	0.442133	-0.10E+04
1.454	0.442815	-0.10E+04
1.457	0.442815	-0.10E+04
1.46	0.442815	-0.10E+04
1.463	0.443837	-0.10E+04
1.466	0.443837	-0.10E+04
1.469	0.443837	-0.10E+04
1.472	0.443837	-0.10E+04
1.475	0.443837	-0.10E+04
1.478	0.444860	-0.10E+04
1.481	0.445201	-0.10E+04
1.484	0.445883	-0.10E+04
1.487	0.445883	-0.10E+04
1.49	0.445883	-0.10E+04
1.493	0.445883	-0.10E+04
1.496	0.446224	-0.10E+04
1.499	0.446905	-0.10E+04
1.502	0.446905	-0.10E+04
1.505	0.446905	-0.10E+04
1.508	0.446905	-0.10E+04
1.511	0.447246	-0.10E+04
1.514	0.447928	-0.10E+04
1.517	0.447928	-0.10E+04
1.52	0.447928	-0.10E+04
1.523	0.448951	-0.10E+04
1.526	0.449292	-0.10E+04
1.529	0.449973	-0.10E+04
1.532	0.449973	-0.10E+04
1.535	0.449973	-0.10E+04
1.538	0.450996	-0.10E+04
1.541	0.450996	-0.10E+04
1.544	0.450996	-0.10E+04
1.547	0.450996	-0.10E+04
1.55	0.450996	-0.10E+04
1.553	0.452019	-0.10E+04
1.556	0.452019	-0.10E+04
1.559	0.452019	-0.10E+04
1.562	0.452019	-0.10E+04
1.565	0.452019	-0.10E+04
1.568	0.453041	-0.10E+04
1.571	0.453041	-0.10E+04
1.574	0.453041	-0.10E+04
1.577	0.453723	-0.10E+04
1.58	0.454064	-0.10E+04
1.583	0.455087	-0.10E+04
1.586	0.455087	-0.10E+04
1.589	0.455087	-0.10E+04
1.592	0.455087	-0.10E+04
1.595	0.455087	-0.10E+04
1.598	0.455087	-0.10E+04
1.601	0.455087	-0.10E+04
1.604	0.455087	-0.10E+04
1.607	0.455768	-0.10E+04
1.61	0.456109	-0.10E+04
1.613	0.456109	-0.10E+04
1.616	0.456109	-0.10E+04
1.619	0.456109	-0.10E+04
1.622	0.456109	-0.10E+04
1.625	0.456109	-0.10E+04
1.628	0.456109	-0.10E+04
1.631	0.456450	-0.10E+04
1.634	0.457132	-0.10E+04
1.637	0.457132	-0.10E+04
1.64	0.457132	-0.10E+04
1.643	0.457132	-0.10E+04
1.646	0.457132	-0.10E+04
1.649	0.457132	-0.10E+04
1.652	0.457132	-0.10E+04
1.655	0.457132	-0.10E+04
1.658	0.458155	-0.10E+04
1.661	0.458155	-0.10E+04
1.664	0.458155	-0.10E+04
1.667	0.458155	-0.10E+04
1.67	0.458155	-0.10E+04
1.673	0.458155	-0.10E+04
1.676	0.458155	-0.10E+04
1.679	0.458155	-0.10E+04
1.682	0.458836	-0.10E+04
1.685	0.459177	-0.10E+04
1.688	0.460200	-0.10E+04
1.691	0.460200	-0.10E+04
1.694	0.460200	-0.10E+04
1.697	0.460200	-0.10E+04
1.7	0.460200	-0.10E+04
1.703	0.461223	-0.10E+04
1.706	0.461223	-0.10E+04
1.709	0.461223	-0.10E+04
1.712	0.461223	-0.10E+04
1.715	0.461223	-0.10E+04
1.718	0.461223	-0.10E+04
1.721	0.461564	-0.10E+04
1.724	0.462245	-0.10E+04
1.727	0.462245	-0.10E+04
1.73	0.462245	-0.10E+04
1.733	0.462245	-0.10E+04
1.736	0.462586	-0.10E+04
1.739	0.463268	-0.10E+04
1.742	0.463268	-0.10E+04
1.745	0.463268	-0.10E+04
1.748	0.463268	-0.10E+04
1.751	0.463268	-0.10E+04
1.754	0.463268	-0.10E+04
1.757	0.463950	-0.10E+04
1.76	0.464291	-0.10E+04
1.763	0.464291	-0.10E+04
1.766	0.464291	-0.10E+04
1.769	0.464291	-0.10E+04
1.772	0.464291	-0.10E+04
1.775	0.464291	-0.10E+04
1.778	0.464291	-0.10E+04
1.781	0.464632	-0.10E+04
1.784	0.465313	-0.10E+04
1.787	0.465313	-0.10E+04
1.79	0.465313	-0.10E+04
1.793	0.465313	-0.10E+04
1.796	0.465654	-0.10E+04
1.799	0.466336	-0.10E+04
1.802	0.466336	-0.10E+04
1.805	0.466336	-0.10E+04
1.808	0.466336	-0.10E+04
1.811	0.466336	-0.10E+04
1.814	0.466336	-0.10E+04
1.817	0.467018	-0.10E+04
1.82	0.467359	-0.10E+04
1.823	0.468381	-0.10E+04
1.826	0.468722	-0.10E+04
1.829	0.469404	-0.10E+04
1.832	0.469404	-0.10E+04
1.835	0.469404	-0.10E+04
1.838	0.470427	-0.10E+04
1.841	0.470427	-0.10E+04
1.844	0.470427	-0.10E+04
1.847	0.471108	-0.10E+04
1.85	0.471449	-0.10E+04
1.853	0.471449	-0.10E+04
1.856	0.471449	-0.10E+04
1.859	0.471449	-0.10E+04
1.862	0.472131	-0.10E+04
1.865	0.472472	-0.10E+04
1.868	0.473495	-0.10E+04
1.871	0.473495	-0.10E+04
1.874	0.473495	-0.10E+04
1.877	0.473495	-0.10E+04
1.88	0.473495	-0.10E+04
1.883	0.473495	-0.10E+04
1.886	0.473495	-0.10E+04
1.889	0.473495	-0.10E+04
1.892	0.473495	-0.10E+04
1.895	0.473495	-0.10E+04
1.898	0.474517	-0.10E+04
1.901	0.474517	-0.10E+04
1.904	0.474517	-0.10E+04
1.907	0.475199	-0.10E+04
1.91	0.475540	-0.10E+04
1.913	0.476563	-0.10E+04
1.916	0.476563	-0.10E+04
1.919	0.476563	-0.10E+04
1.922	0.476563	-0.10E+04
1.925	0.476563	-0.10E+04
1.928	0.476563	-0.10E+04
1.931	0.476904	-0.10E+04
1.934	0.477585	-0.10E+04
1.937	0.478267	-0.10E+04
1.94	0.478608	-0.10E+04
1.943	0.478608	-0.10E+04
1.946	0.478608	-0.10E+04
1.949	0.478608	-0.10E+04
1.952	0.478608	-0.10E+04
1.955	0.478608	-0.10E+04
1.958	0.478608	-0.10E+04
1.961	0.478949	-0.10E+04
1.964	0.479631	-0.10E+04
1.967	0.480312	-0.10E+04
1.97	0.480653	-0.10E+04
1.973	0.480653	-0.10E+04
1.976	0.480994	-0.10E+04
1.979	0.481676	-0.10E+04
1.982	0.481676	-0.10E+04
1.985	0.481676	-0.10E+04
1.988	0.481676	-0.10E+04
1.991	0.481676	-0.10E+04
1.994	0.481676	-0.10E+04
1.997	0.481676	-0.10E+04
2	0.481676	-0.10E+04
2.003	0.481676	-0.10E+04
2.006	0.481676	-0.10E+04
2.009	0.481676	-0.10E+04
2.012	0.482358	-0.10E+04
2.015	0.482699	-0.10E+04
2.018	0.482699	-0.10E+04
2.021	0.483040	-0.10E+04
2.024	0.483721	-0.10E+04
2.027	0.483721	-0.10E+04
2.03	0.483721	-0.10E+04
2.033	0.483721	-0.10E+04
2.036	0.484062	-0.10E+04
2.039	0.484744	-0.10E+04
2.042	0.484744	-0.10E+04
2.045	0.484744	-0.10E+04
2.048	0.485767	-0.10E+04
2.051	0.485767	-0.10E+04
2.054	0.485767	-0.10E+04
2.057	0.486448	-0.10E+04
2.06	0.486789	-0.10E+04
2.063	0.486789	-0.10E+04
2.066	0.486789	-0.10E+04
2.069	0.486789	-0.10E+04
2.072	0.486789	-0.10E+04
2.075	0.486789	-0.10E+04
2.078	0.487812	-0.10E+04
2.081	0.487812	-0.10E+04
2.084	0.487812	-0.10E+04
2.087	0.487812	-0.10E+04
2.09	0.487812	-0.10E+04
2.093	0.488835	-0.10E+04
2.096	0.489176	-0.10E+04
2.099	0.489857	-0.10E+04
2.102	0.489857	-0.10E+04
2.105	0.489857	-0.10E+04
2.108	0.489857	-0.10E+04
2.111	0.490198	-0.10E+04
2.114	0.490880	-0.10E+04
2.117	0.490880	-0.10E+04
2.12	0.490880	-0.10E+04
2.123	0.491903	-0.10E+04
2.126	0.491903	-0.10E+04
2.129	0.491903	-0.10E+04
2.132	0.491903	-0.10E+04
2.135	0.491903	-0.10E+04
2.138	0.492925	-0.10E+04
2.141	0.492925	-0.10E+04
2.144	0.492925	-0.10E+04
2.147	0.493607	-0.10E+04
2.15	0.493948	-0.10E+04
2.153	0.493948	-0.10E+04
2.156	0.494289	-0.10E+04
2.159	0.494971	-0.10E+04
2.162	0.494971	-0.10E+04
2.165	0.494971	-0.10E+04
2.168	0.494971	-0.10E+04
2.171	0.495312	-0.10E+04
2.174	0.495993	-0.10E+04
2.177	0.496675	-0.10E+04
2.18	0.497016	-0.10E+04
2.183	0.497016	-0.10E+04
2.186	0.497357	-0.10E+04
2.189	0.498039	-0.10E+04
2.192	0.498039	-0.10E+04
2.195	0.498039	-0.10E+04
2.198	0.499061	-0.10E+04
2.201	0.499061	-0.10E+04
2.204	0.499061	-0.10E+04
2.207	0.499061	-0.10E+04
2.21	0.499061	-0.10E+04
2.213	0.500084	-0.10E+04
2.216	0.500425	-0.10E+04
2.219	0.501107	-0.10E+04
2.222	0.501788	-0.10E+04
2.225	0.502129	-0.10E+04
2.228	0.502129	-0.10E+04
2.231	0.502470	-0.10E+04
2.234	0.503152	-0.10E+04
2.237	0.503834	-0.10E+04
2.24	0.504175	-0.10E+04
2.243	0.504175	-0.10E+04
2.246	0.504175	-0.10E+04
2.249	0.504175	-0.10E+04
2.252	0.504856	-0.10E+04
2.255	0.505197	-0.10E+04
2.258	0.505197	-0.10E+04
2.261	0.505879	-0.10E+04
2.264	0.507243	-0.10E+04
2.267	0.507243	-0.10E+04
2.27	0.507243	-0.10E+04
2.273	0.507243	-0.10E+04
2.276	0.507584	-0.10E+04
2.279	0.508265	-0.10E+04
2.282	0.508947	-0.10E+04
2.285	0.509288	-0.10E+04
2.288	0.509288	-0.10E+04
2.291	0.509629	-0.10E+04
2.294	0.510311	-0.10E+04
2.297	0.511674	-0.10E+04
2.3	0.512356	-0.10E+04
2.303	0.512356	-0.10E+04
2.306	0.512356	-0.10E+04
2.309	0.512356	-0.10E+04
2.312	0.513038	-0.10E+04
2.315	0.513379	-0.10E+04
2.318	0.513379	-0.10E+04
2.321	0.513720	-0.10E+04
2.324	0.514401	-0.10E+04
2.327	0.515083	-0.10E+04
2.33	0.515424	-0.10E+04
2.333	0.515424	-0.10E+04
2.336	0.515765	-0.10E+04
2.339	0.516447	-0.10E+04
2.342	0.516447	-0.10E+04
2.345	0.516447	-0.10E+04
2.348	0.517469	-0.10E+04
2.351	0.517810	-0.10E+04
2.354	0.518492	-0.10E+04
2.357	0.519174	-0.10E+04
2.36	0.519515	-0.10E+04
2.363	0.519515	-0.10E+04
2.366	0.519515	-0.10E+04
2.369	0.519515	-0.10E+04
2.372	0.520196	-0.10E+04
2.375	0.520537	-0.10E+04
2.378	0.521560	-0.10E+04
2.381	0.521560	-0.10E+04
2.384	0.521560	-0.10E+04
2.387	0.521560	-0.10E+04
2.39	0.521560	-0.10E+04
2.393	0.521560	-0.10E+04
2.396	0.521901	-0.10E+04
2.399	0.522583	-0.10E+04
2.402	0.522583	-0.10E+04
2.405	0.522583	-0.10E+04
2.408	0.523605	-0.10E+04
2.411	0.523605	-0.10E+04
2.414	0.523605	-0.10E+04
2.417	0.523605	-0.10E+04
2.42	0.523605	-0.10E+04
2.423	0.524628	-0.10E+04
2.426	0.524969	-0.10E+04
2.429	0.525651	-0.10E+04
2.432	0.525651	-0.10E+04
2.435	0.525651	-0.10E+04
2.438	0.526673	-0.10E+04
2.441	0.527014	-0.10E+04
2.444	0.527696	-0.10E+04
2.447	0.527696	-0.10E+04
2.45	0.527696	-0.10E+04
2.453	0.528719	-0.10E+04
2.456	0.528719	-0.10E+04
2.459	0.528719	-0.10E+04
2.462	0.529400	-0.10E+04
2.465	0.529741	-0.10E+04
2.468	0.529741	-0.10E+04
2.471	0.530082	-0.10E+04
2.474	0.530764	-0.10E+04
2.477	0.530764	-0.10E+04
2.48	0.530764	-0.10E+04
2.483	0.531787	-0.10E+04
2.486	0.531787	-0.10E+04
2.489	0.531787	-0.10E+04
2.492	0.532468	-0.10E+04
2.495	0.532809	-0.10E+04
2.498	0.532809	-0.10E+04
