Brown University Keck/NASA Relab Spectrum LS-JBA-119-M1/wls485
Wavelength(micron)	Reflectance	Standard Deviation
0.35	0.141367	-0.10E+04
0.353	0.141633	-0.10E+04
0.356	0.142633	-0.10E+04
0.359	0.142000	-0.10E+04
0.362	0.140533	-0.10E+04
0.365	0.140767	-0.10E+04
0.368	0.142467	-0.10E+04
0.371	0.142433	-0.10E+04
0.374	0.142400	-0.10E+04
0.377	0.142767	-0.10E+04
0.38	0.143300	-0.10E+04
0.383	0.144367	-0.10E+04
0.386	0.144267	-0.10E+04
0.389	0.143567	-0.10E+04
0.392	0.142067	-0.10E+04
0.395	0.141533	-0.10E+04
0.398	0.142367	-0.10E+04
0.401	0.144400	-0.10E+04
0.404	0.145267	-0.10E+04
0.407	0.145633	-0.10E+04
0.41	0.146067	-0.10E+04
0.413	0.146700	-0.10E+04
0.416	0.146567	-0.10E+04
0.419	0.146400	-0.10E+04
0.422	0.147100	-0.10E+04
0.425	0.147833	-0.10E+04
0.428	0.148933	-0.10E+04
0.431	0.148733	-0.10E+04
0.434	0.147667	-0.10E+04
0.437	0.147667	-0.10E+04
0.44	0.148900	-0.10E+04
0.443	0.150067	-0.10E+04
0.446	0.150733	-0.10E+04
0.449	0.151467	-0.10E+04
0.452	0.151367	-0.10E+04
0.455	0.151767	-0.10E+04
0.458	0.152300	-0.10E+04
0.461	0.152967	-0.10E+04
0.464	0.153967	-0.10E+04
0.467	0.154200	-0.10E+04
0.47	0.154400	-0.10E+04
0.473	0.154733	-0.10E+04
0.476	0.154200	-0.10E+04
0.479	0.155067	-0.10E+04
0.482	0.156233	-0.10E+04
0.485	0.156300	-0.10E+04
0.488	0.156167	-0.10E+04
0.491	0.156300	-0.10E+04
0.494	0.157800	-0.10E+04
0.497	0.158567	-0.10E+04
0.5	0.158167	-0.10E+04
0.503	0.158267	-0.10E+04
0.506	0.157567	-0.10E+04
0.509	0.158067	-0.10E+04
0.512	0.159067	-0.10E+04
0.515	0.159667	-0.10E+04
0.518	0.159967	-0.10E+04
0.521	0.160300	-0.10E+04
0.524	0.160767	-0.10E+04
0.527	0.161967	-0.10E+04
0.53	0.161800	-0.10E+04
0.533	0.162567	-0.10E+04
0.536	0.163200	-0.10E+04
0.539	0.164500	-0.10E+04
0.542	0.165133	-0.10E+04
0.545	0.166033	-0.10E+04
0.548	0.165200	-0.10E+04
0.551	0.163967	-0.10E+04
0.554	0.164300	-0.10E+04
0.557	0.164767	-0.10E+04
0.56	0.166667	-0.10E+04
0.563	0.167733	-0.10E+04
0.566	0.167933	-0.10E+04
0.569	0.168200	-0.10E+04
0.572	0.169733	-0.10E+04
0.575	0.169700	-0.10E+04
0.578	0.169033	-0.10E+04
0.581	0.169033	-0.10E+04
0.584	0.169900	-0.10E+04
0.587	0.170867	-0.10E+04
0.59	0.171233	-0.10E+04
0.593	0.172667	-0.10E+04
0.596	0.171833	-0.10E+04
0.599	0.171433	-0.10E+04
0.602	0.170800	-0.10E+04
0.605	0.170667	-0.10E+04
0.608	0.170933	-0.10E+04
0.611	0.172533	-0.10E+04
0.614	0.174633	-0.10E+04
0.617	0.173300	-0.10E+04
0.62	0.173700	-0.10E+04
0.623	0.174300	-0.10E+04
0.626	0.176867	-0.10E+04
0.629	0.178367	-0.10E+04
0.632	0.177833	-0.10E+04
0.635	0.175300	-0.10E+04
0.638	0.173600	-0.10E+04
0.641	0.176400	-0.10E+04
0.644	0.178867	-0.10E+04
0.647	0.178400	-0.10E+04
0.65	0.178700	-0.10E+04
0.653	0.181167	-0.10E+04
0.656	0.181833	-0.10E+04
0.659	0.178800	-0.10E+04
0.662	0.176333	-0.10E+04
0.665	0.178433	-0.10E+04
0.668	0.180400	-0.10E+04
0.671	0.180633	-0.10E+04
0.674	0.180833	-0.10E+04
0.677	0.181500	-0.10E+04
0.68	0.178933	-0.10E+04
0.683	0.176733	-0.10E+04
0.686	0.179600	-0.10E+04
0.689	0.179267	-0.10E+04
0.692	0.178567	-0.10E+04
0.695	0.181000	-0.10E+04
0.698	0.182967	-0.10E+04
0.701	0.184067	-0.10E+04
0.704	0.183867	-0.10E+04
0.707	0.182867	-0.10E+04
0.71	0.181800	-0.10E+04
0.713	0.180633	-0.10E+04
0.716	0.183133	-0.10E+04
0.719	0.186567	-0.10E+04
0.722	0.189167	-0.10E+04
0.725	0.191133	-0.10E+04
0.728	0.187100	-0.10E+04
0.731	0.185000	-0.10E+04
0.734	0.183967	-0.10E+04
0.737	0.183233	-0.10E+04
0.74	0.185133	-0.10E+04
0.743	0.184400	-0.10E+04
0.746	0.185500	-0.10E+04
0.749	0.188200	-0.10E+04
0.752	0.188833	-0.10E+04
0.755	0.187800	-0.10E+04
0.758	0.186300	-0.10E+04
0.761	0.184867	-0.10E+04
0.764	0.187233	-0.10E+04
0.767	0.188367	-0.10E+04
0.77	0.189600	-0.10E+04
0.773	0.190333	-0.10E+04
0.776	0.190733	-0.10E+04
0.779	0.192833	-0.10E+04
0.782	0.192433	-0.10E+04
0.785	0.189900	-0.10E+04
0.788	0.191467	-0.10E+04
0.791	0.193200	-0.10E+04
0.794	0.191500	-0.10E+04
0.797	0.190467	-0.10E+04
0.8	0.191867	-0.10E+04
0.803	0.194400	-0.10E+04
0.806	0.195067	-0.10E+04
0.809	0.195467	-0.10E+04
0.812	0.196633	-0.10E+04
0.815	0.193933	-0.10E+04
0.818	0.192133	-0.10E+04
0.821	0.191167	-0.10E+04
0.824	0.190967	-0.10E+04
0.827	0.191967	-0.10E+04
0.83	0.194233	-0.10E+04
0.833	0.191833	-0.10E+04
0.836	0.191333	-0.10E+04
0.839	0.192800	-0.10E+04
0.842	0.193033	-0.10E+04
0.845	0.191367	-0.10E+04
0.848	0.192233	-0.10E+04
0.851	0.194467	-0.10E+04
0.854	0.193700	-0.10E+04
0.857	0.194100	-0.10E+04
0.86	0.192200	-0.10E+04
0.863	0.189400	-0.10E+04
0.866	0.191000	-0.10E+04
0.869	0.192533	-0.10E+04
0.872	0.195133	-0.10E+04
0.875	0.194067	-0.10E+04
0.878	0.192100	-0.10E+04
0.881	0.193000	-0.10E+04
0.884	0.194567	-0.10E+04
0.887	0.192133	-0.10E+04
0.89	0.187800	-0.10E+04
0.893	0.190433	-0.10E+04
0.896	0.191933	-0.10E+04
0.899	0.191767	-0.10E+04
0.902	0.192633	-0.10E+04
0.905	0.196167	-0.10E+04
0.908	0.198133	-0.10E+04
0.911	0.197400	-0.10E+04
0.914	0.198100	-0.10E+04
0.917	0.200133	-0.10E+04
0.92	0.200700	-0.10E+04
0.923	0.199833	-0.10E+04
0.926	0.199733	-0.10E+04
0.929	0.200833	-0.10E+04
0.932	0.200933	-0.10E+04
0.935	0.202033	-0.10E+04
0.938	0.202433	-0.10E+04
0.941	0.201233	-0.10E+04
0.944	0.201533	-0.10E+04
0.947	0.195567	-0.10E+04
0.95	0.193900	-0.10E+04
0.953	0.197100	-0.10E+04
0.956	0.198967	-0.10E+04
0.959	0.201667	-0.10E+04
0.962	0.202733	-0.10E+04
0.965	0.204300	-0.10E+04
0.968	0.202733	-0.10E+04
0.971	0.197033	-0.10E+04
0.974	0.196267	-0.10E+04
0.977	0.196300	-0.10E+04
0.98	0.197067	-0.10E+04
0.983	0.198900	-0.10E+04
0.986	0.197467	-0.10E+04
0.989	0.198033	-0.10E+04
0.992	0.200767	-0.10E+04
0.995	0.201467	-0.10E+04
0.998	0.202133	-0.10E+04
1.001	0.203567	-0.10E+04
1.004	0.202667	-0.10E+04
1.007	0.198133	-0.10E+04
1.01	0.198133	-0.10E+04
1.013	0.201000	-0.10E+04
1.016	0.199633	-0.10E+04
1.019	0.202733	-0.10E+04
1.022	0.203100	-0.10E+04
1.025	0.201100	-0.10E+04
1.028	0.202133	-0.10E+04
1.031	0.205233	-0.10E+04
1.034	0.206233	-0.10E+04
1.037	0.207433	-0.10E+04
1.04	0.209133	-0.10E+04
1.043	0.211833	-0.10E+04
1.046	0.208733	-0.10E+04
1.049	0.207233	-0.10E+04
1.052	0.207467	-0.10E+04
1.055	0.207400	-0.10E+04
1.058	0.208500	-0.10E+04
1.061	0.209600	-0.10E+04
1.064	0.211867	-0.10E+04
1.067	0.212433	-0.10E+04
1.07	0.209867	-0.10E+04
1.073	0.208700	-0.10E+04
1.076	0.209733	-0.10E+04
1.079	0.209600	-0.10E+04
1.082	0.211167	-0.10E+04
1.085	0.211900	-0.10E+04
1.088	0.211333	-0.10E+04
1.091	0.209967	-0.10E+04
1.094	0.212233	-0.10E+04
1.097	0.214500	-0.10E+04
1.1	0.216667	-0.10E+04
1.103	0.217167	-0.10E+04
1.106	0.213567	-0.10E+04
1.109	0.213533	-0.10E+04
1.112	0.213467	-0.10E+04
1.115	0.214833	-0.10E+04
1.118	0.216833	-0.10E+04
1.121	0.218133	-0.10E+04
1.124	0.218833	-0.10E+04
1.127	0.221033	-0.10E+04
1.13	0.219867	-0.10E+04
1.133	0.217167	-0.10E+04
1.136	0.220233	-0.10E+04
1.139	0.220733	-0.10E+04
1.142	0.221833	-0.10E+04
1.145	0.223000	-0.10E+04
1.148	0.222400	-0.10E+04
1.151	0.223800	-0.10E+04
1.154	0.222767	-0.10E+04
1.157	0.222500	-0.10E+04
1.16	0.225167	-0.10E+04
1.163	0.223600	-0.10E+04
1.166	0.224400	-0.10E+04
1.169	0.224867	-0.10E+04
1.172	0.224067	-0.10E+04
1.175	0.223833	-0.10E+04
1.178	0.225967	-0.10E+04
1.181	0.224767	-0.10E+04
1.184	0.226167	-0.10E+04
1.187	0.227033	-0.10E+04
1.19	0.228367	-0.10E+04
1.193	0.227667	-0.10E+04
1.196	0.227167	-0.10E+04
1.199	0.227700	-0.10E+04
1.202	0.225633	-0.10E+04
1.205	0.226767	-0.10E+04
1.208	0.227000	-0.10E+04
1.211	0.227067	-0.10E+04
1.214	0.225967	-0.10E+04
1.217	0.226100	-0.10E+04
1.22	0.227900	-0.10E+04
1.223	0.229367	-0.10E+04
1.226	0.228500	-0.10E+04
1.229	0.226900	-0.10E+04
1.232	0.229367	-0.10E+04
1.235	0.230400	-0.10E+04
1.238	0.231800	-0.10E+04
1.241	0.234267	-0.10E+04
1.244	0.234933	-0.10E+04
1.247	0.235167	-0.10E+04
1.25	0.237733	-0.10E+04
1.253	0.237200	-0.10E+04
1.256	0.235067	-0.10E+04
1.259	0.234833	-0.10E+04
1.262	0.237333	-0.10E+04
1.265	0.239567	-0.10E+04
1.268	0.239100	-0.10E+04
1.271	0.235500	-0.10E+04
1.274	0.237267	-0.10E+04
1.277	0.238300	-0.10E+04
1.28	0.237233	-0.10E+04
1.283	0.237267	-0.10E+04
1.286	0.236800	-0.10E+04
1.289	0.237733	-0.10E+04
1.292	0.239700	-0.10E+04
1.295	0.239867	-0.10E+04
1.298	0.240333	-0.10E+04
1.301	0.239933	-0.10E+04
1.304	0.240167	-0.10E+04
1.307	0.240600	-0.10E+04
1.31	0.242467	-0.10E+04
1.313	0.241833	-0.10E+04
1.316	0.239033	-0.10E+04
1.319	0.239900	-0.10E+04
1.322	0.242233	-0.10E+04
1.325	0.243700	-0.10E+04
1.328	0.243567	-0.10E+04
1.331	0.243867	-0.10E+04
1.334	0.244533	-0.10E+04
1.337	0.245200	-0.10E+04
1.34	0.247567	-0.10E+04
1.343	0.249400	-0.10E+04
1.346	0.249367	-0.10E+04
1.349	0.249667	-0.10E+04
1.352	0.247133	-0.10E+04
1.355	0.244400	-0.10E+04
1.358	0.242300	-0.10E+04
1.361	0.244167	-0.10E+04
1.364	0.244467	-0.10E+04
1.367	0.246533	-0.10E+04
1.37	0.248800	-0.10E+04
1.373	0.252133	-0.10E+04
1.376	0.253700	-0.10E+04
1.379	0.252667	-0.10E+04
1.382	0.251933	-0.10E+04
1.385	0.254133	-0.10E+04
1.388	0.252633	-0.10E+04
1.391	0.253600	-0.10E+04
1.394	0.256200	-0.10E+04
1.397	0.254733	-0.10E+04
1.4	0.254700	-0.10E+04
1.403	0.253200	-0.10E+04
1.406	0.254567	-0.10E+04
1.409	0.254433	-0.10E+04
1.412	0.254933	-0.10E+04
1.415	0.256200	-0.10E+04
1.418	0.256433	-0.10E+04
1.421	0.256133	-0.10E+04
1.424	0.256333	-0.10E+04
1.427	0.258367	-0.10E+04
1.43	0.260867	-0.10E+04
1.433	0.259067	-0.10E+04
1.436	0.258133	-0.10E+04
1.439	0.259367	-0.10E+04
1.442	0.258667	-0.10E+04
1.445	0.258967	-0.10E+04
1.448	0.257367	-0.10E+04
1.451	0.257767	-0.10E+04
1.454	0.259500	-0.10E+04
1.457	0.259400	-0.10E+04
1.46	0.259400	-0.10E+04
1.463	0.260800	-0.10E+04
1.466	0.261200	-0.10E+04
1.469	0.260667	-0.10E+04
1.472	0.260633	-0.10E+04
1.475	0.261667	-0.10E+04
1.478	0.260633	-0.10E+04
1.481	0.262000	-0.10E+04
1.484	0.263467	-0.10E+04
1.487	0.265067	-0.10E+04
1.49	0.265067	-0.10E+04
1.493	0.263900	-0.10E+04
1.496	0.262067	-0.10E+04
1.499	0.260533	-0.10E+04
1.502	0.260633	-0.10E+04
1.505	0.261300	-0.10E+04
1.508	0.263433	-0.10E+04
1.511	0.262300	-0.10E+04
1.514	0.261567	-0.10E+04
1.517	0.264100	-0.10E+04
1.52	0.267800	-0.10E+04
1.523	0.267533	-0.10E+04
1.526	0.266133	-0.10E+04
1.529	0.266033	-0.10E+04
1.532	0.267233	-0.10E+04
1.535	0.267767	-0.10E+04
1.538	0.268400	-0.10E+04
1.541	0.269233	-0.10E+04
1.544	0.268533	-0.10E+04
1.547	0.267367	-0.10E+04
1.55	0.269867	-0.10E+04
1.553	0.270500	-0.10E+04
1.556	0.268633	-0.10E+04
1.559	0.270333	-0.10E+04
1.562	0.270700	-0.10E+04
1.565	0.269567	-0.10E+04
1.568	0.270567	-0.10E+04
1.571	0.271300	-0.10E+04
1.574	0.272533	-0.10E+04
1.577	0.273500	-0.10E+04
1.58	0.272533	-0.10E+04
1.583	0.270933	-0.10E+04
1.586	0.267300	-0.10E+04
1.589	0.269300	-0.10E+04
1.592	0.272567	-0.10E+04
1.595	0.273167	-0.10E+04
1.598	0.275133	-0.10E+04
1.601	0.273933	-0.10E+04
1.604	0.274500	-0.10E+04
1.607	0.274133	-0.10E+04
1.61	0.272400	-0.10E+04
1.613	0.272367	-0.10E+04
1.616	0.272167	-0.10E+04
1.619	0.272667	-0.10E+04
1.622	0.270467	-0.10E+04
1.625	0.270333	-0.10E+04
1.628	0.273233	-0.10E+04
1.631	0.274433	-0.10E+04
1.634	0.273600	-0.10E+04
1.637	0.272833	-0.10E+04
1.64	0.272333	-0.10E+04
1.643	0.272133	-0.10E+04
1.646	0.274633	-0.10E+04
1.649	0.275133	-0.10E+04
1.652	0.272900	-0.10E+04
1.655	0.274667	-0.10E+04
1.658	0.275367	-0.10E+04
1.661	0.275733	-0.10E+04
1.664	0.276833	-0.10E+04
1.667	0.278600	-0.10E+04
1.67	0.280200	-0.10E+04
1.673	0.279933	-0.10E+04
1.676	0.279267	-0.10E+04
1.679	0.280500	-0.10E+04
1.682	0.279700	-0.10E+04
1.685	0.278600	-0.10E+04
1.688	0.275567	-0.10E+04
1.691	0.275400	-0.10E+04
1.694	0.276600	-0.10E+04
1.697	0.279500	-0.10E+04
1.7	0.280867	-0.10E+04
1.703	0.281267	-0.10E+04
1.706	0.278467	-0.10E+04
1.709	0.277567	-0.10E+04
1.712	0.280133	-0.10E+04
1.715	0.280733	-0.10E+04
1.718	0.280167	-0.10E+04
1.721	0.278800	-0.10E+04
1.724	0.278800	-0.10E+04
1.727	0.278700	-0.10E+04
1.73	0.279433	-0.10E+04
1.733	0.279300	-0.10E+04
1.736	0.281100	-0.10E+04
1.739	0.281500	-0.10E+04
1.742	0.281867	-0.10E+04
1.745	0.282500	-0.10E+04
1.748	0.282267	-0.10E+04
1.751	0.282633	-0.10E+04
1.754	0.282633	-0.10E+04
1.757	0.281600	-0.10E+04
1.76	0.281633	-0.10E+04
1.763	0.282000	-0.10E+04
1.766	0.281367	-0.10E+04
1.769	0.283067	-0.10E+04
1.772	0.282867	-0.10E+04
1.775	0.281667	-0.10E+04
1.778	0.281900	-0.10E+04
1.781	0.282567	-0.10E+04
1.784	0.283100	-0.10E+04
1.787	0.282267	-0.10E+04
1.79	0.283267	-0.10E+04
1.793	0.282167	-0.10E+04
1.796	0.281000	-0.10E+04
1.799	0.281933	-0.10E+04
1.802	0.281867	-0.10E+04
1.805	0.281200	-0.10E+04
1.808	0.282600	-0.10E+04
1.811	0.284200	-0.10E+04
1.814	0.284433	-0.10E+04
1.817	0.283767	-0.10E+04
1.82	0.285367	-0.10E+04
1.823	0.286033	-0.10E+04
1.826	0.285567	-0.10E+04
1.829	0.286100	-0.10E+04
1.832	0.285167	-0.10E+04
1.835	0.283600	-0.10E+04
1.838	0.283267	-0.10E+04
1.841	0.282467	-0.10E+04
1.844	0.283500	-0.10E+04
1.847	0.285733	-0.10E+04
1.85	0.286667	-0.10E+04
1.853	0.286833	-0.10E+04
1.856	0.287033	-0.10E+04
1.859	0.287900	-0.10E+04
1.862	0.287700	-0.10E+04
1.865	0.289067	-0.10E+04
1.868	0.290033	-0.10E+04
1.871	0.290733	-0.10E+04
1.874	0.287033	-0.10E+04
1.877	0.286133	-0.10E+04
1.88	0.288467	-0.10E+04
1.883	0.288233	-0.10E+04
1.886	0.288133	-0.10E+04
1.889	0.288833	-0.10E+04
1.892	0.290767	-0.10E+04
1.895	0.291067	-0.10E+04
1.898	0.289167	-0.10E+04
1.901	0.290033	-0.10E+04
1.904	0.289433	-0.10E+04
1.907	0.290267	-0.10E+04
1.91	0.290767	-0.10E+04
1.913	0.291067	-0.10E+04
1.916	0.291267	-0.10E+04
1.919	0.290167	-0.10E+04
1.922	0.290400	-0.10E+04
1.925	0.293133	-0.10E+04
1.928	0.292567	-0.10E+04
1.931	0.292333	-0.10E+04
1.934	0.290900	-0.10E+04
1.937	0.290733	-0.10E+04
1.94	0.291300	-0.10E+04
1.943	0.294033	-0.10E+04
1.946	0.294633	-0.10E+04
1.949	0.295833	-0.10E+04
1.952	0.294733	-0.10E+04
1.955	0.296767	-0.10E+04
1.958	0.298133	-0.10E+04
1.961	0.296833	-0.10E+04
1.964	0.298400	-0.10E+04
1.967	0.296600	-0.10E+04
1.97	0.294800	-0.10E+04
1.973	0.295500	-0.10E+04
1.976	0.298067	-0.10E+04
1.979	0.298967	-0.10E+04
1.982	0.300867	-0.10E+04
1.985	0.300900	-0.10E+04
1.988	0.300800	-0.10E+04
1.991	0.298967	-0.10E+04
1.994	0.297633	-0.10E+04
1.997	0.295867	-0.10E+04
2	0.297133	-0.10E+04
2.003	0.298167	-0.10E+04
2.006	0.299567	-0.10E+04
2.009	0.302900	-0.10E+04
2.012	0.301167	-0.10E+04
2.015	0.300833	-0.10E+04
2.018	0.300533	-0.10E+04
2.021	0.299667	-0.10E+04
2.024	0.300400	-0.10E+04
2.027	0.301000	-0.10E+04
2.03	0.303400	-0.10E+04
2.033	0.305667	-0.10E+04
2.036	0.306533	-0.10E+04
2.039	0.305367	-0.10E+04
2.042	0.303200	-0.10E+04
2.045	0.303633	-0.10E+04
2.048	0.305233	-0.10E+04
2.051	0.309533	-0.10E+04
2.054	0.308100	-0.10E+04
2.057	0.304933	-0.10E+04
2.06	0.303233	-0.10E+04
2.063	0.305733	-0.10E+04
2.066	0.307967	-0.10E+04
2.069	0.307800	-0.10E+04
2.072	0.308333	-0.10E+04
2.075	0.308500	-0.10E+04
2.078	0.306800	-0.10E+04
2.081	0.305467	-0.10E+04
2.084	0.309233	-0.10E+04
2.087	0.309233	-0.10E+04
2.09	0.309267	-0.10E+04
2.093	0.309600	-0.10E+04
2.096	0.308133	-0.10E+04
2.099	0.310167	-0.10E+04
2.102	0.311900	-0.10E+04
2.105	0.311600	-0.10E+04
2.108	0.312700	-0.10E+04
2.111	0.313567	-0.10E+04
2.114	0.315300	-0.10E+04
2.117	0.313033	-0.10E+04
2.12	0.312567	-0.10E+04
2.123	0.312233	-0.10E+04
2.126	0.314200	-0.10E+04
2.129	0.315567	-0.10E+04
2.132	0.315833	-0.10E+04
2.135	0.315733	-0.10E+04
2.138	0.315167	-0.10E+04
2.141	0.312333	-0.10E+04
2.144	0.313033	-0.10E+04
2.147	0.318000	-0.10E+04
2.15	0.317300	-0.10E+04
2.153	0.316133	-0.10E+04
2.156	0.315933	-0.10E+04
2.159	0.316900	-0.10E+04
2.162	0.317100	-0.10E+04
2.165	0.320467	-0.10E+04
2.168	0.320767	-0.10E+04
2.171	0.319033	-0.10E+04
2.174	0.319900	-0.10E+04
2.177	0.318467	-0.10E+04
2.18	0.319700	-0.10E+04
2.183	0.320300	-0.10E+04
2.186	0.321800	-0.10E+04
2.189	0.319667	-0.10E+04
2.192	0.317033	-0.10E+04
2.195	0.317500	-0.10E+04
2.198	0.319000	-0.10E+04
2.201	0.323133	-0.10E+04
2.204	0.323633	-0.10E+04
2.207	0.323033	-0.10E+04
2.21	0.323867	-0.10E+04
2.213	0.326767	-0.10E+04
2.216	0.326833	-0.10E+04
2.219	0.325867	-0.10E+04
2.222	0.325167	-0.10E+04
2.225	0.325200	-0.10E+04
2.228	0.323900	-0.10E+04
2.231	0.325233	-0.10E+04
2.234	0.327267	-0.10E+04
2.237	0.325267	-0.10E+04
2.24	0.326200	-0.10E+04
2.243	0.326933	-0.10E+04
2.246	0.326800	-0.10E+04
2.249	0.328100	-0.10E+04
2.252	0.329667	-0.10E+04
2.255	0.331167	-0.10E+04
2.258	0.331100	-0.10E+04
2.261	0.331067	-0.10E+04
2.264	0.333400	-0.10E+04
2.267	0.336267	-0.10E+04
2.27	0.334233	-0.10E+04
2.273	0.332000	-0.10E+04
2.276	0.329867	-0.10E+04
2.279	0.329467	-0.10E+04
2.282	0.331400	-0.10E+04
2.285	0.331933	-0.10E+04
2.288	0.329100	-0.10E+04
2.291	0.330567	-0.10E+04
2.294	0.333567	-0.10E+04
2.297	0.334000	-0.10E+04
2.3	0.334467	-0.10E+04
2.303	0.337967	-0.10E+04
2.306	0.336433	-0.10E+04
2.309	0.334667	-0.10E+04
2.312	0.337300	-0.10E+04
2.315	0.335967	-0.10E+04
2.318	0.335500	-0.10E+04
2.321	0.335833	-0.10E+04
2.324	0.335433	-0.10E+04
2.327	0.337200	-0.10E+04
2.33	0.338667	-0.10E+04
2.333	0.338800	-0.10E+04
2.336	0.339967	-0.10E+04
2.339	0.338733	-0.10E+04
2.342	0.338800	-0.10E+04
2.345	0.337933	-0.10E+04
2.348	0.338633	-0.10E+04
2.351	0.338300	-0.10E+04
2.354	0.338167	-0.10E+04
2.357	0.341533	-0.10E+04
2.36	0.340733	-0.10E+04
2.363	0.338700	-0.10E+04
2.366	0.339600	-0.10E+04
2.369	0.340167	-0.10E+04
2.372	0.339233	-0.10E+04
2.375	0.341567	-0.10E+04
2.378	0.342600	-0.10E+04
2.381	0.344767	-0.10E+04
2.384	0.345167	-0.10E+04
2.387	0.344033	-0.10E+04
2.39	0.343433	-0.10E+04
2.393	0.345000	-0.10E+04
2.396	0.346933	-0.10E+04
2.399	0.350700	-0.10E+04
2.402	0.351933	-0.10E+04
2.405	0.350267	-0.10E+04
2.408	0.349333	-0.10E+04
2.411	0.349967	-0.10E+04
2.414	0.347500	-0.10E+04
2.417	0.346867	-0.10E+04
2.42	0.347500	-0.10E+04
2.423	0.347500	-0.10E+04
2.426	0.350067	-0.10E+04
2.429	0.351900	-0.10E+04
2.432	0.353400	-0.10E+04
2.435	0.353833	-0.10E+04
2.438	0.355300	-0.10E+04
2.441	0.353400	-0.10E+04
2.444	0.351567	-0.10E+04
2.447	0.351867	-0.10E+04
2.45	0.353467	-0.10E+04
2.453	0.354900	-0.10E+04
2.456	0.353733	-0.10E+04
2.459	0.352700	-0.10E+04
2.462	0.352500	-0.10E+04
2.465	0.354133	-0.10E+04
2.468	0.354967	-0.10E+04
2.471	0.354767	-0.10E+04
2.474	0.357633	-0.10E+04
2.477	0.354567	-0.10E+04
2.48	0.353467	-0.10E+04
2.483	0.354867	-0.10E+04
2.486	0.355800	-0.10E+04
2.489	0.357367	-0.10E+04
2.492	0.358800	-0.10E+04
2.495	0.360733	-0.10E+04
2.498	0.361200	-0.10E+04
