Brown University Keck/NASA Relab Spectrum LS-JBA-241-M/wls413
Wavelength(micron)	Reflectance	Standard Deviation
0.35	0.052000	-0.10E+04
0.353	0.053000	-0.10E+04
0.356	0.053000	-0.10E+04
0.359	0.053000	-0.10E+04
0.362	0.053667	-0.10E+04
0.365	0.054000	-0.10E+04
0.368	0.055000	-0.10E+04
0.371	0.055333	-0.10E+04
0.374	0.056000	-0.10E+04
0.377	0.056000	-0.10E+04
0.38	0.056000	-0.10E+04
0.383	0.057000	-0.10E+04
0.386	0.057333	-0.10E+04
0.389	0.058000	-0.10E+04
0.392	0.058000	-0.10E+04
0.395	0.058000	-0.10E+04
0.398	0.058000	-0.10E+04
0.401	0.058333	-0.10E+04
0.404	0.059000	-0.10E+04
0.407	0.059667	-0.10E+04
0.41	0.060000	-0.10E+04
0.413	0.061000	-0.10E+04
0.416	0.061000	-0.10E+04
0.419	0.061000	-0.10E+04
0.422	0.061667	-0.10E+04
0.425	0.062000	-0.10E+04
0.428	0.062000	-0.10E+04
0.431	0.062333	-0.10E+04
0.434	0.063000	-0.10E+04
0.437	0.063667	-0.10E+04
0.44	0.064000	-0.10E+04
0.443	0.065000	-0.10E+04
0.446	0.065333	-0.10E+04
0.449	0.066000	-0.10E+04
0.452	0.066000	-0.10E+04
0.455	0.066000	-0.10E+04
0.458	0.067000	-0.10E+04
0.461	0.067000	-0.10E+04
0.464	0.067000	-0.10E+04
0.467	0.067000	-0.10E+04
0.47	0.067000	-0.10E+04
0.473	0.067000	-0.10E+04
0.476	0.067333	-0.10E+04
0.479	0.068000	-0.10E+04
0.482	0.068667	-0.10E+04
0.485	0.069000	-0.10E+04
0.488	0.070000	-0.10E+04
0.491	0.070000	-0.10E+04
0.494	0.070000	-0.10E+04
0.497	0.070000	-0.10E+04
0.5	0.070000	-0.10E+04
0.503	0.070000	-0.10E+04
0.506	0.070000	-0.10E+04
0.509	0.070000	-0.10E+04
0.512	0.070667	-0.10E+04
0.515	0.071000	-0.10E+04
0.518	0.073000	-0.10E+04
0.521	0.073333	-0.10E+04
0.524	0.074000	-0.10E+04
0.527	0.074000	-0.10E+04
0.53	0.074000	-0.10E+04
0.533	0.075000	-0.10E+04
0.536	0.075000	-0.10E+04
0.539	0.075000	-0.10E+04
0.542	0.075000	-0.10E+04
0.545	0.075000	-0.10E+04
0.548	0.076000	-0.10E+04
0.551	0.076000	-0.10E+04
0.554	0.076000	-0.10E+04
0.557	0.076000	-0.10E+04
0.56	0.076000	-0.10E+04
0.563	0.077000	-0.10E+04
0.566	0.077333	-0.10E+04
0.569	0.078000	-0.10E+04
0.572	0.078000	-0.10E+04
0.575	0.078000	-0.10E+04
0.578	0.078000	-0.10E+04
0.581	0.078333	-0.10E+04
0.584	0.079000	-0.10E+04
0.587	0.080333	-0.10E+04
0.59	0.081000	-0.10E+04
0.593	0.082000	-0.10E+04
0.596	0.082000	-0.10E+04
0.599	0.082000	-0.10E+04
0.602	0.082667	-0.10E+04
0.605	0.083000	-0.10E+04
0.608	0.083400	-0.10E+04
0.611	0.083761	-0.10E+04
0.614	0.084483	-0.10E+04
0.617	0.085205	-0.10E+04
0.62	0.085566	-0.10E+04
0.623	0.085566	-0.10E+04
0.626	0.085927	-0.10E+04
0.629	0.086649	-0.10E+04
0.632	0.086649	-0.10E+04
0.635	0.086649	-0.10E+04
0.638	0.087732	-0.10E+04
0.641	0.088455	-0.10E+04
0.644	0.089899	-0.10E+04
0.647	0.089899	-0.10E+04
0.65	0.089899	-0.10E+04
0.653	0.090982	-0.10E+04
0.656	0.090982	-0.10E+04
0.659	0.090982	-0.10E+04
0.662	0.090982	-0.10E+04
0.665	0.090982	-0.10E+04
0.668	0.092065	-0.10E+04
0.671	0.092065	-0.10E+04
0.674	0.092065	-0.10E+04
0.677	0.092787	-0.10E+04
0.68	0.093148	-0.10E+04
0.683	0.093148	-0.10E+04
0.686	0.093509	-0.10E+04
0.689	0.094231	-0.10E+04
0.692	0.094231	-0.10E+04
0.695	0.094231	-0.10E+04
0.698	0.095314	-0.10E+04
0.701	0.095314	-0.10E+04
0.704	0.095314	-0.10E+04
0.707	0.096036	-0.10E+04
0.71	0.096397	-0.10E+04
0.713	0.097481	-0.10E+04
0.716	0.097481	-0.10E+04
0.719	0.097481	-0.10E+04
0.722	0.098925	-0.10E+04
0.725	0.099647	-0.10E+04
0.728	0.099647	-0.10E+04
0.731	0.100008	-0.10E+04
0.734	0.100730	-0.10E+04
0.737	0.100730	-0.10E+04
0.74	0.100730	-0.10E+04
0.743	0.100730	-0.10E+04
0.746	0.101091	-0.10E+04
0.749	0.101813	-0.10E+04
0.752	0.101813	-0.10E+04
0.755	0.101813	-0.10E+04
0.758	0.101813	-0.10E+04
0.761	0.101813	-0.10E+04
0.764	0.101813	-0.10E+04
0.767	0.101813	-0.10E+04
0.77	0.101813	-0.10E+04
0.773	0.101813	-0.10E+04
0.776	0.101813	-0.10E+04
0.779	0.101813	-0.10E+04
0.782	0.101813	-0.10E+04
0.785	0.101813	-0.10E+04
0.788	0.102896	-0.10E+04
0.791	0.102896	-0.10E+04
0.794	0.102896	-0.10E+04
0.797	0.102896	-0.10E+04
0.8	0.102896	-0.10E+04
0.803	0.102896	-0.10E+04
0.806	0.102896	-0.10E+04
0.809	0.102896	-0.10E+04
0.812	0.102896	-0.10E+04
0.815	0.102896	-0.10E+04
0.818	0.103979	-0.10E+04
0.821	0.103979	-0.10E+04
0.824	0.103979	-0.10E+04
0.827	0.103979	-0.10E+04
0.83	0.103979	-0.10E+04
0.833	0.103979	-0.10E+04
0.836	0.103979	-0.10E+04
0.839	0.103979	-0.10E+04
0.842	0.103979	-0.10E+04
0.845	0.103979	-0.10E+04
0.848	0.103979	-0.10E+04
0.851	0.104340	-0.10E+04
0.854	0.105062	-0.10E+04
0.857	0.105062	-0.10E+04
0.86	0.105062	-0.10E+04
0.863	0.105062	-0.10E+04
0.866	0.105062	-0.10E+04
0.869	0.105062	-0.10E+04
0.872	0.105784	-0.10E+04
0.875	0.106145	-0.10E+04
0.878	0.107229	-0.10E+04
0.881	0.107229	-0.10E+04
0.884	0.107229	-0.10E+04
0.887	0.107951	-0.10E+04
0.89	0.108312	-0.10E+04
0.893	0.108312	-0.10E+04
0.896	0.108312	-0.10E+04
0.899	0.108312	-0.10E+04
0.902	0.109034	-0.10E+04
0.905	0.109395	-0.10E+04
0.908	0.110478	-0.10E+04
0.911	0.110478	-0.10E+04
0.914	0.110478	-0.10E+04
0.917	0.110478	-0.10E+04
0.92	0.110478	-0.10E+04
0.923	0.110478	-0.10E+04
0.926	0.110839	-0.10E+04
0.929	0.111561	-0.10E+04
0.932	0.111561	-0.10E+04
0.935	0.111561	-0.10E+04
0.938	0.112644	-0.10E+04
0.941	0.112644	-0.10E+04
0.944	0.112644	-0.10E+04
0.947	0.112644	-0.10E+04
0.95	0.112644	-0.10E+04
0.953	0.113727	-0.10E+04
0.956	0.113727	-0.10E+04
0.959	0.113727	-0.10E+04
0.962	0.113727	-0.10E+04
0.965	0.113727	-0.10E+04
0.968	0.114810	-0.10E+04
0.971	0.114810	-0.10E+04
0.974	0.114810	-0.10E+04
0.977	0.114810	-0.10E+04
0.98	0.114810	-0.10E+04
0.983	0.115894	-0.10E+04
0.986	0.116255	-0.10E+04
0.989	0.116977	-0.10E+04
0.992	0.117699	-0.10E+04
0.995	0.118060	-0.10E+04
0.998	0.118060	-0.10E+04
1.001	0.118421	-0.10E+04
1.004	0.119143	-0.10E+04
1.007	0.119865	-0.10E+04
1.01	0.120226	-0.10E+04
1.013	0.120226	-0.10E+04
1.016	0.120226	-0.10E+04
1.019	0.120226	-0.10E+04
1.022	0.120948	-0.10E+04
1.025	0.121309	-0.10E+04
1.028	0.121309	-0.10E+04
1.031	0.121670	-0.10E+04
1.034	0.122392	-0.10E+04
1.037	0.122392	-0.10E+04
1.04	0.122392	-0.10E+04
1.043	0.122392	-0.10E+04
1.046	0.122753	-0.10E+04
1.049	0.123475	-0.10E+04
1.052	0.123475	-0.10E+04
1.055	0.123475	-0.10E+04
1.058	0.123475	-0.10E+04
1.061	0.123836	-0.10E+04
1.064	0.124558	-0.10E+04
1.067	0.124558	-0.10E+04
1.07	0.124558	-0.10E+04
1.073	0.124558	-0.10E+04
1.076	0.124558	-0.10E+04
1.079	0.124558	-0.10E+04
1.082	0.125281	-0.10E+04
1.085	0.125642	-0.10E+04
1.088	0.126725	-0.10E+04
1.091	0.127086	-0.10E+04
1.094	0.127808	-0.10E+04
1.097	0.127808	-0.10E+04
1.1	0.127808	-0.10E+04
1.103	0.128891	-0.10E+04
1.106	0.128891	-0.10E+04
1.109	0.128891	-0.10E+04
1.112	0.129613	-0.10E+04
1.115	0.129974	-0.10E+04
1.118	0.129974	-0.10E+04
1.121	0.130335	-0.10E+04
1.124	0.131057	-0.10E+04
1.127	0.131779	-0.10E+04
1.13	0.132140	-0.10E+04
1.133	0.132140	-0.10E+04
1.136	0.132501	-0.10E+04
1.139	0.133223	-0.10E+04
1.142	0.133223	-0.10E+04
1.145	0.133223	-0.10E+04
1.148	0.133223	-0.10E+04
1.151	0.133223	-0.10E+04
1.154	0.133223	-0.10E+04
1.157	0.133945	-0.10E+04
1.16	0.134306	-0.10E+04
1.163	0.134306	-0.10E+04
1.166	0.135029	-0.10E+04
1.169	0.136473	-0.10E+04
1.172	0.136473	-0.10E+04
1.175	0.136473	-0.10E+04
1.178	0.136473	-0.10E+04
1.181	0.136473	-0.10E+04
1.184	0.136473	-0.10E+04
1.187	0.137195	-0.10E+04
1.19	0.137556	-0.10E+04
1.193	0.137556	-0.10E+04
1.196	0.137917	-0.10E+04
1.199	0.138639	-0.10E+04
1.202	0.138639	-0.10E+04
1.205	0.138639	-0.10E+04
1.208	0.139722	-0.10E+04
1.211	0.139722	-0.10E+04
1.214	0.139722	-0.10E+04
1.217	0.140444	-0.10E+04
1.22	0.140805	-0.10E+04
1.223	0.140805	-0.10E+04
1.226	0.141166	-0.10E+04
1.229	0.141888	-0.10E+04
1.232	0.141888	-0.10E+04
1.235	0.141888	-0.10E+04
1.238	0.141888	-0.10E+04
1.241	0.141888	-0.10E+04
1.244	0.141888	-0.10E+04
1.247	0.141888	-0.10E+04
1.25	0.141888	-0.10E+04
1.253	0.142971	-0.10E+04
1.256	0.142971	-0.10E+04
1.259	0.142971	-0.10E+04
1.262	0.142971	-0.10E+04
1.265	0.142971	-0.10E+04
1.268	0.142971	-0.10E+04
1.271	0.143332	-0.10E+04
1.274	0.144055	-0.10E+04
1.277	0.144777	-0.10E+04
1.28	0.145138	-0.10E+04
1.283	0.146221	-0.10E+04
1.286	0.146221	-0.10E+04
1.289	0.146221	-0.10E+04
1.292	0.146943	-0.10E+04
1.295	0.147304	-0.10E+04
1.298	0.147304	-0.10E+04
1.301	0.147665	-0.10E+04
1.304	0.148387	-0.10E+04
1.307	0.148387	-0.10E+04
1.31	0.148387	-0.10E+04
1.313	0.149470	-0.10E+04
1.316	0.149831	-0.10E+04
1.319	0.150553	-0.10E+04
1.322	0.150553	-0.10E+04
1.325	0.150553	-0.10E+04
1.328	0.150553	-0.10E+04
1.331	0.150914	-0.10E+04
1.334	0.151636	-0.10E+04
1.337	0.151636	-0.10E+04
1.34	0.151636	-0.10E+04
1.343	0.151636	-0.10E+04
1.346	0.151636	-0.10E+04
1.349	0.151636	-0.10E+04
1.352	0.151636	-0.10E+04
1.355	0.151636	-0.10E+04
1.358	0.151636	-0.10E+04
1.361	0.151997	-0.10E+04
1.364	0.152719	-0.10E+04
1.367	0.152719	-0.10E+04
1.37	0.152719	-0.10E+04
1.373	0.152719	-0.10E+04
1.376	0.153081	-0.10E+04
1.379	0.153803	-0.10E+04
1.382	0.154525	-0.10E+04
1.385	0.154886	-0.10E+04
1.388	0.154886	-0.10E+04
1.391	0.155247	-0.10E+04
1.394	0.155969	-0.10E+04
1.397	0.156691	-0.10E+04
1.4	0.157052	-0.10E+04
1.403	0.158135	-0.10E+04
1.406	0.158135	-0.10E+04
1.409	0.158135	-0.10E+04
1.412	0.158857	-0.10E+04
1.415	0.159218	-0.10E+04
1.418	0.159218	-0.10E+04
1.421	0.159579	-0.10E+04
1.424	0.160301	-0.10E+04
1.427	0.160301	-0.10E+04
1.43	0.160301	-0.10E+04
1.433	0.160301	-0.10E+04
1.436	0.160301	-0.10E+04
1.439	0.160301	-0.10E+04
1.442	0.161023	-0.10E+04
1.445	0.161384	-0.10E+04
1.448	0.161384	-0.10E+04
1.451	0.161745	-0.10E+04
1.454	0.162468	-0.10E+04
1.457	0.162468	-0.10E+04
1.46	0.162468	-0.10E+04
1.463	0.162468	-0.10E+04
1.466	0.162829	-0.10E+04
1.469	0.163551	-0.10E+04
1.472	0.163551	-0.10E+04
1.475	0.163551	-0.10E+04
1.478	0.163551	-0.10E+04
1.481	0.163912	-0.10E+04
1.484	0.164634	-0.10E+04
1.487	0.164634	-0.10E+04
1.49	0.164634	-0.10E+04
1.493	0.165717	-0.10E+04
1.496	0.165717	-0.10E+04
1.499	0.165717	-0.10E+04
1.502	0.165717	-0.10E+04
1.505	0.165717	-0.10E+04
1.508	0.165717	-0.10E+04
1.511	0.166078	-0.10E+04
1.514	0.166800	-0.10E+04
1.517	0.166800	-0.10E+04
1.52	0.166800	-0.10E+04
1.523	0.166800	-0.10E+04
1.526	0.167161	-0.10E+04
1.529	0.167883	-0.10E+04
1.532	0.168605	-0.10E+04
1.535	0.168966	-0.10E+04
1.538	0.168966	-0.10E+04
1.541	0.168966	-0.10E+04
1.544	0.168966	-0.10E+04
1.547	0.169688	-0.10E+04
1.55	0.170049	-0.10E+04
1.553	0.170049	-0.10E+04
1.556	0.170049	-0.10E+04
1.559	0.170049	-0.10E+04
1.562	0.170049	-0.10E+04
1.565	0.170049	-0.10E+04
1.568	0.170049	-0.10E+04
1.571	0.170410	-0.10E+04
1.574	0.171132	-0.10E+04
1.577	0.171855	-0.10E+04
1.58	0.172216	-0.10E+04
1.583	0.172216	-0.10E+04
1.586	0.172216	-0.10E+04
1.589	0.172216	-0.10E+04
1.592	0.172938	-0.10E+04
1.595	0.173299	-0.10E+04
1.598	0.173299	-0.10E+04
1.601	0.173299	-0.10E+04
1.604	0.173299	-0.10E+04
1.607	0.174021	-0.10E+04
1.61	0.174382	-0.10E+04
1.613	0.174382	-0.10E+04
1.616	0.174382	-0.10E+04
1.619	0.174382	-0.10E+04
1.622	0.174382	-0.10E+04
1.625	0.174382	-0.10E+04
1.628	0.175465	-0.10E+04
1.631	0.175465	-0.10E+04
1.634	0.175465	-0.10E+04
1.637	0.175465	-0.10E+04
1.64	0.175465	-0.10E+04
1.643	0.176548	-0.10E+04
1.646	0.176548	-0.10E+04
1.649	0.176548	-0.10E+04
1.652	0.176548	-0.10E+04
1.655	0.176548	-0.10E+04
1.658	0.177631	-0.10E+04
1.661	0.177631	-0.10E+04
1.664	0.177631	-0.10E+04
1.667	0.178353	-0.10E+04
1.67	0.178714	-0.10E+04
1.673	0.178714	-0.10E+04
1.676	0.178714	-0.10E+04
1.679	0.178714	-0.10E+04
1.682	0.178714	-0.10E+04
1.685	0.178714	-0.10E+04
1.688	0.178714	-0.10E+04
1.691	0.179075	-0.10E+04
1.694	0.179797	-0.10E+04
1.697	0.179797	-0.10E+04
1.7	0.179797	-0.10E+04
1.703	0.180881	-0.10E+04
1.706	0.181242	-0.10E+04
1.709	0.181964	-0.10E+04
1.712	0.181964	-0.10E+04
1.715	0.181964	-0.10E+04
1.718	0.181964	-0.10E+04
1.721	0.181964	-0.10E+04
1.724	0.181964	-0.10E+04
1.727	0.182686	-0.10E+04
1.73	0.183047	-0.10E+04
1.733	0.183047	-0.10E+04
1.736	0.183047	-0.10E+04
1.739	0.183047	-0.10E+04
1.742	0.183047	-0.10E+04
1.745	0.183047	-0.10E+04
1.748	0.184130	-0.10E+04
1.751	0.184130	-0.10E+04
1.754	0.184130	-0.10E+04
1.757	0.184130	-0.10E+04
1.76	0.184130	-0.10E+04
1.763	0.185213	-0.10E+04
1.766	0.185213	-0.10E+04
1.769	0.185213	-0.10E+04
1.772	0.185213	-0.10E+04
1.775	0.185213	-0.10E+04
1.778	0.185213	-0.10E+04
1.781	0.185213	-0.10E+04
1.784	0.185213	-0.10E+04
1.787	0.185935	-0.10E+04
1.79	0.186296	-0.10E+04
1.793	0.186296	-0.10E+04
1.796	0.186657	-0.10E+04
1.799	0.187379	-0.10E+04
1.802	0.187379	-0.10E+04
1.805	0.187379	-0.10E+04
1.808	0.188462	-0.10E+04
1.811	0.188462	-0.10E+04
1.814	0.188462	-0.10E+04
1.817	0.188462	-0.10E+04
1.82	0.188462	-0.10E+04
1.823	0.188462	-0.10E+04
1.826	0.188462	-0.10E+04
1.829	0.188462	-0.10E+04
1.832	0.189906	-0.10E+04
1.835	0.190629	-0.10E+04
1.838	0.190629	-0.10E+04
1.841	0.190990	-0.10E+04
1.844	0.191712	-0.10E+04
1.847	0.191712	-0.10E+04
1.85	0.191712	-0.10E+04
1.853	0.191712	-0.10E+04
1.856	0.192073	-0.10E+04
1.859	0.192795	-0.10E+04
1.862	0.192795	-0.10E+04
1.865	0.192795	-0.10E+04
1.868	0.192795	-0.10E+04
1.871	0.192795	-0.10E+04
1.874	0.192795	-0.10E+04
1.877	0.193517	-0.10E+04
1.88	0.193878	-0.10E+04
1.883	0.193878	-0.10E+04
1.886	0.193878	-0.10E+04
1.889	0.193878	-0.10E+04
1.892	0.193878	-0.10E+04
1.895	0.193878	-0.10E+04
1.898	0.194961	-0.10E+04
1.901	0.194961	-0.10E+04
1.904	0.194961	-0.10E+04
1.907	0.194961	-0.10E+04
1.91	0.194961	-0.10E+04
1.913	0.196044	-0.10E+04
1.916	0.196044	-0.10E+04
1.919	0.196044	-0.10E+04
1.922	0.196044	-0.10E+04
1.925	0.196044	-0.10E+04
1.928	0.197127	-0.10E+04
1.931	0.197127	-0.10E+04
1.934	0.197127	-0.10E+04
1.937	0.197127	-0.10E+04
1.94	0.197127	-0.10E+04
1.943	0.197127	-0.10E+04
1.946	0.197488	-0.10E+04
1.949	0.198210	-0.10E+04
1.952	0.198210	-0.10E+04
1.955	0.198210	-0.10E+04
1.958	0.199294	-0.10E+04
1.961	0.199655	-0.10E+04
1.964	0.200377	-0.10E+04
1.967	0.200377	-0.10E+04
1.97	0.200377	-0.10E+04
1.973	0.200377	-0.10E+04
1.976	0.200377	-0.10E+04
1.979	0.200377	-0.10E+04
1.982	0.201099	-0.10E+04
1.985	0.201460	-0.10E+04
1.988	0.201460	-0.10E+04
1.991	0.201460	-0.10E+04
1.994	0.201460	-0.10E+04
1.997	0.202182	-0.10E+04
2	0.202543	-0.10E+04
2.003	0.202543	-0.10E+04
2.006	0.202543	-0.10E+04
2.009	0.202543	-0.10E+04
2.012	0.202543	-0.10E+04
2.015	0.202543	-0.10E+04
2.018	0.203626	-0.10E+04
2.021	0.203626	-0.10E+04
2.024	0.203626	-0.10E+04
2.027	0.203626	-0.10E+04
2.03	0.203626	-0.10E+04
2.033	0.203626	-0.10E+04
2.036	0.203626	-0.10E+04
2.039	0.203626	-0.10E+04
2.042	0.204348	-0.10E+04
2.045	0.204709	-0.10E+04
2.048	0.204709	-0.10E+04
2.051	0.205070	-0.10E+04
2.054	0.205792	-0.10E+04
2.057	0.205792	-0.10E+04
2.06	0.205792	-0.10E+04
2.063	0.205792	-0.10E+04
2.066	0.205792	-0.10E+04
2.069	0.205792	-0.10E+04
2.072	0.206514	-0.10E+04
2.075	0.206875	-0.10E+04
2.078	0.206875	-0.10E+04
2.081	0.206875	-0.10E+04
2.084	0.206875	-0.10E+04
2.087	0.208319	-0.10E+04
2.09	0.209042	-0.10E+04
2.093	0.209042	-0.10E+04
2.096	0.209403	-0.10E+04
2.099	0.210125	-0.10E+04
2.102	0.210125	-0.10E+04
2.105	0.210125	-0.10E+04
2.108	0.211208	-0.10E+04
2.111	0.211208	-0.10E+04
2.114	0.211208	-0.10E+04
2.117	0.211208	-0.10E+04
2.12	0.211208	-0.10E+04
2.123	0.211208	-0.10E+04
2.126	0.211208	-0.10E+04
2.129	0.211208	-0.10E+04
2.132	0.211930	-0.10E+04
2.135	0.212291	-0.10E+04
2.138	0.212291	-0.10E+04
2.141	0.212291	-0.10E+04
2.144	0.212291	-0.10E+04
2.147	0.212291	-0.10E+04
2.15	0.212291	-0.10E+04
2.153	0.212291	-0.10E+04
2.156	0.212291	-0.10E+04
2.159	0.212291	-0.10E+04
2.162	0.212291	-0.10E+04
2.165	0.212291	-0.10E+04
2.168	0.213374	-0.10E+04
2.171	0.213735	-0.10E+04
2.174	0.214457	-0.10E+04
2.177	0.214457	-0.10E+04
2.18	0.214457	-0.10E+04
2.183	0.214457	-0.10E+04
2.186	0.214457	-0.10E+04
2.189	0.214457	-0.10E+04
2.192	0.215179	-0.10E+04
2.195	0.215540	-0.10E+04
2.198	0.215540	-0.10E+04
2.201	0.215540	-0.10E+04
2.204	0.215540	-0.10E+04
2.207	0.216262	-0.10E+04
2.21	0.216623	-0.10E+04
2.213	0.217707	-0.10E+04
2.216	0.218068	-0.10E+04
2.219	0.218790	-0.10E+04
2.222	0.218790	-0.10E+04
2.225	0.218790	-0.10E+04
2.228	0.219873	-0.10E+04
2.231	0.219873	-0.10E+04
2.234	0.219873	-0.10E+04
2.237	0.219873	-0.10E+04
2.24	0.219873	-0.10E+04
2.243	0.219873	-0.10E+04
2.246	0.220234	-0.10E+04
2.249	0.220956	-0.10E+04
2.252	0.220956	-0.10E+04
2.255	0.220956	-0.10E+04
2.258	0.220956	-0.10E+04
2.261	0.220956	-0.10E+04
2.264	0.220956	-0.10E+04
2.267	0.221678	-0.10E+04
2.27	0.222039	-0.10E+04
2.273	0.222039	-0.10E+04
2.276	0.222400	-0.10E+04
2.279	0.223122	-0.10E+04
2.282	0.223122	-0.10E+04
2.285	0.223122	-0.10E+04
2.288	0.223122	-0.10E+04
2.291	0.223122	-0.10E+04
2.294	0.223122	-0.10E+04
2.297	0.223844	-0.10E+04
2.3	0.224205	-0.10E+04
2.303	0.224205	-0.10E+04
2.306	0.224205	-0.10E+04
2.309	0.224205	-0.10E+04
2.312	0.224205	-0.10E+04
2.315	0.224205	-0.10E+04
2.318	0.225288	-0.10E+04
2.321	0.225649	-0.10E+04
2.324	0.226371	-0.10E+04
2.327	0.227094	-0.10E+04
2.33	0.227455	-0.10E+04
2.333	0.227455	-0.10E+04
2.336	0.227816	-0.10E+04
2.339	0.228538	-0.10E+04
2.342	0.228538	-0.10E+04
2.345	0.228538	-0.10E+04
2.348	0.229621	-0.10E+04
2.351	0.229621	-0.10E+04
2.354	0.229621	-0.10E+04
2.357	0.229621	-0.10E+04
2.36	0.229621	-0.10E+04
2.363	0.230704	-0.10E+04
2.366	0.230704	-0.10E+04
2.369	0.230704	-0.10E+04
2.372	0.230704	-0.10E+04
2.375	0.230704	-0.10E+04
2.378	0.230704	-0.10E+04
2.381	0.230704	-0.10E+04
2.384	0.230704	-0.10E+04
2.387	0.231426	-0.10E+04
2.39	0.231787	-0.10E+04
2.393	0.231787	-0.10E+04
2.396	0.231787	-0.10E+04
2.399	0.231787	-0.10E+04
2.402	0.232509	-0.10E+04
2.405	0.232870	-0.10E+04
2.408	0.232870	-0.10E+04
2.411	0.232870	-0.10E+04
2.414	0.232870	-0.10E+04
2.417	0.232870	-0.10E+04
2.42	0.232870	-0.10E+04
2.423	0.233953	-0.10E+04
2.426	0.233953	-0.10E+04
2.429	0.233953	-0.10E+04
2.432	0.234675	-0.10E+04
2.435	0.235036	-0.10E+04
2.438	0.236119	-0.10E+04
2.441	0.236119	-0.10E+04
2.444	0.236119	-0.10E+04
2.447	0.236842	-0.10E+04
2.45	0.237203	-0.10E+04
2.453	0.237203	-0.10E+04
2.456	0.237564	-0.10E+04
2.459	0.238286	-0.10E+04
2.462	0.238286	-0.10E+04
2.465	0.238286	-0.10E+04
2.468	0.238286	-0.10E+04
2.471	0.238286	-0.10E+04
2.474	0.238286	-0.10E+04
2.477	0.238286	-0.10E+04
2.48	0.238286	-0.10E+04
2.483	0.238286	-0.10E+04
2.486	0.238286	-0.10E+04
2.489	0.238286	-0.10E+04
2.492	0.237564	-0.10E+04
2.495	0.237203	-0.10E+04
2.498	0.236119	-0.10E+04
