Brown University Keck/NASA Relab Spectrum LS-JBA-125-P3/wls467
Wavelength(micron)	Reflectance	Standard Deviation
0.35	0.067000	-0.10E+04
0.353	0.068000	-0.10E+04
0.356	0.068667	-0.10E+04
0.359	0.070000	-0.10E+04
0.362	0.070000	-0.10E+04
0.365	0.070000	-0.10E+04
0.368	0.072000	-0.10E+04
0.371	0.072333	-0.10E+04
0.374	0.073000	-0.10E+04
0.377	0.074333	-0.10E+04
0.38	0.075000	-0.10E+04
0.383	0.075000	-0.10E+04
0.386	0.075667	-0.10E+04
0.389	0.077000	-0.10E+04
0.392	0.078333	-0.10E+04
0.395	0.079000	-0.10E+04
0.398	0.079000	-0.10E+04
0.401	0.079333	-0.10E+04
0.404	0.080000	-0.10E+04
0.407	0.080667	-0.10E+04
0.41	0.081000	-0.10E+04
0.413	0.082000	-0.10E+04
0.416	0.082667	-0.10E+04
0.419	0.084000	-0.10E+04
0.422	0.084667	-0.10E+04
0.425	0.085000	-0.10E+04
0.428	0.086000	-0.10E+04
0.431	0.086333	-0.10E+04
0.434	0.087000	-0.10E+04
0.437	0.088333	-0.10E+04
0.44	0.089000	-0.10E+04
0.443	0.089000	-0.10E+04
0.446	0.089333	-0.10E+04
0.449	0.090000	-0.10E+04
0.452	0.091333	-0.10E+04
0.455	0.092000	-0.10E+04
0.458	0.093000	-0.10E+04
0.461	0.093333	-0.10E+04
0.464	0.094000	-0.10E+04
0.467	0.094667	-0.10E+04
0.47	0.095000	-0.10E+04
0.473	0.096000	-0.10E+04
0.476	0.096667	-0.10E+04
0.479	0.098000	-0.10E+04
0.482	0.098000	-0.10E+04
0.485	0.098000	-0.10E+04
0.488	0.099000	-0.10E+04
0.491	0.099333	-0.10E+04
0.494	0.100000	-0.10E+04
0.497	0.101333	-0.10E+04
0.5	0.102000	-0.10E+04
0.503	0.103000	-0.10E+04
0.506	0.103000	-0.10E+04
0.509	0.103000	-0.10E+04
0.512	0.104333	-0.10E+04
0.515	0.105000	-0.10E+04
0.518	0.106000	-0.10E+04
0.521	0.106667	-0.10E+04
0.524	0.108000	-0.10E+04
0.527	0.108000	-0.10E+04
0.53	0.108000	-0.10E+04
0.533	0.110000	-0.10E+04
0.536	0.110000	-0.10E+04
0.539	0.110000	-0.10E+04
0.542	0.111333	-0.10E+04
0.545	0.112000	-0.10E+04
0.548	0.112000	-0.10E+04
0.551	0.112333	-0.10E+04
0.554	0.113000	-0.10E+04
0.557	0.114333	-0.10E+04
0.56	0.115000	-0.10E+04
0.563	0.115000	-0.10E+04
0.566	0.115667	-0.10E+04
0.569	0.117000	-0.10E+04
0.572	0.117000	-0.10E+04
0.575	0.117000	-0.10E+04
0.578	0.118000	-0.10E+04
0.581	0.118333	-0.10E+04
0.584	0.119000	-0.10E+04
0.587	0.119667	-0.10E+04
0.59	0.120000	-0.10E+04
0.593	0.121000	-0.10E+04
0.596	0.121000	-0.10E+04
0.599	0.121000	-0.10E+04
0.602	0.122333	-0.10E+04
0.605	0.123000	-0.10E+04
0.608	0.123600	-0.10E+04
0.611	0.123941	-0.10E+04
0.614	0.124622	-0.10E+04
0.617	0.124622	-0.10E+04
0.62	0.124622	-0.10E+04
0.623	0.125643	-0.10E+04
0.626	0.125983	-0.10E+04
0.629	0.126664	-0.10E+04
0.632	0.128026	-0.10E+04
0.635	0.128707	-0.10E+04
0.638	0.128707	-0.10E+04
0.641	0.128707	-0.10E+04
0.644	0.128707	-0.10E+04
0.647	0.130069	-0.10E+04
0.65	0.130750	-0.10E+04
0.653	0.130750	-0.10E+04
0.656	0.130750	-0.10E+04
0.659	0.130750	-0.10E+04
0.662	0.132112	-0.10E+04
0.665	0.132793	-0.10E+04
0.668	0.132793	-0.10E+04
0.671	0.133134	-0.10E+04
0.674	0.133815	-0.10E+04
0.677	0.133815	-0.10E+04
0.68	0.133815	-0.10E+04
0.683	0.135858	-0.10E+04
0.686	0.136198	-0.10E+04
0.689	0.136879	-0.10E+04
0.692	0.136879	-0.10E+04
0.695	0.136879	-0.10E+04
0.698	0.137901	-0.10E+04
0.701	0.137901	-0.10E+04
0.704	0.137901	-0.10E+04
0.707	0.139263	-0.10E+04
0.71	0.139944	-0.10E+04
0.713	0.140965	-0.10E+04
0.716	0.140965	-0.10E+04
0.719	0.140965	-0.10E+04
0.722	0.141646	-0.10E+04
0.725	0.141987	-0.10E+04
0.728	0.143008	-0.10E+04
0.731	0.143349	-0.10E+04
0.734	0.144030	-0.10E+04
0.737	0.144030	-0.10E+04
0.74	0.144030	-0.10E+04
0.743	0.145051	-0.10E+04
0.746	0.145051	-0.10E+04
0.749	0.145051	-0.10E+04
0.752	0.145732	-0.10E+04
0.755	0.146073	-0.10E+04
0.758	0.146073	-0.10E+04
0.761	0.146073	-0.10E+04
0.764	0.146073	-0.10E+04
0.767	0.146754	-0.10E+04
0.77	0.147094	-0.10E+04
0.773	0.147094	-0.10E+04
0.776	0.147094	-0.10E+04
0.779	0.147094	-0.10E+04
0.782	0.147094	-0.10E+04
0.785	0.147094	-0.10E+04
0.788	0.148116	-0.10E+04
0.791	0.148116	-0.10E+04
0.794	0.148116	-0.10E+04
0.797	0.148116	-0.10E+04
0.8	0.148116	-0.10E+04
0.803	0.147094	-0.10E+04
0.806	0.147094	-0.10E+04
0.809	0.147094	-0.10E+04
0.812	0.147094	-0.10E+04
0.815	0.147094	-0.10E+04
0.818	0.147094	-0.10E+04
0.821	0.147094	-0.10E+04
0.824	0.147094	-0.10E+04
0.827	0.147094	-0.10E+04
0.83	0.147094	-0.10E+04
0.833	0.147094	-0.10E+04
0.836	0.147094	-0.10E+04
0.839	0.147094	-0.10E+04
0.842	0.147094	-0.10E+04
0.845	0.147094	-0.10E+04
0.848	0.147094	-0.10E+04
0.851	0.147094	-0.10E+04
0.854	0.147094	-0.10E+04
0.857	0.147094	-0.10E+04
0.86	0.147094	-0.10E+04
0.863	0.146073	-0.10E+04
0.866	0.146073	-0.10E+04
0.869	0.146073	-0.10E+04
0.872	0.146073	-0.10E+04
0.875	0.146073	-0.10E+04
0.878	0.146073	-0.10E+04
0.881	0.146073	-0.10E+04
0.884	0.146073	-0.10E+04
0.887	0.146073	-0.10E+04
0.89	0.146073	-0.10E+04
0.893	0.146073	-0.10E+04
0.896	0.146073	-0.10E+04
0.899	0.146073	-0.10E+04
0.902	0.146754	-0.10E+04
0.905	0.147094	-0.10E+04
0.908	0.147094	-0.10E+04
0.911	0.146754	-0.10E+04
0.914	0.146073	-0.10E+04
0.917	0.146073	-0.10E+04
0.92	0.146073	-0.10E+04
0.923	0.147094	-0.10E+04
0.926	0.146754	-0.10E+04
0.929	0.146073	-0.10E+04
0.932	0.146073	-0.10E+04
0.935	0.146073	-0.10E+04
0.938	0.147094	-0.10E+04
0.941	0.147435	-0.10E+04
0.944	0.148116	-0.10E+04
0.947	0.148797	-0.10E+04
0.95	0.149137	-0.10E+04
0.953	0.149137	-0.10E+04
0.956	0.149137	-0.10E+04
0.959	0.149137	-0.10E+04
0.962	0.150499	-0.10E+04
0.965	0.151180	-0.10E+04
0.968	0.151180	-0.10E+04
0.971	0.151180	-0.10E+04
0.974	0.151180	-0.10E+04
0.977	0.151861	-0.10E+04
0.98	0.152202	-0.10E+04
0.983	0.152202	-0.10E+04
0.986	0.152883	-0.10E+04
0.989	0.154245	-0.10E+04
0.992	0.154245	-0.10E+04
0.995	0.154245	-0.10E+04
0.998	0.155266	-0.10E+04
1.001	0.155607	-0.10E+04
1.004	0.156288	-0.10E+04
1.007	0.157650	-0.10E+04
1.01	0.158331	-0.10E+04
1.013	0.158331	-0.10E+04
1.016	0.158671	-0.10E+04
1.019	0.159352	-0.10E+04
1.022	0.160033	-0.10E+04
1.025	0.160374	-0.10E+04
1.028	0.161395	-0.10E+04
1.031	0.161736	-0.10E+04
1.034	0.162417	-0.10E+04
1.037	0.163098	-0.10E+04
1.04	0.163438	-0.10E+04
1.043	0.163438	-0.10E+04
1.046	0.164119	-0.10E+04
1.049	0.165481	-0.10E+04
1.052	0.166843	-0.10E+04
1.055	0.167524	-0.10E+04
1.058	0.168545	-0.10E+04
1.061	0.168545	-0.10E+04
1.064	0.168545	-0.10E+04
1.067	0.169226	-0.10E+04
1.07	0.169567	-0.10E+04
1.073	0.170588	-0.10E+04
1.076	0.170588	-0.10E+04
1.079	0.170588	-0.10E+04
1.082	0.171269	-0.10E+04
1.085	0.171610	-0.10E+04
1.088	0.172631	-0.10E+04
1.091	0.173312	-0.10E+04
1.094	0.174674	-0.10E+04
1.097	0.175355	-0.10E+04
1.1	0.175696	-0.10E+04
1.103	0.175696	-0.10E+04
1.106	0.176036	-0.10E+04
1.109	0.176717	-0.10E+04
1.112	0.177398	-0.10E+04
1.115	0.177739	-0.10E+04
1.118	0.178760	-0.10E+04
1.121	0.178760	-0.10E+04
1.124	0.178760	-0.10E+04
1.127	0.179441	-0.10E+04
1.13	0.179782	-0.10E+04
1.133	0.180803	-0.10E+04
1.136	0.181144	-0.10E+04
1.139	0.181825	-0.10E+04
1.142	0.181825	-0.10E+04
1.145	0.181825	-0.10E+04
1.148	0.182846	-0.10E+04
1.151	0.183527	-0.10E+04
1.154	0.184889	-0.10E+04
1.157	0.184889	-0.10E+04
1.16	0.184889	-0.10E+04
1.163	0.185911	-0.10E+04
1.166	0.185911	-0.10E+04
1.169	0.185911	-0.10E+04
1.172	0.186592	-0.10E+04
1.175	0.186932	-0.10E+04
1.178	0.187954	-0.10E+04
1.181	0.188294	-0.10E+04
1.184	0.188975	-0.10E+04
1.187	0.188975	-0.10E+04
1.19	0.188975	-0.10E+04
1.193	0.189997	-0.10E+04
1.196	0.190337	-0.10E+04
1.199	0.191018	-0.10E+04
1.202	0.191018	-0.10E+04
1.205	0.191018	-0.10E+04
1.208	0.192040	-0.10E+04
1.211	0.192040	-0.10E+04
1.214	0.192040	-0.10E+04
1.217	0.192721	-0.10E+04
1.22	0.193061	-0.10E+04
1.223	0.193061	-0.10E+04
1.226	0.193402	-0.10E+04
1.229	0.194083	-0.10E+04
1.232	0.194083	-0.10E+04
1.235	0.194083	-0.10E+04
1.238	0.195104	-0.10E+04
1.241	0.195445	-0.10E+04
1.244	0.196126	-0.10E+04
1.247	0.196126	-0.10E+04
1.25	0.196126	-0.10E+04
1.253	0.197147	-0.10E+04
1.256	0.197488	-0.10E+04
1.259	0.198169	-0.10E+04
1.262	0.198169	-0.10E+04
1.265	0.198169	-0.10E+04
1.268	0.200212	-0.10E+04
1.271	0.200212	-0.10E+04
1.274	0.200212	-0.10E+04
1.277	0.200212	-0.10E+04
1.28	0.200212	-0.10E+04
1.283	0.201233	-0.10E+04
1.286	0.201574	-0.10E+04
1.289	0.202255	-0.10E+04
1.292	0.202255	-0.10E+04
1.295	0.202255	-0.10E+04
1.298	0.202255	-0.10E+04
1.301	0.202936	-0.10E+04
1.304	0.204298	-0.10E+04
1.307	0.204979	-0.10E+04
1.31	0.205319	-0.10E+04
1.313	0.205319	-0.10E+04
1.316	0.205319	-0.10E+04
1.319	0.205319	-0.10E+04
1.322	0.206000	-0.10E+04
1.325	0.206341	-0.10E+04
1.328	0.208383	-0.10E+04
1.331	0.208724	-0.10E+04
1.334	0.209405	-0.10E+04
1.337	0.209405	-0.10E+04
1.34	0.209405	-0.10E+04
1.343	0.210426	-0.10E+04
1.346	0.210767	-0.10E+04
1.349	0.211448	-0.10E+04
1.352	0.211448	-0.10E+04
1.355	0.211448	-0.10E+04
1.358	0.211448	-0.10E+04
1.361	0.211448	-0.10E+04
1.364	0.211448	-0.10E+04
1.367	0.212129	-0.10E+04
1.37	0.212469	-0.10E+04
1.373	0.213491	-0.10E+04
1.376	0.213491	-0.10E+04
1.379	0.213491	-0.10E+04
1.382	0.214172	-0.10E+04
1.385	0.214512	-0.10E+04
1.388	0.214512	-0.10E+04
1.391	0.215193	-0.10E+04
1.394	0.216555	-0.10E+04
1.397	0.216555	-0.10E+04
1.4	0.216555	-0.10E+04
1.403	0.217577	-0.10E+04
1.406	0.217577	-0.10E+04
1.409	0.217577	-0.10E+04
1.412	0.218939	-0.10E+04
1.415	0.219620	-0.10E+04
1.418	0.220641	-0.10E+04
1.421	0.220641	-0.10E+04
1.424	0.220641	-0.10E+04
1.427	0.220641	-0.10E+04
1.43	0.220641	-0.10E+04
1.433	0.221663	-0.10E+04
1.436	0.222003	-0.10E+04
1.439	0.222684	-0.10E+04
1.442	0.222684	-0.10E+04
1.445	0.222684	-0.10E+04
1.448	0.222684	-0.10E+04
1.451	0.223025	-0.10E+04
1.454	0.223706	-0.10E+04
1.457	0.224387	-0.10E+04
1.46	0.224727	-0.10E+04
1.463	0.224727	-0.10E+04
1.466	0.224727	-0.10E+04
1.469	0.224727	-0.10E+04
1.472	0.225408	-0.10E+04
1.475	0.225749	-0.10E+04
1.478	0.226770	-0.10E+04
1.481	0.226770	-0.10E+04
1.484	0.226770	-0.10E+04
1.487	0.226770	-0.10E+04
1.49	0.226770	-0.10E+04
1.493	0.227792	-0.10E+04
1.496	0.228132	-0.10E+04
1.499	0.228813	-0.10E+04
1.502	0.228813	-0.10E+04
1.505	0.228813	-0.10E+04
1.508	0.228813	-0.10E+04
1.511	0.228813	-0.10E+04
1.514	0.228813	-0.10E+04
1.517	0.229494	-0.10E+04
1.52	0.229835	-0.10E+04
1.523	0.230856	-0.10E+04
1.526	0.230856	-0.10E+04
1.529	0.230856	-0.10E+04
1.532	0.230856	-0.10E+04
1.535	0.230856	-0.10E+04
1.538	0.231878	-0.10E+04
1.541	0.232218	-0.10E+04
1.544	0.232899	-0.10E+04
1.547	0.232899	-0.10E+04
1.55	0.232899	-0.10E+04
1.553	0.232899	-0.10E+04
1.556	0.232899	-0.10E+04
1.559	0.232899	-0.10E+04
1.562	0.232899	-0.10E+04
1.565	0.232899	-0.10E+04
1.568	0.233921	-0.10E+04
1.571	0.233921	-0.10E+04
1.574	0.233921	-0.10E+04
1.577	0.233921	-0.10E+04
1.58	0.233921	-0.10E+04
1.583	0.233921	-0.10E+04
1.586	0.234261	-0.10E+04
1.589	0.234942	-0.10E+04
1.592	0.234942	-0.10E+04
1.595	0.234942	-0.10E+04
1.598	0.234942	-0.10E+04
1.601	0.234942	-0.10E+04
1.604	0.234942	-0.10E+04
1.607	0.235623	-0.10E+04
1.61	0.235964	-0.10E+04
1.613	0.235964	-0.10E+04
1.616	0.235964	-0.10E+04
1.619	0.235964	-0.10E+04
1.622	0.235964	-0.10E+04
1.625	0.235964	-0.10E+04
1.628	0.235964	-0.10E+04
1.631	0.236304	-0.10E+04
1.634	0.236985	-0.10E+04
1.637	0.236985	-0.10E+04
1.64	0.236985	-0.10E+04
1.643	0.236985	-0.10E+04
1.646	0.236985	-0.10E+04
1.649	0.236985	-0.10E+04
1.652	0.237666	-0.10E+04
1.655	0.238007	-0.10E+04
1.658	0.238007	-0.10E+04
1.661	0.238007	-0.10E+04
1.664	0.238007	-0.10E+04
1.667	0.237326	-0.10E+04
1.67	0.236985	-0.10E+04
1.673	0.236985	-0.10E+04
1.676	0.237326	-0.10E+04
1.679	0.238007	-0.10E+04
1.682	0.238007	-0.10E+04
1.685	0.238007	-0.10E+04
1.688	0.238007	-0.10E+04
1.691	0.238007	-0.10E+04
1.694	0.238007	-0.10E+04
1.697	0.238688	-0.10E+04
1.7	0.239028	-0.10E+04
1.703	0.239028	-0.10E+04
1.706	0.239028	-0.10E+04
1.709	0.239028	-0.10E+04
1.712	0.239028	-0.10E+04
1.715	0.239028	-0.10E+04
1.718	0.239028	-0.10E+04
1.721	0.239028	-0.10E+04
1.724	0.239028	-0.10E+04
1.727	0.239028	-0.10E+04
1.73	0.239028	-0.10E+04
1.733	0.239028	-0.10E+04
1.736	0.239028	-0.10E+04
1.739	0.239028	-0.10E+04
1.742	0.239028	-0.10E+04
1.745	0.239028	-0.10E+04
1.748	0.240050	-0.10E+04
1.751	0.240050	-0.10E+04
1.754	0.240050	-0.10E+04
1.757	0.240050	-0.10E+04
1.76	0.240050	-0.10E+04
1.763	0.240050	-0.10E+04
1.766	0.240050	-0.10E+04
1.769	0.240050	-0.10E+04
1.772	0.240731	-0.10E+04
1.775	0.241071	-0.10E+04
1.778	0.240050	-0.10E+04
1.781	0.240050	-0.10E+04
1.784	0.240050	-0.10E+04
1.787	0.240731	-0.10E+04
1.79	0.241071	-0.10E+04
1.793	0.241071	-0.10E+04
1.796	0.241071	-0.10E+04
1.799	0.241071	-0.10E+04
1.802	0.241071	-0.10E+04
1.805	0.241071	-0.10E+04
1.808	0.241071	-0.10E+04
1.811	0.241071	-0.10E+04
1.814	0.241071	-0.10E+04
1.817	0.241071	-0.10E+04
1.82	0.241071	-0.10E+04
1.823	0.242093	-0.10E+04
1.826	0.241752	-0.10E+04
1.829	0.241071	-0.10E+04
1.832	0.241071	-0.10E+04
1.835	0.241071	-0.10E+04
1.838	0.242093	-0.10E+04
1.841	0.242433	-0.10E+04
1.844	0.243114	-0.10E+04
1.847	0.243114	-0.10E+04
1.85	0.243114	-0.10E+04
1.853	0.243114	-0.10E+04
1.856	0.243114	-0.10E+04
1.859	0.243114	-0.10E+04
1.862	0.243114	-0.10E+04
1.865	0.243114	-0.10E+04
1.868	0.244136	-0.10E+04
1.871	0.244136	-0.10E+04
1.874	0.244136	-0.10E+04
1.877	0.244136	-0.10E+04
1.88	0.244136	-0.10E+04
1.883	0.244136	-0.10E+04
1.886	0.244136	-0.10E+04
1.889	0.244136	-0.10E+04
1.892	0.244817	-0.10E+04
1.895	0.245157	-0.10E+04
1.898	0.245157	-0.10E+04
1.901	0.245157	-0.10E+04
1.904	0.245157	-0.10E+04
1.907	0.245838	-0.10E+04
1.91	0.246179	-0.10E+04
1.913	0.246179	-0.10E+04
1.916	0.246179	-0.10E+04
1.919	0.246179	-0.10E+04
1.922	0.246179	-0.10E+04
1.925	0.246179	-0.10E+04
1.928	0.246179	-0.10E+04
1.931	0.246179	-0.10E+04
1.934	0.246179	-0.10E+04
1.937	0.246860	-0.10E+04
1.94	0.247200	-0.10E+04
1.943	0.247200	-0.10E+04
1.946	0.247200	-0.10E+04
1.949	0.247200	-0.10E+04
1.952	0.247200	-0.10E+04
1.955	0.247200	-0.10E+04
1.958	0.248222	-0.10E+04
1.961	0.248222	-0.10E+04
1.964	0.248222	-0.10E+04
1.967	0.248222	-0.10E+04
1.97	0.248222	-0.10E+04
1.973	0.248222	-0.10E+04
1.976	0.248222	-0.10E+04
1.979	0.248222	-0.10E+04
1.982	0.248902	-0.10E+04
1.985	0.249243	-0.10E+04
1.988	0.249243	-0.10E+04
1.991	0.249243	-0.10E+04
1.994	0.249243	-0.10E+04
1.997	0.249243	-0.10E+04
2	0.249243	-0.10E+04
2.003	0.250264	-0.10E+04
2.006	0.250264	-0.10E+04
2.009	0.250264	-0.10E+04
2.012	0.250264	-0.10E+04
2.015	0.250264	-0.10E+04
2.018	0.250264	-0.10E+04
2.021	0.250605	-0.10E+04
2.024	0.251286	-0.10E+04
2.027	0.251286	-0.10E+04
2.03	0.251286	-0.10E+04
2.033	0.252307	-0.10E+04
2.036	0.252307	-0.10E+04
2.039	0.252307	-0.10E+04
2.042	0.252307	-0.10E+04
2.045	0.252307	-0.10E+04
2.048	0.252307	-0.10E+04
2.051	0.252648	-0.10E+04
2.054	0.253329	-0.10E+04
2.057	0.253329	-0.10E+04
2.06	0.253329	-0.10E+04
2.063	0.253329	-0.10E+04
2.066	0.253329	-0.10E+04
2.069	0.253329	-0.10E+04
2.072	0.254010	-0.10E+04
2.075	0.254350	-0.10E+04
2.078	0.254350	-0.10E+04
2.081	0.254350	-0.10E+04
2.084	0.254350	-0.10E+04
2.087	0.254350	-0.10E+04
2.09	0.254350	-0.10E+04
2.093	0.256393	-0.10E+04
2.096	0.256393	-0.10E+04
2.099	0.256393	-0.10E+04
2.102	0.256393	-0.10E+04
2.105	0.256393	-0.10E+04
2.108	0.256393	-0.10E+04
2.111	0.256393	-0.10E+04
2.114	0.256393	-0.10E+04
2.117	0.257074	-0.10E+04
2.12	0.257415	-0.10E+04
2.123	0.258436	-0.10E+04
2.126	0.258096	-0.10E+04
2.129	0.257415	-0.10E+04
2.132	0.258096	-0.10E+04
2.135	0.258436	-0.10E+04
2.138	0.258436	-0.10E+04
2.141	0.258777	-0.10E+04
2.144	0.259458	-0.10E+04
2.147	0.259458	-0.10E+04
2.15	0.259458	-0.10E+04
2.153	0.259458	-0.10E+04
2.156	0.259798	-0.10E+04
2.159	0.260479	-0.10E+04
2.162	0.261160	-0.10E+04
2.165	0.261501	-0.10E+04
2.168	0.262522	-0.10E+04
2.171	0.262522	-0.10E+04
2.174	0.262522	-0.10E+04
2.177	0.262522	-0.10E+04
2.18	0.262522	-0.10E+04
2.183	0.263544	-0.10E+04
2.186	0.263544	-0.10E+04
2.189	0.263544	-0.10E+04
2.192	0.264225	-0.10E+04
2.195	0.264565	-0.10E+04
2.198	0.264565	-0.10E+04
2.201	0.264565	-0.10E+04
2.204	0.264565	-0.10E+04
2.207	0.267970	-0.10E+04
2.21	0.269673	-0.10E+04
2.213	0.265587	-0.10E+04
2.216	0.265587	-0.10E+04
2.219	0.265587	-0.10E+04
2.222	0.266268	-0.10E+04
2.225	0.266608	-0.10E+04
2.228	0.267630	-0.10E+04
2.231	0.267630	-0.10E+04
2.234	0.267630	-0.10E+04
2.237	0.267630	-0.10E+04
2.24	0.267630	-0.10E+04
2.243	0.268651	-0.10E+04
2.246	0.269332	-0.10E+04
2.249	0.270694	-0.10E+04
2.252	0.270694	-0.10E+04
2.255	0.270694	-0.10E+04
2.258	0.270694	-0.10E+04
2.261	0.271035	-0.10E+04
2.264	0.271716	-0.10E+04
2.267	0.271716	-0.10E+04
2.27	0.271716	-0.10E+04
2.273	0.272737	-0.10E+04
2.276	0.272737	-0.10E+04
2.279	0.272737	-0.10E+04
2.282	0.273418	-0.10E+04
2.285	0.273759	-0.10E+04
2.288	0.273759	-0.10E+04
2.291	0.274099	-0.10E+04
2.294	0.274780	-0.10E+04
2.297	0.275461	-0.10E+04
2.3	0.275802	-0.10E+04
2.303	0.275802	-0.10E+04
2.306	0.276142	-0.10E+04
2.309	0.276823	-0.10E+04
2.312	0.277504	-0.10E+04
2.315	0.277845	-0.10E+04
2.318	0.278866	-0.10E+04
2.321	0.278866	-0.10E+04
2.324	0.278866	-0.10E+04
2.327	0.279547	-0.10E+04
2.33	0.279888	-0.10E+04
2.333	0.279888	-0.10E+04
2.336	0.280228	-0.10E+04
2.339	0.280909	-0.10E+04
2.342	0.280909	-0.10E+04
2.345	0.280909	-0.10E+04
2.348	0.281931	-0.10E+04
2.351	0.281931	-0.10E+04
2.354	0.281931	-0.10E+04
2.357	0.282612	-0.10E+04
2.36	0.282952	-0.10E+04
2.363	0.283974	-0.10E+04
2.366	0.283974	-0.10E+04
2.369	0.283974	-0.10E+04
2.372	0.283974	-0.10E+04
2.375	0.283974	-0.10E+04
2.378	0.284995	-0.10E+04
2.381	0.284995	-0.10E+04
2.384	0.284995	-0.10E+04
2.387	0.285676	-0.10E+04
2.39	0.286017	-0.10E+04
2.393	0.287038	-0.10E+04
2.396	0.287038	-0.10E+04
2.399	0.287038	-0.10E+04
2.402	0.287719	-0.10E+04
2.405	0.288060	-0.10E+04
2.408	0.289081	-0.10E+04
2.411	0.289081	-0.10E+04
2.414	0.289081	-0.10E+04
2.417	0.289762	-0.10E+04
2.42	0.290103	-0.10E+04
2.423	0.290103	-0.10E+04
2.426	0.290443	-0.10E+04
2.429	0.291124	-0.10E+04
2.432	0.291805	-0.10E+04
2.435	0.292145	-0.10E+04
2.438	0.292145	-0.10E+04
2.441	0.292486	-0.10E+04
2.444	0.293167	-0.10E+04
2.447	0.293167	-0.10E+04
2.45	0.293167	-0.10E+04
2.453	0.294188	-0.10E+04
2.456	0.294529	-0.10E+04
2.459	0.295210	-0.10E+04
2.462	0.295891	-0.10E+04
2.465	0.296231	-0.10E+04
2.468	0.296231	-0.10E+04
2.471	0.296572	-0.10E+04
2.474	0.297253	-0.10E+04
2.477	0.297253	-0.10E+04
2.48	0.297253	-0.10E+04
2.483	0.298274	-0.10E+04
2.486	0.298274	-0.10E+04
2.489	0.298274	-0.10E+04
2.492	0.298955	-0.10E+04
2.495	0.299296	-0.10E+04
2.498	0.299296	-0.10E+04
