Brown University Keck/NASA Relab Spectrum LS-JBA-166-P/wls401
Wavelength(micron)	Reflectance	Standard Deviation
0.35	0.162000	-0.10E+04
0.353	0.167000	-0.10E+04
0.356	0.168000	-0.10E+04
0.359	0.170000	-0.10E+04
0.362	0.170667	-0.10E+04
0.365	0.171000	-0.10E+04
0.368	0.173000	-0.10E+04
0.371	0.174333	-0.10E+04
0.374	0.177000	-0.10E+04
0.377	0.178333	-0.10E+04
0.38	0.179000	-0.10E+04
0.383	0.181000	-0.10E+04
0.386	0.181333	-0.10E+04
0.389	0.182000	-0.10E+04
0.392	0.184667	-0.10E+04
0.395	0.186000	-0.10E+04
0.398	0.187000	-0.10E+04
0.401	0.188000	-0.10E+04
0.404	0.190000	-0.10E+04
0.407	0.191333	-0.10E+04
0.41	0.192000	-0.10E+04
0.413	0.195000	-0.10E+04
0.416	0.195667	-0.10E+04
0.419	0.197000	-0.10E+04
0.422	0.198333	-0.10E+04
0.425	0.199000	-0.10E+04
0.428	0.201000	-0.10E+04
0.431	0.202000	-0.10E+04
0.434	0.204000	-0.10E+04
0.437	0.205333	-0.10E+04
0.44	0.206000	-0.10E+04
0.443	0.208000	-0.10E+04
0.446	0.208667	-0.10E+04
0.449	0.210000	-0.10E+04
0.452	0.212000	-0.10E+04
0.455	0.213000	-0.10E+04
0.458	0.215000	-0.10E+04
0.461	0.215333	-0.10E+04
0.464	0.216000	-0.10E+04
0.467	0.216667	-0.10E+04
0.47	0.217000	-0.10E+04
0.473	0.219000	-0.10E+04
0.476	0.219667	-0.10E+04
0.479	0.221000	-0.10E+04
0.482	0.221667	-0.10E+04
0.485	0.222000	-0.10E+04
0.488	0.224000	-0.10E+04
0.491	0.224667	-0.10E+04
0.494	0.226000	-0.10E+04
0.497	0.226667	-0.10E+04
0.5	0.227000	-0.10E+04
0.503	0.230000	-0.10E+04
0.506	0.230333	-0.10E+04
0.509	0.231000	-0.10E+04
0.512	0.231667	-0.10E+04
0.515	0.232000	-0.10E+04
0.518	0.233000	-0.10E+04
0.521	0.233667	-0.10E+04
0.524	0.235000	-0.10E+04
0.527	0.236333	-0.10E+04
0.53	0.237000	-0.10E+04
0.533	0.238000	-0.10E+04
0.536	0.238667	-0.10E+04
0.539	0.240000	-0.10E+04
0.542	0.241333	-0.10E+04
0.545	0.242000	-0.10E+04
0.548	0.243000	-0.10E+04
0.551	0.243333	-0.10E+04
0.554	0.244000	-0.10E+04
0.557	0.245333	-0.10E+04
0.56	0.246000	-0.10E+04
0.563	0.247000	-0.10E+04
0.566	0.247333	-0.10E+04
0.569	0.248000	-0.10E+04
0.572	0.249333	-0.10E+04
0.575	0.250000	-0.10E+04
0.578	0.251000	-0.10E+04
0.581	0.251667	-0.10E+04
0.584	0.253000	-0.10E+04
0.587	0.253667	-0.10E+04
0.59	0.254000	-0.10E+04
0.593	0.256000	-0.10E+04
0.596	0.256333	-0.10E+04
0.599	0.257000	-0.10E+04
0.602	0.257667	-0.10E+04
0.605	0.258000	-0.10E+04
0.608	0.258800	-0.10E+04
0.611	0.259487	-0.10E+04
0.614	0.260862	-0.10E+04
0.617	0.262237	-0.10E+04
0.62	0.262924	-0.10E+04
0.623	0.264986	-0.10E+04
0.626	0.265330	-0.10E+04
0.629	0.266017	-0.10E+04
0.632	0.266705	-0.10E+04
0.635	0.267049	-0.10E+04
0.638	0.269111	-0.10E+04
0.641	0.269454	-0.10E+04
0.644	0.270142	-0.10E+04
0.647	0.270829	-0.10E+04
0.65	0.271173	-0.10E+04
0.653	0.272204	-0.10E+04
0.656	0.272891	-0.10E+04
0.659	0.274266	-0.10E+04
0.662	0.274954	-0.10E+04
0.665	0.275297	-0.10E+04
0.668	0.276328	-0.10E+04
0.671	0.276672	-0.10E+04
0.674	0.277359	-0.10E+04
0.677	0.278734	-0.10E+04
0.68	0.279421	-0.10E+04
0.683	0.280453	-0.10E+04
0.686	0.280453	-0.10E+04
0.689	0.280453	-0.10E+04
0.692	0.281140	-0.10E+04
0.695	0.281484	-0.10E+04
0.698	0.282515	-0.10E+04
0.701	0.283202	-0.10E+04
0.704	0.284577	-0.10E+04
0.707	0.285264	-0.10E+04
0.71	0.285608	-0.10E+04
0.713	0.286639	-0.10E+04
0.716	0.286983	-0.10E+04
0.719	0.287670	-0.10E+04
0.722	0.288357	-0.10E+04
0.725	0.288701	-0.10E+04
0.728	0.289732	-0.10E+04
0.731	0.289732	-0.10E+04
0.734	0.289732	-0.10E+04
0.737	0.290420	-0.10E+04
0.74	0.290763	-0.10E+04
0.743	0.291794	-0.10E+04
0.746	0.292138	-0.10E+04
0.749	0.292825	-0.10E+04
0.752	0.294200	-0.10E+04
0.755	0.294888	-0.10E+04
0.758	0.294888	-0.10E+04
0.761	0.294888	-0.10E+04
0.764	0.294888	-0.10E+04
0.767	0.294888	-0.10E+04
0.77	0.294888	-0.10E+04
0.773	0.294888	-0.10E+04
0.776	0.294888	-0.10E+04
0.779	0.294888	-0.10E+04
0.782	0.294888	-0.10E+04
0.785	0.294888	-0.10E+04
0.788	0.294888	-0.10E+04
0.791	0.294888	-0.10E+04
0.794	0.294888	-0.10E+04
0.797	0.294888	-0.10E+04
0.8	0.294888	-0.10E+04
0.803	0.294888	-0.10E+04
0.806	0.294888	-0.10E+04
0.809	0.294888	-0.10E+04
0.812	0.294888	-0.10E+04
0.815	0.294888	-0.10E+04
0.818	0.294888	-0.10E+04
0.821	0.294888	-0.10E+04
0.824	0.294888	-0.10E+04
0.827	0.294888	-0.10E+04
0.83	0.294888	-0.10E+04
0.833	0.294888	-0.10E+04
0.836	0.294888	-0.10E+04
0.839	0.294888	-0.10E+04
0.842	0.294888	-0.10E+04
0.845	0.294888	-0.10E+04
0.848	0.294888	-0.10E+04
0.851	0.295231	-0.10E+04
0.854	0.295919	-0.10E+04
0.857	0.295919	-0.10E+04
0.86	0.295919	-0.10E+04
0.863	0.295919	-0.10E+04
0.866	0.295919	-0.10E+04
0.869	0.295919	-0.10E+04
0.872	0.295919	-0.10E+04
0.875	0.295919	-0.10E+04
0.878	0.295919	-0.10E+04
0.881	0.295919	-0.10E+04
0.884	0.295919	-0.10E+04
0.887	0.296606	-0.10E+04
0.89	0.296950	-0.10E+04
0.893	0.296950	-0.10E+04
0.896	0.297293	-0.10E+04
0.899	0.297981	-0.10E+04
0.902	0.297981	-0.10E+04
0.905	0.297981	-0.10E+04
0.908	0.299012	-0.10E+04
0.911	0.299012	-0.10E+04
0.914	0.299012	-0.10E+04
0.917	0.300387	-0.10E+04
0.92	0.301074	-0.10E+04
0.923	0.301074	-0.10E+04
0.926	0.301418	-0.10E+04
0.929	0.302105	-0.10E+04
0.932	0.302793	-0.10E+04
0.935	0.303136	-0.10E+04
0.938	0.305198	-0.10E+04
0.941	0.305198	-0.10E+04
0.944	0.305198	-0.10E+04
0.947	0.305886	-0.10E+04
0.95	0.306229	-0.10E+04
0.953	0.307261	-0.10E+04
0.956	0.307261	-0.10E+04
0.959	0.307261	-0.10E+04
0.962	0.307261	-0.10E+04
0.965	0.307261	-0.10E+04
0.968	0.308292	-0.10E+04
0.971	0.308979	-0.10E+04
0.974	0.310354	-0.10E+04
0.977	0.311041	-0.10E+04
0.98	0.311385	-0.10E+04
0.983	0.312416	-0.10E+04
0.986	0.313103	-0.10E+04
0.989	0.314478	-0.10E+04
0.992	0.315165	-0.10E+04
0.995	0.315509	-0.10E+04
0.998	0.315509	-0.10E+04
1.001	0.315853	-0.10E+04
1.004	0.316540	-0.10E+04
1.007	0.316540	-0.10E+04
1.01	0.316540	-0.10E+04
1.013	0.318602	-0.10E+04
1.016	0.318946	-0.10E+04
1.019	0.319633	-0.10E+04
1.022	0.319633	-0.10E+04
1.025	0.319633	-0.10E+04
1.028	0.321696	-0.10E+04
1.031	0.322039	-0.10E+04
1.034	0.322727	-0.10E+04
1.037	0.323414	-0.10E+04
1.04	0.323758	-0.10E+04
1.043	0.324789	-0.10E+04
1.046	0.325133	-0.10E+04
1.049	0.325820	-0.10E+04
1.052	0.326507	-0.10E+04
1.055	0.326851	-0.10E+04
1.058	0.326851	-0.10E+04
1.061	0.327195	-0.10E+04
1.064	0.327882	-0.10E+04
1.067	0.327882	-0.10E+04
1.07	0.327882	-0.10E+04
1.073	0.328913	-0.10E+04
1.076	0.329257	-0.10E+04
1.079	0.329944	-0.10E+04
1.082	0.330632	-0.10E+04
1.085	0.330975	-0.10E+04
1.088	0.332006	-0.10E+04
1.091	0.332350	-0.10E+04
1.094	0.333037	-0.10E+04
1.097	0.333725	-0.10E+04
1.1	0.334069	-0.10E+04
1.103	0.335100	-0.10E+04
1.106	0.335443	-0.10E+04
1.109	0.336131	-0.10E+04
1.112	0.336131	-0.10E+04
1.115	0.336131	-0.10E+04
1.118	0.336131	-0.10E+04
1.121	0.336474	-0.10E+04
1.124	0.337162	-0.10E+04
1.127	0.337162	-0.10E+04
1.13	0.337162	-0.10E+04
1.133	0.339224	-0.10E+04
1.136	0.339568	-0.10E+04
1.139	0.340255	-0.10E+04
1.142	0.340942	-0.10E+04
1.145	0.341286	-0.10E+04
1.148	0.342317	-0.10E+04
1.151	0.342317	-0.10E+04
1.154	0.342317	-0.10E+04
1.157	0.342317	-0.10E+04
1.16	0.342317	-0.10E+04
1.163	0.343348	-0.10E+04
1.166	0.343692	-0.10E+04
1.169	0.344379	-0.10E+04
1.172	0.345067	-0.10E+04
1.175	0.345410	-0.10E+04
1.178	0.345410	-0.10E+04
1.181	0.345410	-0.10E+04
1.184	0.345410	-0.10E+04
1.187	0.346098	-0.10E+04
1.19	0.346441	-0.10E+04
1.193	0.346441	-0.10E+04
1.196	0.346785	-0.10E+04
1.199	0.347472	-0.10E+04
1.202	0.348160	-0.10E+04
1.205	0.348504	-0.10E+04
1.208	0.349535	-0.10E+04
1.211	0.349878	-0.10E+04
1.214	0.350566	-0.10E+04
1.217	0.351253	-0.10E+04
1.22	0.351597	-0.10E+04
1.223	0.351597	-0.10E+04
1.226	0.351597	-0.10E+04
1.229	0.351597	-0.10E+04
1.232	0.352284	-0.10E+04
1.235	0.352628	-0.10E+04
1.238	0.353659	-0.10E+04
1.241	0.353659	-0.10E+04
1.244	0.353659	-0.10E+04
1.247	0.354346	-0.10E+04
1.25	0.354690	-0.10E+04
1.253	0.354690	-0.10E+04
1.256	0.354690	-0.10E+04
1.259	0.354690	-0.10E+04
1.262	0.355377	-0.10E+04
1.265	0.355721	-0.10E+04
1.268	0.356752	-0.10E+04
1.271	0.357096	-0.10E+04
1.274	0.357783	-0.10E+04
1.277	0.358471	-0.10E+04
1.28	0.358814	-0.10E+04
1.283	0.359845	-0.10E+04
1.286	0.359845	-0.10E+04
1.289	0.359845	-0.10E+04
1.292	0.361220	-0.10E+04
1.295	0.361908	-0.10E+04
1.298	0.361908	-0.10E+04
1.301	0.361908	-0.10E+04
1.304	0.361908	-0.10E+04
1.307	0.362595	-0.10E+04
1.31	0.362939	-0.10E+04
1.313	0.362939	-0.10E+04
1.316	0.363282	-0.10E+04
1.319	0.363970	-0.10E+04
1.322	0.363970	-0.10E+04
1.325	0.363970	-0.10E+04
1.328	0.365001	-0.10E+04
1.331	0.365344	-0.10E+04
1.334	0.366032	-0.10E+04
1.337	0.366719	-0.10E+04
1.34	0.367063	-0.10E+04
1.343	0.367063	-0.10E+04
1.346	0.367063	-0.10E+04
1.349	0.367063	-0.10E+04
1.352	0.367063	-0.10E+04
1.355	0.367063	-0.10E+04
1.358	0.368094	-0.10E+04
1.361	0.368438	-0.10E+04
1.364	0.369125	-0.10E+04
1.367	0.369125	-0.10E+04
1.37	0.369125	-0.10E+04
1.373	0.370156	-0.10E+04
1.376	0.370500	-0.10E+04
1.379	0.371187	-0.10E+04
1.382	0.371875	-0.10E+04
1.385	0.372218	-0.10E+04
1.388	0.372218	-0.10E+04
1.391	0.372562	-0.10E+04
1.394	0.373249	-0.10E+04
1.397	0.373937	-0.10E+04
1.4	0.374280	-0.10E+04
1.403	0.375311	-0.10E+04
1.406	0.375311	-0.10E+04
1.409	0.375311	-0.10E+04
1.412	0.375999	-0.10E+04
1.415	0.376343	-0.10E+04
1.418	0.377374	-0.10E+04
1.421	0.377374	-0.10E+04
1.424	0.377374	-0.10E+04
1.427	0.377374	-0.10E+04
1.43	0.377374	-0.10E+04
1.433	0.377374	-0.10E+04
1.436	0.377717	-0.10E+04
1.439	0.378405	-0.10E+04
1.442	0.379092	-0.10E+04
1.445	0.379436	-0.10E+04
1.448	0.379436	-0.10E+04
1.451	0.379780	-0.10E+04
1.454	0.380467	-0.10E+04
1.457	0.380467	-0.10E+04
1.46	0.380467	-0.10E+04
1.463	0.381498	-0.10E+04
1.466	0.381498	-0.10E+04
1.469	0.381498	-0.10E+04
1.472	0.381498	-0.10E+04
1.475	0.381498	-0.10E+04
1.478	0.382529	-0.10E+04
1.481	0.382529	-0.10E+04
1.484	0.382529	-0.10E+04
1.487	0.383216	-0.10E+04
1.49	0.383560	-0.10E+04
1.493	0.383560	-0.10E+04
1.496	0.383904	-0.10E+04
1.499	0.384591	-0.10E+04
1.502	0.384591	-0.10E+04
1.505	0.384591	-0.10E+04
1.508	0.384591	-0.10E+04
1.511	0.384591	-0.10E+04
1.514	0.384591	-0.10E+04
1.517	0.384591	-0.10E+04
1.52	0.384591	-0.10E+04
1.523	0.385622	-0.10E+04
1.526	0.386310	-0.10E+04
1.529	0.387684	-0.10E+04
1.532	0.387684	-0.10E+04
1.535	0.387684	-0.10E+04
1.538	0.387684	-0.10E+04
1.541	0.387684	-0.10E+04
1.544	0.387684	-0.10E+04
1.547	0.387684	-0.10E+04
1.55	0.387684	-0.10E+04
1.553	0.387684	-0.10E+04
1.556	0.387684	-0.10E+04
1.559	0.387684	-0.10E+04
1.562	0.388372	-0.10E+04
1.565	0.388716	-0.10E+04
1.568	0.389747	-0.10E+04
1.571	0.389747	-0.10E+04
1.574	0.389747	-0.10E+04
1.577	0.389747	-0.10E+04
1.58	0.389747	-0.10E+04
1.583	0.389747	-0.10E+04
1.586	0.389747	-0.10E+04
1.589	0.389747	-0.10E+04
1.592	0.389747	-0.10E+04
1.595	0.389747	-0.10E+04
1.598	0.390778	-0.10E+04
1.601	0.391121	-0.10E+04
1.604	0.391809	-0.10E+04
1.607	0.391121	-0.10E+04
1.61	0.390778	-0.10E+04
1.613	0.391809	-0.10E+04
1.616	0.391809	-0.10E+04
1.619	0.391809	-0.10E+04
1.622	0.391809	-0.10E+04
1.625	0.391809	-0.10E+04
1.628	0.391809	-0.10E+04
1.631	0.392152	-0.10E+04
1.634	0.392840	-0.10E+04
1.637	0.392840	-0.10E+04
1.64	0.392840	-0.10E+04
1.643	0.392840	-0.10E+04
1.646	0.392840	-0.10E+04
1.649	0.392840	-0.10E+04
1.652	0.392840	-0.10E+04
1.655	0.392840	-0.10E+04
1.658	0.393871	-0.10E+04
1.661	0.393871	-0.10E+04
1.664	0.393871	-0.10E+04
1.667	0.393871	-0.10E+04
1.67	0.393871	-0.10E+04
1.673	0.393871	-0.10E+04
1.676	0.393871	-0.10E+04
1.679	0.393871	-0.10E+04
1.682	0.394558	-0.10E+04
1.685	0.394902	-0.10E+04
1.688	0.394902	-0.10E+04
1.691	0.394902	-0.10E+04
1.694	0.394902	-0.10E+04
1.697	0.394902	-0.10E+04
1.7	0.394902	-0.10E+04
1.703	0.394902	-0.10E+04
1.706	0.395246	-0.10E+04
1.709	0.395933	-0.10E+04
1.712	0.395933	-0.10E+04
1.715	0.395933	-0.10E+04
1.718	0.395933	-0.10E+04
1.721	0.395933	-0.10E+04
1.724	0.395933	-0.10E+04
1.727	0.396620	-0.10E+04
1.73	0.396964	-0.10E+04
1.733	0.396964	-0.10E+04
1.736	0.396964	-0.10E+04
1.739	0.396964	-0.10E+04
1.742	0.396964	-0.10E+04
1.745	0.396964	-0.10E+04
1.748	0.397995	-0.10E+04
1.751	0.397995	-0.10E+04
1.754	0.397995	-0.10E+04
1.757	0.397995	-0.10E+04
1.76	0.397995	-0.10E+04
1.763	0.399026	-0.10E+04
1.766	0.399026	-0.10E+04
1.769	0.399026	-0.10E+04
1.772	0.399026	-0.10E+04
1.775	0.399026	-0.10E+04
1.778	0.399026	-0.10E+04
1.781	0.399370	-0.10E+04
1.784	0.400057	-0.10E+04
1.787	0.400057	-0.10E+04
1.79	0.400057	-0.10E+04
1.793	0.400057	-0.10E+04
1.796	0.400057	-0.10E+04
1.799	0.400057	-0.10E+04
1.802	0.400745	-0.10E+04
1.805	0.401088	-0.10E+04
1.808	0.401088	-0.10E+04
1.811	0.401088	-0.10E+04
1.814	0.401088	-0.10E+04
1.817	0.401088	-0.10E+04
1.82	0.401088	-0.10E+04
1.823	0.402119	-0.10E+04
1.826	0.402463	-0.10E+04
1.829	0.403151	-0.10E+04
1.832	0.403151	-0.10E+04
1.835	0.403151	-0.10E+04
1.838	0.403151	-0.10E+04
1.841	0.403494	-0.10E+04
1.844	0.404182	-0.10E+04
1.847	0.404182	-0.10E+04
1.85	0.404182	-0.10E+04
1.853	0.404182	-0.10E+04
1.856	0.404525	-0.10E+04
1.859	0.405213	-0.10E+04
1.862	0.405213	-0.10E+04
1.865	0.405213	-0.10E+04
1.868	0.406244	-0.10E+04
1.871	0.406244	-0.10E+04
1.874	0.406244	-0.10E+04
1.877	0.406931	-0.10E+04
1.88	0.407275	-0.10E+04
1.883	0.407275	-0.10E+04
1.886	0.407619	-0.10E+04
1.889	0.408306	-0.10E+04
1.892	0.408306	-0.10E+04
1.895	0.408306	-0.10E+04
1.898	0.408306	-0.10E+04
1.901	0.408650	-0.10E+04
1.904	0.409337	-0.10E+04
1.907	0.410024	-0.10E+04
1.91	0.410368	-0.10E+04
1.913	0.410368	-0.10E+04
1.916	0.410368	-0.10E+04
1.919	0.410368	-0.10E+04
1.922	0.410368	-0.10E+04
1.925	0.410368	-0.10E+04
1.928	0.411399	-0.10E+04
1.931	0.411399	-0.10E+04
1.934	0.411399	-0.10E+04
1.937	0.411399	-0.10E+04
1.94	0.411399	-0.10E+04
1.943	0.412430	-0.10E+04
1.946	0.412430	-0.10E+04
1.949	0.412430	-0.10E+04
1.952	0.413118	-0.10E+04
1.955	0.413461	-0.10E+04
1.958	0.413461	-0.10E+04
1.961	0.413461	-0.10E+04
1.964	0.413461	-0.10E+04
1.967	0.413461	-0.10E+04
1.97	0.413461	-0.10E+04
1.973	0.413461	-0.10E+04
1.976	0.413461	-0.10E+04
1.979	0.413461	-0.10E+04
1.982	0.413461	-0.10E+04
1.985	0.413461	-0.10E+04
1.988	0.414492	-0.10E+04
1.991	0.414492	-0.10E+04
1.994	0.414492	-0.10E+04
1.997	0.415180	-0.10E+04
2	0.415523	-0.10E+04
2.003	0.415523	-0.10E+04
2.006	0.415523	-0.10E+04
2.009	0.415523	-0.10E+04
2.012	0.415523	-0.10E+04
2.015	0.415523	-0.10E+04
2.018	0.416555	-0.10E+04
2.021	0.416555	-0.10E+04
2.024	0.416555	-0.10E+04
2.027	0.416555	-0.10E+04
2.03	0.416555	-0.10E+04
2.033	0.416555	-0.10E+04
2.036	0.417242	-0.10E+04
2.039	0.418617	-0.10E+04
2.042	0.418617	-0.10E+04
2.045	0.418617	-0.10E+04
2.048	0.419648	-0.10E+04
2.051	0.419991	-0.10E+04
2.054	0.420679	-0.10E+04
2.057	0.420679	-0.10E+04
2.06	0.420679	-0.10E+04
2.063	0.420679	-0.10E+04
2.066	0.420679	-0.10E+04
2.069	0.420679	-0.10E+04
2.072	0.420679	-0.10E+04
2.075	0.420679	-0.10E+04
2.078	0.421710	-0.10E+04
2.081	0.421710	-0.10E+04
2.084	0.421710	-0.10E+04
2.087	0.421710	-0.10E+04
2.09	0.421710	-0.10E+04
2.093	0.422741	-0.10E+04
2.096	0.422741	-0.10E+04
2.099	0.422741	-0.10E+04
2.102	0.423428	-0.10E+04
2.105	0.423772	-0.10E+04
2.108	0.423772	-0.10E+04
2.111	0.423772	-0.10E+04
2.114	0.423772	-0.10E+04
2.117	0.424459	-0.10E+04
2.12	0.424803	-0.10E+04
2.123	0.424803	-0.10E+04
2.126	0.425491	-0.10E+04
2.129	0.426865	-0.10E+04
2.132	0.426865	-0.10E+04
2.135	0.426865	-0.10E+04
2.138	0.426865	-0.10E+04
2.141	0.427209	-0.10E+04
2.144	0.427896	-0.10E+04
2.147	0.428584	-0.10E+04
2.15	0.428927	-0.10E+04
2.153	0.428927	-0.10E+04
2.156	0.429271	-0.10E+04
2.159	0.429959	-0.10E+04
2.162	0.429959	-0.10E+04
2.165	0.429959	-0.10E+04
2.168	0.430990	-0.10E+04
2.171	0.430990	-0.10E+04
2.174	0.430990	-0.10E+04
2.177	0.430990	-0.10E+04
2.18	0.430990	-0.10E+04
2.183	0.430990	-0.10E+04
2.186	0.430990	-0.10E+04
2.189	0.430990	-0.10E+04
2.192	0.431677	-0.10E+04
2.195	0.432021	-0.10E+04
2.198	0.433052	-0.10E+04
2.201	0.433052	-0.10E+04
2.204	0.433052	-0.10E+04
2.207	0.433739	-0.10E+04
2.21	0.434083	-0.10E+04
2.213	0.436145	-0.10E+04
2.216	0.436145	-0.10E+04
2.219	0.436145	-0.10E+04
2.222	0.436145	-0.10E+04
2.225	0.436145	-0.10E+04
2.228	0.437176	-0.10E+04
2.231	0.437520	-0.10E+04
2.234	0.438207	-0.10E+04
2.237	0.438207	-0.10E+04
2.24	0.438207	-0.10E+04
2.243	0.439238	-0.10E+04
2.246	0.439238	-0.10E+04
2.249	0.439238	-0.10E+04
2.252	0.439238	-0.10E+04
2.255	0.439238	-0.10E+04
2.258	0.440269	-0.10E+04
2.261	0.440613	-0.10E+04
2.264	0.441300	-0.10E+04
2.267	0.441300	-0.10E+04
2.27	0.441300	-0.10E+04
2.273	0.442331	-0.10E+04
2.276	0.442331	-0.10E+04
2.279	0.442331	-0.10E+04
2.282	0.443019	-0.10E+04
2.285	0.443363	-0.10E+04
2.288	0.443363	-0.10E+04
2.291	0.443706	-0.10E+04
2.294	0.444394	-0.10E+04
2.297	0.445081	-0.10E+04
2.3	0.445425	-0.10E+04
2.303	0.446456	-0.10E+04
2.306	0.446799	-0.10E+04
2.309	0.447487	-0.10E+04
2.312	0.447487	-0.10E+04
2.315	0.447487	-0.10E+04
2.318	0.447487	-0.10E+04
2.321	0.447830	-0.10E+04
2.324	0.448518	-0.10E+04
2.327	0.449205	-0.10E+04
2.33	0.449549	-0.10E+04
2.333	0.449549	-0.10E+04
2.336	0.449549	-0.10E+04
2.339	0.449549	-0.10E+04
2.342	0.450236	-0.10E+04
2.345	0.450580	-0.10E+04
2.348	0.450580	-0.10E+04
2.351	0.450924	-0.10E+04
2.354	0.451611	-0.10E+04
2.357	0.451611	-0.10E+04
2.36	0.451611	-0.10E+04
2.363	0.453673	-0.10E+04
2.366	0.453673	-0.10E+04
2.369	0.453673	-0.10E+04
2.372	0.454361	-0.10E+04
2.375	0.454704	-0.10E+04
2.378	0.454704	-0.10E+04
2.381	0.455048	-0.10E+04
2.384	0.455735	-0.10E+04
2.387	0.456423	-0.10E+04
2.39	0.456766	-0.10E+04
2.393	0.456766	-0.10E+04
2.396	0.457110	-0.10E+04
2.399	0.457798	-0.10E+04
2.402	0.458485	-0.10E+04
2.405	0.458829	-0.10E+04
2.408	0.458829	-0.10E+04
2.411	0.458829	-0.10E+04
2.414	0.458829	-0.10E+04
2.417	0.459516	-0.10E+04
2.42	0.459860	-0.10E+04
2.423	0.459860	-0.10E+04
2.426	0.459860	-0.10E+04
2.429	0.459860	-0.10E+04
2.432	0.459860	-0.10E+04
2.435	0.459860	-0.10E+04
2.438	0.460891	-0.10E+04
2.441	0.461234	-0.10E+04
2.444	0.461922	-0.10E+04
2.447	0.461922	-0.10E+04
2.45	0.461922	-0.10E+04
2.453	0.462953	-0.10E+04
2.456	0.462953	-0.10E+04
2.459	0.462953	-0.10E+04
2.462	0.463640	-0.10E+04
2.465	0.463984	-0.10E+04
2.468	0.465015	-0.10E+04
2.471	0.465015	-0.10E+04
2.474	0.465015	-0.10E+04
2.477	0.465702	-0.10E+04
2.48	0.466046	-0.10E+04
2.483	0.467077	-0.10E+04
2.486	0.467421	-0.10E+04
2.489	0.468108	-0.10E+04
2.492	0.468108	-0.10E+04
2.495	0.468108	-0.10E+04
2.498	0.468108	-0.10E+04
