Brown University Keck/NASA Relab Spectrum LS-JBA-155-P1/wls470
Wavelength(micron)	Reflectance	Standard Deviation
0.35	0.221933	-0.10E+04
0.353	0.224533	-0.10E+04
0.356	0.227133	-0.10E+04
0.359	0.227467	-0.10E+04
0.362	0.227967	-0.10E+04
0.365	0.229067	-0.10E+04
0.368	0.229900	-0.10E+04
0.371	0.229667	-0.10E+04
0.374	0.229400	-0.10E+04
0.377	0.230400	-0.10E+04
0.38	0.230200	-0.10E+04
0.383	0.230633	-0.10E+04
0.386	0.232200	-0.10E+04
0.389	0.233233	-0.10E+04
0.392	0.233767	-0.10E+04
0.395	0.234200	-0.10E+04
0.398	0.235367	-0.10E+04
0.401	0.234800	-0.10E+04
0.404	0.237433	-0.10E+04
0.407	0.238567	-0.10E+04
0.41	0.240033	-0.10E+04
0.413	0.241067	-0.10E+04
0.416	0.240467	-0.10E+04
0.419	0.239433	-0.10E+04
0.422	0.241433	-0.10E+04
0.425	0.242067	-0.10E+04
0.428	0.243333	-0.10E+04
0.431	0.243967	-0.10E+04
0.434	0.245633	-0.10E+04
0.437	0.246400	-0.10E+04
0.44	0.246933	-0.10E+04
0.443	0.247500	-0.10E+04
0.446	0.247967	-0.10E+04
0.449	0.247733	-0.10E+04
0.452	0.247500	-0.10E+04
0.455	0.248933	-0.10E+04
0.458	0.250133	-0.10E+04
0.461	0.250767	-0.10E+04
0.464	0.253200	-0.10E+04
0.467	0.253333	-0.10E+04
0.47	0.254167	-0.10E+04
0.473	0.255467	-0.10E+04
0.476	0.254833	-0.10E+04
0.479	0.253800	-0.10E+04
0.482	0.255567	-0.10E+04
0.485	0.257967	-0.10E+04
0.488	0.258067	-0.10E+04
0.491	0.259800	-0.10E+04
0.494	0.260467	-0.10E+04
0.497	0.260667	-0.10E+04
0.5	0.260333	-0.10E+04
0.503	0.260367	-0.10E+04
0.506	0.261533	-0.10E+04
0.509	0.263067	-0.10E+04
0.512	0.263567	-0.10E+04
0.515	0.265000	-0.10E+04
0.518	0.264600	-0.10E+04
0.521	0.264633	-0.10E+04
0.524	0.265067	-0.10E+04
0.527	0.265900	-0.10E+04
0.53	0.265767	-0.10E+04
0.533	0.265667	-0.10E+04
0.536	0.266267	-0.10E+04
0.539	0.269133	-0.10E+04
0.542	0.270900	-0.10E+04
0.545	0.271467	-0.10E+04
0.548	0.271633	-0.10E+04
0.551	0.272033	-0.10E+04
0.554	0.272133	-0.10E+04
0.557	0.271600	-0.10E+04
0.56	0.271667	-0.10E+04
0.563	0.273333	-0.10E+04
0.566	0.274067	-0.10E+04
0.569	0.274167	-0.10E+04
0.572	0.275833	-0.10E+04
0.575	0.277033	-0.10E+04
0.578	0.277700	-0.10E+04
0.581	0.278633	-0.10E+04
0.584	0.280133	-0.10E+04
0.587	0.281333	-0.10E+04
0.59	0.281967	-0.10E+04
0.593	0.280467	-0.10E+04
0.596	0.281700	-0.10E+04
0.599	0.283367	-0.10E+04
0.602	0.284933	-0.10E+04
0.605	0.284233	-0.10E+04
0.608	0.283233	-0.10E+04
0.611	0.282433	-0.10E+04
0.614	0.283667	-0.10E+04
0.617	0.285100	-0.10E+04
0.62	0.286733	-0.10E+04
0.623	0.287633	-0.10E+04
0.626	0.287333	-0.10E+04
0.629	0.287367	-0.10E+04
0.632	0.287133	-0.10E+04
0.635	0.286667	-0.10E+04
0.638	0.288000	-0.10E+04
0.641	0.289300	-0.10E+04
0.644	0.290433	-0.10E+04
0.647	0.290833	-0.10E+04
0.65	0.288633	-0.10E+04
0.653	0.285900	-0.10E+04
0.656	0.288600	-0.10E+04
0.659	0.290633	-0.10E+04
0.662	0.290000	-0.10E+04
0.665	0.289833	-0.10E+04
0.668	0.293500	-0.10E+04
0.671	0.296667	-0.10E+04
0.674	0.301567	-0.10E+04
0.677	0.300800	-0.10E+04
0.68	0.301933	-0.10E+04
0.683	0.302500	-0.10E+04
0.686	0.304033	-0.10E+04
0.689	0.303400	-0.10E+04
0.692	0.299833	-0.10E+04
0.695	0.299267	-0.10E+04
0.698	0.299033	-0.10E+04
0.701	0.300833	-0.10E+04
0.704	0.301300	-0.10E+04
0.707	0.301267	-0.10E+04
0.71	0.300000	-0.10E+04
0.713	0.301233	-0.10E+04
0.716	0.302300	-0.10E+04
0.719	0.303900	-0.10E+04
0.722	0.305000	-0.10E+04
0.725	0.306333	-0.10E+04
0.728	0.309233	-0.10E+04
0.731	0.309033	-0.10E+04
0.734	0.308367	-0.10E+04
0.737	0.306833	-0.10E+04
0.74	0.306267	-0.10E+04
0.743	0.307367	-0.10E+04
0.746	0.307633	-0.10E+04
0.749	0.308533	-0.10E+04
0.752	0.308433	-0.10E+04
0.755	0.311333	-0.10E+04
0.758	0.310133	-0.10E+04
0.761	0.309367	-0.10E+04
0.764	0.311467	-0.10E+04
0.767	0.311867	-0.10E+04
0.77	0.310800	-0.10E+04
0.773	0.308533	-0.10E+04
0.776	0.311833	-0.10E+04
0.779	0.315233	-0.10E+04
0.782	0.313600	-0.10E+04
0.785	0.312200	-0.10E+04
0.788	0.312267	-0.10E+04
0.791	0.313233	-0.10E+04
0.794	0.313033	-0.10E+04
0.797	0.313700	-0.10E+04
0.8	0.312433	-0.10E+04
0.803	0.313433	-0.10E+04
0.806	0.313833	-0.10E+04
0.809	0.311867	-0.10E+04
0.812	0.315067	-0.10E+04
0.815	0.316700	-0.10E+04
0.818	0.318500	-0.10E+04
0.821	0.313600	-0.10E+04
0.824	0.312733	-0.10E+04
0.827	0.315400	-0.10E+04
0.83	0.317000	-0.10E+04
0.833	0.314833	-0.10E+04
0.836	0.314400	-0.10E+04
0.839	0.315133	-0.10E+04
0.842	0.316533	-0.10E+04
0.845	0.313700	-0.10E+04
0.848	0.309567	-0.10E+04
0.851	0.308933	-0.10E+04
0.854	0.309767	-0.10E+04
0.857	0.312867	-0.10E+04
0.86	0.312100	-0.10E+04
0.863	0.311267	-0.10E+04
0.866	0.310800	-0.10E+04
0.869	0.311200	-0.10E+04
0.872	0.311533	-0.10E+04
0.875	0.313533	-0.10E+04
0.878	0.314767	-0.10E+04
0.881	0.313900	-0.10E+04
0.884	0.310233	-0.10E+04
0.887	0.309700	-0.10E+04
0.89	0.308567	-0.10E+04
0.893	0.308933	-0.10E+04
0.896	0.310600	-0.10E+04
0.899	0.312400	-0.10E+04
0.902	0.314300	-0.10E+04
0.905	0.315800	-0.10E+04
0.908	0.320000	-0.10E+04
0.911	0.319500	-0.10E+04
0.914	0.322900	-0.10E+04
0.917	0.323233	-0.10E+04
0.92	0.326433	-0.10E+04
0.923	0.326933	-0.10E+04
0.926	0.326533	-0.10E+04
0.929	0.326367	-0.10E+04
0.932	0.325800	-0.10E+04
0.935	0.327567	-0.10E+04
0.938	0.326467	-0.10E+04
0.941	0.326433	-0.10E+04
0.944	0.327133	-0.10E+04
0.947	0.327333	-0.10E+04
0.95	0.324400	-0.10E+04
0.953	0.324867	-0.10E+04
0.956	0.325267	-0.10E+04
0.959	0.328300	-0.10E+04
0.962	0.329333	-0.10E+04
0.965	0.328833	-0.10E+04
0.968	0.324300	-0.10E+04
0.971	0.319800	-0.10E+04
0.974	0.320867	-0.10E+04
0.977	0.323767	-0.10E+04
0.98	0.324933	-0.10E+04
0.983	0.324967	-0.10E+04
0.986	0.326500	-0.10E+04
0.989	0.324867	-0.10E+04
0.992	0.328233	-0.10E+04
0.995	0.330967	-0.10E+04
0.998	0.327100	-0.10E+04
1.001	0.326200	-0.10E+04
1.004	0.326900	-0.10E+04
1.007	0.328733	-0.10E+04
1.01	0.331067	-0.10E+04
1.013	0.328900	-0.10E+04
1.016	0.327433	-0.10E+04
1.019	0.328867	-0.10E+04
1.022	0.330400	-0.10E+04
1.025	0.330467	-0.10E+04
1.028	0.331700	-0.10E+04
1.031	0.333800	-0.10E+04
1.034	0.334733	-0.10E+04
1.037	0.336500	-0.10E+04
1.04	0.338767	-0.10E+04
1.043	0.339233	-0.10E+04
1.046	0.340233	-0.10E+04
1.049	0.339200	-0.10E+04
1.052	0.338367	-0.10E+04
1.055	0.338267	-0.10E+04
1.058	0.338200	-0.10E+04
1.061	0.338400	-0.10E+04
1.064	0.338367	-0.10E+04
1.067	0.338567	-0.10E+04
1.07	0.340267	-0.10E+04
1.073	0.338267	-0.10E+04
1.076	0.337967	-0.10E+04
1.079	0.340200	-0.10E+04
1.082	0.338867	-0.10E+04
1.085	0.338667	-0.10E+04
1.088	0.338700	-0.10E+04
1.091	0.337867	-0.10E+04
1.094	0.337367	-0.10E+04
1.097	0.337567	-0.10E+04
1.1	0.338367	-0.10E+04
1.103	0.340333	-0.10E+04
1.106	0.341467	-0.10E+04
1.109	0.342700	-0.10E+04
1.112	0.344933	-0.10E+04
1.115	0.348433	-0.10E+04
1.118	0.347467	-0.10E+04
1.121	0.347967	-0.10E+04
1.124	0.347533	-0.10E+04
1.127	0.346833	-0.10E+04
1.13	0.348833	-0.10E+04
1.133	0.347567	-0.10E+04
1.136	0.343300	-0.10E+04
1.139	0.347233	-0.10E+04
1.142	0.348500	-0.10E+04
1.145	0.348167	-0.10E+04
1.148	0.348867	-0.10E+04
1.151	0.349867	-0.10E+04
1.154	0.349867	-0.10E+04
1.157	0.350900	-0.10E+04
1.16	0.348433	-0.10E+04
1.163	0.347133	-0.10E+04
1.166	0.348800	-0.10E+04
1.169	0.350533	-0.10E+04
1.172	0.350133	-0.10E+04
1.175	0.353033	-0.10E+04
1.178	0.354467	-0.10E+04
1.181	0.352533	-0.10E+04
1.184	0.354567	-0.10E+04
1.187	0.356600	-0.10E+04
1.19	0.356733	-0.10E+04
1.193	0.355167	-0.10E+04
1.196	0.354533	-0.10E+04
1.199	0.356733	-0.10E+04
1.202	0.356933	-0.10E+04
1.205	0.358533	-0.10E+04
1.208	0.359167	-0.10E+04
1.211	0.358933	-0.10E+04
1.214	0.358767	-0.10E+04
1.217	0.359200	-0.10E+04
1.22	0.358000	-0.10E+04
1.223	0.357433	-0.10E+04
1.226	0.357800	-0.10E+04
1.229	0.357933	-0.10E+04
1.232	0.359200	-0.10E+04
1.235	0.362033	-0.10E+04
1.238	0.362200	-0.10E+04
1.241	0.360833	-0.10E+04
1.244	0.361033	-0.10E+04
1.247	0.362433	-0.10E+04
1.25	0.364033	-0.10E+04
1.253	0.364200	-0.10E+04
1.256	0.366433	-0.10E+04
1.259	0.367100	-0.10E+04
1.262	0.365800	-0.10E+04
1.265	0.365567	-0.10E+04
1.268	0.366667	-0.10E+04
1.271	0.363900	-0.10E+04
1.274	0.367033	-0.10E+04
1.277	0.367267	-0.10E+04
1.28	0.367200	-0.10E+04
1.283	0.367367	-0.10E+04
1.286	0.366567	-0.10E+04
1.289	0.367833	-0.10E+04
1.292	0.369533	-0.10E+04
1.295	0.371467	-0.10E+04
1.298	0.371600	-0.10E+04
1.301	0.370567	-0.10E+04
1.304	0.368967	-0.10E+04
1.307	0.371500	-0.10E+04
1.31	0.371067	-0.10E+04
1.313	0.371367	-0.10E+04
1.316	0.370433	-0.10E+04
1.319	0.368100	-0.10E+04
1.322	0.369167	-0.10E+04
1.325	0.371700	-0.10E+04
1.328	0.372700	-0.10E+04
1.331	0.370600	-0.10E+04
1.334	0.369033	-0.10E+04
1.337	0.370933	-0.10E+04
1.34	0.371833	-0.10E+04
1.343	0.372400	-0.10E+04
1.346	0.374400	-0.10E+04
1.349	0.374700	-0.10E+04
1.352	0.372000	-0.10E+04
1.355	0.373133	-0.10E+04
1.358	0.376333	-0.10E+04
1.361	0.374233	-0.10E+04
1.364	0.373300	-0.10E+04
1.367	0.376367	-0.10E+04
1.37	0.379033	-0.10E+04
1.373	0.380633	-0.10E+04
1.376	0.377333	-0.10E+04
1.379	0.376767	-0.10E+04
1.382	0.375667	-0.10E+04
1.385	0.377900	-0.10E+04
1.388	0.382300	-0.10E+04
1.391	0.379767	-0.10E+04
1.394	0.378200	-0.10E+04
1.397	0.378600	-0.10E+04
1.4	0.378600	-0.10E+04
1.403	0.378367	-0.10E+04
1.406	0.378100	-0.10E+04
1.409	0.381467	-0.10E+04
1.412	0.383467	-0.10E+04
1.415	0.382967	-0.10E+04
1.418	0.382800	-0.10E+04
1.421	0.382300	-0.10E+04
1.424	0.384367	-0.10E+04
1.427	0.386867	-0.10E+04
1.43	0.388200	-0.10E+04
1.433	0.386967	-0.10E+04
1.436	0.390467	-0.10E+04
1.439	0.392233	-0.10E+04
1.442	0.389767	-0.10E+04
1.445	0.386733	-0.10E+04
1.448	0.386900	-0.10E+04
1.451	0.387000	-0.10E+04
1.454	0.388667	-0.10E+04
1.457	0.390033	-0.10E+04
1.46	0.392067	-0.10E+04
1.463	0.394300	-0.10E+04
1.466	0.394467	-0.10E+04
1.469	0.394667	-0.10E+04
1.472	0.395367	-0.10E+04
1.475	0.392333	-0.10E+04
1.478	0.390767	-0.10E+04
1.481	0.391700	-0.10E+04
1.484	0.392767	-0.10E+04
1.487	0.391533	-0.10E+04
1.49	0.392300	-0.10E+04
1.493	0.392867	-0.10E+04
1.496	0.393267	-0.10E+04
1.499	0.394567	-0.10E+04
1.502	0.393133	-0.10E+04
1.505	0.393733	-0.10E+04
1.508	0.394300	-0.10E+04
1.511	0.396333	-0.10E+04
1.514	0.395467	-0.10E+04
1.517	0.395133	-0.10E+04
1.52	0.397200	-0.10E+04
1.523	0.396300	-0.10E+04
1.526	0.396667	-0.10E+04
1.529	0.396633	-0.10E+04
1.532	0.398933	-0.10E+04
1.535	0.396300	-0.10E+04
1.538	0.395800	-0.10E+04
1.541	0.393800	-0.10E+04
1.544	0.394300	-0.10E+04
1.547	0.396467	-0.10E+04
1.55	0.397333	-0.10E+04
1.553	0.399700	-0.10E+04
1.556	0.397500	-0.10E+04
1.559	0.398433	-0.10E+04
1.562	0.401733	-0.10E+04
1.565	0.400333	-0.10E+04
1.568	0.400633	-0.10E+04
1.571	0.403433	-0.10E+04
1.574	0.404500	-0.10E+04
1.577	0.404533	-0.10E+04
1.58	0.401667	-0.10E+04
1.583	0.399933	-0.10E+04
1.586	0.400067	-0.10E+04
1.589	0.399900	-0.10E+04
1.592	0.400033	-0.10E+04
1.595	0.400400	-0.10E+04
1.598	0.399667	-0.10E+04
1.601	0.399633	-0.10E+04
1.604	0.398833	-0.10E+04
1.607	0.399167	-0.10E+04
1.61	0.399167	-0.10E+04
1.613	0.402700	-0.10E+04
1.616	0.403433	-0.10E+04
1.619	0.406567	-0.10E+04
1.622	0.406600	-0.10E+04
1.625	0.403067	-0.10E+04
1.628	0.402900	-0.10E+04
1.631	0.406267	-0.10E+04
1.634	0.405167	-0.10E+04
1.637	0.405567	-0.10E+04
1.64	0.404967	-0.10E+04
1.643	0.404267	-0.10E+04
1.646	0.406267	-0.10E+04
1.649	0.409633	-0.10E+04
1.652	0.409767	-0.10E+04
1.655	0.409900	-0.10E+04
1.658	0.410800	-0.10E+04
1.661	0.410933	-0.10E+04
1.664	0.409167	-0.10E+04
1.667	0.407700	-0.10E+04
1.67	0.408567	-0.10E+04
1.673	0.410267	-0.10E+04
1.676	0.410733	-0.10E+04
1.679	0.410033	-0.10E+04
1.682	0.408067	-0.10E+04
1.685	0.405333	-0.10E+04
1.688	0.402433	-0.10E+04
1.691	0.403267	-0.10E+04
1.694	0.408067	-0.10E+04
1.697	0.410100	-0.10E+04
1.7	0.411467	-0.10E+04
1.703	0.409700	-0.10E+04
1.706	0.408567	-0.10E+04
1.709	0.408633	-0.10E+04
1.712	0.408367	-0.10E+04
1.715	0.409867	-0.10E+04
1.718	0.408700	-0.10E+04
1.721	0.408367	-0.10E+04
1.724	0.409400	-0.10E+04
1.727	0.408100	-0.10E+04
1.73	0.409533	-0.10E+04
1.733	0.410933	-0.10E+04
1.736	0.412000	-0.10E+04
1.739	0.412367	-0.10E+04
1.742	0.414467	-0.10E+04
1.745	0.415333	-0.10E+04
1.748	0.413333	-0.10E+04
1.751	0.412467	-0.10E+04
1.754	0.411500	-0.10E+04
1.757	0.412367	-0.10E+04
1.76	0.413367	-0.10E+04
1.763	0.411700	-0.10E+04
1.766	0.413000	-0.10E+04
1.769	0.413367	-0.10E+04
1.772	0.416033	-0.10E+04
1.775	0.414633	-0.10E+04
1.778	0.412667	-0.10E+04
1.781	0.411133	-0.10E+04
1.784	0.410600	-0.10E+04
1.787	0.414267	-0.10E+04
1.79	0.415700	-0.10E+04
1.793	0.416133	-0.10E+04
1.796	0.416167	-0.10E+04
1.799	0.416333	-0.10E+04
1.802	0.417900	-0.10E+04
1.805	0.419033	-0.10E+04
1.808	0.419100	-0.10E+04
1.811	0.421333	-0.10E+04
1.814	0.422567	-0.10E+04
1.817	0.421400	-0.10E+04
1.82	0.419400	-0.10E+04
1.823	0.418733	-0.10E+04
1.826	0.418667	-0.10E+04
1.829	0.419667	-0.10E+04
1.832	0.421100	-0.10E+04
1.835	0.418267	-0.10E+04
1.838	0.419767	-0.10E+04
1.841	0.421400	-0.10E+04
1.844	0.422300	-0.10E+04
1.847	0.420933	-0.10E+04
1.85	0.421400	-0.10E+04
1.853	0.420000	-0.10E+04
1.856	0.420033	-0.10E+04
1.859	0.420500	-0.10E+04
1.862	0.420833	-0.10E+04
1.865	0.422400	-0.10E+04
1.868	0.423800	-0.10E+04
1.871	0.425800	-0.10E+04
1.874	0.426933	-0.10E+04
1.877	0.424867	-0.10E+04
1.88	0.423933	-0.10E+04
1.883	0.424933	-0.10E+04
1.886	0.426233	-0.10E+04
1.889	0.428767	-0.10E+04
1.892	0.428233	-0.10E+04
1.895	0.428300	-0.10E+04
1.898	0.426567	-0.10E+04
1.901	0.426733	-0.10E+04
1.904	0.426767	-0.10E+04
1.907	0.426100	-0.10E+04
1.91	0.426433	-0.10E+04
1.913	0.424700	-0.10E+04
1.916	0.424833	-0.10E+04
1.919	0.425567	-0.10E+04
1.922	0.427600	-0.10E+04
1.925	0.429700	-0.10E+04
1.928	0.429767	-0.10E+04
1.931	0.428500	-0.10E+04
1.934	0.428267	-0.10E+04
1.937	0.429567	-0.10E+04
1.94	0.432467	-0.10E+04
1.943	0.430667	-0.10E+04
1.946	0.431367	-0.10E+04
1.949	0.431100	-0.10E+04
1.952	0.430333	-0.10E+04
1.955	0.430800	-0.10E+04
1.958	0.430733	-0.10E+04
1.961	0.429200	-0.10E+04
1.964	0.427433	-0.10E+04
1.967	0.426033	-0.10E+04
1.97	0.428800	-0.10E+04
1.973	0.432167	-0.10E+04
1.976	0.433700	-0.10E+04
1.979	0.433767	-0.10E+04
1.982	0.434867	-0.10E+04
1.985	0.437067	-0.10E+04
1.988	0.436167	-0.10E+04
1.991	0.433133	-0.10E+04
1.994	0.430200	-0.10E+04
1.997	0.431867	-0.10E+04
2	0.432600	-0.10E+04
2.003	0.434500	-0.10E+04
2.006	0.437600	-0.10E+04
2.009	0.439333	-0.10E+04
2.012	0.440567	-0.10E+04
2.015	0.439667	-0.10E+04
2.018	0.436100	-0.10E+04
2.021	0.432700	-0.10E+04
2.024	0.434367	-0.10E+04
2.027	0.436467	-0.10E+04
2.03	0.439067	-0.10E+04
2.033	0.438933	-0.10E+04
2.036	0.437133	-0.10E+04
2.039	0.437167	-0.10E+04
2.042	0.438333	-0.10E+04
2.045	0.438767	-0.10E+04
2.048	0.438900	-0.10E+04
2.051	0.439000	-0.10E+04
2.054	0.440500	-0.10E+04
2.057	0.440767	-0.10E+04
2.06	0.441433	-0.10E+04
2.063	0.442033	-0.10E+04
2.066	0.442933	-0.10E+04
2.069	0.441800	-0.10E+04
2.072	0.443100	-0.10E+04
2.075	0.444367	-0.10E+04
2.078	0.446000	-0.10E+04
2.081	0.444333	-0.10E+04
2.084	0.445800	-0.10E+04
2.087	0.444067	-0.10E+04
2.09	0.444000	-0.10E+04
2.093	0.444867	-0.10E+04
2.096	0.444533	-0.10E+04
2.099	0.445467	-0.10E+04
2.102	0.444633	-0.10E+04
2.105	0.444267	-0.10E+04
2.108	0.444733	-0.10E+04
2.111	0.446400	-0.10E+04
2.114	0.446800	-0.10E+04
2.117	0.445400	-0.10E+04
2.12	0.444833	-0.10E+04
2.123	0.445933	-0.10E+04
2.126	0.448367	-0.10E+04
2.129	0.451367	-0.10E+04
2.132	0.451700	-0.10E+04
2.135	0.448833	-0.10E+04
2.138	0.447333	-0.10E+04
2.141	0.448667	-0.10E+04
2.144	0.448000	-0.10E+04
2.147	0.449767	-0.10E+04
2.15	0.448700	-0.10E+04
2.153	0.446300	-0.10E+04
2.156	0.443567	-0.10E+04
2.159	0.444467	-0.10E+04
2.162	0.447567	-0.10E+04
2.165	0.447100	-0.10E+04
2.168	0.446400	-0.10E+04
2.171	0.446300	-0.10E+04
2.174	0.442333	-0.10E+04
2.177	0.439133	-0.10E+04
2.18	0.442167	-0.10E+04
2.183	0.442900	-0.10E+04
2.186	0.443867	-0.10E+04
2.189	0.445833	-0.10E+04
2.192	0.445233	-0.10E+04
2.195	0.443567	-0.10E+04
2.198	0.443233	-0.10E+04
2.201	0.444867	-0.10E+04
2.204	0.445567	-0.10E+04
2.207	0.446567	-0.10E+04
2.21	0.447567	-0.10E+04
2.213	0.450100	-0.10E+04
2.216	0.449300	-0.10E+04
2.219	0.448367	-0.10E+04
2.222	0.451967	-0.10E+04
2.225	0.452067	-0.10E+04
2.228	0.452200	-0.10E+04
2.231	0.452000	-0.10E+04
2.234	0.453333	-0.10E+04
2.237	0.452967	-0.10E+04
2.24	0.455733	-0.10E+04
2.243	0.453833	-0.10E+04
2.246	0.455033	-0.10E+04
2.249	0.455933	-0.10E+04
2.252	0.455867	-0.10E+04
2.255	0.456167	-0.10E+04
2.258	0.459167	-0.10E+04
2.261	0.461500	-0.10E+04
2.264	0.461467	-0.10E+04
2.267	0.457700	-0.10E+04
2.27	0.461467	-0.10E+04
2.273	0.464200	-0.10E+04
2.276	0.465667	-0.10E+04
2.279	0.465400	-0.10E+04
2.282	0.463967	-0.10E+04
2.285	0.463500	-0.10E+04
2.288	0.462800	-0.10E+04
2.291	0.464400	-0.10E+04
2.294	0.461800	-0.10E+04
2.297	0.461200	-0.10E+04
2.3	0.462233	-0.10E+04
2.303	0.465333	-0.10E+04
2.306	0.468467	-0.10E+04
2.309	0.469567	-0.10E+04
2.312	0.469767	-0.10E+04
2.315	0.467267	-0.10E+04
2.318	0.468933	-0.10E+04
2.321	0.470367	-0.10E+04
2.324	0.473133	-0.10E+04
2.327	0.473600	-0.10E+04
2.33	0.475167	-0.10E+04
2.333	0.474567	-0.10E+04
2.336	0.474067	-0.10E+04
2.339	0.474800	-0.10E+04
2.342	0.474100	-0.10E+04
2.345	0.475067	-0.10E+04
2.348	0.475267	-0.10E+04
2.351	0.476633	-0.10E+04
2.354	0.477467	-0.10E+04
2.357	0.476367	-0.10E+04
2.36	0.476733	-0.10E+04
2.363	0.478100	-0.10E+04
2.366	0.478500	-0.10E+04
2.369	0.480033	-0.10E+04
2.372	0.478433	-0.10E+04
2.375	0.475633	-0.10E+04
2.378	0.475833	-0.10E+04
2.381	0.476267	-0.10E+04
2.384	0.474133	-0.10E+04
2.387	0.475833	-0.10E+04
2.39	0.476433	-0.10E+04
2.393	0.477567	-0.10E+04
2.396	0.478467	-0.10E+04
2.399	0.479167	-0.10E+04
2.402	0.481100	-0.10E+04
2.405	0.481400	-0.10E+04
2.408	0.481533	-0.10E+04
2.411	0.484033	-0.10E+04
2.414	0.484533	-0.10E+04
2.417	0.483500	-0.10E+04
2.42	0.483800	-0.10E+04
2.423	0.484233	-0.10E+04
2.426	0.482233	-0.10E+04
2.429	0.480467	-0.10E+04
2.432	0.480367	-0.10E+04
2.435	0.480567	-0.10E+04
2.438	0.480533	-0.10E+04
2.441	0.482467	-0.10E+04
2.444	0.484933	-0.10E+04
2.447	0.486133	-0.10E+04
2.45	0.486000	-0.10E+04
2.453	0.484500	-0.10E+04
2.456	0.482200	-0.10E+04
2.459	0.482633	-0.10E+04
2.462	0.482133	-0.10E+04
2.465	0.481133	-0.10E+04
2.468	0.479333	-0.10E+04
2.471	0.479867	-0.10E+04
2.474	0.482167	-0.10E+04
2.477	0.484700	-0.10E+04
2.48	0.487167	-0.10E+04
2.483	0.487000	-0.10E+04
2.486	0.485033	-0.10E+04
2.489	0.482800	-0.10E+04
2.492	0.482167	-0.10E+04
2.495	0.482500	-0.10E+04
2.498	0.485933	-0.10E+04
