Brown University Keck/NASA Relab Spectrum LS-JBA-201/wls513
Wavelength(micron)	Reflectance	Standard Deviation
0.35	0.129500	-0.10E+04
0.353	0.130433	-0.10E+04
0.356	0.130133	-0.10E+04
0.359	0.129567	-0.10E+04
0.362	0.129100	-0.10E+04
0.365	0.129567	-0.10E+04
0.368	0.129300	-0.10E+04
0.371	0.129400	-0.10E+04
0.374	0.129433	-0.10E+04
0.377	0.129867	-0.10E+04
0.38	0.129100	-0.10E+04
0.383	0.129200	-0.10E+04
0.386	0.129133	-0.10E+04
0.389	0.130167	-0.10E+04
0.392	0.129833	-0.10E+04
0.395	0.129167	-0.10E+04
0.398	0.129500	-0.10E+04
0.401	0.129600	-0.10E+04
0.404	0.129667	-0.10E+04
0.407	0.128967	-0.10E+04
0.41	0.128300	-0.10E+04
0.413	0.127833	-0.10E+04
0.416	0.128467	-0.10E+04
0.419	0.130100	-0.10E+04
0.422	0.131267	-0.10E+04
0.425	0.130567	-0.10E+04
0.428	0.130233	-0.10E+04
0.431	0.130533	-0.10E+04
0.434	0.129800	-0.10E+04
0.437	0.130233	-0.10E+04
0.44	0.130667	-0.10E+04
0.443	0.131067	-0.10E+04
0.446	0.130167	-0.10E+04
0.449	0.131133	-0.10E+04
0.452	0.132033	-0.10E+04
0.455	0.132700	-0.10E+04
0.458	0.133033	-0.10E+04
0.461	0.132867	-0.10E+04
0.464	0.132033	-0.10E+04
0.467	0.131200	-0.10E+04
0.47	0.131300	-0.10E+04
0.473	0.132367	-0.10E+04
0.476	0.132767	-0.10E+04
0.479	0.133267	-0.10E+04
0.482	0.133733	-0.10E+04
0.485	0.133233	-0.10E+04
0.488	0.133500	-0.10E+04
0.491	0.134300	-0.10E+04
0.494	0.134700	-0.10E+04
0.497	0.135333	-0.10E+04
0.5	0.135133	-0.10E+04
0.503	0.136300	-0.10E+04
0.506	0.136233	-0.10E+04
0.509	0.136233	-0.10E+04
0.512	0.137267	-0.10E+04
0.515	0.137533	-0.10E+04
0.518	0.136333	-0.10E+04
0.521	0.136400	-0.10E+04
0.524	0.136700	-0.10E+04
0.527	0.137900	-0.10E+04
0.53	0.139533	-0.10E+04
0.533	0.139333	-0.10E+04
0.536	0.138500	-0.10E+04
0.539	0.138800	-0.10E+04
0.542	0.138867	-0.10E+04
0.545	0.138533	-0.10E+04
0.548	0.138800	-0.10E+04
0.551	0.139867	-0.10E+04
0.554	0.140133	-0.10E+04
0.557	0.139867	-0.10E+04
0.56	0.139900	-0.10E+04
0.563	0.140867	-0.10E+04
0.566	0.141633	-0.10E+04
0.569	0.141700	-0.10E+04
0.572	0.141500	-0.10E+04
0.575	0.141200	-0.10E+04
0.578	0.140833	-0.10E+04
0.581	0.140167	-0.10E+04
0.584	0.140667	-0.10E+04
0.587	0.141333	-0.10E+04
0.59	0.140967	-0.10E+04
0.593	0.141033	-0.10E+04
0.596	0.141800	-0.10E+04
0.599	0.142367	-0.10E+04
0.602	0.142467	-0.10E+04
0.605	0.142667	-0.10E+04
0.608	0.142333	-0.10E+04
0.611	0.142500	-0.10E+04
0.614	0.144133	-0.10E+04
0.617	0.144200	-0.10E+04
0.62	0.144933	-0.10E+04
0.623	0.145067	-0.10E+04
0.626	0.146433	-0.10E+04
0.629	0.148700	-0.10E+04
0.632	0.149467	-0.10E+04
0.635	0.146700	-0.10E+04
0.638	0.143067	-0.10E+04
0.641	0.143967	-0.10E+04
0.644	0.147267	-0.10E+04
0.647	0.148667	-0.10E+04
0.65	0.148133	-0.10E+04
0.653	0.144967	-0.10E+04
0.656	0.143800	-0.10E+04
0.659	0.147833	-0.10E+04
0.662	0.149200	-0.10E+04
0.665	0.150733	-0.10E+04
0.668	0.149533	-0.10E+04
0.671	0.146200	-0.10E+04
0.674	0.147800	-0.10E+04
0.677	0.148167	-0.10E+04
0.68	0.148133	-0.10E+04
0.683	0.148500	-0.10E+04
0.686	0.149533	-0.10E+04
0.689	0.148800	-0.10E+04
0.692	0.151033	-0.10E+04
0.695	0.152100	-0.10E+04
0.698	0.154033	-0.10E+04
0.701	0.154533	-0.10E+04
0.704	0.155667	-0.10E+04
0.707	0.157033	-0.10E+04
0.71	0.156400	-0.10E+04
0.713	0.157400	-0.10E+04
0.716	0.157267	-0.10E+04
0.719	0.155133	-0.10E+04
0.722	0.150700	-0.10E+04
0.725	0.149900	-0.10E+04
0.728	0.150367	-0.10E+04
0.731	0.150467	-0.10E+04
0.734	0.153600	-0.10E+04
0.737	0.153733	-0.10E+04
0.74	0.154400	-0.10E+04
0.743	0.152433	-0.10E+04
0.746	0.148567	-0.10E+04
0.749	0.150233	-0.10E+04
0.752	0.151733	-0.10E+04
0.755	0.151633	-0.10E+04
0.758	0.150333	-0.10E+04
0.761	0.150300	-0.10E+04
0.764	0.152767	-0.10E+04
0.767	0.152400	-0.10E+04
0.77	0.153367	-0.10E+04
0.773	0.152033	-0.10E+04
0.776	0.153500	-0.10E+04
0.779	0.153700	-0.10E+04
0.782	0.154733	-0.10E+04
0.785	0.153167	-0.10E+04
0.788	0.152433	-0.10E+04
0.791	0.154833	-0.10E+04
0.794	0.158167	-0.10E+04
0.797	0.156767	-0.10E+04
0.8	0.158967	-0.10E+04
0.803	0.159600	-0.10E+04
0.806	0.160133	-0.10E+04
0.809	0.160533	-0.10E+04
0.812	0.161667	-0.10E+04
0.815	0.161667	-0.10E+04
0.818	0.160533	-0.10E+04
0.821	0.163233	-0.10E+04
0.824	0.163767	-0.10E+04
0.827	0.162900	-0.10E+04
0.83	0.160733	-0.10E+04
0.833	0.159867	-0.10E+04
0.836	0.160267	-0.10E+04
0.839	0.161567	-0.10E+04
0.842	0.163167	-0.10E+04
0.845	0.163167	-0.10E+04
0.848	0.162100	-0.10E+04
0.851	0.161833	-0.10E+04
0.854	0.160767	-0.10E+04
0.857	0.161467	-0.10E+04
0.86	0.160300	-0.10E+04
0.863	0.161633	-0.10E+04
0.866	0.163633	-0.10E+04
0.869	0.164267	-0.10E+04
0.872	0.162700	-0.10E+04
0.875	0.163200	-0.10E+04
0.878	0.163667	-0.10E+04
0.881	0.163500	-0.10E+04
0.884	0.161233	-0.10E+04
0.887	0.162200	-0.10E+04
0.89	0.161033	-0.10E+04
0.893	0.161700	-0.10E+04
0.896	0.161300	-0.10E+04
0.899	0.159267	-0.10E+04
0.902	0.158033	-0.10E+04
0.905	0.156500	-0.10E+04
0.908	0.155433	-0.10E+04
0.911	0.158233	-0.10E+04
0.914	0.160367	-0.10E+04
0.917	0.161033	-0.10E+04
0.92	0.162500	-0.10E+04
0.923	0.165067	-0.10E+04
0.926	0.163833	-0.10E+04
0.929	0.163467	-0.10E+04
0.932	0.162967	-0.10E+04
0.935	0.165533	-0.10E+04
0.938	0.165800	-0.10E+04
0.941	0.163633	-0.10E+04
0.944	0.165533	-0.10E+04
0.947	0.166533	-0.10E+04
0.95	0.163633	-0.10E+04
0.953	0.163333	-0.10E+04
0.956	0.163267	-0.10E+04
0.959	0.165333	-0.10E+04
0.962	0.161600	-0.10E+04
0.965	0.163433	-0.10E+04
0.968	0.164867	-0.10E+04
0.971	0.164400	-0.10E+04
0.974	0.163700	-0.10E+04
0.977	0.165567	-0.10E+04
0.98	0.166500	-0.10E+04
0.983	0.166633	-0.10E+04
0.986	0.163800	-0.10E+04
0.989	0.164567	-0.10E+04
0.992	0.165967	-0.10E+04
0.995	0.166067	-0.10E+04
0.998	0.165933	-0.10E+04
1.001	0.166500	-0.10E+04
1.004	0.165233	-0.10E+04
1.007	0.163700	-0.10E+04
1.01	0.163567	-0.10E+04
1.013	0.164533	-0.10E+04
1.016	0.165133	-0.10E+04
1.019	0.168067	-0.10E+04
1.022	0.170267	-0.10E+04
1.025	0.170533	-0.10E+04
1.028	0.169100	-0.10E+04
1.031	0.171167	-0.10E+04
1.034	0.169500	-0.10E+04
1.037	0.168033	-0.10E+04
1.04	0.169767	-0.10E+04
1.043	0.172333	-0.10E+04
1.046	0.172267	-0.10E+04
1.049	0.170067	-0.10E+04
1.052	0.170933	-0.10E+04
1.055	0.172200	-0.10E+04
1.058	0.174800	-0.10E+04
1.061	0.173500	-0.10E+04
1.064	0.173433	-0.10E+04
1.067	0.173567	-0.10E+04
1.07	0.173133	-0.10E+04
1.073	0.173200	-0.10E+04
1.076	0.172033	-0.10E+04
1.079	0.173967	-0.10E+04
1.082	0.174467	-0.10E+04
1.085	0.176767	-0.10E+04
1.088	0.175467	-0.10E+04
1.091	0.174367	-0.10E+04
1.094	0.174267	-0.10E+04
1.097	0.175067	-0.10E+04
1.1	0.177700	-0.10E+04
1.103	0.179133	-0.10E+04
1.106	0.177633	-0.10E+04
1.109	0.178067	-0.10E+04
1.112	0.176500	-0.10E+04
1.115	0.174900	-0.10E+04
1.118	0.175933	-0.10E+04
1.121	0.176733	-0.10E+04
1.124	0.176367	-0.10E+04
1.127	0.177700	-0.10E+04
1.13	0.177867	-0.10E+04
1.133	0.178533	-0.10E+04
1.136	0.179833	-0.10E+04
1.139	0.178333	-0.10E+04
1.142	0.178167	-0.10E+04
1.145	0.176800	-0.10E+04
1.148	0.177367	-0.10E+04
1.151	0.180633	-0.10E+04
1.154	0.180200	-0.10E+04
1.157	0.180300	-0.10E+04
1.16	0.180533	-0.10E+04
1.163	0.181200	-0.10E+04
1.166	0.180200	-0.10E+04
1.169	0.179700	-0.10E+04
1.172	0.180767	-0.10E+04
1.175	0.181433	-0.10E+04
1.178	0.180633	-0.10E+04
1.181	0.184033	-0.10E+04
1.184	0.185900	-0.10E+04
1.187	0.184967	-0.10E+04
1.19	0.182933	-0.10E+04
1.193	0.180533	-0.10E+04
1.196	0.180900	-0.10E+04
1.199	0.182033	-0.10E+04
1.202	0.182367	-0.10E+04
1.205	0.182600	-0.10E+04
1.208	0.180900	-0.10E+04
1.211	0.183000	-0.10E+04
1.214	0.183633	-0.10E+04
1.217	0.183467	-0.10E+04
1.22	0.184967	-0.10E+04
1.223	0.185567	-0.10E+04
1.226	0.185933	-0.10E+04
1.229	0.186767	-0.10E+04
1.232	0.188200	-0.10E+04
1.235	0.189067	-0.10E+04
1.238	0.188800	-0.10E+04
1.241	0.190467	-0.10E+04
1.244	0.191333	-0.10E+04
1.247	0.192400	-0.10E+04
1.25	0.193100	-0.10E+04
1.253	0.191200	-0.10E+04
1.256	0.189933	-0.10E+04
1.259	0.193000	-0.10E+04
1.262	0.191667	-0.10E+04
1.265	0.191267	-0.10E+04
1.268	0.191133	-0.10E+04
1.271	0.191567	-0.10E+04
1.274	0.191500	-0.10E+04
1.277	0.191933	-0.10E+04
1.28	0.192500	-0.10E+04
1.283	0.193267	-0.10E+04
1.286	0.191433	-0.10E+04
1.289	0.190900	-0.10E+04
1.292	0.190567	-0.10E+04
1.295	0.190300	-0.10E+04
1.298	0.191133	-0.10E+04
1.301	0.189933	-0.10E+04
1.304	0.189033	-0.10E+04
1.307	0.191467	-0.10E+04
1.31	0.193500	-0.10E+04
1.313	0.193200	-0.10E+04
1.316	0.192833	-0.10E+04
1.319	0.191633	-0.10E+04
1.322	0.190100	-0.10E+04
1.325	0.192633	-0.10E+04
1.328	0.196333	-0.10E+04
1.331	0.196467	-0.10E+04
1.334	0.197333	-0.10E+04
1.337	0.198700	-0.10E+04
1.34	0.195233	-0.10E+04
1.343	0.195333	-0.10E+04
1.346	0.194100	-0.10E+04
1.349	0.195533	-0.10E+04
1.352	0.197767	-0.10E+04
1.355	0.197100	-0.10E+04
1.358	0.198067	-0.10E+04
1.361	0.198567	-0.10E+04
1.364	0.198600	-0.10E+04
1.367	0.199333	-0.10E+04
1.37	0.197767	-0.10E+04
1.373	0.197267	-0.10E+04
1.376	0.198100	-0.10E+04
1.379	0.197567	-0.10E+04
1.382	0.197200	-0.10E+04
1.385	0.197933	-0.10E+04
1.388	0.200967	-0.10E+04
1.391	0.201100	-0.10E+04
1.394	0.200233	-0.10E+04
1.397	0.200933	-0.10E+04
1.4	0.199967	-0.10E+04
1.403	0.200500	-0.10E+04
1.406	0.203167	-0.10E+04
1.409	0.204767	-0.10E+04
1.412	0.204667	-0.10E+04
1.415	0.204067	-0.10E+04
1.418	0.203433	-0.10E+04
1.421	0.203667	-0.10E+04
1.424	0.206167	-0.10E+04
1.427	0.204467	-0.10E+04
1.43	0.203533	-0.10E+04
1.433	0.203000	-0.10E+04
1.436	0.201733	-0.10E+04
1.439	0.203300	-0.10E+04
1.442	0.204100	-0.10E+04
1.445	0.203267	-0.10E+04
1.448	0.204633	-0.10E+04
1.451	0.203533	-0.10E+04
1.454	0.203100	-0.10E+04
1.457	0.204000	-0.10E+04
1.46	0.206167	-0.10E+04
1.463	0.206567	-0.10E+04
1.466	0.207167	-0.10E+04
1.469	0.207767	-0.10E+04
1.472	0.208800	-0.10E+04
1.475	0.208667	-0.10E+04
1.478	0.206433	-0.10E+04
1.481	0.207000	-0.10E+04
1.484	0.207700	-0.10E+04
1.487	0.209767	-0.10E+04
1.49	0.211600	-0.10E+04
1.493	0.210467	-0.10E+04
1.496	0.210633	-0.10E+04
1.499	0.210200	-0.10E+04
1.502	0.209400	-0.10E+04
1.505	0.210067	-0.10E+04
1.508	0.211467	-0.10E+04
1.511	0.213800	-0.10E+04
1.514	0.214900	-0.10E+04
1.517	0.215033	-0.10E+04
1.52	0.213633	-0.10E+04
1.523	0.214067	-0.10E+04
1.526	0.212533	-0.10E+04
1.529	0.211633	-0.10E+04
1.532	0.211167	-0.10E+04
1.535	0.211567	-0.10E+04
1.538	0.213200	-0.10E+04
1.541	0.214067	-0.10E+04
1.544	0.213667	-0.10E+04
1.547	0.214333	-0.10E+04
1.55	0.214267	-0.10E+04
1.553	0.214467	-0.10E+04
1.556	0.213767	-0.10E+04
1.559	0.216000	-0.10E+04
1.562	0.215600	-0.10E+04
1.565	0.215767	-0.10E+04
1.568	0.216867	-0.10E+04
1.571	0.215033	-0.10E+04
1.574	0.215600	-0.10E+04
1.577	0.217800	-0.10E+04
1.58	0.218100	-0.10E+04
1.583	0.216300	-0.10E+04
1.586	0.214867	-0.10E+04
1.589	0.217033	-0.10E+04
1.592	0.218533	-0.10E+04
1.595	0.217233	-0.10E+04
1.598	0.217967	-0.10E+04
1.601	0.215967	-0.10E+04
1.604	0.215033	-0.10E+04
1.607	0.215633	-0.10E+04
1.61	0.216867	-0.10E+04
1.613	0.219900	-0.10E+04
1.616	0.219833	-0.10E+04
1.619	0.219800	-0.10E+04
1.622	0.220267	-0.10E+04
1.625	0.219033	-0.10E+04
1.628	0.218433	-0.10E+04
1.631	0.217467	-0.10E+04
1.634	0.218400	-0.10E+04
1.637	0.217200	-0.10E+04
1.64	0.217700	-0.10E+04
1.643	0.218833	-0.10E+04
1.646	0.221600	-0.10E+04
1.649	0.221433	-0.10E+04
1.652	0.220733	-0.10E+04
1.655	0.220167	-0.10E+04
1.658	0.219667	-0.10E+04
1.661	0.220333	-0.10E+04
1.664	0.221567	-0.10E+04
1.667	0.220333	-0.10E+04
1.67	0.220533	-0.10E+04
1.673	0.221867	-0.10E+04
1.676	0.223267	-0.10E+04
1.679	0.223033	-0.10E+04
1.682	0.221500	-0.10E+04
1.685	0.222300	-0.10E+04
1.688	0.223300	-0.10E+04
1.691	0.222733	-0.10E+04
1.694	0.222167	-0.10E+04
1.697	0.220933	-0.10E+04
1.7	0.222767	-0.10E+04
1.703	0.225100	-0.10E+04
1.706	0.224900	-0.10E+04
1.709	0.225267	-0.10E+04
1.712	0.225567	-0.10E+04
1.715	0.226467	-0.10E+04
1.718	0.224300	-0.10E+04
1.721	0.223900	-0.10E+04
1.724	0.227067	-0.10E+04
1.727	0.226867	-0.10E+04
1.73	0.224567	-0.10E+04
1.733	0.224767	-0.10E+04
1.736	0.224067	-0.10E+04
1.739	0.224867	-0.10E+04
1.742	0.224100	-0.10E+04
1.745	0.222967	-0.10E+04
1.748	0.225567	-0.10E+04
1.751	0.227000	-0.10E+04
1.754	0.228433	-0.10E+04
1.757	0.227333	-0.10E+04
1.76	0.226233	-0.10E+04
1.763	0.226833	-0.10E+04
1.766	0.228667	-0.10E+04
1.769	0.228933	-0.10E+04
1.772	0.226467	-0.10E+04
1.775	0.226067	-0.10E+04
1.778	0.226167	-0.10E+04
1.781	0.225100	-0.10E+04
1.784	0.225600	-0.10E+04
1.787	0.226533	-0.10E+04
1.79	0.227167	-0.10E+04
1.793	0.229367	-0.10E+04
1.796	0.228467	-0.10E+04
1.799	0.228200	-0.10E+04
1.802	0.229167	-0.10E+04
1.805	0.229533	-0.10E+04
1.808	0.230000	-0.10E+04
1.811	0.230467	-0.10E+04
1.814	0.230800	-0.10E+04
1.817	0.231367	-0.10E+04
1.82	0.231500	-0.10E+04
1.823	0.233667	-0.10E+04
1.826	0.234167	-0.10E+04
1.829	0.233067	-0.10E+04
1.832	0.231700	-0.10E+04
1.835	0.231833	-0.10E+04
1.838	0.231233	-0.10E+04
1.841	0.231500	-0.10E+04
1.844	0.231600	-0.10E+04
1.847	0.232000	-0.10E+04
1.85	0.233600	-0.10E+04
1.853	0.232333	-0.10E+04
1.856	0.232867	-0.10E+04
1.859	0.233633	-0.10E+04
1.862	0.236000	-0.10E+04
1.865	0.235000	-0.10E+04
1.868	0.236733	-0.10E+04
1.871	0.235033	-0.10E+04
1.874	0.234733	-0.10E+04
1.877	0.235333	-0.10E+04
1.88	0.234400	-0.10E+04
1.883	0.235433	-0.10E+04
1.886	0.237133	-0.10E+04
1.889	0.236767	-0.10E+04
1.892	0.236033	-0.10E+04
1.895	0.236633	-0.10E+04
1.898	0.233867	-0.10E+04
1.901	0.233967	-0.10E+04
1.904	0.235133	-0.10E+04
1.907	0.236567	-0.10E+04
1.91	0.236667	-0.10E+04
1.913	0.238100	-0.10E+04
1.916	0.239967	-0.10E+04
1.919	0.241767	-0.10E+04
1.922	0.242133	-0.10E+04
1.925	0.240900	-0.10E+04
1.928	0.239633	-0.10E+04
1.931	0.239667	-0.10E+04
1.934	0.238800	-0.10E+04
1.937	0.239400	-0.10E+04
1.94	0.239167	-0.10E+04
1.943	0.240267	-0.10E+04
1.946	0.240233	-0.10E+04
1.949	0.240233	-0.10E+04
1.952	0.240167	-0.10E+04
1.955	0.241567	-0.10E+04
1.958	0.241333	-0.10E+04
1.961	0.240033	-0.10E+04
1.964	0.241300	-0.10E+04
1.967	0.243433	-0.10E+04
1.97	0.243600	-0.10E+04
1.973	0.244967	-0.10E+04
1.976	0.245733	-0.10E+04
1.979	0.246800	-0.10E+04
1.982	0.245100	-0.10E+04
1.985	0.244733	-0.10E+04
1.988	0.244267	-0.10E+04
1.991	0.244033	-0.10E+04
1.994	0.245300	-0.10E+04
1.997	0.247300	-0.10E+04
2	0.248600	-0.10E+04
2.003	0.247833	-0.10E+04
2.006	0.247200	-0.10E+04
2.009	0.247133	-0.10E+04
2.012	0.246533	-0.10E+04
2.015	0.243267	-0.10E+04
2.018	0.243667	-0.10E+04
2.021	0.244067	-0.10E+04
2.024	0.244533	-0.10E+04
2.027	0.247033	-0.10E+04
2.03	0.248633	-0.10E+04
2.033	0.247100	-0.10E+04
2.036	0.246367	-0.10E+04
2.039	0.247300	-0.10E+04
2.042	0.245867	-0.10E+04
2.045	0.246400	-0.10E+04
2.048	0.247467	-0.10E+04
2.051	0.248433	-0.10E+04
2.054	0.251500	-0.10E+04
2.057	0.252400	-0.10E+04
2.06	0.251967	-0.10E+04
2.063	0.250933	-0.10E+04
2.066	0.250067	-0.10E+04
2.069	0.250700	-0.10E+04
2.072	0.252300	-0.10E+04
2.075	0.252967	-0.10E+04
2.078	0.253600	-0.10E+04
2.081	0.254500	-0.10E+04
2.084	0.254200	-0.10E+04
2.087	0.253333	-0.10E+04
2.09	0.253167	-0.10E+04
2.093	0.253000	-0.10E+04
2.096	0.254467	-0.10E+04
2.099	0.256000	-0.10E+04
2.102	0.253467	-0.10E+04
2.105	0.253167	-0.10E+04
2.108	0.253967	-0.10E+04
2.111	0.255600	-0.10E+04
2.114	0.254100	-0.10E+04
2.117	0.251900	-0.10E+04
2.12	0.252800	-0.10E+04
2.123	0.255600	-0.10E+04
2.126	0.256433	-0.10E+04
2.129	0.256833	-0.10E+04
2.132	0.258067	-0.10E+04
2.135	0.258833	-0.10E+04
2.138	0.258600	-0.10E+04
2.141	0.258267	-0.10E+04
2.144	0.255933	-0.10E+04
2.147	0.256733	-0.10E+04
2.15	0.256833	-0.10E+04
2.153	0.255067	-0.10E+04
2.156	0.255633	-0.10E+04
2.159	0.257167	-0.10E+04
2.162	0.257967	-0.10E+04
2.165	0.258000	-0.10E+04
2.168	0.258900	-0.10E+04
2.171	0.258767	-0.10E+04
2.174	0.257767	-0.10E+04
2.177	0.259433	-0.10E+04
2.18	0.258700	-0.10E+04
2.183	0.260133	-0.10E+04
2.186	0.259867	-0.10E+04
2.189	0.260900	-0.10E+04
2.192	0.259867	-0.10E+04
2.195	0.261067	-0.10E+04
2.198	0.260700	-0.10E+04
2.201	0.261833	-0.10E+04
2.204	0.260767	-0.10E+04
2.207	0.261233	-0.10E+04
2.21	0.259700	-0.10E+04
2.213	0.260267	-0.10E+04
2.216	0.261933	-0.10E+04
2.219	0.263833	-0.10E+04
2.222	0.266833	-0.10E+04
2.225	0.266533	-0.10E+04
2.228	0.264067	-0.10E+04
2.231	0.266333	-0.10E+04
2.234	0.269000	-0.10E+04
2.237	0.268600	-0.10E+04
2.24	0.266300	-0.10E+04
2.243	0.266533	-0.10E+04
2.246	0.267867	-0.10E+04
2.249	0.267367	-0.10E+04
2.252	0.265833	-0.10E+04
2.255	0.265233	-0.10E+04
2.258	0.267400	-0.10E+04
2.261	0.270567	-0.10E+04
2.264	0.270867	-0.10E+04
2.267	0.268667	-0.10E+04
2.27	0.266900	-0.10E+04
2.273	0.268100	-0.10E+04
2.276	0.267367	-0.10E+04
2.279	0.266467	-0.10E+04
2.282	0.267933	-0.10E+04
2.285	0.269200	-0.10E+04
2.288	0.268900	-0.10E+04
2.291	0.267467	-0.10E+04
2.294	0.266333	-0.10E+04
2.297	0.267600	-0.10E+04
2.3	0.268100	-0.10E+04
2.303	0.271667	-0.10E+04
2.306	0.273667	-0.10E+04
2.309	0.274700	-0.10E+04
2.312	0.274633	-0.10E+04
2.315	0.272833	-0.10E+04
2.318	0.270300	-0.10E+04
2.321	0.270433	-0.10E+04
2.324	0.273700	-0.10E+04
2.327	0.273200	-0.10E+04
2.33	0.270567	-0.10E+04
2.333	0.269967	-0.10E+04
2.336	0.270333	-0.10E+04
2.339	0.271100	-0.10E+04
2.342	0.273267	-0.10E+04
2.345	0.274333	-0.10E+04
2.348	0.273933	-0.10E+04
2.351	0.273900	-0.10E+04
2.354	0.274300	-0.10E+04
2.357	0.276033	-0.10E+04
2.36	0.276167	-0.10E+04
2.363	0.274800	-0.10E+04
2.366	0.274167	-0.10E+04
2.369	0.275367	-0.10E+04
2.372	0.276000	-0.10E+04
2.375	0.275133	-0.10E+04
2.378	0.277200	-0.10E+04
2.381	0.279700	-0.10E+04
2.384	0.277900	-0.10E+04
2.387	0.278567	-0.10E+04
2.39	0.278600	-0.10E+04
2.393	0.279800	-0.10E+04
2.396	0.277967	-0.10E+04
2.399	0.277067	-0.10E+04
2.402	0.277367	-0.10E+04
2.405	0.278600	-0.10E+04
2.408	0.279433	-0.10E+04
2.411	0.279400	-0.10E+04
2.414	0.279033	-0.10E+04
2.417	0.278333	-0.10E+04
2.42	0.277733	-0.10E+04
2.423	0.279933	-0.10E+04
2.426	0.280733	-0.10E+04
2.429	0.279267	-0.10E+04
2.432	0.280533	-0.10E+04
2.435	0.281433	-0.10E+04
2.438	0.281867	-0.10E+04
2.441	0.283867	-0.10E+04
2.444	0.285500	-0.10E+04
2.447	0.284333	-0.10E+04
2.45	0.283233	-0.10E+04
2.453	0.286067	-0.10E+04
2.456	0.287867	-0.10E+04
2.459	0.285433	-0.10E+04
2.462	0.284767	-0.10E+04
2.465	0.283133	-0.10E+04
2.468	0.282800	-0.10E+04
2.471	0.283000	-0.10E+04
2.474	0.284667	-0.10E+04
2.477	0.287467	-0.10E+04
2.48	0.287400	-0.10E+04
2.483	0.287200	-0.10E+04
2.486	0.288000	-0.10E+04
2.489	0.288967	-0.10E+04
2.492	0.290067	-0.10E+04
2.495	0.291200	-0.10E+04
2.498	0.289867	-0.10E+04
