Brown University Keck/NASA Relab Spectrum LS-JBA-167-N1/wls507
Wavelength(micron)	Reflectance	Standard Deviation
0.35	0.192633	-0.10E+04
0.353	0.192667	-0.10E+04
0.356	0.193400	-0.10E+04
0.359	0.194100	-0.10E+04
0.362	0.195567	-0.10E+04
0.365	0.195700	-0.10E+04
0.368	0.195967	-0.10E+04
0.371	0.196400	-0.10E+04
0.374	0.196833	-0.10E+04
0.377	0.198433	-0.10E+04
0.38	0.199367	-0.10E+04
0.383	0.199767	-0.10E+04
0.386	0.199667	-0.10E+04
0.389	0.201700	-0.10E+04
0.392	0.202767	-0.10E+04
0.395	0.203000	-0.10E+04
0.398	0.202500	-0.10E+04
0.401	0.203267	-0.10E+04
0.404	0.204033	-0.10E+04
0.407	0.203467	-0.10E+04
0.41	0.203833	-0.10E+04
0.413	0.205600	-0.10E+04
0.416	0.206600	-0.10E+04
0.419	0.209167	-0.10E+04
0.422	0.209667	-0.10E+04
0.425	0.208667	-0.10E+04
0.428	0.208800	-0.10E+04
0.431	0.209000	-0.10E+04
0.434	0.210767	-0.10E+04
0.437	0.212600	-0.10E+04
0.44	0.213167	-0.10E+04
0.443	0.213933	-0.10E+04
0.446	0.215233	-0.10E+04
0.449	0.216400	-0.10E+04
0.452	0.217600	-0.10E+04
0.455	0.218000	-0.10E+04
0.458	0.217800	-0.10E+04
0.461	0.218900	-0.10E+04
0.464	0.220700	-0.10E+04
0.467	0.222000	-0.10E+04
0.47	0.223033	-0.10E+04
0.473	0.224067	-0.10E+04
0.476	0.225233	-0.10E+04
0.479	0.224867	-0.10E+04
0.482	0.225400	-0.10E+04
0.485	0.225867	-0.10E+04
0.488	0.227800	-0.10E+04
0.491	0.229600	-0.10E+04
0.494	0.230400	-0.10E+04
0.497	0.230367	-0.10E+04
0.5	0.231267	-0.10E+04
0.503	0.231667	-0.10E+04
0.506	0.232333	-0.10E+04
0.509	0.232067	-0.10E+04
0.512	0.233067	-0.10E+04
0.515	0.235500	-0.10E+04
0.518	0.235667	-0.10E+04
0.521	0.237133	-0.10E+04
0.524	0.238267	-0.10E+04
0.527	0.238867	-0.10E+04
0.53	0.238900	-0.10E+04
0.533	0.239033	-0.10E+04
0.536	0.239967	-0.10E+04
0.539	0.242200	-0.10E+04
0.542	0.242367	-0.10E+04
0.545	0.243000	-0.10E+04
0.548	0.242900	-0.10E+04
0.551	0.245533	-0.10E+04
0.554	0.246367	-0.10E+04
0.557	0.247767	-0.10E+04
0.56	0.247700	-0.10E+04
0.563	0.247667	-0.10E+04
0.566	0.248033	-0.10E+04
0.569	0.249700	-0.10E+04
0.572	0.251467	-0.10E+04
0.575	0.252667	-0.10E+04
0.578	0.254000	-0.10E+04
0.581	0.254200	-0.10E+04
0.584	0.254133	-0.10E+04
0.587	0.254900	-0.10E+04
0.59	0.255033	-0.10E+04
0.593	0.255133	-0.10E+04
0.596	0.255133	-0.10E+04
0.599	0.257267	-0.10E+04
0.602	0.258233	-0.10E+04
0.605	0.259733	-0.10E+04
0.608	0.260367	-0.10E+04
0.611	0.260600	-0.10E+04
0.614	0.262667	-0.10E+04
0.617	0.262967	-0.10E+04
0.62	0.263667	-0.10E+04
0.623	0.264033	-0.10E+04
0.626	0.263833	-0.10E+04
0.629	0.264067	-0.10E+04
0.632	0.263900	-0.10E+04
0.635	0.263167	-0.10E+04
0.638	0.266333	-0.10E+04
0.641	0.266967	-0.10E+04
0.644	0.265133	-0.10E+04
0.647	0.266600	-0.10E+04
0.65	0.267333	-0.10E+04
0.653	0.267967	-0.10E+04
0.656	0.267267	-0.10E+04
0.659	0.270033	-0.10E+04
0.662	0.270633	-0.10E+04
0.665	0.271033	-0.10E+04
0.668	0.271767	-0.10E+04
0.671	0.272900	-0.10E+04
0.674	0.274367	-0.10E+04
0.677	0.275333	-0.10E+04
0.68	0.276533	-0.10E+04
0.683	0.278667	-0.10E+04
0.686	0.277733	-0.10E+04
0.689	0.275200	-0.10E+04
0.692	0.275233	-0.10E+04
0.695	0.276200	-0.10E+04
0.698	0.279200	-0.10E+04
0.701	0.279700	-0.10E+04
0.704	0.280833	-0.10E+04
0.707	0.282733	-0.10E+04
0.71	0.283300	-0.10E+04
0.713	0.283300	-0.10E+04
0.716	0.282100	-0.10E+04
0.719	0.283333	-0.10E+04
0.722	0.285500	-0.10E+04
0.725	0.284967	-0.10E+04
0.728	0.287767	-0.10E+04
0.731	0.290800	-0.10E+04
0.734	0.290300	-0.10E+04
0.737	0.289233	-0.10E+04
0.74	0.285433	-0.10E+04
0.743	0.284733	-0.10E+04
0.746	0.290400	-0.10E+04
0.749	0.289233	-0.10E+04
0.752	0.288067	-0.10E+04
0.755	0.288700	-0.10E+04
0.758	0.289500	-0.10E+04
0.761	0.290800	-0.10E+04
0.764	0.293067	-0.10E+04
0.767	0.294333	-0.10E+04
0.77	0.293233	-0.10E+04
0.773	0.294300	-0.10E+04
0.776	0.294467	-0.10E+04
0.779	0.294633	-0.10E+04
0.782	0.293567	-0.10E+04
0.785	0.298500	-0.10E+04
0.788	0.302600	-0.10E+04
0.791	0.304567	-0.10E+04
0.794	0.305633	-0.10E+04
0.797	0.305600	-0.10E+04
0.8	0.305333	-0.10E+04
0.803	0.302767	-0.10E+04
0.806	0.302100	-0.10E+04
0.809	0.302300	-0.10E+04
0.812	0.304367	-0.10E+04
0.815	0.306067	-0.10E+04
0.818	0.305833	-0.10E+04
0.821	0.305100	-0.10E+04
0.824	0.304900	-0.10E+04
0.827	0.303700	-0.10E+04
0.83	0.302067	-0.10E+04
0.833	0.301833	-0.10E+04
0.836	0.300667	-0.10E+04
0.839	0.300467	-0.10E+04
0.842	0.301900	-0.10E+04
0.845	0.304667	-0.10E+04
0.848	0.305867	-0.10E+04
0.851	0.303800	-0.10E+04
0.854	0.305700	-0.10E+04
0.857	0.308500	-0.10E+04
0.86	0.308967	-0.10E+04
0.863	0.308233	-0.10E+04
0.866	0.304300	-0.10E+04
0.869	0.305700	-0.10E+04
0.872	0.306067	-0.10E+04
0.875	0.304667	-0.10E+04
0.878	0.307400	-0.10E+04
0.881	0.310000	-0.10E+04
0.884	0.314933	-0.10E+04
0.887	0.314367	-0.10E+04
0.89	0.310900	-0.10E+04
0.893	0.308667	-0.10E+04
0.896	0.310000	-0.10E+04
0.899	0.310833	-0.10E+04
0.902	0.312567	-0.10E+04
0.905	0.311367	-0.10E+04
0.908	0.312800	-0.10E+04
0.911	0.314467	-0.10E+04
0.914	0.315767	-0.10E+04
0.917	0.314733	-0.10E+04
0.92	0.318767	-0.10E+04
0.923	0.321467	-0.10E+04
0.926	0.319000	-0.10E+04
0.929	0.321300	-0.10E+04
0.932	0.320667	-0.10E+04
0.935	0.324167	-0.10E+04
0.938	0.324500	-0.10E+04
0.941	0.323567	-0.10E+04
0.944	0.325900	-0.10E+04
0.947	0.324267	-0.10E+04
0.95	0.321467	-0.10E+04
0.953	0.321900	-0.10E+04
0.956	0.323367	-0.10E+04
0.959	0.325567	-0.10E+04
0.962	0.327200	-0.10E+04
0.965	0.326100	-0.10E+04
0.968	0.323267	-0.10E+04
0.971	0.322667	-0.10E+04
0.974	0.324200	-0.10E+04
0.977	0.323033	-0.10E+04
0.98	0.323900	-0.10E+04
0.983	0.323467	-0.10E+04
0.986	0.323433	-0.10E+04
0.989	0.325200	-0.10E+04
0.992	0.327967	-0.10E+04
0.995	0.330400	-0.10E+04
0.998	0.329767	-0.10E+04
1.001	0.331067	-0.10E+04
1.004	0.332000	-0.10E+04
1.007	0.331500	-0.10E+04
1.01	0.332667	-0.10E+04
1.013	0.330533	-0.10E+04
1.016	0.330333	-0.10E+04
1.019	0.329867	-0.10E+04
1.022	0.332433	-0.10E+04
1.025	0.333867	-0.10E+04
1.028	0.333433	-0.10E+04
1.031	0.336767	-0.10E+04
1.034	0.341067	-0.10E+04
1.037	0.342467	-0.10E+04
1.04	0.340867	-0.10E+04
1.043	0.341033	-0.10E+04
1.046	0.343800	-0.10E+04
1.049	0.342333	-0.10E+04
1.052	0.341400	-0.10E+04
1.055	0.343000	-0.10E+04
1.058	0.343667	-0.10E+04
1.061	0.345100	-0.10E+04
1.064	0.344967	-0.10E+04
1.067	0.342900	-0.10E+04
1.07	0.343367	-0.10E+04
1.073	0.345133	-0.10E+04
1.076	0.345533	-0.10E+04
1.079	0.345367	-0.10E+04
1.082	0.345567	-0.10E+04
1.085	0.343367	-0.10E+04
1.088	0.344000	-0.10E+04
1.091	0.346900	-0.10E+04
1.094	0.346033	-0.10E+04
1.097	0.347333	-0.10E+04
1.1	0.348800	-0.10E+04
1.103	0.348400	-0.10E+04
1.106	0.346767	-0.10E+04
1.109	0.345567	-0.10E+04
1.112	0.348700	-0.10E+04
1.115	0.351333	-0.10E+04
1.118	0.351033	-0.10E+04
1.121	0.354367	-0.10E+04
1.124	0.352933	-0.10E+04
1.127	0.351700	-0.10E+04
1.13	0.356400	-0.10E+04
1.133	0.357633	-0.10E+04
1.136	0.357000	-0.10E+04
1.139	0.356333	-0.10E+04
1.142	0.356667	-0.10E+04
1.145	0.355767	-0.10E+04
1.148	0.356433	-0.10E+04
1.151	0.358433	-0.10E+04
1.154	0.358500	-0.10E+04
1.157	0.360533	-0.10E+04
1.16	0.359300	-0.10E+04
1.163	0.358567	-0.10E+04
1.166	0.357400	-0.10E+04
1.169	0.357033	-0.10E+04
1.172	0.358333	-0.10E+04
1.175	0.359367	-0.10E+04
1.178	0.362033	-0.10E+04
1.181	0.361200	-0.10E+04
1.184	0.360267	-0.10E+04
1.187	0.361133	-0.10E+04
1.19	0.360767	-0.10E+04
1.193	0.363100	-0.10E+04
1.196	0.364667	-0.10E+04
1.199	0.365900	-0.10E+04
1.202	0.366200	-0.10E+04
1.205	0.364367	-0.10E+04
1.208	0.363200	-0.10E+04
1.211	0.365467	-0.10E+04
1.214	0.366733	-0.10E+04
1.217	0.367900	-0.10E+04
1.22	0.369267	-0.10E+04
1.223	0.370933	-0.10E+04
1.226	0.369400	-0.10E+04
1.229	0.370667	-0.10E+04
1.232	0.371667	-0.10E+04
1.235	0.373200	-0.10E+04
1.238	0.374533	-0.10E+04
1.241	0.373900	-0.10E+04
1.244	0.373267	-0.10E+04
1.247	0.373900	-0.10E+04
1.25	0.374000	-0.10E+04
1.253	0.373333	-0.10E+04
1.256	0.371767	-0.10E+04
1.259	0.372067	-0.10E+04
1.262	0.371800	-0.10E+04
1.265	0.372233	-0.10E+04
1.268	0.373633	-0.10E+04
1.271	0.373733	-0.10E+04
1.274	0.374867	-0.10E+04
1.277	0.374133	-0.10E+04
1.28	0.372633	-0.10E+04
1.283	0.374767	-0.10E+04
1.286	0.376167	-0.10E+04
1.289	0.378467	-0.10E+04
1.292	0.377367	-0.10E+04
1.295	0.377700	-0.10E+04
1.298	0.379367	-0.10E+04
1.301	0.381000	-0.10E+04
1.304	0.382367	-0.10E+04
1.307	0.382633	-0.10E+04
1.31	0.381567	-0.10E+04
1.313	0.382700	-0.10E+04
1.316	0.384200	-0.10E+04
1.319	0.385400	-0.10E+04
1.322	0.382933	-0.10E+04
1.325	0.382500	-0.10E+04
1.328	0.383733	-0.10E+04
1.331	0.383400	-0.10E+04
1.334	0.384500	-0.10E+04
1.337	0.383667	-0.10E+04
1.34	0.384167	-0.10E+04
1.343	0.386733	-0.10E+04
1.346	0.387767	-0.10E+04
1.349	0.388867	-0.10E+04
1.352	0.387567	-0.10E+04
1.355	0.390300	-0.10E+04
1.358	0.392233	-0.10E+04
1.361	0.392000	-0.10E+04
1.364	0.391133	-0.10E+04
1.367	0.387800	-0.10E+04
1.37	0.388467	-0.10E+04
1.373	0.388733	-0.10E+04
1.376	0.391167	-0.10E+04
1.379	0.393100	-0.10E+04
1.382	0.392900	-0.10E+04
1.385	0.391967	-0.10E+04
1.388	0.391500	-0.10E+04
1.391	0.394667	-0.10E+04
1.394	0.393933	-0.10E+04
1.397	0.394600	-0.10E+04
1.4	0.397867	-0.10E+04
1.403	0.399700	-0.10E+04
1.406	0.399167	-0.10E+04
1.409	0.400800	-0.10E+04
1.412	0.398467	-0.10E+04
1.415	0.398167	-0.10E+04
1.418	0.398433	-0.10E+04
1.421	0.399567	-0.10E+04
1.424	0.399633	-0.10E+04
1.427	0.397967	-0.10E+04
1.43	0.398200	-0.10E+04
1.433	0.400667	-0.10E+04
1.436	0.403500	-0.10E+04
1.439	0.406967	-0.10E+04
1.442	0.404633	-0.10E+04
1.445	0.402267	-0.10E+04
1.448	0.401333	-0.10E+04
1.451	0.401500	-0.10E+04
1.454	0.406333	-0.10E+04
1.457	0.408367	-0.10E+04
1.46	0.409767	-0.10E+04
1.463	0.409733	-0.10E+04
1.466	0.409667	-0.10E+04
1.469	0.409833	-0.10E+04
1.472	0.409967	-0.10E+04
1.475	0.411667	-0.10E+04
1.478	0.408667	-0.10E+04
1.481	0.408667	-0.10E+04
1.484	0.410167	-0.10E+04
1.487	0.410933	-0.10E+04
1.49	0.411933	-0.10E+04
1.493	0.410933	-0.10E+04
1.496	0.411567	-0.10E+04
1.499	0.411767	-0.10E+04
1.502	0.412033	-0.10E+04
1.505	0.412867	-0.10E+04
1.508	0.411367	-0.10E+04
1.511	0.412300	-0.10E+04
1.514	0.416467	-0.10E+04
1.517	0.414100	-0.10E+04
1.52	0.413433	-0.10E+04
1.523	0.411667	-0.10E+04
1.526	0.412900	-0.10E+04
1.529	0.414133	-0.10E+04
1.532	0.416733	-0.10E+04
1.535	0.416900	-0.10E+04
1.538	0.415667	-0.10E+04
1.541	0.415933	-0.10E+04
1.544	0.415567	-0.10E+04
1.547	0.414633	-0.10E+04
1.55	0.413267	-0.10E+04
1.553	0.412967	-0.10E+04
1.556	0.416100	-0.10E+04
1.559	0.417433	-0.10E+04
1.562	0.417167	-0.10E+04
1.565	0.418533	-0.10E+04
1.568	0.416900	-0.10E+04
1.571	0.416333	-0.10E+04
1.574	0.416567	-0.10E+04
1.577	0.419033	-0.10E+04
1.58	0.422567	-0.10E+04
1.583	0.424133	-0.10E+04
1.586	0.424233	-0.10E+04
1.589	0.423833	-0.10E+04
1.592	0.424867	-0.10E+04
1.595	0.427100	-0.10E+04
1.598	0.427900	-0.10E+04
1.601	0.426300	-0.10E+04
1.604	0.422000	-0.10E+04
1.607	0.422300	-0.10E+04
1.61	0.424100	-0.10E+04
1.613	0.424133	-0.10E+04
1.616	0.423100	-0.10E+04
1.619	0.423733	-0.10E+04
1.622	0.423833	-0.10E+04
1.625	0.425133	-0.10E+04
1.628	0.426133	-0.10E+04
1.631	0.426300	-0.10E+04
1.634	0.427333	-0.10E+04
1.637	0.429600	-0.10E+04
1.64	0.428800	-0.10E+04
1.643	0.428933	-0.10E+04
1.646	0.427800	-0.10E+04
1.649	0.427567	-0.10E+04
1.652	0.429200	-0.10E+04
1.655	0.428500	-0.10E+04
1.658	0.428967	-0.10E+04
1.661	0.430500	-0.10E+04
1.664	0.430600	-0.10E+04
1.667	0.431133	-0.10E+04
1.67	0.430133	-0.10E+04
1.673	0.430433	-0.10E+04
1.676	0.430167	-0.10E+04
1.679	0.429600	-0.10E+04
1.682	0.430033	-0.10E+04
1.685	0.431867	-0.10E+04
1.688	0.431867	-0.10E+04
1.691	0.433033	-0.10E+04
1.694	0.431867	-0.10E+04
1.697	0.433733	-0.10E+04
1.7	0.433433	-0.10E+04
1.703	0.430967	-0.10E+04
1.706	0.432100	-0.10E+04
1.709	0.435633	-0.10E+04
1.712	0.434867	-0.10E+04
1.715	0.436033	-0.10E+04
1.718	0.436367	-0.10E+04
1.721	0.433500	-0.10E+04
1.724	0.433167	-0.10E+04
1.727	0.434933	-0.10E+04
1.73	0.436900	-0.10E+04
1.733	0.436500	-0.10E+04
1.736	0.437367	-0.10E+04
1.739	0.436133	-0.10E+04
1.742	0.435733	-0.10E+04
1.745	0.436633	-0.10E+04
1.748	0.439533	-0.10E+04
1.751	0.439700	-0.10E+04
1.754	0.439433	-0.10E+04
1.757	0.438200	-0.10E+04
1.76	0.441000	-0.10E+04
1.763	0.440467	-0.10E+04
1.766	0.438100	-0.10E+04
1.769	0.438400	-0.10E+04
1.772	0.439700	-0.10E+04
1.775	0.440167	-0.10E+04
1.778	0.441000	-0.10E+04
1.781	0.440800	-0.10E+04
1.784	0.441533	-0.10E+04
1.787	0.440633	-0.10E+04
1.79	0.442300	-0.10E+04
1.793	0.444533	-0.10E+04
1.796	0.443433	-0.10E+04
1.799	0.446067	-0.10E+04
1.802	0.448333	-0.10E+04
1.805	0.447367	-0.10E+04
1.808	0.447833	-0.10E+04
1.811	0.446900	-0.10E+04
1.814	0.447533	-0.10E+04
1.817	0.446767	-0.10E+04
1.82	0.445267	-0.10E+04
1.823	0.445600	-0.10E+04
1.826	0.446967	-0.10E+04
1.829	0.448400	-0.10E+04
1.832	0.448333	-0.10E+04
1.835	0.449333	-0.10E+04
1.838	0.449900	-0.10E+04
1.841	0.449033	-0.10E+04
1.844	0.446567	-0.10E+04
1.847	0.446933	-0.10E+04
1.85	0.448967	-0.10E+04
1.853	0.447300	-0.10E+04
1.856	0.447300	-0.10E+04
1.859	0.446967	-0.10E+04
1.862	0.447900	-0.10E+04
1.865	0.450100	-0.10E+04
1.868	0.452633	-0.10E+04
1.871	0.451933	-0.10E+04
1.874	0.451767	-0.10E+04
1.877	0.452167	-0.10E+04
1.88	0.452800	-0.10E+04
1.883	0.452600	-0.10E+04
1.886	0.452433	-0.10E+04
1.889	0.453767	-0.10E+04
1.892	0.454167	-0.10E+04
1.895	0.454967	-0.10E+04
1.898	0.454100	-0.10E+04
1.901	0.454733	-0.10E+04
1.904	0.454700	-0.10E+04
1.907	0.452533	-0.10E+04
1.91	0.451867	-0.10E+04
1.913	0.453567	-0.10E+04
1.916	0.455567	-0.10E+04
1.919	0.459500	-0.10E+04
1.922	0.457633	-0.10E+04
1.925	0.455767	-0.10E+04
1.928	0.453367	-0.10E+04
1.931	0.456267	-0.10E+04
1.934	0.459167	-0.10E+04
1.937	0.458533	-0.10E+04
1.94	0.459233	-0.10E+04
1.943	0.461133	-0.10E+04
1.946	0.461667	-0.10E+04
1.949	0.462567	-0.10E+04
1.952	0.459667	-0.10E+04
1.955	0.457600	-0.10E+04
1.958	0.460500	-0.10E+04
1.961	0.459333	-0.10E+04
1.964	0.459833	-0.10E+04
1.967	0.459233	-0.10E+04
1.97	0.461100	-0.10E+04
1.973	0.461967	-0.10E+04
1.976	0.461167	-0.10E+04
1.979	0.461467	-0.10E+04
1.982	0.462467	-0.10E+04
1.985	0.464833	-0.10E+04
1.988	0.465367	-0.10E+04
1.991	0.469367	-0.10E+04
1.994	0.467200	-0.10E+04
1.997	0.468933	-0.10E+04
2	0.468267	-0.10E+04
2.003	0.466600	-0.10E+04
2.006	0.468300	-0.10E+04
2.009	0.469900	-0.10E+04
2.012	0.468667	-0.10E+04
2.015	0.468667	-0.10E+04
2.018	0.470767	-0.10E+04
2.021	0.473167	-0.10E+04
2.024	0.473267	-0.10E+04
2.027	0.471700	-0.10E+04
2.03	0.468367	-0.10E+04
2.033	0.469233	-0.10E+04
2.036	0.470200	-0.10E+04
2.039	0.470867	-0.10E+04
2.042	0.471000	-0.10E+04
2.045	0.473667	-0.10E+04
2.048	0.474067	-0.10E+04
2.051	0.475700	-0.10E+04
2.054	0.476100	-0.10E+04
2.057	0.475167	-0.10E+04
2.06	0.475300	-0.10E+04
2.063	0.474300	-0.10E+04
2.066	0.475533	-0.10E+04
2.069	0.479333	-0.10E+04
2.072	0.478367	-0.10E+04
2.075	0.477833	-0.10E+04
2.078	0.477967	-0.10E+04
2.081	0.478433	-0.10E+04
2.084	0.476433	-0.10E+04
2.087	0.476067	-0.10E+04
2.09	0.475500	-0.10E+04
2.093	0.475533	-0.10E+04
2.096	0.476267	-0.10E+04
2.099	0.475733	-0.10E+04
2.102	0.476967	-0.10E+04
2.105	0.476033	-0.10E+04
2.108	0.477667	-0.10E+04
2.111	0.479167	-0.10E+04
2.114	0.480200	-0.10E+04
2.117	0.481733	-0.10E+04
2.12	0.480133	-0.10E+04
2.123	0.480400	-0.10E+04
2.126	0.479733	-0.10E+04
2.129	0.480267	-0.10E+04
2.132	0.480767	-0.10E+04
2.135	0.479733	-0.10E+04
2.138	0.479933	-0.10E+04
2.141	0.480200	-0.10E+04
2.144	0.481733	-0.10E+04
2.147	0.481133	-0.10E+04
2.15	0.481867	-0.10E+04
2.153	0.482800	-0.10E+04
2.156	0.481367	-0.10E+04
2.159	0.477267	-0.10E+04
2.162	0.476633	-0.10E+04
2.165	0.477033	-0.10E+04
2.168	0.477633	-0.10E+04
2.171	0.478200	-0.10E+04
2.174	0.477500	-0.10E+04
2.177	0.477333	-0.10E+04
2.18	0.478467	-0.10E+04
2.183	0.480833	-0.10E+04
2.186	0.481200	-0.10E+04
2.189	0.480967	-0.10E+04
2.192	0.480900	-0.10E+04
2.195	0.478933	-0.10E+04
2.198	0.479533	-0.10E+04
2.201	0.482567	-0.10E+04
2.204	0.484867	-0.10E+04
2.207	0.484600	-0.10E+04
2.21	0.484633	-0.10E+04
2.213	0.486000	-0.10E+04
2.216	0.485900	-0.10E+04
2.219	0.483933	-0.10E+04
2.222	0.483067	-0.10E+04
2.225	0.486067	-0.10E+04
2.228	0.488233	-0.10E+04
2.231	0.488533	-0.10E+04
2.234	0.487867	-0.10E+04
2.237	0.490500	-0.10E+04
2.24	0.491133	-0.10E+04
2.243	0.491567	-0.10E+04
2.246	0.494200	-0.10E+04
2.249	0.492400	-0.10E+04
2.252	0.493167	-0.10E+04
2.255	0.491567	-0.10E+04
2.258	0.490733	-0.10E+04
2.261	0.492067	-0.10E+04
2.264	0.493967	-0.10E+04
2.267	0.496467	-0.10E+04
2.27	0.496367	-0.10E+04
2.273	0.496033	-0.10E+04
2.276	0.495533	-0.10E+04
2.279	0.496233	-0.10E+04
2.282	0.497433	-0.10E+04
2.285	0.497967	-0.10E+04
2.288	0.498767	-0.10E+04
2.291	0.500067	-0.10E+04
2.294	0.502633	-0.10E+04
2.297	0.503033	-0.10E+04
2.3	0.502900	-0.10E+04
2.303	0.501967	-0.10E+04
2.306	0.501967	-0.10E+04
2.309	0.502767	-0.10E+04
2.312	0.502367	-0.10E+04
2.315	0.502167	-0.10E+04
2.318	0.503333	-0.10E+04
2.321	0.504300	-0.10E+04
2.324	0.504433	-0.10E+04
2.327	0.508967	-0.10E+04
2.33	0.510400	-0.10E+04
2.333	0.511667	-0.10E+04
2.336	0.511200	-0.10E+04
2.339	0.508000	-0.10E+04
2.342	0.508200	-0.10E+04
2.345	0.507833	-0.10E+04
2.348	0.509800	-0.10E+04
2.351	0.513967	-0.10E+04
2.354	0.512533	-0.10E+04
2.357	0.514733	-0.10E+04
2.36	0.511933	-0.10E+04
2.363	0.511300	-0.10E+04
2.366	0.511300	-0.10E+04
2.369	0.513133	-0.10E+04
2.372	0.514100	-0.10E+04
2.375	0.514733	-0.10E+04
2.378	0.516900	-0.10E+04
2.381	0.516367	-0.10E+04
2.384	0.515033	-0.10E+04
2.387	0.514267	-0.10E+04
2.39	0.513300	-0.10E+04
2.393	0.513167	-0.10E+04
2.396	0.513167	-0.10E+04
2.399	0.514467	-0.10E+04
2.402	0.515833	-0.10E+04
2.405	0.517800	-0.10E+04
2.408	0.519067	-0.10E+04
2.411	0.520533	-0.10E+04
2.414	0.520267	-0.10E+04
2.417	0.519600	-0.10E+04
2.42	0.519900	-0.10E+04
2.423	0.517700	-0.10E+04
2.426	0.516767	-0.10E+04
2.429	0.519500	-0.10E+04
2.432	0.521100	-0.10E+04
2.435	0.521667	-0.10E+04
2.438	0.519167	-0.10E+04
2.441	0.517067	-0.10E+04
2.444	0.520200	-0.10E+04
2.447	0.520900	-0.10E+04
2.45	0.518167	-0.10E+04
2.453	0.519567	-0.10E+04
2.456	0.520300	-0.10E+04
2.459	0.523000	-0.10E+04
2.462	0.522867	-0.10E+04
2.465	0.522233	-0.10E+04
2.468	0.523900	-0.10E+04
2.471	0.524167	-0.10E+04
2.474	0.523967	-0.10E+04
2.477	0.523300	-0.10E+04
2.48	0.525267	-0.10E+04
2.483	0.526400	-0.10E+04
2.486	0.524500	-0.10E+04
2.489	0.521900	-0.10E+04
2.492	0.521267	-0.10E+04
2.495	0.521467	-0.10E+04
2.498	0.523100	-0.10E+04
