Brown University Keck/NASA Relab Spectrum MF-JBA-001/wls512
Wavelength(micron)	Reflectance	Standard Deviation
0.35	0.385533	-0.10E+04
0.353	0.387667	-0.10E+04
0.356	0.389967	-0.10E+04
0.359	0.391867	-0.10E+04
0.362	0.393367	-0.10E+04
0.365	0.395467	-0.10E+04
0.368	0.396600	-0.10E+04
0.371	0.399400	-0.10E+04
0.374	0.401300	-0.10E+04
0.377	0.402567	-0.10E+04
0.38	0.404500	-0.10E+04
0.383	0.404967	-0.10E+04
0.386	0.407267	-0.10E+04
0.389	0.408167	-0.10E+04
0.392	0.407800	-0.10E+04
0.395	0.408500	-0.10E+04
0.398	0.409533	-0.10E+04
0.401	0.410600	-0.10E+04
0.404	0.411633	-0.10E+04
0.407	0.411467	-0.10E+04
0.41	0.412167	-0.10E+04
0.413	0.413200	-0.10E+04
0.416	0.414767	-0.10E+04
0.419	0.416267	-0.10E+04
0.422	0.417133	-0.10E+04
0.425	0.418200	-0.10E+04
0.428	0.418633	-0.10E+04
0.431	0.419733	-0.10E+04
0.434	0.420200	-0.10E+04
0.437	0.420233	-0.10E+04
0.44	0.421400	-0.10E+04
0.443	0.422300	-0.10E+04
0.446	0.423867	-0.10E+04
0.449	0.424300	-0.10E+04
0.452	0.424200	-0.10E+04
0.455	0.425067	-0.10E+04
0.458	0.425400	-0.10E+04
0.461	0.426900	-0.10E+04
0.464	0.428267	-0.10E+04
0.467	0.429067	-0.10E+04
0.47	0.430433	-0.10E+04
0.473	0.430067	-0.10E+04
0.476	0.430367	-0.10E+04
0.479	0.430900	-0.10E+04
0.482	0.430933	-0.10E+04
0.485	0.430867	-0.10E+04
0.488	0.430767	-0.10E+04
0.491	0.431300	-0.10E+04
0.494	0.431967	-0.10E+04
0.497	0.432367	-0.10E+04
0.5	0.432867	-0.10E+04
0.503	0.433167	-0.10E+04
0.506	0.433467	-0.10E+04
0.509	0.434033	-0.10E+04
0.512	0.434533	-0.10E+04
0.515	0.434433	-0.10E+04
0.518	0.434500	-0.10E+04
0.521	0.434633	-0.10E+04
0.524	0.434867	-0.10E+04
0.527	0.436367	-0.10E+04
0.53	0.436867	-0.10E+04
0.533	0.437700	-0.10E+04
0.536	0.438300	-0.10E+04
0.539	0.438433	-0.10E+04
0.542	0.438433	-0.10E+04
0.545	0.439333	-0.10E+04
0.548	0.439133	-0.10E+04
0.551	0.438700	-0.10E+04
0.554	0.439033	-0.10E+04
0.557	0.439933	-0.10E+04
0.56	0.440600	-0.10E+04
0.563	0.440967	-0.10E+04
0.566	0.441267	-0.10E+04
0.569	0.442233	-0.10E+04
0.572	0.442667	-0.10E+04
0.575	0.443533	-0.10E+04
0.578	0.444367	-0.10E+04
0.581	0.445100	-0.10E+04
0.584	0.445533	-0.10E+04
0.587	0.445500	-0.10E+04
0.59	0.446200	-0.10E+04
0.593	0.446967	-0.10E+04
0.596	0.448233	-0.10E+04
0.599	0.448633	-0.10E+04
0.602	0.449500	-0.10E+04
0.605	0.449433	-0.10E+04
0.608	0.449233	-0.10E+04
0.611	0.449700	-0.10E+04
0.614	0.450867	-0.10E+04
0.617	0.451567	-0.10E+04
0.62	0.452767	-0.10E+04
0.623	0.453200	-0.10E+04
0.626	0.454067	-0.10E+04
0.629	0.454167	-0.10E+04
0.632	0.454667	-0.10E+04
0.635	0.454600	-0.10E+04
0.638	0.455067	-0.10E+04
0.641	0.455333	-0.10E+04
0.644	0.455633	-0.10E+04
0.647	0.456000	-0.10E+04
0.65	0.456300	-0.10E+04
0.653	0.456700	-0.10E+04
0.656	0.456933	-0.10E+04
0.659	0.457833	-0.10E+04
0.662	0.458600	-0.10E+04
0.665	0.459167	-0.10E+04
0.668	0.459733	-0.10E+04
0.671	0.460467	-0.10E+04
0.674	0.461100	-0.10E+04
0.677	0.462533	-0.10E+04
0.68	0.462933	-0.10E+04
0.683	0.463500	-0.10E+04
0.686	0.463967	-0.10E+04
0.689	0.464600	-0.10E+04
0.692	0.465500	-0.10E+04
0.695	0.465300	-0.10E+04
0.698	0.465767	-0.10E+04
0.701	0.466467	-0.10E+04
0.704	0.467567	-0.10E+04
0.707	0.468933	-0.10E+04
0.71	0.469900	-0.10E+04
0.713	0.470567	-0.10E+04
0.716	0.471500	-0.10E+04
0.719	0.471433	-0.10E+04
0.722	0.471967	-0.10E+04
0.725	0.472200	-0.10E+04
0.728	0.472800	-0.10E+04
0.731	0.474033	-0.10E+04
0.734	0.474800	-0.10E+04
0.737	0.475400	-0.10E+04
0.74	0.475633	-0.10E+04
0.743	0.475967	-0.10E+04
0.746	0.476300	-0.10E+04
0.749	0.476600	-0.10E+04
0.752	0.477600	-0.10E+04
0.755	0.478367	-0.10E+04
0.758	0.479467	-0.10E+04
0.761	0.479800	-0.10E+04
0.764	0.480067	-0.10E+04
0.767	0.480500	-0.10E+04
0.77	0.481500	-0.10E+04
0.773	0.482433	-0.10E+04
0.776	0.483433	-0.10E+04
0.779	0.483167	-0.10E+04
0.782	0.483633	-0.10E+04
0.785	0.484633	-0.10E+04
0.788	0.485433	-0.10E+04
0.791	0.486933	-0.10E+04
0.794	0.488433	-0.10E+04
0.797	0.489267	-0.10E+04
0.8	0.490067	-0.10E+04
0.803	0.491000	-0.10E+04
0.806	0.491333	-0.10E+04
0.809	0.492033	-0.10E+04
0.812	0.492767	-0.10E+04
0.815	0.492967	-0.10E+04
0.818	0.493267	-0.10E+04
0.821	0.493367	-0.10E+04
0.824	0.493733	-0.10E+04
0.827	0.494167	-0.10E+04
0.83	0.495533	-0.10E+04
0.833	0.496933	-0.10E+04
0.836	0.497833	-0.10E+04
0.839	0.498533	-0.10E+04
0.842	0.498233	-0.10E+04
0.845	0.498167	-0.10E+04
0.848	0.498733	-0.10E+04
0.851	0.499167	-0.10E+04
0.854	0.499833	-0.10E+04
0.857	0.500867	-0.10E+04
0.86	0.501333	-0.10E+04
0.863	0.501967	-0.10E+04
0.866	0.502433	-0.10E+04
0.869	0.503400	-0.10E+04
0.872	0.504533	-0.10E+04
0.875	0.505333	-0.10E+04
0.878	0.506067	-0.10E+04
0.881	0.506733	-0.10E+04
0.884	0.507333	-0.10E+04
0.887	0.507367	-0.10E+04
0.89	0.508567	-0.10E+04
0.893	0.509233	-0.10E+04
0.896	0.508633	-0.10E+04
0.899	0.508667	-0.10E+04
0.902	0.508533	-0.10E+04
0.905	0.509567	-0.10E+04
0.908	0.510400	-0.10E+04
0.911	0.511067	-0.10E+04
0.914	0.512300	-0.10E+04
0.917	0.513467	-0.10E+04
0.92	0.514633	-0.10E+04
0.923	0.515767	-0.10E+04
0.926	0.516867	-0.10E+04
0.929	0.517100	-0.10E+04
0.932	0.516933	-0.10E+04
0.935	0.517567	-0.10E+04
0.938	0.518467	-0.10E+04
0.941	0.518700	-0.10E+04
0.944	0.519300	-0.10E+04
0.947	0.519900	-0.10E+04
0.95	0.520633	-0.10E+04
0.953	0.521333	-0.10E+04
0.956	0.522200	-0.10E+04
0.959	0.522567	-0.10E+04
0.962	0.523233	-0.10E+04
0.965	0.523967	-0.10E+04
0.968	0.524567	-0.10E+04
0.971	0.525133	-0.10E+04
0.974	0.525500	-0.10E+04
0.977	0.525800	-0.10E+04
0.98	0.526300	-0.10E+04
0.983	0.527067	-0.10E+04
0.986	0.528167	-0.10E+04
0.989	0.529167	-0.10E+04
0.992	0.530267	-0.10E+04
0.995	0.531000	-0.10E+04
0.998	0.531100	-0.10E+04
1.001	0.531200	-0.10E+04
1.004	0.531700	-0.10E+04
1.007	0.531867	-0.10E+04
1.01	0.532400	-0.10E+04
1.013	0.533133	-0.10E+04
1.016	0.533833	-0.10E+04
1.019	0.534833	-0.10E+04
1.022	0.535533	-0.10E+04
1.025	0.536467	-0.10E+04
1.028	0.537700	-0.10E+04
1.031	0.537833	-0.10E+04
1.034	0.538567	-0.10E+04
1.037	0.539033	-0.10E+04
1.04	0.540033	-0.10E+04
1.043	0.540933	-0.10E+04
1.046	0.541600	-0.10E+04
1.049	0.541900	-0.10E+04
1.052	0.542767	-0.10E+04
1.055	0.543700	-0.10E+04
1.058	0.543800	-0.10E+04
1.061	0.544000	-0.10E+04
1.064	0.544000	-0.10E+04
1.067	0.544000	-0.10E+04
1.07	0.544533	-0.10E+04
1.073	0.545133	-0.10E+04
1.076	0.545500	-0.10E+04
1.079	0.545633	-0.10E+04
1.082	0.546300	-0.10E+04
1.085	0.547200	-0.10E+04
1.088	0.546767	-0.10E+04
1.091	0.547033	-0.10E+04
1.094	0.547800	-0.10E+04
1.097	0.548333	-0.10E+04
1.1	0.549333	-0.10E+04
1.103	0.550467	-0.10E+04
1.106	0.551400	-0.10E+04
1.109	0.551867	-0.10E+04
1.112	0.551833	-0.10E+04
1.115	0.551900	-0.10E+04
1.118	0.552667	-0.10E+04
1.121	0.553900	-0.10E+04
1.124	0.554900	-0.10E+04
1.127	0.555400	-0.10E+04
1.13	0.555567	-0.10E+04
1.133	0.556300	-0.10E+04
1.136	0.556200	-0.10E+04
1.139	0.556133	-0.10E+04
1.142	0.556267	-0.10E+04
1.145	0.556500	-0.10E+04
1.148	0.557167	-0.10E+04
1.151	0.558100	-0.10E+04
1.154	0.558800	-0.10E+04
1.157	0.559533	-0.10E+04
1.16	0.560400	-0.10E+04
1.163	0.561100	-0.10E+04
1.166	0.561833	-0.10E+04
1.169	0.562467	-0.10E+04
1.172	0.563267	-0.10E+04
1.175	0.564033	-0.10E+04
1.178	0.564233	-0.10E+04
1.181	0.564500	-0.10E+04
1.184	0.565433	-0.10E+04
1.187	0.565700	-0.10E+04
1.19	0.566167	-0.10E+04
1.193	0.566267	-0.10E+04
1.196	0.566433	-0.10E+04
1.199	0.566800	-0.10E+04
1.202	0.567800	-0.10E+04
1.205	0.568967	-0.10E+04
1.208	0.569233	-0.10E+04
1.211	0.570100	-0.10E+04
1.214	0.570867	-0.10E+04
1.217	0.570867	-0.10E+04
1.22	0.571600	-0.10E+04
1.223	0.572033	-0.10E+04
1.226	0.572867	-0.10E+04
1.229	0.573833	-0.10E+04
1.232	0.574567	-0.10E+04
1.235	0.575533	-0.10E+04
1.238	0.576100	-0.10E+04
1.241	0.577033	-0.10E+04
1.244	0.577233	-0.10E+04
1.247	0.577700	-0.10E+04
1.25	0.578400	-0.10E+04
1.253	0.579200	-0.10E+04
1.256	0.579500	-0.10E+04
1.259	0.579833	-0.10E+04
1.262	0.581200	-0.10E+04
1.265	0.581100	-0.10E+04
1.268	0.581467	-0.10E+04
1.271	0.581467	-0.10E+04
1.274	0.581233	-0.10E+04
1.277	0.580933	-0.10E+04
1.28	0.581100	-0.10E+04
1.283	0.581767	-0.10E+04
1.286	0.582300	-0.10E+04
1.289	0.582600	-0.10E+04
1.292	0.583100	-0.10E+04
1.295	0.584400	-0.10E+04
1.298	0.584933	-0.10E+04
1.301	0.585433	-0.10E+04
1.304	0.585400	-0.10E+04
1.307	0.585800	-0.10E+04
1.31	0.586033	-0.10E+04
1.313	0.587000	-0.10E+04
1.316	0.587467	-0.10E+04
1.319	0.588133	-0.10E+04
1.322	0.588767	-0.10E+04
1.325	0.589033	-0.10E+04
1.328	0.589233	-0.10E+04
1.331	0.589400	-0.10E+04
1.334	0.589767	-0.10E+04
1.337	0.590233	-0.10E+04
1.34	0.591000	-0.10E+04
1.343	0.591533	-0.10E+04
1.346	0.591833	-0.10E+04
1.349	0.592167	-0.10E+04
1.352	0.593000	-0.10E+04
1.355	0.593367	-0.10E+04
1.358	0.593533	-0.10E+04
1.361	0.594167	-0.10E+04
1.364	0.594767	-0.10E+04
1.367	0.595600	-0.10E+04
1.37	0.595633	-0.10E+04
1.373	0.596033	-0.10E+04
1.376	0.596433	-0.10E+04
1.379	0.596967	-0.10E+04
1.382	0.597433	-0.10E+04
1.385	0.598100	-0.10E+04
1.388	0.598700	-0.10E+04
1.391	0.598933	-0.10E+04
1.394	0.599333	-0.10E+04
1.397	0.600067	-0.10E+04
1.4	0.600700	-0.10E+04
1.403	0.601333	-0.10E+04
1.406	0.601700	-0.10E+04
1.409	0.601800	-0.10E+04
1.412	0.602133	-0.10E+04
1.415	0.602767	-0.10E+04
1.418	0.603267	-0.10E+04
1.421	0.603400	-0.10E+04
1.424	0.603700	-0.10E+04
1.427	0.604200	-0.10E+04
1.43	0.605700	-0.10E+04
1.433	0.606333	-0.10E+04
1.436	0.606800	-0.10E+04
1.439	0.606900	-0.10E+04
1.442	0.607533	-0.10E+04
1.445	0.607800	-0.10E+04
1.448	0.608233	-0.10E+04
1.451	0.608867	-0.10E+04
1.454	0.608967	-0.10E+04
1.457	0.609333	-0.10E+04
1.46	0.610467	-0.10E+04
1.463	0.611067	-0.10E+04
1.466	0.611267	-0.10E+04
1.469	0.611633	-0.10E+04
1.472	0.611833	-0.10E+04
1.475	0.612667	-0.10E+04
1.478	0.613533	-0.10E+04
1.481	0.614200	-0.10E+04
1.484	0.614500	-0.10E+04
1.487	0.614200	-0.10E+04
1.49	0.614467	-0.10E+04
1.493	0.614767	-0.10E+04
1.496	0.615933	-0.10E+04
1.499	0.616600	-0.10E+04
1.502	0.616733	-0.10E+04
1.505	0.617067	-0.10E+04
1.508	0.618067	-0.10E+04
1.511	0.618333	-0.10E+04
1.514	0.619100	-0.10E+04
1.517	0.619600	-0.10E+04
1.52	0.619500	-0.10E+04
1.523	0.619767	-0.10E+04
1.526	0.620667	-0.10E+04
1.529	0.621267	-0.10E+04
1.532	0.621867	-0.10E+04
1.535	0.622100	-0.10E+04
1.538	0.622500	-0.10E+04
1.541	0.622933	-0.10E+04
1.544	0.623667	-0.10E+04
1.547	0.623300	-0.10E+04
1.55	0.623667	-0.10E+04
1.553	0.624300	-0.10E+04
1.556	0.624467	-0.10E+04
1.559	0.625300	-0.10E+04
1.562	0.626200	-0.10E+04
1.565	0.626800	-0.10E+04
1.568	0.626933	-0.10E+04
1.571	0.627267	-0.10E+04
1.574	0.627600	-0.10E+04
1.577	0.628067	-0.10E+04
1.58	0.628933	-0.10E+04
1.583	0.629133	-0.10E+04
1.586	0.629467	-0.10E+04
1.589	0.630233	-0.10E+04
1.592	0.630800	-0.10E+04
1.595	0.631233	-0.10E+04
1.598	0.632733	-0.10E+04
1.601	0.632300	-0.10E+04
1.604	0.632167	-0.10E+04
1.607	0.632567	-0.10E+04
1.61	0.632700	-0.10E+04
1.613	0.633100	-0.10E+04
1.616	0.633600	-0.10E+04
1.619	0.634100	-0.10E+04
1.622	0.634467	-0.10E+04
1.625	0.635100	-0.10E+04
1.628	0.635700	-0.10E+04
1.631	0.636567	-0.10E+04
1.634	0.637167	-0.10E+04
1.637	0.637300	-0.10E+04
1.64	0.636867	-0.10E+04
1.643	0.636867	-0.10E+04
1.646	0.638067	-0.10E+04
1.649	0.638767	-0.10E+04
1.652	0.639167	-0.10E+04
1.655	0.639500	-0.10E+04
1.658	0.640500	-0.10E+04
1.661	0.640700	-0.10E+04
1.664	0.641633	-0.10E+04
1.667	0.642133	-0.10E+04
1.67	0.642633	-0.10E+04
1.673	0.643800	-0.10E+04
1.676	0.644167	-0.10E+04
1.679	0.644067	-0.10E+04
1.682	0.644333	-0.10E+04
1.685	0.644633	-0.10E+04
1.688	0.644600	-0.10E+04
1.691	0.644833	-0.10E+04
1.694	0.644467	-0.10E+04
1.697	0.644733	-0.10E+04
1.7	0.645433	-0.10E+04
1.703	0.646133	-0.10E+04
1.706	0.647700	-0.10E+04
1.709	0.647933	-0.10E+04
1.712	0.647967	-0.10E+04
1.715	0.648467	-0.10E+04
1.718	0.648700	-0.10E+04
1.721	0.648967	-0.10E+04
1.724	0.648667	-0.10E+04
1.727	0.649200	-0.10E+04
1.73	0.650300	-0.10E+04
1.733	0.650767	-0.10E+04
1.736	0.651133	-0.10E+04
1.739	0.651800	-0.10E+04
1.742	0.653433	-0.10E+04
1.745	0.653433	-0.10E+04
1.748	0.653533	-0.10E+04
1.751	0.653733	-0.10E+04
1.754	0.654200	-0.10E+04
1.757	0.653933	-0.10E+04
1.76	0.653900	-0.10E+04
1.763	0.654600	-0.10E+04
1.766	0.655033	-0.10E+04
1.769	0.655700	-0.10E+04
1.772	0.656300	-0.10E+04
1.775	0.656900	-0.10E+04
1.778	0.657333	-0.10E+04
1.781	0.657600	-0.10E+04
1.784	0.658567	-0.10E+04
1.787	0.659400	-0.10E+04
1.79	0.659467	-0.10E+04
1.793	0.659533	-0.10E+04
1.796	0.659300	-0.10E+04
1.799	0.659733	-0.10E+04
1.802	0.660467	-0.10E+04
1.805	0.660867	-0.10E+04
1.808	0.661033	-0.10E+04
1.811	0.661500	-0.10E+04
1.814	0.661967	-0.10E+04
1.817	0.662000	-0.10E+04
1.82	0.663133	-0.10E+04
1.823	0.663767	-0.10E+04
1.826	0.663767	-0.10E+04
1.829	0.664000	-0.10E+04
1.832	0.664833	-0.10E+04
1.835	0.665200	-0.10E+04
1.838	0.665433	-0.10E+04
1.841	0.665500	-0.10E+04
1.844	0.665967	-0.10E+04
1.847	0.666667	-0.10E+04
1.85	0.666767	-0.10E+04
1.853	0.667800	-0.10E+04
1.856	0.667733	-0.10E+04
1.859	0.668167	-0.10E+04
1.862	0.668533	-0.10E+04
1.865	0.668500	-0.10E+04
1.868	0.669433	-0.10E+04
1.871	0.669767	-0.10E+04
1.874	0.669167	-0.10E+04
1.877	0.669500	-0.10E+04
1.88	0.670067	-0.10E+04
1.883	0.670267	-0.10E+04
1.886	0.670167	-0.10E+04
1.889	0.670433	-0.10E+04
1.892	0.671033	-0.10E+04
1.895	0.671100	-0.10E+04
1.898	0.671767	-0.10E+04
1.901	0.672500	-0.10E+04
1.904	0.673400	-0.10E+04
1.907	0.673367	-0.10E+04
1.91	0.673767	-0.10E+04
1.913	0.674167	-0.10E+04
1.916	0.674200	-0.10E+04
1.919	0.674833	-0.10E+04
1.922	0.675700	-0.10E+04
1.925	0.676367	-0.10E+04
1.928	0.676333	-0.10E+04
1.931	0.676100	-0.10E+04
1.934	0.676800	-0.10E+04
1.937	0.677233	-0.10E+04
1.94	0.677800	-0.10E+04
1.943	0.678067	-0.10E+04
1.946	0.678800	-0.10E+04
1.949	0.679967	-0.10E+04
1.952	0.680433	-0.10E+04
1.955	0.680400	-0.10E+04
1.958	0.681000	-0.10E+04
1.961	0.681033	-0.10E+04
1.964	0.680767	-0.10E+04
1.967	0.681667	-0.10E+04
1.97	0.682600	-0.10E+04
1.973	0.683133	-0.10E+04
1.976	0.683767	-0.10E+04
1.979	0.684233	-0.10E+04
1.982	0.685067	-0.10E+04
1.985	0.685100	-0.10E+04
1.988	0.686033	-0.10E+04
1.991	0.686267	-0.10E+04
1.994	0.686933	-0.10E+04
1.997	0.687567	-0.10E+04
2	0.687700	-0.10E+04
2.003	0.687967	-0.10E+04
2.006	0.688467	-0.10E+04
2.009	0.688800	-0.10E+04
2.012	0.689333	-0.10E+04
2.015	0.690033	-0.10E+04
2.018	0.690300	-0.10E+04
2.021	0.692000	-0.10E+04
2.024	0.692200	-0.10E+04
2.027	0.692267	-0.10E+04
2.03	0.692533	-0.10E+04
2.033	0.691900	-0.10E+04
2.036	0.691833	-0.10E+04
2.039	0.692133	-0.10E+04
2.042	0.692267	-0.10E+04
2.045	0.692800	-0.10E+04
2.048	0.693400	-0.10E+04
2.051	0.694067	-0.10E+04
2.054	0.694867	-0.10E+04
2.057	0.694767	-0.10E+04
2.06	0.695000	-0.10E+04
2.063	0.695400	-0.10E+04
2.066	0.695733	-0.10E+04
2.069	0.696500	-0.10E+04
2.072	0.697000	-0.10E+04
2.075	0.697733	-0.10E+04
2.078	0.697633	-0.10E+04
2.081	0.698367	-0.10E+04
2.084	0.699567	-0.10E+04
2.087	0.699767	-0.10E+04
2.09	0.699633	-0.10E+04
2.093	0.699600	-0.10E+04
2.096	0.700367	-0.10E+04
2.099	0.700567	-0.10E+04
2.102	0.701500	-0.10E+04
2.105	0.702233	-0.10E+04
2.108	0.702533	-0.10E+04
2.111	0.702833	-0.10E+04
2.114	0.703600	-0.10E+04
2.117	0.704167	-0.10E+04
2.12	0.704600	-0.10E+04
2.123	0.704667	-0.10E+04
2.126	0.704767	-0.10E+04
2.129	0.705967	-0.10E+04
2.132	0.706167	-0.10E+04
2.135	0.706433	-0.10E+04
2.138	0.706800	-0.10E+04
2.141	0.707533	-0.10E+04
2.144	0.707900	-0.10E+04
2.147	0.709000	-0.10E+04
2.15	0.709133	-0.10E+04
2.153	0.709200	-0.10E+04
2.156	0.709733	-0.10E+04
2.159	0.709500	-0.10E+04
2.162	0.710000	-0.10E+04
2.165	0.710267	-0.10E+04
2.168	0.710833	-0.10E+04
2.171	0.711333	-0.10E+04
2.174	0.712067	-0.10E+04
2.177	0.712767	-0.10E+04
2.18	0.713167	-0.10E+04
2.183	0.713600	-0.10E+04
2.186	0.713767	-0.10E+04
2.189	0.713633	-0.10E+04
2.192	0.714100	-0.10E+04
2.195	0.714633	-0.10E+04
2.198	0.715100	-0.10E+04
2.201	0.715767	-0.10E+04
2.204	0.715733	-0.10E+04
2.207	0.716000	-0.10E+04
2.21	0.716333	-0.10E+04
2.213	0.716867	-0.10E+04
2.216	0.717333	-0.10E+04
2.219	0.717867	-0.10E+04
2.222	0.718200	-0.10E+04
2.225	0.718933	-0.10E+04
2.228	0.719567	-0.10E+04
2.231	0.719967	-0.10E+04
2.234	0.720133	-0.10E+04
2.237	0.720233	-0.10E+04
2.24	0.720733	-0.10E+04
2.243	0.721467	-0.10E+04
2.246	0.721800	-0.10E+04
2.249	0.722233	-0.10E+04
2.252	0.722800	-0.10E+04
2.255	0.723567	-0.10E+04
2.258	0.723967	-0.10E+04
2.261	0.724367	-0.10E+04
2.264	0.723900	-0.10E+04
2.267	0.724567	-0.10E+04
2.27	0.724833	-0.10E+04
2.273	0.725533	-0.10E+04
2.276	0.725500	-0.10E+04
2.279	0.725433	-0.10E+04
2.282	0.725900	-0.10E+04
2.285	0.726267	-0.10E+04
2.288	0.726733	-0.10E+04
2.291	0.727200	-0.10E+04
2.294	0.727267	-0.10E+04
2.297	0.727200	-0.10E+04
2.3	0.727500	-0.10E+04
2.303	0.727967	-0.10E+04
2.306	0.727800	-0.10E+04
2.309	0.727967	-0.10E+04
2.312	0.728833	-0.10E+04
2.315	0.729000	-0.10E+04
2.318	0.729067	-0.10E+04
2.321	0.728767	-0.10E+04
2.324	0.729033	-0.10E+04
2.327	0.730000	-0.10E+04
2.33	0.730400	-0.10E+04
2.333	0.730867	-0.10E+04
2.336	0.730833	-0.10E+04
2.339	0.731333	-0.10E+04
2.342	0.731733	-0.10E+04
2.345	0.732133	-0.10E+04
2.348	0.732200	-0.10E+04
2.351	0.732433	-0.10E+04
2.354	0.732633	-0.10E+04
2.357	0.732833	-0.10E+04
2.36	0.733400	-0.10E+04
2.363	0.733433	-0.10E+04
2.366	0.733533	-0.10E+04
2.369	0.733800	-0.10E+04
2.372	0.734867	-0.10E+04
2.375	0.735300	-0.10E+04
2.378	0.735300	-0.10E+04
2.381	0.735033	-0.10E+04
2.384	0.735300	-0.10E+04
2.387	0.735333	-0.10E+04
2.39	0.735667	-0.10E+04
2.393	0.736633	-0.10E+04
2.396	0.736700	-0.10E+04
2.399	0.737200	-0.10E+04
2.402	0.737733	-0.10E+04
2.405	0.737733	-0.10E+04
2.408	0.737700	-0.10E+04
2.411	0.738200	-0.10E+04
2.414	0.738667	-0.10E+04
2.417	0.739067	-0.10E+04
2.42	0.739633	-0.10E+04
2.423	0.740133	-0.10E+04
2.426	0.740133	-0.10E+04
2.429	0.740433	-0.10E+04
2.432	0.740800	-0.10E+04
2.435	0.739867	-0.10E+04
2.438	0.739967	-0.10E+04
2.441	0.740200	-0.10E+04
2.444	0.740367	-0.10E+04
2.447	0.741000	-0.10E+04
2.45	0.741600	-0.10E+04
2.453	0.741767	-0.10E+04
2.456	0.741433	-0.10E+04
2.459	0.741467	-0.10E+04
2.462	0.741800	-0.10E+04
2.465	0.741933	-0.10E+04
2.468	0.742133	-0.10E+04
2.471	0.742233	-0.10E+04
2.474	0.742500	-0.10E+04
2.477	0.742867	-0.10E+04
2.48	0.742833	-0.10E+04
2.483	0.742567	-0.10E+04
2.486	0.743233	-0.10E+04
2.489	0.743967	-0.10E+04
2.492	0.744600	-0.10E+04
2.495	0.746967	-0.10E+04
2.498	0.748467	-0.10E+04
