Brown University Keck/NASA Relab Spectrum LS-JBA-235/wls535
Wavelength(micron)	Reflectance	Standard Deviation
0.35	0.424000	-0.10E+04
0.353	0.434000	-0.10E+04
0.356	0.437333	-0.10E+04
0.359	0.444000	-0.10E+04
0.362	0.450000	-0.10E+04
0.365	0.453000	-0.10E+04
0.368	0.464000	-0.10E+04
0.371	0.467000	-0.10E+04
0.374	0.473000	-0.10E+04
0.377	0.479000	-0.10E+04
0.38	0.482000	-0.10E+04
0.383	0.490000	-0.10E+04
0.386	0.492000	-0.10E+04
0.389	0.496000	-0.10E+04
0.392	0.499333	-0.10E+04
0.395	0.501000	-0.10E+04
0.398	0.506000	-0.10E+04
0.401	0.508000	-0.10E+04
0.404	0.512000	-0.10E+04
0.407	0.514667	-0.10E+04
0.41	0.516000	-0.10E+04
0.413	0.520000	-0.10E+04
0.416	0.521667	-0.10E+04
0.419	0.525000	-0.10E+04
0.422	0.527000	-0.10E+04
0.425	0.528000	-0.10E+04
0.428	0.532000	-0.10E+04
0.431	0.533000	-0.10E+04
0.434	0.535000	-0.10E+04
0.437	0.535000	-0.10E+04
0.44	0.535000	-0.10E+04
0.443	0.537000	-0.10E+04
0.446	0.537667	-0.10E+04
0.449	0.539000	-0.10E+04
0.452	0.541667	-0.10E+04
0.455	0.543000	-0.10E+04
0.458	0.544000	-0.10E+04
0.461	0.544667	-0.10E+04
0.464	0.546000	-0.10E+04
0.467	0.547333	-0.10E+04
0.47	0.548000	-0.10E+04
0.473	0.551000	-0.10E+04
0.476	0.551333	-0.10E+04
0.479	0.552000	-0.10E+04
0.482	0.552667	-0.10E+04
0.485	0.553000	-0.10E+04
0.488	0.554000	-0.10E+04
0.491	0.554000	-0.10E+04
0.494	0.554000	-0.10E+04
0.497	0.554000	-0.10E+04
0.5	0.554000	-0.10E+04
0.503	0.556000	-0.10E+04
0.506	0.558000	-0.10E+04
0.509	0.562000	-0.10E+04
0.512	0.562667	-0.10E+04
0.515	0.563000	-0.10E+04
0.518	0.565000	-0.10E+04
0.521	0.565667	-0.10E+04
0.524	0.567000	-0.10E+04
0.527	0.567667	-0.10E+04
0.53	0.568000	-0.10E+04
0.533	0.569000	-0.10E+04
0.536	0.569000	-0.10E+04
0.539	0.569000	-0.10E+04
0.542	0.570333	-0.10E+04
0.545	0.571000	-0.10E+04
0.548	0.572000	-0.10E+04
0.551	0.572333	-0.10E+04
0.554	0.573000	-0.10E+04
0.557	0.574333	-0.10E+04
0.56	0.575000	-0.10E+04
0.563	0.576000	-0.10E+04
0.566	0.576000	-0.10E+04
0.569	0.576000	-0.10E+04
0.572	0.576000	-0.10E+04
0.575	0.576000	-0.10E+04
0.578	0.576000	-0.10E+04
0.581	0.576000	-0.10E+04
0.584	0.576000	-0.10E+04
0.587	0.576000	-0.10E+04
0.59	0.576000	-0.10E+04
0.593	0.578000	-0.10E+04
0.596	0.578667	-0.10E+04
0.599	0.580000	-0.10E+04
0.602	0.580000	-0.10E+04
0.605	0.580000	-0.10E+04
0.608	0.581000	-0.10E+04
0.611	0.581333	-0.10E+04
0.614	0.582000	-0.10E+04
0.617	0.582667	-0.10E+04
0.62	0.583000	-0.10E+04
0.623	0.584000	-0.10E+04
0.626	0.584333	-0.10E+04
0.629	0.585000	-0.10E+04
0.632	0.585667	-0.10E+04
0.635	0.586000	-0.10E+04
0.638	0.586000	-0.10E+04
0.641	0.586333	-0.10E+04
0.644	0.587000	-0.10E+04
0.647	0.588333	-0.10E+04
0.65	0.589000	-0.10E+04
0.653	0.589000	-0.10E+04
0.656	0.589333	-0.10E+04
0.659	0.590000	-0.10E+04
0.662	0.590000	-0.10E+04
0.665	0.590000	-0.10E+04
0.668	0.591000	-0.10E+04
0.671	0.591333	-0.10E+04
0.674	0.592000	-0.10E+04
0.677	0.592000	-0.10E+04
0.68	0.592000	-0.10E+04
0.683	0.592000	-0.10E+04
0.686	0.592000	-0.10E+04
0.689	0.592000	-0.10E+04
0.692	0.592000	-0.10E+04
0.695	0.592000	-0.10E+04
0.698	0.592000	-0.10E+04
0.701	0.592000	-0.10E+04
0.704	0.592000	-0.10E+04
0.707	0.592000	-0.10E+04
0.71	0.592000	-0.10E+04
0.713	0.591000	-0.10E+04
0.716	0.591000	-0.10E+04
0.719	0.591000	-0.10E+04
0.722	0.590333	-0.10E+04
0.725	0.590000	-0.10E+04
0.728	0.589000	-0.10E+04
0.731	0.588333	-0.10E+04
0.734	0.587000	-0.10E+04
0.737	0.585667	-0.10E+04
0.74	0.585000	-0.10E+04
0.743	0.582000	-0.10E+04
0.746	0.581000	-0.10E+04
0.749	0.579000	-0.10E+04
0.752	0.577667	-0.10E+04
0.755	0.577000	-0.10E+04
0.758	0.572000	-0.10E+04
0.761	0.571000	-0.10E+04
0.764	0.569000	-0.10E+04
0.767	0.565667	-0.10E+04
0.77	0.564000	-0.10E+04
0.773	0.560000	-0.10E+04
0.776	0.558000	-0.10E+04
0.779	0.554000	-0.10E+04
0.782	0.551333	-0.10E+04
0.785	0.550000	-0.10E+04
0.788	0.544000	-0.10E+04
0.791	0.542000	-0.10E+04
0.794	0.538000	-0.10E+04
0.797	0.534000	-0.10E+04
0.8	0.532000	-0.10E+04
0.803	0.525000	-0.10E+04
0.806	0.523000	-0.10E+04
0.809	0.519000	-0.10E+04
0.812	0.515667	-0.10E+04
0.815	0.514000	-0.10E+04
0.818	0.507000	-0.10E+04
0.821	0.505000	-0.10E+04
0.824	0.501000	-0.10E+04
0.827	0.497000	-0.10E+04
0.83	0.495000	-0.10E+04
0.833	0.489000	-0.10E+04
0.836	0.487333	-0.10E+04
0.839	0.484000	-0.10E+04
0.842	0.480000	-0.10E+04
0.845	0.478000	-0.10E+04
0.848	0.474000	-0.10E+04
0.851	0.472333	-0.10E+04
0.854	0.469000	-0.10E+04
0.857	0.466333	-0.10E+04
0.86	0.465000	-0.10E+04
0.863	0.461000	-0.10E+04
0.866	0.460333	-0.10E+04
0.869	0.459000	-0.10E+04
0.872	0.457000	-0.10E+04
0.875	0.456000	-0.10E+04
0.878	0.451000	-0.10E+04
0.881	0.450667	-0.10E+04
0.884	0.450000	-0.10E+04
0.887	0.450000	-0.10E+04
0.89	0.450000	-0.10E+04
0.893	0.448000	-0.10E+04
0.896	0.448000	-0.10E+04
0.899	0.448000	-0.10E+04
0.902	0.447333	-0.10E+04
0.905	0.447000	-0.10E+04
0.908	0.447000	-0.10E+04
0.911	0.447000	-0.10E+04
0.914	0.447000	-0.10E+04
0.917	0.447667	-0.10E+04
0.92	0.448000	-0.10E+04
0.923	0.448000	-0.10E+04
0.926	0.448333	-0.10E+04
0.929	0.449000	-0.10E+04
0.932	0.450333	-0.10E+04
0.935	0.451000	-0.10E+04
0.938	0.453000	-0.10E+04
0.941	0.453000	-0.10E+04
0.944	0.453000	-0.10E+04
0.947	0.455000	-0.10E+04
0.95	0.456000	-0.10E+04
0.953	0.458000	-0.10E+04
0.956	0.458667	-0.10E+04
0.959	0.460000	-0.10E+04
0.962	0.461333	-0.10E+04
0.965	0.462000	-0.10E+04
0.968	0.464000	-0.10E+04
0.971	0.465333	-0.10E+04
0.974	0.468000	-0.10E+04
0.977	0.469333	-0.10E+04
0.98	0.470000	-0.10E+04
0.983	0.471000	-0.10E+04
0.986	0.472333	-0.10E+04
0.989	0.475000	-0.10E+04
0.992	0.477000	-0.10E+04
0.995	0.478000	-0.10E+04
0.998	0.480000	-0.10E+04
1.001	0.481000	-0.10E+04
1.004	0.483000	-0.10E+04
1.007	0.484333	-0.10E+04
1.01	0.485000	-0.10E+04
1.013	0.488000	-0.10E+04
1.016	0.489000	-0.10E+04
1.019	0.491000	-0.10E+04
1.022	0.492333	-0.10E+04
1.025	0.493000	-0.10E+04
1.028	0.496000	-0.10E+04
1.031	0.497667	-0.10E+04
1.034	0.501000	-0.10E+04
1.037	0.501667	-0.10E+04
1.04	0.502000	-0.10E+04
1.043	0.505000	-0.10E+04
1.046	0.506000	-0.10E+04
1.049	0.508000	-0.10E+04
1.052	0.509333	-0.10E+04
1.055	0.510000	-0.10E+04
1.058	0.512000	-0.10E+04
1.061	0.513333	-0.10E+04
1.064	0.516000	-0.10E+04
1.067	0.516667	-0.10E+04
1.07	0.517000	-0.10E+04
1.073	0.518000	-0.10E+04
1.076	0.518333	-0.10E+04
1.079	0.519000	-0.10E+04
1.082	0.521000	-0.10E+04
1.085	0.522000	-0.10E+04
1.088	0.525000	-0.10E+04
1.091	0.525667	-0.10E+04
1.094	0.527000	-0.10E+04
1.097	0.528333	-0.10E+04
1.1	0.529000	-0.10E+04
1.103	0.530000	-0.10E+04
1.106	0.531000	-0.10E+04
1.109	0.533000	-0.10E+04
1.112	0.534333	-0.10E+04
1.115	0.535000	-0.10E+04
1.118	0.536000	-0.10E+04
1.121	0.536333	-0.10E+04
1.124	0.537000	-0.10E+04
1.127	0.537667	-0.10E+04
1.13	0.538000	-0.10E+04
1.133	0.541000	-0.10E+04
1.136	0.541333	-0.10E+04
1.139	0.542000	-0.10E+04
1.142	0.542667	-0.10E+04
1.145	0.543000	-0.10E+04
1.148	0.544000	-0.10E+04
1.151	0.544000	-0.10E+04
1.154	0.544000	-0.10E+04
1.157	0.544667	-0.10E+04
1.16	0.545000	-0.10E+04
1.163	0.546000	-0.10E+04
1.166	0.546333	-0.10E+04
1.169	0.547000	-0.10E+04
1.172	0.547000	-0.10E+04
1.175	0.547000	-0.10E+04
1.178	0.548000	-0.10E+04
1.181	0.548333	-0.10E+04
1.184	0.549000	-0.10E+04
1.187	0.549667	-0.10E+04
1.19	0.550000	-0.10E+04
1.193	0.550000	-0.10E+04
1.196	0.550333	-0.10E+04
1.199	0.551000	-0.10E+04
1.202	0.551667	-0.10E+04
1.205	0.552000	-0.10E+04
1.208	0.552000	-0.10E+04
1.211	0.552000	-0.10E+04
1.214	0.552000	-0.10E+04
1.217	0.552667	-0.10E+04
1.22	0.553000	-0.10E+04
1.223	0.554000	-0.10E+04
1.226	0.554000	-0.10E+04
1.229	0.554000	-0.10E+04
1.232	0.554667	-0.10E+04
1.235	0.555000	-0.10E+04
1.238	0.555000	-0.10E+04
1.241	0.555333	-0.10E+04
1.244	0.556000	-0.10E+04
1.247	0.556000	-0.10E+04
1.25	0.556000	-0.10E+04
1.253	0.556000	-0.10E+04
1.256	0.556333	-0.10E+04
1.259	0.557000	-0.10E+04
1.262	0.557667	-0.10E+04
1.265	0.558000	-0.10E+04
1.268	0.559000	-0.10E+04
1.271	0.559333	-0.10E+04
1.274	0.560000	-0.10E+04
1.277	0.560667	-0.10E+04
1.28	0.561000	-0.10E+04
1.283	0.561000	-0.10E+04
1.286	0.561333	-0.10E+04
1.289	0.562000	-0.10E+04
1.292	0.562667	-0.10E+04
1.295	0.563000	-0.10E+04
1.298	0.563000	-0.10E+04
1.301	0.563333	-0.10E+04
1.304	0.564000	-0.10E+04
1.307	0.564000	-0.10E+04
1.31	0.564000	-0.10E+04
1.313	0.565000	-0.10E+04
1.316	0.565333	-0.10E+04
1.319	0.566000	-0.10E+04
1.322	0.566667	-0.10E+04
1.325	0.567000	-0.10E+04
1.328	0.569000	-0.10E+04
1.331	0.569000	-0.10E+04
1.334	0.569000	-0.10E+04
1.337	0.570333	-0.10E+04
1.34	0.571000	-0.10E+04
1.343	0.571000	-0.10E+04
1.346	0.571333	-0.10E+04
1.349	0.572000	-0.10E+04
1.352	0.572000	-0.10E+04
1.355	0.572000	-0.10E+04
1.358	0.573000	-0.10E+04
1.361	0.573333	-0.10E+04
1.364	0.574000	-0.10E+04
1.367	0.574000	-0.10E+04
1.37	0.574000	-0.10E+04
1.373	0.575000	-0.10E+04
1.376	0.575333	-0.10E+04
1.379	0.576000	-0.10E+04
1.382	0.576667	-0.10E+04
1.385	0.577000	-0.10E+04
1.388	0.578000	-0.10E+04
1.391	0.578000	-0.10E+04
1.394	0.578000	-0.10E+04
1.397	0.578667	-0.10E+04
1.4	0.579000	-0.10E+04
1.403	0.579000	-0.10E+04
1.406	0.579000	-0.10E+04
1.409	0.579000	-0.10E+04
1.412	0.579000	-0.10E+04
1.415	0.579000	-0.10E+04
1.418	0.579000	-0.10E+04
1.421	0.579000	-0.10E+04
1.424	0.579000	-0.10E+04
1.427	0.579000	-0.10E+04
1.43	0.579000	-0.10E+04
1.433	0.579000	-0.10E+04
1.436	0.579000	-0.10E+04
1.439	0.579000	-0.10E+04
1.442	0.579000	-0.10E+04
1.445	0.579000	-0.10E+04
1.448	0.579000	-0.10E+04
1.451	0.579000	-0.10E+04
1.454	0.579000	-0.10E+04
1.457	0.579000	-0.10E+04
1.46	0.579000	-0.10E+04
1.463	0.578000	-0.10E+04
1.466	0.578000	-0.10E+04
1.469	0.578000	-0.10E+04
1.472	0.578000	-0.10E+04
1.475	0.578000	-0.10E+04
1.478	0.578000	-0.10E+04
1.481	0.578000	-0.10E+04
1.484	0.578000	-0.10E+04
1.487	0.578000	-0.10E+04
1.49	0.578000	-0.10E+04
1.493	0.578000	-0.10E+04
1.496	0.578000	-0.10E+04
1.499	0.578000	-0.10E+04
1.502	0.577333	-0.10E+04
1.505	0.577000	-0.10E+04
1.508	0.577000	-0.10E+04
1.511	0.576667	-0.10E+04
1.514	0.576000	-0.10E+04
1.517	0.575333	-0.10E+04
1.52	0.575000	-0.10E+04
1.523	0.575000	-0.10E+04
1.526	0.574667	-0.10E+04
1.529	0.574000	-0.10E+04
1.532	0.573333	-0.10E+04
1.535	0.573000	-0.10E+04
1.538	0.572000	-0.10E+04
1.541	0.571667	-0.10E+04
1.544	0.571000	-0.10E+04
1.547	0.570333	-0.10E+04
1.55	0.570000	-0.10E+04
1.553	0.570000	-0.10E+04
1.556	0.569667	-0.10E+04
1.559	0.569000	-0.10E+04
1.562	0.569000	-0.10E+04
1.565	0.569000	-0.10E+04
1.568	0.567000	-0.10E+04
1.571	0.566667	-0.10E+04
1.574	0.566000	-0.10E+04
1.577	0.565333	-0.10E+04
1.58	0.565000	-0.10E+04
1.583	0.564000	-0.10E+04
1.586	0.563667	-0.10E+04
1.589	0.563000	-0.10E+04
1.592	0.561667	-0.10E+04
1.595	0.561000	-0.10E+04
1.598	0.561000	-0.10E+04
1.601	0.560667	-0.10E+04
1.604	0.560000	-0.10E+04
1.607	0.560000	-0.10E+04
1.61	0.560000	-0.10E+04
1.613	0.558000	-0.10E+04
1.616	0.557667	-0.10E+04
1.619	0.557000	-0.10E+04
1.622	0.556333	-0.10E+04
1.625	0.556000	-0.10E+04
1.628	0.554000	-0.10E+04
1.631	0.553667	-0.10E+04
1.634	0.553000	-0.10E+04
1.637	0.552333	-0.10E+04
1.64	0.552000	-0.10E+04
1.643	0.551000	-0.10E+04
1.646	0.550667	-0.10E+04
1.649	0.550000	-0.10E+04
1.652	0.549333	-0.10E+04
1.655	0.549000	-0.10E+04
1.658	0.549000	-0.10E+04
1.661	0.548667	-0.10E+04
1.664	0.548000	-0.10E+04
1.667	0.546000	-0.10E+04
1.67	0.545000	-0.10E+04
1.673	0.544000	-0.10E+04
1.676	0.543667	-0.10E+04
1.679	0.543000	-0.10E+04
1.682	0.543000	-0.10E+04
1.685	0.543000	-0.10E+04
1.688	0.542000	-0.10E+04
1.691	0.541667	-0.10E+04
1.694	0.541000	-0.10E+04
1.697	0.540333	-0.10E+04
1.7	0.540000	-0.10E+04
1.703	0.538000	-0.10E+04
1.706	0.537667	-0.10E+04
1.709	0.537000	-0.10E+04
1.712	0.536333	-0.10E+04
1.715	0.536000	-0.10E+04
1.718	0.535000	-0.10E+04
1.721	0.534667	-0.10E+04
1.724	0.534000	-0.10E+04
1.727	0.534000	-0.10E+04
1.73	0.534000	-0.10E+04
1.733	0.533000	-0.10E+04
1.736	0.532667	-0.10E+04
1.739	0.532000	-0.10E+04
1.742	0.532000	-0.10E+04
1.745	0.532000	-0.10E+04
1.748	0.531000	-0.10E+04
1.751	0.530667	-0.10E+04
1.754	0.530000	-0.10E+04
1.757	0.530000	-0.10E+04
1.76	0.530000	-0.10E+04
1.763	0.528000	-0.10E+04
1.766	0.527667	-0.10E+04
1.769	0.527000	-0.10E+04
1.772	0.527000	-0.10E+04
1.775	0.527000	-0.10E+04
1.778	0.527000	-0.10E+04
1.781	0.526667	-0.10E+04
1.784	0.526000	-0.10E+04
1.787	0.526000	-0.10E+04
1.79	0.526000	-0.10E+04
1.793	0.526000	-0.10E+04
1.796	0.525667	-0.10E+04
1.799	0.525000	-0.10E+04
1.802	0.524333	-0.10E+04
1.805	0.524000	-0.10E+04
1.808	0.524000	-0.10E+04
1.811	0.524000	-0.10E+04
1.814	0.524000	-0.10E+04
1.817	0.524000	-0.10E+04
1.82	0.524000	-0.10E+04
1.823	0.524000	-0.10E+04
1.826	0.524000	-0.10E+04
1.829	0.524000	-0.10E+04
1.832	0.524000	-0.10E+04
1.835	0.524000	-0.10E+04
1.838	0.524000	-0.10E+04
1.841	0.524000	-0.10E+04
1.844	0.524000	-0.10E+04
1.847	0.524000	-0.10E+04
1.85	0.524000	-0.10E+04
1.853	0.524000	-0.10E+04
1.856	0.524333	-0.10E+04
1.859	0.525000	-0.10E+04
1.862	0.525000	-0.10E+04
1.865	0.525000	-0.10E+04
1.868	0.525000	-0.10E+04
1.871	0.525000	-0.10E+04
1.874	0.525000	-0.10E+04
1.877	0.525000	-0.10E+04
1.88	0.525000	-0.10E+04
1.883	0.525000	-0.10E+04
1.886	0.525000	-0.10E+04
1.889	0.525000	-0.10E+04
1.892	0.525000	-0.10E+04
1.895	0.525000	-0.10E+04
1.898	0.525000	-0.10E+04
1.901	0.525333	-0.10E+04
1.904	0.526000	-0.10E+04
1.907	0.526000	-0.10E+04
1.91	0.526000	-0.10E+04
1.913	0.526000	-0.10E+04
1.916	0.526333	-0.10E+04
1.919	0.527000	-0.10E+04
1.922	0.527000	-0.10E+04
1.925	0.527000	-0.10E+04
1.928	0.527000	-0.10E+04
1.931	0.527000	-0.10E+04
1.934	0.527000	-0.10E+04
1.937	0.527000	-0.10E+04
1.94	0.527000	-0.10E+04
1.943	0.527000	-0.10E+04
1.946	0.527000	-0.10E+04
1.949	0.527000	-0.10E+04
1.952	0.527000	-0.10E+04
1.955	0.527000	-0.10E+04
1.958	0.528000	-0.10E+04
1.961	0.528000	-0.10E+04
1.964	0.528000	-0.10E+04
1.967	0.528667	-0.10E+04
1.97	0.529000	-0.10E+04
1.973	0.530000	-0.10E+04
1.976	0.530000	-0.10E+04
1.979	0.530000	-0.10E+04
1.982	0.530000	-0.10E+04
1.985	0.530000	-0.10E+04
1.988	0.531000	-0.10E+04
1.991	0.531333	-0.10E+04
1.994	0.532000	-0.10E+04
1.997	0.532667	-0.10E+04
2	0.533000	-0.10E+04
2.003	0.534000	-0.10E+04
2.006	0.534000	-0.10E+04
2.009	0.534000	-0.10E+04
2.012	0.534667	-0.10E+04
2.015	0.535000	-0.10E+04
2.018	0.535000	-0.10E+04
2.021	0.535333	-0.10E+04
2.024	0.536000	-0.10E+04
2.027	0.536667	-0.10E+04
2.03	0.537000	-0.10E+04
2.033	0.538000	-0.10E+04
2.036	0.538000	-0.10E+04
2.039	0.538000	-0.10E+04
2.042	0.539333	-0.10E+04
2.045	0.540000	-0.10E+04
2.048	0.542000	-0.10E+04
2.051	0.542333	-0.10E+04
2.054	0.543000	-0.10E+04
2.057	0.543000	-0.10E+04
2.06	0.543000	-0.10E+04
2.063	0.544000	-0.10E+04
2.066	0.544333	-0.10E+04
2.069	0.545000	-0.10E+04
2.072	0.545667	-0.10E+04
2.075	0.546000	-0.10E+04
2.078	0.546000	-0.10E+04
2.081	0.546333	-0.10E+04
2.084	0.547000	-0.10E+04
2.087	0.547667	-0.10E+04
2.09	0.548000	-0.10E+04
2.093	0.549000	-0.10E+04
2.096	0.549333	-0.10E+04
2.099	0.550000	-0.10E+04
2.102	0.551333	-0.10E+04
2.105	0.552000	-0.10E+04
2.108	0.552000	-0.10E+04
2.111	0.552333	-0.10E+04
2.114	0.553000	-0.10E+04
2.117	0.553667	-0.10E+04
2.12	0.554000	-0.10E+04
2.123	0.555000	-0.10E+04
2.126	0.555333	-0.10E+04
2.129	0.556000	-0.10E+04
2.132	0.557333	-0.10E+04
2.135	0.558000	-0.10E+04
2.138	0.558000	-0.10E+04
2.141	0.558333	-0.10E+04
2.144	0.559000	-0.10E+04
2.147	0.560333	-0.10E+04
2.15	0.561000	-0.10E+04
2.153	0.561000	-0.10E+04
2.156	0.561667	-0.10E+04
2.159	0.563000	-0.10E+04
2.162	0.563000	-0.10E+04
2.165	0.563000	-0.10E+04
2.168	0.564000	-0.10E+04
2.171	0.564000	-0.10E+04
2.174	0.564000	-0.10E+04
2.177	0.565333	-0.10E+04
2.18	0.566000	-0.10E+04
2.183	0.568000	-0.10E+04
2.186	0.568333	-0.10E+04
2.189	0.569000	-0.10E+04
2.192	0.569000	-0.10E+04
2.195	0.569000	-0.10E+04
2.198	0.571000	-0.10E+04
2.201	0.571333	-0.10E+04
2.204	0.572000	-0.10E+04
2.207	0.572667	-0.10E+04
2.21	0.573000	-0.10E+04
2.213	0.573000	-0.10E+04
2.216	0.573000	-0.10E+04
2.219	0.573000	-0.10E+04
2.222	0.574333	-0.10E+04
2.225	0.575000	-0.10E+04
2.228	0.576000	-0.10E+04
2.231	0.576667	-0.10E+04
2.234	0.578000	-0.10E+04
2.237	0.578667	-0.10E+04
2.24	0.579000	-0.10E+04
2.243	0.580000	-0.10E+04
2.246	0.580333	-0.10E+04
2.249	0.581000	-0.10E+04
2.252	0.581667	-0.10E+04
2.255	0.582000	-0.10E+04
2.258	0.584000	-0.10E+04
2.261	0.584333	-0.10E+04
2.264	0.585000	-0.10E+04
2.267	0.585667	-0.10E+04
2.27	0.586000	-0.10E+04
2.273	0.587000	-0.10E+04
2.276	0.587333	-0.10E+04
2.279	0.588000	-0.10E+04
2.282	0.588667	-0.10E+04
2.285	0.589000	-0.10E+04
2.288	0.591000	-0.10E+04
2.291	0.591000	-0.10E+04
2.294	0.591000	-0.10E+04
2.297	0.592333	-0.10E+04
2.3	0.593000	-0.10E+04
2.303	0.594000	-0.10E+04
2.306	0.594333	-0.10E+04
2.309	0.595000	-0.10E+04
2.312	0.596333	-0.10E+04
2.315	0.597000	-0.10E+04
2.318	0.598000	-0.10E+04
2.321	0.598333	-0.10E+04
2.324	0.599000	-0.10E+04
2.327	0.599667	-0.10E+04
2.33	0.600000	-0.10E+04
2.333	0.601000	-0.10E+04
2.336	0.601333	-0.10E+04
2.339	0.602000	-0.10E+04
2.342	0.602667	-0.10E+04
2.345	0.603000	-0.10E+04
2.348	0.603000	-0.10E+04
2.351	0.603333	-0.10E+04
2.354	0.604000	-0.10E+04
2.357	0.604667	-0.10E+04
2.36	0.605000	-0.10E+04
2.363	0.606000	-0.10E+04
2.366	0.606000	-0.10E+04
2.369	0.606000	-0.10E+04
2.372	0.606667	-0.10E+04
2.375	0.607000	-0.10E+04
2.378	0.608000	-0.10E+04
2.381	0.608333	-0.10E+04
2.384	0.609000	-0.10E+04
2.387	0.609667	-0.10E+04
2.39	0.610000	-0.10E+04
2.393	0.611000	-0.10E+04
2.396	0.611000	-0.10E+04
2.399	0.611000	-0.10E+04
2.402	0.611667	-0.10E+04
2.405	0.612000	-0.10E+04
2.408	0.612000	-0.10E+04
2.411	0.612333	-0.10E+04
2.414	0.613000	-0.10E+04
2.417	0.613667	-0.10E+04
2.42	0.614000	-0.10E+04
2.423	0.615000	-0.10E+04
2.426	0.615333	-0.10E+04
2.429	0.616000	-0.10E+04
2.432	0.617333	-0.10E+04
2.435	0.618000	-0.10E+04
2.438	0.619000	-0.10E+04
2.441	0.619333	-0.10E+04
2.444	0.620000	-0.10E+04
2.447	0.620000	-0.10E+04
2.45	0.620000	-0.10E+04
2.453	0.621000	-0.10E+04
2.456	0.621000	-0.10E+04
2.459	0.621000	-0.10E+04
2.462	0.621000	-0.10E+04
2.465	0.621000	-0.10E+04
2.468	0.623000	-0.10E+04
2.471	0.623333	-0.10E+04
2.474	0.624000	-0.10E+04
2.477	0.625333	-0.10E+04
2.48	0.626000	-0.10E+04
2.483	0.626000	-0.10E+04
2.486	0.626333	-0.10E+04
2.489	0.627000	-0.10E+04
2.492	0.627667	-0.10E+04
2.495	0.628000	-0.10E+04
2.498	0.629000	-0.10E+04
