Brown University Keck/NASA Relab Spectrum SA-JBA-016/wls693
Wavelength(micron)	Reflectance	Standard Deviation
0.35	0.394000	-0.10E+04
0.355	0.403000	-0.10E+04
0.36	0.412000	-0.10E+04
0.365	0.420000	-0.10E+04
0.37	0.428000	-0.10E+04
0.375	0.434000	-0.10E+04
0.38	0.441000	-0.10E+04
0.385	0.453000	-0.10E+04
0.39	0.463000	-0.10E+04
0.395	0.471000	-0.10E+04
0.4	0.480000	-0.10E+04
0.405	0.488000	-0.10E+04
0.41	0.497000	-0.10E+04
0.415	0.503000	-0.10E+04
0.42	0.509000	-0.10E+04
0.425	0.517000	-0.10E+04
0.43	0.526000	-0.10E+04
0.435	0.535000	-0.10E+04
0.44	0.543000	-0.10E+04
0.445	0.549000	-0.10E+04
0.45	0.557000	-0.10E+04
0.455	0.559000	-0.10E+04
0.46	0.564000	-0.10E+04
0.465	0.568000	-0.10E+04
0.47	0.572000	-0.10E+04
0.475	0.576000	-0.10E+04
0.48	0.579000	-0.10E+04
0.485	0.584000	-0.10E+04
0.49	0.588000	-0.10E+04
0.495	0.593000	-0.10E+04
0.5	0.597000	-0.10E+04
0.505	0.601000	-0.10E+04
0.51	0.605000	-0.10E+04
0.515	0.610000	-0.10E+04
0.52	0.615000	-0.10E+04
0.525	0.618000	-0.10E+04
0.53	0.622000	-0.10E+04
0.535	0.623000	-0.10E+04
0.54	0.626000	-0.10E+04
0.545	0.630000	-0.10E+04
0.55	0.632000	-0.10E+04
0.555	0.634000	-0.10E+04
0.56	0.636000	-0.10E+04
0.565	0.637000	-0.10E+04
0.57	0.638000	-0.10E+04
0.575	0.639000	-0.10E+04
0.58	0.640000	-0.10E+04
0.585	0.642000	-0.10E+04
0.59	0.643000	-0.10E+04
0.595	0.644000	-0.10E+04
0.6	0.646000	-0.10E+04
0.605	0.648000	-0.10E+04
0.61	0.648000	-0.10E+04
0.615	0.649000	-0.10E+04
0.62	0.649000	-0.10E+04
0.625	0.650000	-0.10E+04
0.63	0.651000	-0.10E+04
0.635	0.651000	-0.10E+04
0.64	0.652000	-0.10E+04
0.645	0.653000	-0.10E+04
0.65	0.652000	-0.10E+04
0.655	0.652000	-0.10E+04
0.66	0.653000	-0.10E+04
0.665	0.654000	-0.10E+04
0.67	0.654000	-0.10E+04
0.675	0.654000	-0.10E+04
0.68	0.655000	-0.10E+04
0.685	0.656000	-0.10E+04
0.69	0.656000	-0.10E+04
0.695	0.657000	-0.10E+04
0.7	0.657000	-0.10E+04
0.705	0.657000	-0.10E+04
0.71	0.657000	-0.10E+04
0.715	0.657000	-0.10E+04
0.72	0.658000	-0.10E+04
0.725	0.659000	-0.10E+04
0.73	0.660000	-0.10E+04
0.735	0.660000	-0.10E+04
0.74	0.660000	-0.10E+04
0.745	0.661000	-0.10E+04
0.75	0.662000	-0.10E+04
0.755	0.662000	-0.10E+04
0.76	0.662000	-0.10E+04
0.765	0.662000	-0.10E+04
0.77	0.662000	-0.10E+04
0.775	0.662000	-0.10E+04
0.78	0.662000	-0.10E+04
0.785	0.662000	-0.10E+04
0.79	0.662000	-0.10E+04
0.795	0.662000	-0.10E+04
0.8	0.662000	-0.10E+04
0.805	0.663000	-0.10E+04
0.81	0.663000	-0.10E+04
0.815	0.663000	-0.10E+04
0.82	0.663000	-0.10E+04
0.825	0.663000	-0.10E+04
0.83	0.663000	-0.10E+04
0.835	0.663000	-0.10E+04
0.84	0.663000	-0.10E+04
0.845	0.663000	-0.10E+04
0.85	0.663000	-0.10E+04
0.855	0.664000	-0.10E+04
0.86	0.664000	-0.10E+04
0.865	0.665000	-0.10E+04
0.87	0.665000	-0.10E+04
0.875	0.666000	-0.10E+04
0.88	0.666000	-0.10E+04
0.885	0.666000	-0.10E+04
0.89	0.666000	-0.10E+04
0.895	0.666000	-0.10E+04
0.9	0.666000	-0.10E+04
0.905	0.667000	-0.10E+04
0.91	0.668000	-0.10E+04
0.915	0.669000	-0.10E+04
0.92	0.669000	-0.10E+04
0.925	0.669000	-0.10E+04
0.93	0.669000	-0.10E+04
0.935	0.669000	-0.10E+04
0.94	0.669000	-0.10E+04
0.945	0.668000	-0.10E+04
0.95	0.668000	-0.10E+04
0.955	0.668000	-0.10E+04
0.96	0.667000	-0.10E+04
0.965	0.666000	-0.10E+04
0.97	0.665000	-0.10E+04
0.975	0.663000	-0.10E+04
0.98	0.663000	-0.10E+04
0.985	0.662000	-0.10E+04
0.99	0.661000	-0.10E+04
0.995	0.659000	-0.10E+04
1	0.658000	-0.10E+04
1.005	0.656000	-0.10E+04
1.01	0.654000	-0.10E+04
1.015	0.653000	-0.10E+04
1.02	0.651000	-0.10E+04
1.025	0.649000	-0.10E+04
1.03	0.646000	-0.10E+04
1.035	0.645000	-0.10E+04
1.04	0.643000	-0.10E+04
1.045	0.641000	-0.10E+04
1.05	0.639000	-0.10E+04
1.055	0.637000	-0.10E+04
1.06	0.634000	-0.10E+04
1.065	0.633000	-0.10E+04
1.07	0.631000	-0.10E+04
1.075	0.629000	-0.10E+04
1.08	0.627000	-0.10E+04
1.085	0.626000	-0.10E+04
1.09	0.624000	-0.10E+04
1.095	0.621000	-0.10E+04
1.1	0.618000	-0.10E+04
1.105	0.617000	-0.10E+04
1.11	0.615000	-0.10E+04
1.115	0.614000	-0.10E+04
1.12	0.611000	-0.10E+04
1.125	0.609000	-0.10E+04
1.13	0.608000	-0.10E+04
1.135	0.606000	-0.10E+04
1.14	0.603000	-0.10E+04
1.145	0.603000	-0.10E+04
1.15	0.600000	-0.10E+04
1.155	0.599000	-0.10E+04
1.16	0.598000	-0.10E+04
1.165	0.596000	-0.10E+04
1.17	0.595000	-0.10E+04
1.175	0.594000	-0.10E+04
1.18	0.592000	-0.10E+04
1.185	0.591000	-0.10E+04
1.19	0.591000	-0.10E+04
1.195	0.589000	-0.10E+04
1.2	0.589000	-0.10E+04
1.205	0.589000	-0.10E+04
1.21	0.588000	-0.10E+04
1.215	0.588000	-0.10E+04
1.22	0.587000	-0.10E+04
1.225	0.587000	-0.10E+04
1.23	0.587000	-0.10E+04
1.235	0.586000	-0.10E+04
1.24	0.586000	-0.10E+04
1.245	0.587000	-0.10E+04
1.25	0.587000	-0.10E+04
1.255	0.587000	-0.10E+04
1.26	0.587000	-0.10E+04
1.265	0.588000	-0.10E+04
1.27	0.588000	-0.10E+04
1.275	0.588000	-0.10E+04
1.28	0.589000	-0.10E+04
1.285	0.589000	-0.10E+04
1.29	0.589000	-0.10E+04
1.295	0.590000	-0.10E+04
1.3	0.591000	-0.10E+04
1.305	0.592000	-0.10E+04
1.31	0.593000	-0.10E+04
1.315	0.594000	-0.10E+04
1.32	0.595000	-0.10E+04
1.325	0.595000	-0.10E+04
1.33	0.597000	-0.10E+04
1.335	0.597000	-0.10E+04
1.34	0.597000	-0.10E+04
1.345	0.598000	-0.10E+04
1.35	0.598000	-0.10E+04
1.355	0.597000	-0.10E+04
1.36	0.597000	-0.10E+04
1.365	0.597000	-0.10E+04
1.37	0.598000	-0.10E+04
1.375	0.599000	-0.10E+04
1.38	0.599000	-0.10E+04
1.385	0.600000	-0.10E+04
1.39	0.602000	-0.10E+04
1.395	0.604000	-0.10E+04
1.4	0.606000	-0.10E+04
1.405	0.609000	-0.10E+04
1.41	0.611000	-0.10E+04
1.415	0.614000	-0.10E+04
1.42	0.618000	-0.10E+04
1.425	0.622000	-0.10E+04
1.43	0.626000	-0.10E+04
1.435	0.629000	-0.10E+04
1.44	0.632000	-0.10E+04
1.445	0.636000	-0.10E+04
1.45	0.638000	-0.10E+04
1.455	0.642000	-0.10E+04
1.46	0.645000	-0.10E+04
1.465	0.647000	-0.10E+04
1.47	0.649000	-0.10E+04
1.475	0.652000	-0.10E+04
1.48	0.655000	-0.10E+04
1.485	0.658000	-0.10E+04
1.49	0.660000	-0.10E+04
1.495	0.662000	-0.10E+04
1.5	0.665000	-0.10E+04
1.505	0.666000	-0.10E+04
1.51	0.670000	-0.10E+04
1.515	0.672000	-0.10E+04
1.52	0.674000	-0.10E+04
1.525	0.676000	-0.10E+04
1.53	0.678000	-0.10E+04
1.535	0.680000	-0.10E+04
1.54	0.683000	-0.10E+04
1.545	0.684000	-0.10E+04
1.55	0.686000	-0.10E+04
1.555	0.688000	-0.10E+04
1.56	0.690000	-0.10E+04
1.565	0.692000	-0.10E+04
1.57	0.693000	-0.10E+04
1.575	0.695000	-0.10E+04
1.58	0.696000	-0.10E+04
1.585	0.698000	-0.10E+04
1.59	0.699000	-0.10E+04
1.595	0.701000	-0.10E+04
1.6	0.703000	-0.10E+04
1.605	0.704000	-0.10E+04
1.61	0.705000	-0.10E+04
1.615	0.706000	-0.10E+04
1.62	0.707000	-0.10E+04
1.625	0.708000	-0.10E+04
1.63	0.710000	-0.10E+04
1.635	0.711000	-0.10E+04
1.64	0.712000	-0.10E+04
1.645	0.713000	-0.10E+04
1.65	0.713000	-0.10E+04
1.655	0.714000	-0.10E+04
1.66	0.715000	-0.10E+04
1.665	0.716000	-0.10E+04
1.67	0.717000	-0.10E+04
1.675	0.718000	-0.10E+04
1.68	0.719000	-0.10E+04
1.685	0.720000	-0.10E+04
1.69	0.720000	-0.10E+04
1.695	0.721000	-0.10E+04
1.7	0.721000	-0.10E+04
1.705	0.722000	-0.10E+04
1.71	0.722000	-0.10E+04
1.715	0.722000	-0.10E+04
1.72	0.724000	-0.10E+04
1.725	0.725000	-0.10E+04
1.73	0.725000	-0.10E+04
1.735	0.727000	-0.10E+04
1.74	0.728000	-0.10E+04
1.745	0.728000	-0.10E+04
1.75	0.729000	-0.10E+04
1.755	0.730000	-0.10E+04
1.76	0.730000	-0.10E+04
1.765	0.730000	-0.10E+04
1.77	0.731000	-0.10E+04
1.775	0.731000	-0.10E+04
1.78	0.732000	-0.10E+04
1.785	0.733000	-0.10E+04
1.79	0.733000	-0.10E+04
1.795	0.734000	-0.10E+04
1.8	0.735000	-0.10E+04
1.805	0.733000	-0.10E+04
1.81	0.733000	-0.10E+04
1.815	0.733000	-0.10E+04
1.82	0.733000	-0.10E+04
1.825	0.732000	-0.10E+04
1.83	0.732000	-0.10E+04
1.835	0.728000	-0.10E+04
1.84	0.727000	-0.10E+04
1.845	0.725000	-0.10E+04
1.85	0.723000	-0.10E+04
1.855	0.719000	-0.10E+04
1.86	0.716000	-0.10E+04
1.865	0.714000	-0.10E+04
1.87	0.711000	-0.10E+04
1.875	0.709000	-0.10E+04
1.88	0.706000	-0.10E+04
1.885	0.705000	-0.10E+04
1.89	0.705000	-0.10E+04
1.895	0.703000	-0.10E+04
1.9	0.703000	-0.10E+04
1.905	0.703000	-0.10E+04
1.91	0.704000	-0.10E+04
1.915	0.705000	-0.10E+04
1.92	0.706000	-0.10E+04
1.925	0.707000	-0.10E+04
1.93	0.709000	-0.10E+04
1.935	0.712000	-0.10E+04
1.94	0.714000	-0.10E+04
1.945	0.716000	-0.10E+04
1.95	0.719000	-0.10E+04
1.955	0.723000	-0.10E+04
1.96	0.725000	-0.10E+04
1.965	0.727000	-0.10E+04
1.97	0.730000	-0.10E+04
1.975	0.732000	-0.10E+04
1.98	0.735000	-0.10E+04
1.985	0.737000	-0.10E+04
1.99	0.739000	-0.10E+04
1.995	0.742000	-0.10E+04
2	0.744000	-0.10E+04
2.005	0.745000	-0.10E+04
2.01	0.747000	-0.10E+04
2.015	0.749000	-0.10E+04
2.02	0.751000	-0.10E+04
2.025	0.752000	-0.10E+04
2.03	0.753000	-0.10E+04
2.035	0.755000	-0.10E+04
2.04	0.757000	-0.10E+04
2.045	0.757000	-0.10E+04
2.05	0.759000	-0.10E+04
2.055	0.760000	-0.10E+04
2.06	0.760000	-0.10E+04
2.065	0.760000	-0.10E+04
2.07	0.760000	-0.10E+04
2.075	0.761000	-0.10E+04
2.08	0.760000	-0.10E+04
2.085	0.760000	-0.10E+04
2.09	0.760000	-0.10E+04
2.095	0.759000	-0.10E+04
2.1	0.758000	-0.10E+04
2.105	0.758000	-0.10E+04
2.11	0.756000	-0.10E+04
2.115	0.755000	-0.10E+04
2.12	0.753000	-0.10E+04
2.125	0.752000	-0.10E+04
2.13	0.751000	-0.10E+04
2.135	0.747000	-0.10E+04
2.14	0.746000	-0.10E+04
2.145	0.744000	-0.10E+04
2.15	0.742000	-0.10E+04
2.155	0.741000	-0.10E+04
2.16	0.740000	-0.10E+04
2.165	0.739000	-0.10E+04
2.17	0.739000	-0.10E+04
2.175	0.740000	-0.10E+04
2.18	0.741000	-0.10E+04
2.185	0.741000	-0.10E+04
2.19	0.743000	-0.10E+04
2.195	0.745000	-0.10E+04
2.2	0.746000	-0.10E+04
2.205	0.747000	-0.10E+04
2.21	0.748000	-0.10E+04
2.215	0.749000	-0.10E+04
2.22	0.751000	-0.10E+04
2.225	0.753000	-0.10E+04
2.23	0.754000	-0.10E+04
2.235	0.754000	-0.10E+04
2.24	0.755000	-0.10E+04
2.245	0.755000	-0.10E+04
2.25	0.755000	-0.10E+04
2.255	0.755000	-0.10E+04
2.26	0.755000	-0.10E+04
2.265	0.754000	-0.10E+04
2.27	0.753000	-0.10E+04
2.275	0.752000	-0.10E+04
2.28	0.751000	-0.10E+04
2.285	0.751000	-0.10E+04
2.29	0.750000	-0.10E+04
2.295	0.747000	-0.10E+04
2.3	0.746000	-0.10E+04
2.305	0.745000	-0.10E+04
2.31	0.742000	-0.10E+04
2.315	0.741000	-0.10E+04
2.32	0.740000	-0.10E+04
2.325	0.738000	-0.10E+04
2.33	0.736000	-0.10E+04
2.335	0.735000	-0.10E+04
2.34	0.734000	-0.10E+04
2.345	0.733000	-0.10E+04
2.35	0.732000	-0.10E+04
2.355	0.730000	-0.10E+04
2.36	0.729000	-0.10E+04
2.365	0.728000	-0.10E+04
2.37	0.726000	-0.10E+04
2.375	0.725000	-0.10E+04
2.38	0.725000	-0.10E+04
2.385	0.723000	-0.10E+04
2.39	0.721000	-0.10E+04
2.395	0.720000	-0.10E+04
2.4	0.719000	-0.10E+04
2.405	0.718000	-0.10E+04
2.41	0.716000	-0.10E+04
2.415	0.716000	-0.10E+04
2.42	0.714000	-0.10E+04
2.425	0.713000	-0.10E+04
2.43	0.711000	-0.10E+04
2.435	0.710000	-0.10E+04
2.44	0.709000	-0.10E+04
2.445	0.708000	-0.10E+04
2.45	0.708000	-0.10E+04
2.455	0.706000	-0.10E+04
2.46	0.706000	-0.10E+04
2.465	0.705000	-0.10E+04
2.47	0.705000	-0.10E+04
2.475	0.705000	-0.10E+04
2.48	0.704000	-0.10E+04
2.485	0.704000	-0.10E+04
2.49	0.704000	-0.10E+04
2.495	0.703000	-0.10E+04
2.5	0.703000	-0.10E+04
2.505	0.702000	-0.10E+04
2.51	0.702000	-0.10E+04
2.515	0.702000	-0.10E+04
2.52	0.702000	-0.10E+04
