Brown University Keck/NASA Relab Spectrum LS-JBA-246/wls649
Wavelength(micron)	Reflectance	Standard Deviation
0.815	0.977000	-0.10E+04
0.82	0.957000	-0.10E+04
0.825	0.934000	-0.10E+04
0.83	0.914000	-0.10E+04
0.835	0.896000	-0.10E+04
0.84	0.877000	-0.10E+04
0.845	0.861000	-0.10E+04
0.85	0.845000	-0.10E+04
0.855	0.829000	-0.10E+04
0.86	0.816000	-0.10E+04
0.865	0.803000	-0.10E+04
0.87	0.791000	-0.10E+04
0.875	0.779000	-0.10E+04
0.88	0.766000	-0.10E+04
0.885	0.758000	-0.10E+04
0.89	0.748000	-0.10E+04
0.895	0.740000	-0.10E+04
0.9	0.736000	-0.10E+04
0.905	0.730000	-0.10E+04
0.91	0.722000	-0.10E+04
0.915	0.717000	-0.10E+04
0.92	0.714000	-0.10E+04
0.925	0.710000	-0.10E+04
0.93	0.706000	-0.10E+04
0.935	0.703000	-0.10E+04
0.94	0.702000	-0.10E+04
0.945	0.702000	-0.10E+04
0.95	0.702000	-0.10E+04
0.955	0.700000	-0.10E+04
0.96	0.699000	-0.10E+04
0.965	0.700000	-0.10E+04
0.97	0.700000	-0.10E+04
0.975	0.701000	-0.10E+04
0.98	0.702000	-0.10E+04
0.985	0.703000	-0.10E+04
0.99	0.705000	-0.10E+04
0.995	0.707000	-0.10E+04
1	0.709000	-0.10E+04
1.005	0.711000	-0.10E+04
1.01	0.713000	-0.10E+04
1.015	0.715000	-0.10E+04
1.02	0.718000	-0.10E+04
1.025	0.720000	-0.10E+04
1.03	0.726000	-0.10E+04
1.035	0.730000	-0.10E+04
1.04	0.732000	-0.10E+04
1.045	0.736000	-0.10E+04
1.05	0.741000	-0.10E+04
1.055	0.747000	-0.10E+04
1.06	0.754000	-0.10E+04
1.065	0.758000	-0.10E+04
1.07	0.764000	-0.10E+04
1.075	0.766000	-0.10E+04
1.08	0.773000	-0.10E+04
1.085	0.777000	-0.10E+04
1.09	0.783000	-0.10E+04
1.095	0.789000	-0.10E+04
1.1	0.795000	-0.10E+04
1.105	0.801000	-0.10E+04
1.11	0.808000	-0.10E+04
1.115	0.814000	-0.10E+04
1.12	0.819000	-0.10E+04
1.125	0.826000	-0.10E+04
1.13	0.830000	-0.10E+04
1.135	0.835000	-0.10E+04
1.14	0.840000	-0.10E+04
1.145	0.843000	-0.10E+04
1.15	0.849000	-0.10E+04
1.155	0.851000	-0.10E+04
1.16	0.856000	-0.10E+04
1.165	0.858000	-0.10E+04
1.17	0.860000	-0.10E+04
1.175	0.862000	-0.10E+04
1.18	0.864000	-0.10E+04
1.185	0.866000	-0.10E+04
1.19	0.867000	-0.10E+04
1.195	0.868000	-0.10E+04
1.2	0.869000	-0.10E+04
1.205	0.870000	-0.10E+04
1.21	0.873000	-0.10E+04
1.215	0.876000	-0.10E+04
1.22	0.876000	-0.10E+04
1.225	0.877000	-0.10E+04
1.23	0.879000	-0.10E+04
1.235	0.882000	-0.10E+04
1.24	0.883000	-0.10E+04
1.245	0.884000	-0.10E+04
1.25	0.884000	-0.10E+04
1.255	0.886000	-0.10E+04
1.26	0.887000	-0.10E+04
1.265	0.891000	-0.10E+04
1.27	0.893000	-0.10E+04
1.275	0.893000	-0.10E+04
1.28	0.895000	-0.10E+04
1.285	0.898000	-0.10E+04
1.29	0.901000	-0.10E+04
1.295	0.904000	-0.10E+04
1.3	0.905000	-0.10E+04
1.305	0.910000	-0.10E+04
1.31	0.913000	-0.10E+04
1.315	0.916000	-0.10E+04
1.32	0.918000	-0.10E+04
1.325	0.922000	-0.10E+04
1.33	0.923000	-0.10E+04
1.335	0.928000	-0.10E+04
1.34	0.932000	-0.10E+04
1.345	0.935000	-0.10E+04
1.35	0.938000	-0.10E+04
1.355	0.941000	-0.10E+04
1.36	0.944000	-0.10E+04
1.365	0.948000	-0.10E+04
1.37	0.952000	-0.10E+04
1.375	0.958000	-0.10E+04
1.38	0.960000	-0.10E+04
1.385	0.965000	-0.10E+04
1.39	0.967000	-0.10E+04
1.395	0.971000	-0.10E+04
1.4	0.975000	-0.10E+04
1.405	0.978000	-0.10E+04
1.41	0.980000	-0.10E+04
1.415	0.984000	-0.10E+04
1.42	0.988000	-0.10E+04
1.425	0.992000	-0.10E+04
1.43	0.994000	-0.10E+04
1.435	0.996000	-0.10E+04
1.44	0.000000	-0.10E+04
1.535	0.000000	-0.10E+04
1.54	0.000000	-0.10E+04
1.545	0.000000	-0.10E+04
1.55	0.000000	-0.10E+04
1.555	0.000000	-0.10E+04
1.56	0.000000	-0.10E+04
1.565	0.000000	-0.10E+04
1.57	0.000000	-0.10E+04
1.575	0.994000	-0.10E+04
1.58	0.993000	-0.10E+04
1.585	0.988000	-0.10E+04
1.59	0.986000	-0.10E+04
1.595	0.984000	-0.10E+04
1.6	0.982000	-0.10E+04
1.605	0.977000	-0.10E+04
1.61	0.975000	-0.10E+04
1.615	0.973000	-0.10E+04
1.62	0.968000	-0.10E+04
1.625	0.965000	-0.10E+04
1.63	0.962000	-0.10E+04
1.635	0.958000	-0.10E+04
1.64	0.956000	-0.10E+04
1.645	0.951000	-0.10E+04
1.65	0.948000	-0.10E+04
1.655	0.945000	-0.10E+04
1.66	0.941000	-0.10E+04
1.665	0.938000	-0.10E+04
1.67	0.933000	-0.10E+04
1.675	0.930000	-0.10E+04
1.68	0.925000	-0.10E+04
1.685	0.921000	-0.10E+04
1.69	0.917000	-0.10E+04
1.695	0.913000	-0.10E+04
1.7	0.910000	-0.10E+04
1.705	0.906000	-0.10E+04
1.71	0.902000	-0.10E+04
1.715	0.898000	-0.10E+04
1.72	0.895000	-0.10E+04
1.725	0.892000	-0.10E+04
1.73	0.887000	-0.10E+04
1.735	0.884000	-0.10E+04
1.74	0.881000	-0.10E+04
1.745	0.877000	-0.10E+04
1.75	0.876000	-0.10E+04
1.755	0.872000	-0.10E+04
1.76	0.868000	-0.10E+04
1.765	0.865000	-0.10E+04
1.77	0.864000	-0.10E+04
1.775	0.860000	-0.10E+04
1.78	0.857000	-0.10E+04
1.785	0.855000	-0.10E+04
1.79	0.851000	-0.10E+04
1.795	0.847000	-0.10E+04
1.8	0.845000	-0.10E+04
1.805	0.842000	-0.10E+04
1.81	0.840000	-0.10E+04
1.815	0.839000	-0.10E+04
1.82	0.837000	-0.10E+04
1.825	0.836000	-0.10E+04
1.83	0.831000	-0.10E+04
1.835	0.830000	-0.10E+04
1.84	0.828000	-0.10E+04
1.845	0.827000	-0.10E+04
1.85	0.825000	-0.10E+04
1.855	0.824000	-0.10E+04
1.86	0.820000	-0.10E+04
1.865	0.819000	-0.10E+04
1.87	0.816000	-0.10E+04
1.875	0.815000	-0.10E+04
1.88	0.814000	-0.10E+04
1.885	0.812000	-0.10E+04
1.89	0.811000	-0.10E+04
1.895	0.811000	-0.10E+04
1.9	0.810000	-0.10E+04
1.905	0.810000	-0.10E+04
1.91	0.811000	-0.10E+04
1.915	0.810000	-0.10E+04
1.92	0.809000	-0.10E+04
1.925	0.807000	-0.10E+04
1.93	0.807000	-0.10E+04
1.935	0.807000	-0.10E+04
1.94	0.808000	-0.10E+04
1.945	0.808000	-0.10E+04
1.95	0.807000	-0.10E+04
1.955	0.807000	-0.10E+04
1.96	0.808000	-0.10E+04
1.965	0.808000	-0.10E+04
1.97	0.807000	-0.10E+04
1.975	0.807000	-0.10E+04
1.98	0.807000	-0.10E+04
1.985	0.808000	-0.10E+04
1.99	0.809000	-0.10E+04
1.995	0.810000	-0.10E+04
2	0.810000	-0.10E+04
2.005	0.810000	-0.10E+04
2.01	0.809000	-0.10E+04
2.015	0.811000	-0.10E+04
2.02	0.812000	-0.10E+04
2.025	0.812000	-0.10E+04
2.03	0.813000	-0.10E+04
2.035	0.813000	-0.10E+04
2.04	0.814000	-0.10E+04
2.045	0.816000	-0.10E+04
2.05	0.818000	-0.10E+04
2.055	0.820000	-0.10E+04
2.06	0.820000	-0.10E+04
2.065	0.821000	-0.10E+04
2.07	0.822000	-0.10E+04
2.075	0.822000	-0.10E+04
2.08	0.824000	-0.10E+04
2.085	0.826000	-0.10E+04
2.09	0.828000	-0.10E+04
2.095	0.829000	-0.10E+04
2.1	0.829000	-0.10E+04
2.105	0.830000	-0.10E+04
2.11	0.831000	-0.10E+04
2.115	0.832000	-0.10E+04
2.12	0.836000	-0.10E+04
2.125	0.840000	-0.10E+04
2.13	0.840000	-0.10E+04
2.135	0.840000	-0.10E+04
2.14	0.841000	-0.10E+04
2.145	0.841000	-0.10E+04
2.15	0.841000	-0.10E+04
2.155	0.843000	-0.10E+04
2.16	0.847000	-0.10E+04
2.165	0.848000	-0.10E+04
2.17	0.849000	-0.10E+04
2.175	0.850000	-0.10E+04
2.18	0.850000	-0.10E+04
2.185	0.854000	-0.10E+04
2.19	0.856000	-0.10E+04
2.195	0.857000	-0.10E+04
2.2	0.857000	-0.10E+04
2.205	0.858000	-0.10E+04
2.21	0.860000	-0.10E+04
2.215	0.861000	-0.10E+04
2.22	0.862000	-0.10E+04
2.225	0.862000	-0.10E+04
2.23	0.864000	-0.10E+04
2.235	0.865000	-0.10E+04
2.24	0.867000	-0.10E+04
2.245	0.870000	-0.10E+04
2.25	0.871000	-0.10E+04
2.255	0.873000	-0.10E+04
2.26	0.875000	-0.10E+04
2.265	0.877000	-0.10E+04
2.27	0.876000	-0.10E+04
2.275	0.877000	-0.10E+04
2.28	0.881000	-0.10E+04
2.285	0.883000	-0.10E+04
2.29	0.884000	-0.10E+04
2.295	0.886000	-0.10E+04
2.3	0.889000	-0.10E+04
2.305	0.890000	-0.10E+04
2.31	0.890000	-0.10E+04
2.315	0.891000	-0.10E+04
2.32	0.893000	-0.10E+04
2.325	0.896000	-0.10E+04
2.33	0.898000	-0.10E+04
2.335	0.901000	-0.10E+04
2.34	0.903000	-0.10E+04
2.345	0.905000	-0.10E+04
2.35	0.906000	-0.10E+04
2.355	0.908000	-0.10E+04
2.36	0.910000	-0.10E+04
2.365	0.913000	-0.10E+04
2.37	0.916000	-0.10E+04
2.375	0.918000	-0.10E+04
2.38	0.921000	-0.10E+04
2.385	0.923000	-0.10E+04
2.39	0.925000	-0.10E+04
2.395	0.927000	-0.10E+04
2.4	0.929000	-0.10E+04
2.405	0.929000	-0.10E+04
2.41	0.931000	-0.10E+04
2.415	0.934000	-0.10E+04
2.42	0.935000	-0.10E+04
2.425	0.937000	-0.10E+04
2.43	0.938000	-0.10E+04
2.435	0.941000	-0.10E+04
2.44	0.943000	-0.10E+04
2.445	0.944000	-0.10E+04
2.45	0.947000	-0.10E+04
2.455	0.950000	-0.10E+04
2.46	0.951000	-0.10E+04
2.465	0.952000	-0.10E+04
2.47	0.954000	-0.10E+04
2.475	0.957000	-0.10E+04
2.48	0.960000	-0.10E+04
2.485	0.960000	-0.10E+04
2.49	0.960000	-0.10E+04
2.495	0.960000	-0.10E+04
2.5	0.960000	-0.10E+04
2.505	0.960000	-0.10E+04
2.51	0.963000	-0.10E+04
2.515	0.962000	-0.10E+04
2.52	0.962000	-0.10E+04
