Brown University Keck/NASA Relab Spectrum LS-JBA-224/wls659
Wavelength(micron)	Reflectance	Standard Deviation
0.35	0.235000	-0.10E+04
0.355	0.238000	-0.10E+04
0.36	0.244000	-0.10E+04
0.365	0.249000	-0.10E+04
0.37	0.250000	-0.10E+04
0.375	0.259000	-0.10E+04
0.38	0.262000	-0.10E+04
0.385	0.263000	-0.10E+04
0.39	0.267000	-0.10E+04
0.395	0.271000	-0.10E+04
0.4	0.274000	-0.10E+04
0.405	0.279000	-0.10E+04
0.41	0.282000	-0.10E+04
0.415	0.287000	-0.10E+04
0.42	0.291000	-0.10E+04
0.425	0.295000	-0.10E+04
0.43	0.300000	-0.10E+04
0.435	0.301000	-0.10E+04
0.44	0.306000	-0.10E+04
0.445	0.309000	-0.10E+04
0.45	0.313000	-0.10E+04
0.455	0.319000	-0.10E+04
0.46	0.321000	-0.10E+04
0.465	0.327000	-0.10E+04
0.47	0.329000	-0.10E+04
0.475	0.334000	-0.10E+04
0.48	0.339000	-0.10E+04
0.485	0.346000	-0.10E+04
0.49	0.349000	-0.10E+04
0.495	0.353000	-0.10E+04
0.5	0.359000	-0.10E+04
0.505	0.366000	-0.10E+04
0.51	0.371000	-0.10E+04
0.515	0.378000	-0.10E+04
0.52	0.382000	-0.10E+04
0.525	0.390000	-0.10E+04
0.53	0.398000	-0.10E+04
0.535	0.405000	-0.10E+04
0.54	0.414000	-0.10E+04
0.545	0.420000	-0.10E+04
0.55	0.427000	-0.10E+04
0.555	0.436000	-0.10E+04
0.56	0.443000	-0.10E+04
0.565	0.454000	-0.10E+04
0.57	0.460000	-0.10E+04
0.575	0.469000	-0.10E+04
0.58	0.478000	-0.10E+04
0.585	0.485000	-0.10E+04
0.59	0.495000	-0.10E+04
0.595	0.504000	-0.10E+04
0.6	0.511000	-0.10E+04
0.605	0.522000	-0.10E+04
0.61	0.526000	-0.10E+04
0.615	0.533000	-0.10E+04
0.62	0.545000	-0.10E+04
0.625	0.552000	-0.10E+04
0.63	0.558000	-0.10E+04
0.635	0.567000	-0.10E+04
0.64	0.575000	-0.10E+04
0.645	0.582000	-0.10E+04
0.65	0.591000	-0.10E+04
0.655	0.597000	-0.10E+04
0.66	0.603000	-0.10E+04
0.665	0.609000	-0.10E+04
0.67	0.614000	-0.10E+04
0.675	0.624000	-0.10E+04
0.68	0.629000	-0.10E+04
0.685	0.635000	-0.10E+04
0.69	0.642000	-0.10E+04
0.695	0.644000	-0.10E+04
0.7	0.650000	-0.10E+04
0.705	0.656000	-0.10E+04
0.71	0.664000	-0.10E+04
0.715	0.669000	-0.10E+04
0.72	0.673000	-0.10E+04
0.725	0.679000	-0.10E+04
0.73	0.684000	-0.10E+04
0.735	0.689000	-0.10E+04
0.74	0.692000	-0.10E+04
0.745	0.698000	-0.10E+04
0.75	0.700000	-0.10E+04
0.755	0.705000	-0.10E+04
0.76	0.707000	-0.10E+04
0.765	0.711000	-0.10E+04
0.77	0.714000	-0.10E+04
0.775	0.717000	-0.10E+04
0.78	0.724000	-0.10E+04
0.785	0.726000	-0.10E+04
0.79	0.729000	-0.10E+04
0.795	0.733000	-0.10E+04
0.8	0.736000	-0.10E+04
0.805	0.737000	-0.10E+04
0.81	0.741000	-0.10E+04
0.815	0.742000	-0.10E+04
0.82	0.743000	-0.10E+04
0.825	0.745000	-0.10E+04
0.83	0.749000	-0.10E+04
0.835	0.751000	-0.10E+04
0.84	0.751000	-0.10E+04
0.845	0.754000	-0.10E+04
0.85	0.754000	-0.10E+04
0.855	0.757000	-0.10E+04
0.86	0.758000	-0.10E+04
0.865	0.759000	-0.10E+04
0.87	0.759000	-0.10E+04
0.875	0.762000	-0.10E+04
0.88	0.765000	-0.10E+04
0.885	0.765000	-0.10E+04
0.89	0.770000	-0.10E+04
0.895	0.771000	-0.10E+04
0.9	0.771000	-0.10E+04
0.905	0.773000	-0.10E+04
0.91	0.772000	-0.10E+04
0.915	0.774000	-0.10E+04
0.92	0.774000	-0.10E+04
0.925	0.776000	-0.10E+04
0.93	0.776000	-0.10E+04
0.935	0.777000	-0.10E+04
0.94	0.777000	-0.10E+04
0.945	0.777000	-0.10E+04
0.95	0.777000	-0.10E+04
0.955	0.777000	-0.10E+04
0.96	0.778000	-0.10E+04
0.965	0.778000	-0.10E+04
0.97	0.778000	-0.10E+04
0.975	0.778000	-0.10E+04
0.98	0.778000	-0.10E+04
0.985	0.778000	-0.10E+04
0.99	0.778000	-0.10E+04
0.995	0.778000	-0.10E+04
1	0.778000	-0.10E+04
1.005	0.778000	-0.10E+04
1.01	0.778000	-0.10E+04
1.015	0.777000	-0.10E+04
1.02	0.777000	-0.10E+04
1.025	0.777000	-0.10E+04
1.03	0.777000	-0.10E+04
1.035	0.777000	-0.10E+04
1.04	0.776000	-0.10E+04
1.045	0.779000	-0.10E+04
1.05	0.780000	-0.10E+04
1.055	0.780000	-0.10E+04
1.06	0.782000	-0.10E+04
1.065	0.784000	-0.10E+04
1.07	0.785000	-0.10E+04
1.075	0.785000	-0.10E+04
1.08	0.787000	-0.10E+04
1.085	0.787000	-0.10E+04
1.09	0.788000	-0.10E+04
1.095	0.789000	-0.10E+04
1.1	0.789000	-0.10E+04
1.105	0.791000	-0.10E+04
1.11	0.792000	-0.10E+04
1.115	0.793000	-0.10E+04
1.12	0.794000	-0.10E+04
1.125	0.796000	-0.10E+04
1.13	0.797000	-0.10E+04
1.135	0.798000	-0.10E+04
1.14	0.800000	-0.10E+04
1.145	0.802000	-0.10E+04
1.15	0.802000	-0.10E+04
1.155	0.804000	-0.10E+04
1.16	0.805000	-0.10E+04
1.165	0.807000	-0.10E+04
1.17	0.810000	-0.10E+04
1.175	0.810000	-0.10E+04
1.18	0.813000	-0.10E+04
1.185	0.816000	-0.10E+04
1.19	0.818000	-0.10E+04
1.195	0.821000	-0.10E+04
1.2	0.822000	-0.10E+04
1.205	0.823000	-0.10E+04
1.21	0.829000	-0.10E+04
1.215	0.831000	-0.10E+04
1.22	0.835000	-0.10E+04
1.225	0.836000	-0.10E+04
1.23	0.838000	-0.10E+04
1.235	0.840000	-0.10E+04
1.24	0.844000	-0.10E+04
1.245	0.844000	-0.10E+04
1.25	0.850000	-0.10E+04
1.255	0.853000	-0.10E+04
1.26	0.855000	-0.10E+04
1.265	0.857000	-0.10E+04
1.27	0.860000	-0.10E+04
1.275	0.864000	-0.10E+04
1.28	0.868000	-0.10E+04
1.285	0.872000	-0.10E+04
1.29	0.876000	-0.10E+04
1.295	0.880000	-0.10E+04
1.3	0.882000	-0.10E+04
1.305	0.886000	-0.10E+04
1.31	0.889000	-0.10E+04
1.315	0.894000	-0.10E+04
1.32	0.899000	-0.10E+04
1.325	0.902000	-0.10E+04
1.33	0.907000	-0.10E+04
1.335	0.910000	-0.10E+04
1.34	0.913000	-0.10E+04
1.345	0.920000	-0.10E+04
1.35	0.921000	-0.10E+04
1.355	0.924000	-0.10E+04
1.36	0.927000	-0.10E+04
1.365	0.929000	-0.10E+04
1.37	0.931000	-0.10E+04
1.375	0.936000	-0.10E+04
1.38	0.939000	-0.10E+04
1.385	0.001000	-0.10E+04
1.39	0.001000	-0.10E+04
1.395	0.001000	-0.10E+04
1.4	0.001000	-0.10E+04
1.405	0.001000	-0.10E+04
1.41	0.001000	-0.10E+04
1.415	0.001000	-0.10E+04
1.42	0.001000	-0.10E+04
1.425	0.001000	-0.10E+04
1.43	0.001000	-0.10E+04
1.435	0.001000	-0.10E+04
1.44	0.001000	-0.10E+04
