Brown University Keck/NASA Relab Spectrum LS-JBA-171/wls632
Wavelength(micron)	Reflectance	Standard Deviation
0.35	0.521000	-0.10E+04
0.355	0.542000	-0.10E+04
0.36	0.561000	-0.10E+04
0.365	0.578000	-0.10E+04
0.37	0.593000	-0.10E+04
0.375	0.605000	-0.10E+04
0.38	0.618000	-0.10E+04
0.385	0.626000	-0.10E+04
0.39	0.634000	-0.10E+04
0.395	0.641000	-0.10E+04
0.4	0.648000	-0.10E+04
0.405	0.654000	-0.10E+04
0.41	0.661000	-0.10E+04
0.415	0.666000	-0.10E+04
0.42	0.671000	-0.10E+04
0.425	0.673000	-0.10E+04
0.43	0.678000	-0.10E+04
0.435	0.681000	-0.10E+04
0.44	0.683000	-0.10E+04
0.445	0.685000	-0.10E+04
0.45	0.686000	-0.10E+04
0.455	0.689000	-0.10E+04
0.46	0.692000	-0.10E+04
0.465	0.694000	-0.10E+04
0.47	0.695000	-0.10E+04
0.475	0.698000	-0.10E+04
0.48	0.702000	-0.10E+04
0.485	0.702000	-0.10E+04
0.49	0.703000	-0.10E+04
0.495	0.702000	-0.10E+04
0.5	0.702000	-0.10E+04
0.505	0.703000	-0.10E+04
0.51	0.707000	-0.10E+04
0.515	0.707000	-0.10E+04
0.52	0.710000	-0.10E+04
0.525	0.712000	-0.10E+04
0.53	0.715000	-0.10E+04
0.535	0.716000	-0.10E+04
0.54	0.718000	-0.10E+04
0.545	0.720000	-0.10E+04
0.55	0.721000	-0.10E+04
0.555	0.723000	-0.10E+04
0.56	0.723000	-0.10E+04
0.565	0.724000	-0.10E+04
0.57	0.724000	-0.10E+04
0.575	0.727000	-0.10E+04
0.58	0.730000	-0.10E+04
0.585	0.732000	-0.10E+04
0.59	0.733000	-0.10E+04
0.595	0.736000	-0.10E+04
0.6	0.737000	-0.10E+04
0.605	0.739000	-0.10E+04
0.61	0.741000	-0.10E+04
0.615	0.743000	-0.10E+04
0.62	0.745000	-0.10E+04
0.625	0.747000	-0.10E+04
0.63	0.749000	-0.10E+04
0.635	0.751000	-0.10E+04
0.64	0.754000	-0.10E+04
0.645	0.756000	-0.10E+04
0.65	0.758000	-0.10E+04
0.655	0.760000	-0.10E+04
0.66	0.764000	-0.10E+04
0.665	0.765000	-0.10E+04
0.67	0.768000	-0.10E+04
0.675	0.772000	-0.10E+04
0.68	0.775000	-0.10E+04
0.685	0.777000	-0.10E+04
0.69	0.780000	-0.10E+04
0.695	0.782000	-0.10E+04
0.7	0.784000	-0.10E+04
0.705	0.786000	-0.10E+04
0.71	0.789000	-0.10E+04
0.715	0.792000	-0.10E+04
0.72	0.793000	-0.10E+04
0.725	0.795000	-0.10E+04
0.73	0.796000	-0.10E+04
0.735	0.798000	-0.10E+04
0.74	0.798000	-0.10E+04
0.745	0.799000	-0.10E+04
0.75	0.798000	-0.10E+04
0.755	0.798000	-0.10E+04
0.76	0.798000	-0.10E+04
0.765	0.796000	-0.10E+04
0.77	0.794000	-0.10E+04
0.775	0.792000	-0.10E+04
0.78	0.790000	-0.10E+04
0.785	0.786000	-0.10E+04
0.79	0.782000	-0.10E+04
0.795	0.779000	-0.10E+04
0.8	0.774000	-0.10E+04
0.805	0.768000	-0.10E+04
0.81	0.763000	-0.10E+04
0.815	0.757000	-0.10E+04
0.82	0.752000	-0.10E+04
0.825	0.745000	-0.10E+04
0.83	0.739000	-0.10E+04
0.835	0.732000	-0.10E+04
0.84	0.726000	-0.10E+04
0.845	0.719000	-0.10E+04
0.85	0.714000	-0.10E+04
0.855	0.708000	-0.10E+04
0.86	0.703000	-0.10E+04
0.865	0.697000	-0.10E+04
0.87	0.693000	-0.10E+04
0.875	0.688000	-0.10E+04
0.88	0.685000	-0.10E+04
0.885	0.681000	-0.10E+04
0.89	0.678000	-0.10E+04
0.895	0.675000	-0.10E+04
0.9	0.673000	-0.10E+04
0.905	0.672000	-0.10E+04
0.91	0.672000	-0.10E+04
0.915	0.672000	-0.10E+04
0.92	0.672000	-0.10E+04
0.925	0.673000	-0.10E+04
0.93	0.674000	-0.10E+04
0.935	0.675000	-0.10E+04
0.94	0.676000	-0.10E+04
0.945	0.679000	-0.10E+04
0.95	0.683000	-0.10E+04
0.955	0.685000	-0.10E+04
0.96	0.687000	-0.10E+04
0.965	0.690000	-0.10E+04
0.97	0.693000	-0.10E+04
0.975	0.697000	-0.10E+04
0.98	0.700000	-0.10E+04
0.985	0.704000	-0.10E+04
0.99	0.707000	-0.10E+04
0.995	0.710000	-0.10E+04
1	0.713000	-0.10E+04
1.005	0.717000	-0.10E+04
1.01	0.721000	-0.10E+04
1.015	0.725000	-0.10E+04
1.02	0.729000	-0.10E+04
1.025	0.731000	-0.10E+04
1.03	0.735000	-0.10E+04
1.035	0.739000	-0.10E+04
1.04	0.742000	-0.10E+04
1.045	0.746000	-0.10E+04
1.05	0.749000	-0.10E+04
1.055	0.753000	-0.10E+04
1.06	0.758000	-0.10E+04
1.065	0.761000	-0.10E+04
1.07	0.765000	-0.10E+04
1.075	0.766000	-0.10E+04
1.08	0.768000	-0.10E+04
1.085	0.773000	-0.10E+04
1.09	0.777000	-0.10E+04
1.095	0.781000	-0.10E+04
1.1	0.784000	-0.10E+04
1.105	0.789000	-0.10E+04
1.11	0.793000	-0.10E+04
1.115	0.795000	-0.10E+04
1.12	0.798000	-0.10E+04
1.125	0.802000	-0.10E+04
1.13	0.805000	-0.10E+04
1.135	0.808000	-0.10E+04
1.14	0.810000	-0.10E+04
1.145	0.813000	-0.10E+04
1.15	0.814000	-0.10E+04
1.155	0.816000	-0.10E+04
1.16	0.818000	-0.10E+04
1.165	0.819000	-0.10E+04
1.17	0.821000	-0.10E+04
1.175	0.823000	-0.10E+04
1.18	0.824000	-0.10E+04
1.185	0.825000	-0.10E+04
1.19	0.826000	-0.10E+04
1.195	0.828000	-0.10E+04
1.2	0.828000	-0.10E+04
1.205	0.830000	-0.10E+04
1.21	0.831000	-0.10E+04
1.215	0.832000	-0.10E+04
1.22	0.833000	-0.10E+04
1.225	0.833000	-0.10E+04
1.23	0.834000	-0.10E+04
1.235	0.835000	-0.10E+04
1.24	0.836000	-0.10E+04
1.245	0.838000	-0.10E+04
1.25	0.839000	-0.10E+04
1.255	0.840000	-0.10E+04
1.26	0.841000	-0.10E+04
1.265	0.841000	-0.10E+04
1.27	0.842000	-0.10E+04
1.275	0.843000	-0.10E+04
1.28	0.844000	-0.10E+04
1.285	0.847000	-0.10E+04
1.29	0.848000	-0.10E+04
1.295	0.850000	-0.10E+04
1.3	0.851000	-0.10E+04
1.305	0.853000	-0.10E+04
1.31	0.856000	-0.10E+04
1.315	0.857000	-0.10E+04
1.32	0.859000	-0.10E+04
1.325	0.859000	-0.10E+04
1.33	0.861000	-0.10E+04
1.335	0.863000	-0.10E+04
1.34	0.866000	-0.10E+04
1.345	0.868000	-0.10E+04
1.35	0.870000	-0.10E+04
1.355	0.870000	-0.10E+04
1.36	0.872000	-0.10E+04
1.365	0.874000	-0.10E+04
1.37	0.876000	-0.10E+04
1.375	0.878000	-0.10E+04
1.38	0.879000	-0.10E+04
1.385	0.881000	-0.10E+04
1.39	0.883000	-0.10E+04
1.395	0.885000	-0.10E+04
1.4	0.887000	-0.10E+04
1.405	0.888000	-0.10E+04
1.41	0.890000	-0.10E+04
1.415	0.892000	-0.10E+04
1.42	0.894000	-0.10E+04
1.425	0.895000	-0.10E+04
1.43	0.896000	-0.10E+04
1.435	0.897000	-0.10E+04
1.44	0.898000	-0.10E+04
1.445	0.899000	-0.10E+04
1.45	0.901000	-0.10E+04
1.455	0.902000	-0.10E+04
1.46	0.904000	-0.10E+04
1.465	0.904000	-0.10E+04
1.47	0.905000	-0.10E+04
1.475	0.906000	-0.10E+04
1.48	0.907000	-0.10E+04
1.485	0.907000	-0.10E+04
1.49	0.908000	-0.10E+04
1.495	0.910000	-0.10E+04
1.5	0.910000	-0.10E+04
1.505	0.910000	-0.10E+04
1.51	0.910000	-0.10E+04
1.515	0.910000	-0.10E+04
1.52	0.910000	-0.10E+04
1.525	0.910000	-0.10E+04
1.53	0.910000	-0.10E+04
1.535	0.909000	-0.10E+04
1.54	0.910000	-0.10E+04
1.545	0.909000	-0.10E+04
1.55	0.909000	-0.10E+04
1.555	0.909000	-0.10E+04
1.56	0.909000	-0.10E+04
1.565	0.908000	-0.10E+04
1.57	0.908000	-0.10E+04
1.575	0.907000	-0.10E+04
1.58	0.907000	-0.10E+04
1.585	0.906000	-0.10E+04
1.59	0.905000	-0.10E+04
1.595	0.903000	-0.10E+04
1.6	0.903000	-0.10E+04
1.605	0.902000	-0.10E+04
1.61	0.901000	-0.10E+04
1.615	0.900000	-0.10E+04
1.62	0.899000	-0.10E+04
1.625	0.898000	-0.10E+04
1.63	0.897000	-0.10E+04
1.635	0.896000	-0.10E+04
1.64	0.894000	-0.10E+04
1.645	0.893000	-0.10E+04
1.65	0.892000	-0.10E+04
1.655	0.891000	-0.10E+04
1.66	0.889000	-0.10E+04
1.665	0.887000	-0.10E+04
1.67	0.885000	-0.10E+04
1.675	0.884000	-0.10E+04
1.68	0.883000	-0.10E+04
1.685	0.882000	-0.10E+04
1.69	0.881000	-0.10E+04
1.695	0.879000	-0.10E+04
1.7	0.877000	-0.10E+04
1.705	0.876000	-0.10E+04
1.71	0.876000	-0.10E+04
1.715	0.873000	-0.10E+04
1.72	0.873000	-0.10E+04
1.725	0.871000	-0.10E+04
1.73	0.868000	-0.10E+04
1.735	0.867000	-0.10E+04
1.74	0.866000	-0.10E+04
1.745	0.865000	-0.10E+04
1.75	0.864000	-0.10E+04
1.755	0.862000	-0.10E+04
1.76	0.860000	-0.10E+04
1.765	0.859000	-0.10E+04
1.77	0.858000	-0.10E+04
1.775	0.857000	-0.10E+04
1.78	0.856000	-0.10E+04
1.785	0.855000	-0.10E+04
1.79	0.854000	-0.10E+04
1.795	0.852000	-0.10E+04
1.8	0.851000	-0.10E+04
1.805	0.849000	-0.10E+04
1.81	0.848000	-0.10E+04
1.815	0.847000	-0.10E+04
1.82	0.846000	-0.10E+04
1.825	0.845000	-0.10E+04
1.83	0.844000	-0.10E+04
1.835	0.843000	-0.10E+04
1.84	0.843000	-0.10E+04
1.845	0.841000	-0.10E+04
1.85	0.840000	-0.10E+04
1.855	0.838000	-0.10E+04
1.86	0.838000	-0.10E+04
1.865	0.837000	-0.10E+04
1.87	0.836000	-0.10E+04
1.875	0.836000	-0.10E+04
1.88	0.836000	-0.10E+04
1.885	0.835000	-0.10E+04
1.89	0.835000	-0.10E+04
1.895	0.834000	-0.10E+04
1.9	0.834000	-0.10E+04
1.905	0.834000	-0.10E+04
1.91	0.834000	-0.10E+04
1.915	0.834000	-0.10E+04
1.92	0.834000	-0.10E+04
1.925	0.834000	-0.10E+04
1.93	0.834000	-0.10E+04
1.935	0.834000	-0.10E+04
1.94	0.835000	-0.10E+04
1.945	0.835000	-0.10E+04
1.95	0.835000	-0.10E+04
1.955	0.834000	-0.10E+04
1.96	0.835000	-0.10E+04
1.965	0.835000	-0.10E+04
1.97	0.835000	-0.10E+04
1.975	0.836000	-0.10E+04
1.98	0.837000	-0.10E+04
1.985	0.837000	-0.10E+04
1.99	0.838000	-0.10E+04
1.995	0.838000	-0.10E+04
2	0.839000	-0.10E+04
2.005	0.840000	-0.10E+04
2.01	0.840000	-0.10E+04
2.015	0.840000	-0.10E+04
2.02	0.841000	-0.10E+04
2.025	0.842000	-0.10E+04
2.03	0.844000	-0.10E+04
2.035	0.844000	-0.10E+04
2.04	0.846000	-0.10E+04
2.045	0.848000	-0.10E+04
2.05	0.848000	-0.10E+04
2.055	0.849000	-0.10E+04
2.06	0.851000	-0.10E+04
2.065	0.852000	-0.10E+04
2.07	0.853000	-0.10E+04
2.075	0.854000	-0.10E+04
2.08	0.855000	-0.10E+04
2.085	0.857000	-0.10E+04
2.09	0.857000	-0.10E+04
2.095	0.858000	-0.10E+04
2.1	0.860000	-0.10E+04
2.105	0.861000	-0.10E+04
2.11	0.863000	-0.10E+04
2.115	0.865000	-0.10E+04
2.12	0.867000	-0.10E+04
2.125	0.868000	-0.10E+04
2.13	0.869000	-0.10E+04
2.135	0.871000	-0.10E+04
2.14	0.872000	-0.10E+04
2.145	0.874000	-0.10E+04
2.15	0.876000	-0.10E+04
2.155	0.876000	-0.10E+04
2.16	0.878000	-0.10E+04
2.165	0.879000	-0.10E+04
2.17	0.880000	-0.10E+04
2.175	0.882000	-0.10E+04
2.18	0.884000	-0.10E+04
2.185	0.886000	-0.10E+04
2.19	0.887000	-0.10E+04
2.195	0.888000	-0.10E+04
2.2	0.891000	-0.10E+04
2.205	0.893000	-0.10E+04
2.21	0.894000	-0.10E+04
2.215	0.895000	-0.10E+04
2.22	0.897000	-0.10E+04
2.225	0.898000	-0.10E+04
2.23	0.901000	-0.10E+04
2.235	0.903000	-0.10E+04
2.24	0.905000	-0.10E+04
2.245	0.907000	-0.10E+04
2.25	0.909000	-0.10E+04
2.255	0.910000	-0.10E+04
2.26	0.912000	-0.10E+04
2.265	0.914000	-0.10E+04
2.27	0.916000	-0.10E+04
2.275	0.916000	-0.10E+04
2.28	0.918000	-0.10E+04
2.285	0.920000	-0.10E+04
2.29	0.922000	-0.10E+04
2.295	0.924000	-0.10E+04
2.3	0.925000	-0.10E+04
2.305	0.926000	-0.10E+04
2.31	0.928000	-0.10E+04
2.315	0.930000	-0.10E+04
2.32	0.932000	-0.10E+04
2.325	0.934000	-0.10E+04
2.33	0.936000	-0.10E+04
2.335	0.937000	-0.10E+04
2.34	0.939000	-0.10E+04
2.345	0.941000	-0.10E+04
2.35	0.942000	-0.10E+04
2.355	0.945000	-0.10E+04
2.36	0.947000	-0.10E+04
2.365	0.949000	-0.10E+04
2.37	0.951000	-0.10E+04
2.375	0.952000	-0.10E+04
2.38	0.954000	-0.10E+04
2.385	0.955000	-0.10E+04
2.39	0.959000	-0.10E+04
2.395	0.961000	-0.10E+04
2.4	0.963000	-0.10E+04
2.405	0.964000	-0.10E+04
2.41	0.967000	-0.10E+04
2.415	0.968000	-0.10E+04
2.42	0.970000	-0.10E+04
2.425	0.972000	-0.10E+04
2.43	0.973000	-0.10E+04
2.435	0.976000	-0.10E+04
2.44	0.978000	-0.10E+04
2.445	0.980000	-0.10E+04
2.45	0.981000	-0.10E+04
2.455	0.983000	-0.10E+04
2.46	0.986000	-0.10E+04
2.465	0.987000	-0.10E+04
2.47	0.989000	-0.10E+04
2.475	0.990000	-0.10E+04
2.48	0.994000	-0.10E+04
2.485	0.995000	-0.10E+04
2.49	0.996000	-0.10E+04
2.495	0.997000	-0.10E+04
2.5	0.999000	-0.10E+04
2.505	0.999000	-0.10E+04
2.51	0.999000	-0.10E+04
2.515	0.998000	-0.10E+04
2.52	0.999000	-0.10E+04
