Brown University Keck/NASA Relab Spectrum LS-JBA-250/wls663
Wavelength(micron)	Reflectance	Standard Deviation
0.35	0.571000	-0.10E+04
0.355	0.569000	-0.10E+04
0.36	0.570000	-0.10E+04
0.365	0.568000	-0.10E+04
0.37	0.563000	-0.10E+04
0.375	0.556000	-0.10E+04
0.38	0.551000	-0.10E+04
0.385	0.554000	-0.10E+04
0.39	0.553000	-0.10E+04
0.395	0.551000	-0.10E+04
0.4	0.550000	-0.10E+04
0.405	0.542000	-0.10E+04
0.41	0.540000	-0.10E+04
0.415	0.540000	-0.10E+04
0.42	0.532000	-0.10E+04
0.425	0.532000	-0.10E+04
0.43	0.528000	-0.10E+04
0.435	0.520000	-0.10E+04
0.44	0.513000	-0.10E+04
0.445	0.513000	-0.10E+04
0.45	0.511000	-0.10E+04
0.455	0.508000	-0.10E+04
0.46	0.505000	-0.10E+04
0.465	0.505000	-0.10E+04
0.47	0.502000	-0.10E+04
0.475	0.498000	-0.10E+04
0.48	0.494000	-0.10E+04
0.485	0.493000	-0.10E+04
0.49	0.484000	-0.10E+04
0.495	0.485000	-0.10E+04
0.5	0.485000	-0.10E+04
0.505	0.484000	-0.10E+04
0.51	0.480000	-0.10E+04
0.515	0.480000	-0.10E+04
0.52	0.479000	-0.10E+04
0.525	0.477000	-0.10E+04
0.53	0.477000	-0.10E+04
0.535	0.480000	-0.10E+04
0.54	0.482000	-0.10E+04
0.545	0.482000	-0.10E+04
0.55	0.485000	-0.10E+04
0.555	0.485000	-0.10E+04
0.56	0.482000	-0.10E+04
0.565	0.479000	-0.10E+04
0.57	0.476000	-0.10E+04
0.575	0.475000	-0.10E+04
0.58	0.474000	-0.10E+04
0.585	0.479000	-0.10E+04
0.59	0.485000	-0.10E+04
0.595	0.488000	-0.10E+04
0.6	0.490000	-0.10E+04
0.605	0.487000	-0.10E+04
0.61	0.484000	-0.10E+04
0.615	0.487000	-0.10E+04
0.62	0.487000	-0.10E+04
0.625	0.486000	-0.10E+04
0.63	0.484000	-0.10E+04
0.635	0.486000	-0.10E+04
0.64	0.486000	-0.10E+04
0.645	0.485000	-0.10E+04
0.65	0.488000	-0.10E+04
0.655	0.491000	-0.10E+04
0.66	0.490000	-0.10E+04
0.665	0.490000	-0.10E+04
0.67	0.490000	-0.10E+04
0.675	0.490000	-0.10E+04
0.68	0.490000	-0.10E+04
0.685	0.491000	-0.10E+04
0.69	0.491000	-0.10E+04
0.695	0.490000	-0.10E+04
0.7	0.491000	-0.10E+04
0.705	0.492000	-0.10E+04
0.71	0.491000	-0.10E+04
0.715	0.491000	-0.10E+04
0.72	0.492000	-0.10E+04
0.725	0.492000	-0.10E+04
0.73	0.493000	-0.10E+04
0.735	0.493000	-0.10E+04
0.74	0.493000	-0.10E+04
0.745	0.493000	-0.10E+04
0.75	0.495000	-0.10E+04
0.755	0.497000	-0.10E+04
0.76	0.498000	-0.10E+04
0.765	0.498000	-0.10E+04
0.77	0.501000	-0.10E+04
0.775	0.501000	-0.10E+04
0.78	0.501000	-0.10E+04
0.785	0.501000	-0.10E+04
0.79	0.499000	-0.10E+04
0.795	0.501000	-0.10E+04
0.8	0.501000	-0.10E+04
0.805	0.501000	-0.10E+04
0.81	0.499000	-0.10E+04
0.815	0.501000	-0.10E+04
0.82	0.501000	-0.10E+04
0.825	0.504000	-0.10E+04
0.83	0.507000	-0.10E+04
0.835	0.507000	-0.10E+04
0.84	0.508000	-0.10E+04
0.845	0.507000	-0.10E+04
0.85	0.508000	-0.10E+04
0.855	0.509000	-0.10E+04
0.86	0.508000	-0.10E+04
0.865	0.509000	-0.10E+04
0.87	0.511000	-0.10E+04
0.875	0.514000	-0.10E+04
0.88	0.517000	-0.10E+04
0.885	0.517000	-0.10E+04
0.89	0.520000	-0.10E+04
0.895	0.521000	-0.10E+04
0.9	0.523000	-0.10E+04
0.905	0.524000	-0.10E+04
0.91	0.525000	-0.10E+04
0.915	0.525000	-0.10E+04
0.92	0.525000	-0.10E+04
0.925	0.526000	-0.10E+04
0.93	0.525000	-0.10E+04
0.935	0.527000	-0.10E+04
0.94	0.528000	-0.10E+04
0.945	0.530000	-0.10E+04
0.95	0.529000	-0.10E+04
0.955	0.528000	-0.10E+04
0.96	0.527000	-0.10E+04
0.965	0.527000	-0.10E+04
0.97	0.526000	-0.10E+04
0.975	0.526000	-0.10E+04
0.98	0.526000	-0.10E+04
0.985	0.527000	-0.10E+04
0.99	0.527000	-0.10E+04
0.995	0.526000	-0.10E+04
1	0.526000	-0.10E+04
1.005	0.524000	-0.10E+04
1.01	0.524000	-0.10E+04
1.015	0.524000	-0.10E+04
1.02	0.521000	-0.10E+04
1.025	0.521000	-0.10E+04
1.03	0.521000	-0.10E+04
1.035	0.519000	-0.10E+04
1.04	0.518000	-0.10E+04
1.045	0.519000	-0.10E+04
1.05	0.519000	-0.10E+04
1.055	0.519000	-0.10E+04
1.06	0.518000	-0.10E+04
1.065	0.518000	-0.10E+04
1.07	0.518000	-0.10E+04
1.075	0.518000	-0.10E+04
1.08	0.517000	-0.10E+04
1.085	0.519000	-0.10E+04
1.09	0.521000	-0.10E+04
1.095	0.521000	-0.10E+04
1.1	0.521000	-0.10E+04
1.105	0.521000	-0.10E+04
1.11	0.518000	-0.10E+04
1.115	0.516000	-0.10E+04
1.12	0.516000	-0.10E+04
1.125	0.515000	-0.10E+04
1.13	0.514000	-0.10E+04
1.135	0.512000	-0.10E+04
1.14	0.511000	-0.10E+04
1.145	0.511000	-0.10E+04
1.15	0.510000	-0.10E+04
1.155	0.511000	-0.10E+04
1.16	0.510000	-0.10E+04
1.165	0.510000	-0.10E+04
1.17	0.510000	-0.10E+04
1.175	0.508000	-0.10E+04
1.18	0.507000	-0.10E+04
1.185	0.506000	-0.10E+04
1.19	0.506000	-0.10E+04
1.195	0.506000	-0.10E+04
1.2	0.506000	-0.10E+04
1.205	0.506000	-0.10E+04
1.21	0.506000	-0.10E+04
1.215	0.505000	-0.10E+04
1.22	0.505000	-0.10E+04
1.225	0.504000	-0.10E+04
1.23	0.506000	-0.10E+04
1.235	0.506000	-0.10E+04
1.24	0.506000	-0.10E+04
1.245	0.506000	-0.10E+04
1.25	0.504000	-0.10E+04
1.255	0.506000	-0.10E+04
1.26	0.509000	-0.10E+04
1.265	0.509000	-0.10E+04
1.27	0.508000	-0.10E+04
1.275	0.508000	-0.10E+04
1.28	0.507000	-0.10E+04
1.285	0.507000	-0.10E+04
1.29	0.508000	-0.10E+04
1.295	0.509000	-0.10E+04
1.3	0.509000	-0.10E+04
1.305	0.508000	-0.10E+04
1.31	0.507000	-0.10E+04
1.315	0.508000	-0.10E+04
1.32	0.509000	-0.10E+04
1.325	0.509000	-0.10E+04
1.33	0.511000	-0.10E+04
1.335	0.512000	-0.10E+04
1.34	0.512000	-0.10E+04
1.345	0.508000	-0.10E+04
1.35	0.507000	-0.10E+04
1.355	0.507000	-0.10E+04
1.36	0.507000	-0.10E+04
1.365	0.510000	-0.10E+04
1.37	0.513000	-0.10E+04
1.375	0.513000	-0.10E+04
1.38	0.512000	-0.10E+04
1.385	0.512000	-0.10E+04
1.39	0.513000	-0.10E+04
1.395	0.513000	-0.10E+04
1.4	0.514000	-0.10E+04
1.405	0.515000	-0.10E+04
1.41	0.516000	-0.10E+04
1.415	0.516000	-0.10E+04
1.42	0.516000	-0.10E+04
1.425	0.516000	-0.10E+04
1.43	0.517000	-0.10E+04
1.435	0.519000	-0.10E+04
1.44	0.518000	-0.10E+04
1.445	0.517000	-0.10E+04
1.45	0.516000	-0.10E+04
1.455	0.516000	-0.10E+04
1.46	0.517000	-0.10E+04
1.465	0.517000	-0.10E+04
1.47	0.518000	-0.10E+04
1.475	0.521000	-0.10E+04
1.48	0.521000	-0.10E+04
1.485	0.521000	-0.10E+04
1.49	0.521000	-0.10E+04
1.495	0.519000	-0.10E+04
1.5	0.519000	-0.10E+04
1.505	0.519000	-0.10E+04
1.51	0.519000	-0.10E+04
1.515	0.520000	-0.10E+04
1.52	0.519000	-0.10E+04
1.525	0.523000	-0.10E+04
1.53	0.525000	-0.10E+04
1.535	0.525000	-0.10E+04
1.54	0.525000	-0.10E+04
1.545	0.525000	-0.10E+04
1.55	0.526000	-0.10E+04
1.555	0.526000	-0.10E+04
1.56	0.526000	-0.10E+04
1.565	0.525000	-0.10E+04
1.57	0.525000	-0.10E+04
1.575	0.527000	-0.10E+04
1.58	0.531000	-0.10E+04
1.585	0.531000	-0.10E+04
1.59	0.531000	-0.10E+04
1.595	0.533000	-0.10E+04
1.6	0.533000	-0.10E+04
1.605	0.532000	-0.10E+04
1.61	0.531000	-0.10E+04
1.615	0.531000	-0.10E+04
1.62	0.531000	-0.10E+04
1.625	0.532000	-0.10E+04
1.63	0.532000	-0.10E+04
1.635	0.533000	-0.10E+04
1.64	0.533000	-0.10E+04
1.645	0.534000	-0.10E+04
1.65	0.534000	-0.10E+04
1.655	0.534000	-0.10E+04
1.66	0.536000	-0.10E+04
1.665	0.537000	-0.10E+04
1.67	0.541000	-0.10E+04
1.675	0.541000	-0.10E+04
1.68	0.541000	-0.10E+04
1.685	0.543000	-0.10E+04
1.69	0.543000	-0.10E+04
1.695	0.542000	-0.10E+04
1.7	0.542000	-0.10E+04
1.705	0.542000	-0.10E+04
1.71	0.542000	-0.10E+04
1.715	0.544000	-0.10E+04
1.72	0.544000	-0.10E+04
1.725	0.545000	-0.10E+04
1.73	0.548000	-0.10E+04
1.735	0.547000	-0.10E+04
1.74	0.549000	-0.10E+04
1.745	0.549000	-0.10E+04
1.75	0.549000	-0.10E+04
1.755	0.549000	-0.10E+04
1.76	0.552000	-0.10E+04
1.765	0.554000	-0.10E+04
1.77	0.554000	-0.10E+04
1.775	0.555000	-0.10E+04
1.78	0.557000	-0.10E+04
1.785	0.559000	-0.10E+04
1.79	0.561000	-0.10E+04
1.795	0.561000	-0.10E+04
1.8	0.560000	-0.10E+04
1.805	0.559000	-0.10E+04
1.81	0.558000	-0.10E+04
1.815	0.559000	-0.10E+04
1.82	0.559000	-0.10E+04
1.825	0.563000	-0.10E+04
1.83	0.566000	-0.10E+04
1.835	0.565000	-0.10E+04
1.84	0.566000	-0.10E+04
1.845	0.568000	-0.10E+04
1.85	0.569000	-0.10E+04
1.855	0.570000	-0.10E+04
1.86	0.571000	-0.10E+04
1.865	0.572000	-0.10E+04
1.87	0.575000	-0.10E+04
1.875	0.576000	-0.10E+04
1.88	0.577000	-0.10E+04
1.885	0.577000	-0.10E+04
1.89	0.577000	-0.10E+04
1.895	0.580000	-0.10E+04
1.9	0.580000	-0.10E+04
1.905	0.580000	-0.10E+04
1.91	0.580000	-0.10E+04
1.915	0.581000	-0.10E+04
1.92	0.583000	-0.10E+04
1.925	0.585000	-0.10E+04
1.93	0.586000	-0.10E+04
1.935	0.585000	-0.10E+04
1.94	0.586000	-0.10E+04
1.945	0.589000	-0.10E+04
1.95	0.589000	-0.10E+04
1.955	0.589000	-0.10E+04
1.96	0.589000	-0.10E+04
1.965	0.589000	-0.10E+04
1.97	0.590000	-0.10E+04
1.975	0.590000	-0.10E+04
1.98	0.592000	-0.10E+04
1.985	0.589000	-0.10E+04
1.99	0.591000	-0.10E+04
1.995	0.593000	-0.10E+04
2	0.595000	-0.10E+04
2.005	0.594000	-0.10E+04
2.01	0.594000	-0.10E+04
2.015	0.595000	-0.10E+04
2.02	0.596000	-0.10E+04
2.025	0.595000	-0.10E+04
2.03	0.595000	-0.10E+04
2.035	0.596000	-0.10E+04
2.04	0.599000	-0.10E+04
2.045	0.599000	-0.10E+04
2.05	0.599000	-0.10E+04
2.055	0.600000	-0.10E+04
2.06	0.602000	-0.10E+04
2.065	0.603000	-0.10E+04
2.07	0.603000	-0.10E+04
2.075	0.604000	-0.10E+04
2.08	0.603000	-0.10E+04
2.085	0.602000	-0.10E+04
2.09	0.602000	-0.10E+04
2.095	0.603000	-0.10E+04
2.1	0.606000	-0.10E+04
2.105	0.606000	-0.10E+04
2.11	0.605000	-0.10E+04
2.115	0.605000	-0.10E+04
2.12	0.609000	-0.10E+04
2.125	0.609000	-0.10E+04
2.13	0.608000	-0.10E+04
2.135	0.610000	-0.10E+04
2.14	0.611000	-0.10E+04
2.145	0.612000	-0.10E+04
2.15	0.613000	-0.10E+04
2.155	0.613000	-0.10E+04
2.16	0.611000	-0.10E+04
2.165	0.613000	-0.10E+04
2.17	0.616000	-0.10E+04
2.175	0.615000	-0.10E+04
2.18	0.615000	-0.10E+04
2.185	0.614000	-0.10E+04
2.19	0.613000	-0.10E+04
2.195	0.617000	-0.10E+04
2.2	0.617000	-0.10E+04
2.205	0.617000	-0.10E+04
2.21	0.617000	-0.10E+04
2.215	0.617000	-0.10E+04
2.22	0.617000	-0.10E+04
2.225	0.617000	-0.10E+04
2.23	0.616000	-0.10E+04
2.235	0.617000	-0.10E+04
2.24	0.620000	-0.10E+04
2.245	0.626000	-0.10E+04
2.25	0.626000	-0.10E+04
2.255	0.623000	-0.10E+04
2.26	0.622000	-0.10E+04
2.265	0.625000	-0.10E+04
2.27	0.627000	-0.10E+04
2.275	0.627000	-0.10E+04
2.28	0.628000	-0.10E+04
2.285	0.628000	-0.10E+04
2.29	0.628000	-0.10E+04
2.295	0.629000	-0.10E+04
2.3	0.627000	-0.10E+04
2.305	0.627000	-0.10E+04
2.31	0.631000	-0.10E+04
2.315	0.633000	-0.10E+04
2.32	0.633000	-0.10E+04
2.325	0.633000	-0.10E+04
2.33	0.633000	-0.10E+04
2.335	0.635000	-0.10E+04
2.34	0.637000	-0.10E+04
2.345	0.636000	-0.10E+04
2.35	0.637000	-0.10E+04
2.355	0.638000	-0.10E+04
2.36	0.643000	-0.10E+04
2.365	0.643000	-0.10E+04
2.37	0.643000	-0.10E+04
2.375	0.644000	-0.10E+04
2.38	0.645000	-0.10E+04
2.385	0.645000	-0.10E+04
2.39	0.645000	-0.10E+04
2.395	0.647000	-0.10E+04
2.4	0.647000	-0.10E+04
2.405	0.648000	-0.10E+04
2.41	0.650000	-0.10E+04
2.415	0.651000	-0.10E+04
2.42	0.651000	-0.10E+04
2.425	0.650000	-0.10E+04
2.43	0.652000	-0.10E+04
2.435	0.654000	-0.10E+04
2.44	0.654000	-0.10E+04
2.445	0.654000	-0.10E+04
2.45	0.654000	-0.10E+04
2.455	0.654000	-0.10E+04
2.46	0.654000	-0.10E+04
2.465	0.654000	-0.10E+04
2.47	0.654000	-0.10E+04
2.475	0.654000	-0.10E+04
2.48	0.654000	-0.10E+04
2.485	0.653000	-0.10E+04
2.49	0.654000	-0.10E+04
2.495	0.657000	-0.10E+04
2.5	0.657000	-0.10E+04
2.505	0.657000	-0.10E+04
2.51	0.657000	-0.10E+04
2.515	0.658000	-0.10E+04
2.52	0.659000	-0.10E+04
