Brown University Keck/NASA Relab Spectrum LS-JBA-270/wls683
Wavelength(micron)	Reflectance	Standard Deviation
0.35	0.297000	-0.10E+04
0.355	0.303000	-0.10E+04
0.36	0.305000	-0.10E+04
0.365	0.309000	-0.10E+04
0.37	0.314000	-0.10E+04
0.375	0.317000	-0.10E+04
0.38	0.322000	-0.10E+04
0.385	0.325000	-0.10E+04
0.39	0.328000	-0.10E+04
0.395	0.330000	-0.10E+04
0.4	0.333000	-0.10E+04
0.405	0.335000	-0.10E+04
0.41	0.339000	-0.10E+04
0.415	0.343000	-0.10E+04
0.42	0.344000	-0.10E+04
0.425	0.349000	-0.10E+04
0.43	0.351000	-0.10E+04
0.435	0.352000	-0.10E+04
0.44	0.353000	-0.10E+04
0.445	0.355000	-0.10E+04
0.45	0.356000	-0.10E+04
0.455	0.360000	-0.10E+04
0.46	0.360000	-0.10E+04
0.465	0.360000	-0.10E+04
0.47	0.362000	-0.10E+04
0.475	0.364000	-0.10E+04
0.48	0.367000	-0.10E+04
0.485	0.368000	-0.10E+04
0.49	0.368000	-0.10E+04
0.495	0.369000	-0.10E+04
0.5	0.369000	-0.10E+04
0.505	0.372000	-0.10E+04
0.51	0.374000	-0.10E+04
0.515	0.374000	-0.10E+04
0.52	0.377000	-0.10E+04
0.525	0.379000	-0.10E+04
0.53	0.380000	-0.10E+04
0.535	0.381000	-0.10E+04
0.54	0.383000	-0.10E+04
0.545	0.384000	-0.10E+04
0.55	0.387000	-0.10E+04
0.555	0.389000	-0.10E+04
0.56	0.389000	-0.10E+04
0.565	0.391000	-0.10E+04
0.57	0.395000	-0.10E+04
0.575	0.398000	-0.10E+04
0.58	0.398000	-0.10E+04
0.585	0.399000	-0.10E+04
0.59	0.402000	-0.10E+04
0.595	0.406000	-0.10E+04
0.6	0.408000	-0.10E+04
0.605	0.410000	-0.10E+04
0.61	0.411000	-0.10E+04
0.615	0.413000	-0.10E+04
0.62	0.416000	-0.10E+04
0.625	0.417000	-0.10E+04
0.63	0.420000	-0.10E+04
0.635	0.423000	-0.10E+04
0.64	0.426000	-0.10E+04
0.645	0.427000	-0.10E+04
0.65	0.428000	-0.10E+04
0.655	0.431000	-0.10E+04
0.66	0.433000	-0.10E+04
0.665	0.436000	-0.10E+04
0.67	0.440000	-0.10E+04
0.675	0.442000	-0.10E+04
0.68	0.444000	-0.10E+04
0.685	0.446000	-0.10E+04
0.69	0.448000	-0.10E+04
0.695	0.450000	-0.10E+04
0.7	0.452000	-0.10E+04
0.705	0.456000	-0.10E+04
0.71	0.460000	-0.10E+04
0.715	0.462000	-0.10E+04
0.72	0.466000	-0.10E+04
0.725	0.468000	-0.10E+04
0.73	0.470000	-0.10E+04
0.735	0.473000	-0.10E+04
0.74	0.478000	-0.10E+04
0.745	0.480000	-0.10E+04
0.75	0.483000	-0.10E+04
0.755	0.486000	-0.10E+04
0.76	0.488000	-0.10E+04
0.765	0.491000	-0.10E+04
0.77	0.494000	-0.10E+04
0.775	0.496000	-0.10E+04
0.78	0.499000	-0.10E+04
0.785	0.501000	-0.10E+04
0.79	0.502000	-0.10E+04
0.795	0.504000	-0.10E+04
0.8	0.507000	-0.10E+04
0.805	0.509000	-0.10E+04
0.81	0.510000	-0.10E+04
0.815	0.512000	-0.10E+04
0.82	0.515000	-0.10E+04
0.825	0.518000	-0.10E+04
0.83	0.519000	-0.10E+04
0.835	0.522000	-0.10E+04
0.84	0.525000	-0.10E+04
0.845	0.526000	-0.10E+04
0.85	0.526000	-0.10E+04
0.855	0.526000	-0.10E+04
0.86	0.527000	-0.10E+04
0.865	0.531000	-0.10E+04
0.87	0.533000	-0.10E+04
0.875	0.535000	-0.10E+04
0.88	0.535000	-0.10E+04
0.885	0.536000	-0.10E+04
0.89	0.538000	-0.10E+04
0.895	0.538000	-0.10E+04
0.9	0.541000	-0.10E+04
0.905	0.543000	-0.10E+04
0.91	0.543000	-0.10E+04
0.915	0.544000	-0.10E+04
0.92	0.546000	-0.10E+04
0.925	0.548000	-0.10E+04
0.93	0.550000	-0.10E+04
0.935	0.552000	-0.10E+04
0.94	0.552000	-0.10E+04
0.945	0.553000	-0.10E+04
0.95	0.554000	-0.10E+04
0.955	0.554000	-0.10E+04
0.96	0.555000	-0.10E+04
0.965	0.558000	-0.10E+04
0.97	0.560000	-0.10E+04
0.975	0.561000	-0.10E+04
0.98	0.563000	-0.10E+04
0.985	0.564000	-0.10E+04
0.99	0.566000	-0.10E+04
0.995	0.566000	-0.10E+04
1	0.567000	-0.10E+04
1.005	0.569000	-0.10E+04
1.01	0.570000	-0.10E+04
1.015	0.572000	-0.10E+04
1.02	0.572000	-0.10E+04
1.025	0.573000	-0.10E+04
1.03	0.575000	-0.10E+04
1.035	0.576000	-0.10E+04
1.04	0.578000	-0.10E+04
1.045	0.580000	-0.10E+04
1.05	0.581000	-0.10E+04
1.055	0.583000	-0.10E+04
1.06	0.585000	-0.10E+04
1.065	0.587000	-0.10E+04
1.07	0.588000	-0.10E+04
1.075	0.589000	-0.10E+04
1.08	0.591000	-0.10E+04
1.085	0.592000	-0.10E+04
1.09	0.594000	-0.10E+04
1.095	0.595000	-0.10E+04
1.1	0.595000	-0.10E+04
1.105	0.596000	-0.10E+04
1.11	0.597000	-0.10E+04
1.115	0.598000	-0.10E+04
1.12	0.599000	-0.10E+04
1.125	0.600000	-0.10E+04
1.13	0.601000	-0.10E+04
1.135	0.602000	-0.10E+04
1.14	0.602000	-0.10E+04
1.145	0.603000	-0.10E+04
1.15	0.606000	-0.10E+04
1.155	0.607000	-0.10E+04
1.16	0.609000	-0.10E+04
1.165	0.609000	-0.10E+04
1.17	0.609000	-0.10E+04
1.175	0.610000	-0.10E+04
1.18	0.611000	-0.10E+04
1.185	0.611000	-0.10E+04
1.19	0.611000	-0.10E+04
1.195	0.612000	-0.10E+04
1.2	0.612000	-0.10E+04
1.205	0.612000	-0.10E+04
1.21	0.614000	-0.10E+04
1.215	0.616000	-0.10E+04
1.22	0.618000	-0.10E+04
1.225	0.618000	-0.10E+04
1.23	0.618000	-0.10E+04
1.235	0.620000	-0.10E+04
1.24	0.620000	-0.10E+04
1.245	0.621000	-0.10E+04
1.25	0.623000	-0.10E+04
1.255	0.624000	-0.10E+04
1.26	0.624000	-0.10E+04
1.265	0.626000	-0.10E+04
1.27	0.628000	-0.10E+04
1.275	0.628000	-0.10E+04
1.28	0.630000	-0.10E+04
1.285	0.632000	-0.10E+04
1.29	0.635000	-0.10E+04
1.295	0.637000	-0.10E+04
1.3	0.638000	-0.10E+04
1.305	0.639000	-0.10E+04
1.31	0.641000	-0.10E+04
1.315	0.643000	-0.10E+04
1.32	0.645000	-0.10E+04
1.325	0.646000	-0.10E+04
1.33	0.647000	-0.10E+04
1.335	0.648000	-0.10E+04
1.34	0.648000	-0.10E+04
1.345	0.649000	-0.10E+04
1.35	0.651000	-0.10E+04
1.355	0.653000	-0.10E+04
1.36	0.654000	-0.10E+04
1.365	0.656000	-0.10E+04
1.37	0.657000	-0.10E+04
1.375	0.661000	-0.10E+04
1.38	0.662000	-0.10E+04
1.385	0.664000	-0.10E+04
1.39	0.666000	-0.10E+04
1.395	0.668000	-0.10E+04
1.4	0.669000	-0.10E+04
1.405	0.670000	-0.10E+04
1.41	0.672000	-0.10E+04
1.415	0.673000	-0.10E+04
1.42	0.675000	-0.10E+04
1.425	0.677000	-0.10E+04
1.43	0.680000	-0.10E+04
1.435	0.682000	-0.10E+04
1.44	0.683000	-0.10E+04
1.445	0.683000	-0.10E+04
1.45	0.683000	-0.10E+04
1.455	0.684000	-0.10E+04
1.46	0.686000	-0.10E+04
1.465	0.688000	-0.10E+04
1.47	0.688000	-0.10E+04
1.475	0.689000	-0.10E+04
1.48	0.691000	-0.10E+04
1.485	0.691000	-0.10E+04
1.49	0.692000	-0.10E+04
1.495	0.694000	-0.10E+04
1.5	0.695000	-0.10E+04
1.505	0.696000	-0.10E+04
1.51	0.698000	-0.10E+04
1.515	0.699000	-0.10E+04
1.52	0.699000	-0.10E+04
1.525	0.700000	-0.10E+04
1.53	0.701000	-0.10E+04
1.535	0.702000	-0.10E+04
1.54	0.703000	-0.10E+04
1.545	0.704000	-0.10E+04
1.55	0.705000	-0.10E+04
1.555	0.705000	-0.10E+04
1.56	0.707000	-0.10E+04
1.565	0.708000	-0.10E+04
1.57	0.709000	-0.10E+04
1.575	0.711000	-0.10E+04
1.58	0.711000	-0.10E+04
1.585	0.712000	-0.10E+04
1.59	0.713000	-0.10E+04
1.595	0.713000	-0.10E+04
1.6	0.714000	-0.10E+04
1.605	0.716000	-0.10E+04
1.61	0.716000	-0.10E+04
1.615	0.717000	-0.10E+04
1.62	0.718000	-0.10E+04
1.625	0.720000	-0.10E+04
1.63	0.721000	-0.10E+04
1.635	0.722000	-0.10E+04
1.64	0.722000	-0.10E+04
1.645	0.724000	-0.10E+04
1.65	0.726000	-0.10E+04
1.655	0.726000	-0.10E+04
1.66	0.728000	-0.10E+04
1.665	0.729000	-0.10E+04
1.67	0.730000	-0.10E+04
1.675	0.731000	-0.10E+04
1.68	0.732000	-0.10E+04
1.685	0.733000	-0.10E+04
1.69	0.734000	-0.10E+04
1.695	0.737000	-0.10E+04
1.7	0.738000	-0.10E+04
1.705	0.739000	-0.10E+04
1.71	0.739000	-0.10E+04
1.715	0.741000	-0.10E+04
1.72	0.743000	-0.10E+04
1.725	0.745000	-0.10E+04
1.73	0.746000	-0.10E+04
1.735	0.748000	-0.10E+04
1.74	0.751000	-0.10E+04
1.745	0.752000	-0.10E+04
1.75	0.753000	-0.10E+04
1.755	0.753000	-0.10E+04
1.76	0.755000	-0.10E+04
1.765	0.755000	-0.10E+04
1.77	0.756000	-0.10E+04
1.775	0.756000	-0.10E+04
1.78	0.757000	-0.10E+04
1.785	0.759000	-0.10E+04
1.79	0.761000	-0.10E+04
1.795	0.763000	-0.10E+04
1.8	0.763000	-0.10E+04
1.805	0.764000	-0.10E+04
1.81	0.765000	-0.10E+04
1.815	0.766000	-0.10E+04
1.82	0.769000	-0.10E+04
1.825	0.770000	-0.10E+04
1.83	0.771000	-0.10E+04
1.835	0.773000	-0.10E+04
1.84	0.773000	-0.10E+04
1.845	0.776000	-0.10E+04
1.85	0.777000	-0.10E+04
1.855	0.779000	-0.10E+04
1.86	0.780000	-0.10E+04
1.865	0.783000	-0.10E+04
1.87	0.784000	-0.10E+04
1.875	0.787000	-0.10E+04
1.88	0.788000	-0.10E+04
1.885	0.791000	-0.10E+04
1.89	0.792000	-0.10E+04
1.895	0.793000	-0.10E+04
1.9	0.795000	-0.10E+04
1.905	0.796000	-0.10E+04
1.91	0.796000	-0.10E+04
1.915	0.798000	-0.10E+04
1.92	0.800000	-0.10E+04
1.925	0.801000	-0.10E+04
1.93	0.802000	-0.10E+04
1.935	0.803000	-0.10E+04
1.94	0.805000	-0.10E+04
1.945	0.806000	-0.10E+04
1.95	0.808000	-0.10E+04
1.955	0.810000	-0.10E+04
1.96	0.812000	-0.10E+04
1.965	0.813000	-0.10E+04
1.97	0.814000	-0.10E+04
1.975	0.815000	-0.10E+04
1.98	0.817000	-0.10E+04
1.985	0.818000	-0.10E+04
1.99	0.819000	-0.10E+04
1.995	0.821000	-0.10E+04
2	0.822000	-0.10E+04
2.005	0.823000	-0.10E+04
2.01	0.823000	-0.10E+04
2.015	0.824000	-0.10E+04
2.02	0.826000	-0.10E+04
2.025	0.828000	-0.10E+04
2.03	0.828000	-0.10E+04
2.035	0.829000	-0.10E+04
2.04	0.830000	-0.10E+04
2.045	0.832000	-0.10E+04
2.05	0.834000	-0.10E+04
2.055	0.836000	-0.10E+04
2.06	0.837000	-0.10E+04
2.065	0.839000	-0.10E+04
2.07	0.840000	-0.10E+04
2.075	0.840000	-0.10E+04
2.08	0.842000	-0.10E+04
2.085	0.843000	-0.10E+04
2.09	0.845000	-0.10E+04
2.095	0.846000	-0.10E+04
2.1	0.848000	-0.10E+04
2.105	0.849000	-0.10E+04
2.11	0.850000	-0.10E+04
2.115	0.851000	-0.10E+04
2.12	0.852000	-0.10E+04
2.125	0.855000	-0.10E+04
2.13	0.857000	-0.10E+04
2.135	0.858000	-0.10E+04
2.14	0.858000	-0.10E+04
2.145	0.859000	-0.10E+04
2.15	0.861000	-0.10E+04
2.155	0.863000	-0.10E+04
2.16	0.864000	-0.10E+04
2.165	0.866000	-0.10E+04
2.17	0.867000	-0.10E+04
2.175	0.869000	-0.10E+04
2.18	0.870000	-0.10E+04
2.185	0.872000	-0.10E+04
2.19	0.873000	-0.10E+04
2.195	0.876000	-0.10E+04
2.2	0.876000	-0.10E+04
2.205	0.877000	-0.10E+04
2.21	0.879000	-0.10E+04
2.215	0.881000	-0.10E+04
2.22	0.884000	-0.10E+04
2.225	0.886000	-0.10E+04
2.23	0.886000	-0.10E+04
2.235	0.887000	-0.10E+04
2.24	0.890000	-0.10E+04
2.245	0.892000	-0.10E+04
2.25	0.892000	-0.10E+04
2.255	0.894000	-0.10E+04
2.26	0.896000	-0.10E+04
2.265	0.898000	-0.10E+04
2.27	0.901000	-0.10E+04
2.275	0.902000	-0.10E+04
2.28	0.906000	-0.10E+04
2.285	0.909000	-0.10E+04
2.29	0.909000	-0.10E+04
2.295	0.911000	-0.10E+04
2.3	0.913000	-0.10E+04
2.305	0.914000	-0.10E+04
2.31	0.915000	-0.10E+04
2.315	0.918000	-0.10E+04
2.32	0.920000	-0.10E+04
2.325	0.922000	-0.10E+04
2.33	0.924000	-0.10E+04
2.335	0.925000	-0.10E+04
2.34	0.926000	-0.10E+04
2.345	0.929000	-0.10E+04
2.35	0.931000	-0.10E+04
2.355	0.933000	-0.10E+04
2.36	0.935000	-0.10E+04
2.365	0.937000	-0.10E+04
2.37	0.940000	-0.10E+04
2.375	0.941000	-0.10E+04
2.38	0.944000	-0.10E+04
2.385	0.945000	-0.10E+04
2.39	0.947000	-0.10E+04
2.395	0.950000	-0.10E+04
2.4	0.951000	-0.10E+04
2.405	0.952000	-0.10E+04
2.41	0.954000	-0.10E+04
2.415	0.956000	-0.10E+04
2.42	0.958000	-0.10E+04
2.425	0.959000	-0.10E+04
2.43	0.961000	-0.10E+04
2.435	0.964000	-0.10E+04
2.44	0.968000	-0.10E+04
2.445	0.969000	-0.10E+04
2.45	0.970000	-0.10E+04
2.455	0.973000	-0.10E+04
2.46	0.976000	-0.10E+04
2.465	0.977000	-0.10E+04
2.47	0.979000	-0.10E+04
2.475	0.983000	-0.10E+04
2.48	0.984000	-0.10E+04
2.485	0.985000	-0.10E+04
2.49	0.987000	-0.10E+04
2.495	0.988000	-0.10E+04
2.5	0.992000	-0.10E+04
2.505	0.993000	-0.10E+04
2.51	0.994000	-0.10E+04
2.515	0.996000	-0.10E+04
2.52	0.997000	-0.10E+04
