Brown University Keck/NASA Relab Spectrum LS-JBA-006-N1/wls719
Wavelength(micron)	Reflectance	Standard Deviation
0.35	0.200000	-0.10E+04
0.355	0.204000	-0.10E+04
0.36	0.207000	-0.10E+04
0.365	0.209000	-0.10E+04
0.37	0.211000	-0.10E+04
0.375	0.215000	-0.10E+04
0.38	0.218000	-0.10E+04
0.385	0.223000	-0.10E+04
0.39	0.226000	-0.10E+04
0.395	0.228000	-0.10E+04
0.4	0.230000	-0.10E+04
0.405	0.236000	-0.10E+04
0.41	0.239000	-0.10E+04
0.415	0.243000	-0.10E+04
0.42	0.246000	-0.10E+04
0.425	0.250000	-0.10E+04
0.43	0.253000	-0.10E+04
0.435	0.256000	-0.10E+04
0.44	0.260000	-0.10E+04
0.445	0.264000	-0.10E+04
0.45	0.267000	-0.10E+04
0.455	0.269000	-0.10E+04
0.46	0.272000	-0.10E+04
0.465	0.275000	-0.10E+04
0.47	0.276000	-0.10E+04
0.475	0.280000	-0.10E+04
0.48	0.284000	-0.10E+04
0.485	0.285000	-0.10E+04
0.49	0.290000	-0.10E+04
0.495	0.292000	-0.10E+04
0.5	0.294000	-0.10E+04
0.505	0.297000	-0.10E+04
0.51	0.300000	-0.10E+04
0.515	0.302000	-0.10E+04
0.52	0.304000	-0.10E+04
0.525	0.306000	-0.10E+04
0.53	0.310000	-0.10E+04
0.535	0.312000	-0.10E+04
0.54	0.314000	-0.10E+04
0.545	0.319000	-0.10E+04
0.55	0.322000	-0.10E+04
0.555	0.324000	-0.10E+04
0.56	0.327000	-0.10E+04
0.565	0.328000	-0.10E+04
0.57	0.330000	-0.10E+04
0.575	0.334000	-0.10E+04
0.58	0.338000	-0.10E+04
0.585	0.340000	-0.10E+04
0.59	0.342000	-0.10E+04
0.595	0.344000	-0.10E+04
0.6	0.345000	-0.10E+04
0.605	0.348000	-0.10E+04
0.61	0.351000	-0.10E+04
0.615	0.353000	-0.10E+04
0.62	0.357000	-0.10E+04
0.625	0.360000	-0.10E+04
0.63	0.361000	-0.10E+04
0.635	0.363000	-0.10E+04
0.64	0.365000	-0.10E+04
0.645	0.369000	-0.10E+04
0.65	0.372000	-0.10E+04
0.655	0.374000	-0.10E+04
0.66	0.376000	-0.10E+04
0.665	0.378000	-0.10E+04
0.67	0.381000	-0.10E+04
0.675	0.383000	-0.10E+04
0.68	0.386000	-0.10E+04
0.685	0.388000	-0.10E+04
0.69	0.390000	-0.10E+04
0.695	0.391000	-0.10E+04
0.7	0.394000	-0.10E+04
0.705	0.397000	-0.10E+04
0.71	0.400000	-0.10E+04
0.715	0.401000	-0.10E+04
0.72	0.403000	-0.10E+04
0.725	0.404000	-0.10E+04
0.73	0.408000	-0.10E+04
0.735	0.411000	-0.10E+04
0.74	0.412000	-0.10E+04
0.745	0.414000	-0.10E+04
0.75	0.417000	-0.10E+04
0.755	0.419000	-0.10E+04
0.76	0.421000	-0.10E+04
0.765	0.423000	-0.10E+04
0.77	0.424000	-0.10E+04
0.775	0.426000	-0.10E+04
0.78	0.428000	-0.10E+04
0.785	0.429000	-0.10E+04
0.79	0.431000	-0.10E+04
0.795	0.433000	-0.10E+04
0.8	0.434000	-0.10E+04
0.805	0.435000	-0.10E+04
0.81	0.436000	-0.10E+04
0.815	0.437000	-0.10E+04
0.82	0.439000	-0.10E+04
0.825	0.442000	-0.10E+04
0.83	0.443000	-0.10E+04
0.835	0.444000	-0.10E+04
0.84	0.445000	-0.10E+04
0.845	0.446000	-0.10E+04
0.85	0.448000	-0.10E+04
0.855	0.450000	-0.10E+04
0.86	0.451000	-0.10E+04
0.865	0.452000	-0.10E+04
0.87	0.454000	-0.10E+04
0.875	0.454000	-0.10E+04
0.88	0.454000	-0.10E+04
0.885	0.454000	-0.10E+04
0.89	0.457000	-0.10E+04
0.895	0.459000	-0.10E+04
0.9	0.461000	-0.10E+04
0.905	0.462000	-0.10E+04
0.91	0.462000	-0.10E+04
0.915	0.463000	-0.10E+04
0.92	0.465000	-0.10E+04
0.925	0.468000	-0.10E+04
0.93	0.470000	-0.10E+04
0.935	0.470000	-0.10E+04
0.94	0.471000	-0.10E+04
0.945	0.472000	-0.10E+04
0.95	0.474000	-0.10E+04
0.955	0.476000	-0.10E+04
0.96	0.477000	-0.10E+04
0.965	0.479000	-0.10E+04
0.97	0.480000	-0.10E+04
0.975	0.481000	-0.10E+04
0.98	0.483000	-0.10E+04
0.985	0.484000	-0.10E+04
0.99	0.486000	-0.10E+04
0.995	0.488000	-0.10E+04
1	0.491000	-0.10E+04
1.005	0.493000	-0.10E+04
1.01	0.496000	-0.10E+04
1.015	0.498000	-0.10E+04
1.02	0.501000	-0.10E+04
1.025	0.501000	-0.10E+04
1.03	0.505000	-0.10E+04
1.035	0.507000	-0.10E+04
1.04	0.509000	-0.10E+04
1.045	0.511000	-0.10E+04
1.05	0.516000	-0.10E+04
1.055	0.517000	-0.10E+04
1.06	0.518000	-0.10E+04
1.065	0.520000	-0.10E+04
1.07	0.524000	-0.10E+04
1.075	0.525000	-0.10E+04
1.08	0.527000	-0.10E+04
1.085	0.529000	-0.10E+04
1.09	0.531000	-0.10E+04
1.095	0.534000	-0.10E+04
1.1	0.536000	-0.10E+04
1.105	0.538000	-0.10E+04
1.11	0.539000	-0.10E+04
1.115	0.543000	-0.10E+04
1.12	0.545000	-0.10E+04
1.125	0.546000	-0.10E+04
1.13	0.548000	-0.10E+04
1.135	0.551000	-0.10E+04
1.14	0.553000	-0.10E+04
1.145	0.555000	-0.10E+04
1.15	0.558000	-0.10E+04
1.155	0.558000	-0.10E+04
1.16	0.559000	-0.10E+04
1.165	0.561000	-0.10E+04
1.17	0.562000	-0.10E+04
1.175	0.564000	-0.10E+04
1.18	0.565000	-0.10E+04
1.185	0.566000	-0.10E+04
1.19	0.570000	-0.10E+04
1.195	0.570000	-0.10E+04
1.2	0.572000	-0.10E+04
1.205	0.573000	-0.10E+04
1.21	0.576000	-0.10E+04
1.215	0.578000	-0.10E+04
1.22	0.579000	-0.10E+04
1.225	0.581000	-0.10E+04
1.23	0.582000	-0.10E+04
1.235	0.586000	-0.10E+04
1.24	0.587000	-0.10E+04
1.245	0.589000	-0.10E+04
1.25	0.591000	-0.10E+04
1.255	0.594000	-0.10E+04
1.26	0.594000	-0.10E+04
1.265	0.595000	-0.10E+04
1.27	0.595000	-0.10E+04
1.275	0.597000	-0.10E+04
1.28	0.598000	-0.10E+04
1.285	0.600000	-0.10E+04
1.29	0.602000	-0.10E+04
1.295	0.603000	-0.10E+04
1.3	0.605000	-0.10E+04
1.305	0.607000	-0.10E+04
1.31	0.609000	-0.10E+04
1.315	0.611000	-0.10E+04
1.32	0.614000	-0.10E+04
1.325	0.614000	-0.10E+04
1.33	0.617000	-0.10E+04
1.335	0.619000	-0.10E+04
1.34	0.620000	-0.10E+04
1.345	0.622000	-0.10E+04
1.35	0.623000	-0.10E+04
1.355	0.625000	-0.10E+04
1.36	0.626000	-0.10E+04
1.365	0.628000	-0.10E+04
1.37	0.628000	-0.10E+04
1.375	0.630000	-0.10E+04
1.38	0.631000	-0.10E+04
1.385	0.634000	-0.10E+04
1.39	0.635000	-0.10E+04
1.395	0.637000	-0.10E+04
1.4	0.638000	-0.10E+04
1.405	0.640000	-0.10E+04
1.41	0.642000	-0.10E+04
1.415	0.643000	-0.10E+04
1.42	0.646000	-0.10E+04
1.425	0.647000	-0.10E+04
1.43	0.649000	-0.10E+04
1.435	0.651000	-0.10E+04
1.44	0.652000	-0.10E+04
1.445	0.653000	-0.10E+04
1.45	0.654000	-0.10E+04
1.455	0.657000	-0.10E+04
1.46	0.658000	-0.10E+04
1.465	0.659000	-0.10E+04
1.47	0.663000	-0.10E+04
1.475	0.664000	-0.10E+04
1.48	0.664000	-0.10E+04
1.485	0.664000	-0.10E+04
1.49	0.665000	-0.10E+04
1.495	0.666000	-0.10E+04
1.5	0.668000	-0.10E+04
1.505	0.671000	-0.10E+04
1.51	0.673000	-0.10E+04
1.515	0.673000	-0.10E+04
1.52	0.674000	-0.10E+04
1.525	0.675000	-0.10E+04
1.53	0.677000	-0.10E+04
1.535	0.678000	-0.10E+04
1.54	0.681000	-0.10E+04
1.545	0.681000	-0.10E+04
1.55	0.682000	-0.10E+04
1.555	0.683000	-0.10E+04
1.56	0.684000	-0.10E+04
1.565	0.685000	-0.10E+04
1.57	0.686000	-0.10E+04
1.575	0.688000	-0.10E+04
1.58	0.692000	-0.10E+04
1.585	0.692000	-0.10E+04
1.59	0.694000	-0.10E+04
1.595	0.693000	-0.10E+04
1.6	0.693000	-0.10E+04
1.605	0.696000	-0.10E+04
1.61	0.697000	-0.10E+04
1.615	0.699000	-0.10E+04
1.62	0.700000	-0.10E+04
1.625	0.703000	-0.10E+04
1.63	0.703000	-0.10E+04
1.635	0.704000	-0.10E+04
1.64	0.705000	-0.10E+04
1.645	0.706000	-0.10E+04
1.65	0.708000	-0.10E+04
1.655	0.709000	-0.10E+04
1.66	0.710000	-0.10E+04
1.665	0.711000	-0.10E+04
1.67	0.712000	-0.10E+04
1.675	0.713000	-0.10E+04
1.68	0.714000	-0.10E+04
1.685	0.716000	-0.10E+04
1.69	0.717000	-0.10E+04
1.695	0.718000	-0.10E+04
1.7	0.721000	-0.10E+04
1.705	0.722000	-0.10E+04
1.71	0.722000	-0.10E+04
1.715	0.723000	-0.10E+04
1.72	0.725000	-0.10E+04
1.725	0.728000	-0.10E+04
1.73	0.731000	-0.10E+04
1.735	0.731000	-0.10E+04
1.74	0.731000	-0.10E+04
1.745	0.731000	-0.10E+04
1.75	0.731000	-0.10E+04
1.755	0.733000	-0.10E+04
1.76	0.734000	-0.10E+04
1.765	0.736000	-0.10E+04
1.77	0.737000	-0.10E+04
1.775	0.739000	-0.10E+04
1.78	0.740000	-0.10E+04
1.785	0.743000	-0.10E+04
1.79	0.745000	-0.10E+04
1.795	0.746000	-0.10E+04
1.8	0.746000	-0.10E+04
1.805	0.747000	-0.10E+04
1.81	0.748000	-0.10E+04
1.815	0.748000	-0.10E+04
1.82	0.750000	-0.10E+04
1.825	0.750000	-0.10E+04
1.83	0.752000	-0.10E+04
1.835	0.753000	-0.10E+04
1.84	0.756000	-0.10E+04
1.845	0.758000	-0.10E+04
1.85	0.760000	-0.10E+04
1.855	0.761000	-0.10E+04
1.86	0.762000	-0.10E+04
1.865	0.763000	-0.10E+04
1.87	0.764000	-0.10E+04
1.875	0.766000	-0.10E+04
1.88	0.769000	-0.10E+04
1.885	0.769000	-0.10E+04
1.89	0.770000	-0.10E+04
1.895	0.770000	-0.10E+04
1.9	0.772000	-0.10E+04
1.905	0.774000	-0.10E+04
1.91	0.776000	-0.10E+04
1.915	0.778000	-0.10E+04
1.92	0.779000	-0.10E+04
1.925	0.779000	-0.10E+04
1.93	0.780000	-0.10E+04
1.935	0.781000	-0.10E+04
1.94	0.782000	-0.10E+04
1.945	0.782000	-0.10E+04
1.95	0.783000	-0.10E+04
1.955	0.785000	-0.10E+04
1.96	0.787000	-0.10E+04
1.965	0.787000	-0.10E+04
1.97	0.788000	-0.10E+04
1.975	0.789000	-0.10E+04
1.98	0.790000	-0.10E+04
1.985	0.790000	-0.10E+04
1.99	0.791000	-0.10E+04
1.995	0.791000	-0.10E+04
2	0.792000	-0.10E+04
2.005	0.793000	-0.10E+04
2.01	0.793000	-0.10E+04
2.015	0.794000	-0.10E+04
2.02	0.796000	-0.10E+04
2.025	0.798000	-0.10E+04
2.03	0.800000	-0.10E+04
2.035	0.801000	-0.10E+04
2.04	0.801000	-0.10E+04
2.045	0.801000	-0.10E+04
2.05	0.803000	-0.10E+04
2.055	0.805000	-0.10E+04
2.06	0.806000	-0.10E+04
2.065	0.806000	-0.10E+04
2.07	0.806000	-0.10E+04
2.075	0.807000	-0.10E+04
2.08	0.808000	-0.10E+04
2.085	0.810000	-0.10E+04
2.09	0.810000	-0.10E+04
2.095	0.811000	-0.10E+04
2.1	0.812000	-0.10E+04
2.105	0.813000	-0.10E+04
2.11	0.814000	-0.10E+04
2.115	0.815000	-0.10E+04
2.12	0.815000	-0.10E+04
2.125	0.815000	-0.10E+04
2.13	0.817000	-0.10E+04
2.135	0.819000	-0.10E+04
2.14	0.819000	-0.10E+04
2.145	0.821000	-0.10E+04
2.15	0.823000	-0.10E+04
2.155	0.824000	-0.10E+04
2.16	0.826000	-0.10E+04
2.165	0.827000	-0.10E+04
2.17	0.828000	-0.10E+04
2.175	0.828000	-0.10E+04
2.18	0.828000	-0.10E+04
2.185	0.829000	-0.10E+04
2.19	0.830000	-0.10E+04
2.195	0.832000	-0.10E+04
2.2	0.833000	-0.10E+04
2.205	0.835000	-0.10E+04
2.21	0.836000	-0.10E+04
2.215	0.838000	-0.10E+04
2.22	0.839000	-0.10E+04
2.225	0.840000	-0.10E+04
2.23	0.840000	-0.10E+04
2.235	0.841000	-0.10E+04
2.24	0.843000	-0.10E+04
2.245	0.843000	-0.10E+04
2.25	0.844000	-0.10E+04
2.255	0.847000	-0.10E+04
2.26	0.848000	-0.10E+04
2.265	0.848000	-0.10E+04
2.27	0.850000	-0.10E+04
2.275	0.853000	-0.10E+04
2.28	0.855000	-0.10E+04
2.285	0.856000	-0.10E+04
2.29	0.857000	-0.10E+04
2.295	0.856000	-0.10E+04
2.3	0.857000	-0.10E+04
2.305	0.859000	-0.10E+04
2.31	0.861000	-0.10E+04
2.315	0.863000	-0.10E+04
2.32	0.863000	-0.10E+04
2.325	0.865000	-0.10E+04
2.33	0.867000	-0.10E+04
2.335	0.867000	-0.10E+04
2.34	0.870000	-0.10E+04
2.345	0.871000	-0.10E+04
2.35	0.871000	-0.10E+04
2.355	0.874000	-0.10E+04
2.36	0.875000	-0.10E+04
2.365	0.876000	-0.10E+04
2.37	0.877000	-0.10E+04
2.375	0.878000	-0.10E+04
2.38	0.881000	-0.10E+04
2.385	0.883000	-0.10E+04
2.39	0.884000	-0.10E+04
2.395	0.885000	-0.10E+04
2.4	0.885000	-0.10E+04
2.405	0.887000	-0.10E+04
2.41	0.890000	-0.10E+04
2.415	0.892000	-0.10E+04
2.42	0.894000	-0.10E+04
2.425	0.895000	-0.10E+04
2.43	0.896000	-0.10E+04
2.435	0.898000	-0.10E+04
2.44	0.899000	-0.10E+04
2.445	0.901000	-0.10E+04
2.45	0.903000	-0.10E+04
2.455	0.904000	-0.10E+04
2.46	0.905000	-0.10E+04
2.465	0.906000	-0.10E+04
2.47	0.907000	-0.10E+04
2.475	0.910000	-0.10E+04
2.48	0.910000	-0.10E+04
2.485	0.911000	-0.10E+04
2.49	0.913000	-0.10E+04
2.495	0.914000	-0.10E+04
2.5	0.915000	-0.10E+04
2.505	0.915000	-0.10E+04
2.51	0.915000	-0.10E+04
2.515	0.915000	-0.10E+04
2.52	0.915000	-0.10E+04
