Brown University Keck/NASA Relab Spectrum SA-JBA-038/wls751
Wavelength(micron)	Reflectance	Standard Deviation
0.365	0.006000	-0.10E+04
0.37	0.009000	-0.10E+04
0.375	0.015000	-0.10E+04
0.38	0.030000	-0.10E+04
0.385	0.051000	-0.10E+04
0.39	0.084000	-0.10E+04
0.395	0.128000	-0.10E+04
0.4	0.179000	-0.10E+04
0.405	0.239000	-0.10E+04
0.41	0.296000	-0.10E+04
0.415	0.358000	-0.10E+04
0.42	0.411000	-0.10E+04
0.425	0.452000	-0.10E+04
0.43	0.482000	-0.10E+04
0.435	0.496000	-0.10E+04
0.44	0.497000	-0.10E+04
0.445	0.497000	-0.10E+04
0.45	0.498000	-0.10E+04
0.455	0.504000	-0.10E+04
0.46	0.513000	-0.10E+04
0.465	0.537000	-0.10E+04
0.47	0.562000	-0.10E+04
0.475	0.591000	-0.10E+04
0.48	0.621000	-0.10E+04
0.485	0.642000	-0.10E+04
0.49	0.662000	-0.10E+04
0.495	0.679000	-0.10E+04
0.5	0.694000	-0.10E+04
0.505	0.708000	-0.10E+04
0.51	0.718000	-0.10E+04
0.515	0.727000	-0.10E+04
0.52	0.738000	-0.10E+04
0.525	0.746000	-0.10E+04
0.53	0.753000	-0.10E+04
0.535	0.761000	-0.10E+04
0.54	0.768000	-0.10E+04
0.545	0.775000	-0.10E+04
0.55	0.780000	-0.10E+04
0.555	0.786000	-0.10E+04
0.56	0.790000	-0.10E+04
0.565	0.795000	-0.10E+04
0.57	0.797000	-0.10E+04
0.575	0.801000	-0.10E+04
0.58	0.806000	-0.10E+04
0.585	0.810000	-0.10E+04
0.59	0.814000	-0.10E+04
0.595	0.818000	-0.10E+04
0.6	0.820000	-0.10E+04
0.605	0.823000	-0.10E+04
0.61	0.827000	-0.10E+04
0.615	0.829000	-0.10E+04
0.62	0.832000	-0.10E+04
0.625	0.836000	-0.10E+04
0.63	0.839000	-0.10E+04
0.635	0.841000	-0.10E+04
0.64	0.843000	-0.10E+04
0.645	0.845000	-0.10E+04
0.65	0.847000	-0.10E+04
0.655	0.849000	-0.10E+04
0.66	0.850000	-0.10E+04
0.665	0.851000	-0.10E+04
0.67	0.852000	-0.10E+04
0.675	0.855000	-0.10E+04
0.68	0.856000	-0.10E+04
0.685	0.856000	-0.10E+04
0.69	0.856000	-0.10E+04
0.695	0.856000	-0.10E+04
0.7	0.856000	-0.10E+04
0.705	0.856000	-0.10E+04
0.71	0.856000	-0.10E+04
0.715	0.856000	-0.10E+04
0.72	0.856000	-0.10E+04
0.725	0.855000	-0.10E+04
0.73	0.855000	-0.10E+04
0.735	0.855000	-0.10E+04
0.74	0.854000	-0.10E+04
0.745	0.854000	-0.10E+04
0.75	0.853000	-0.10E+04
0.755	0.851000	-0.10E+04
0.76	0.850000	-0.10E+04
0.765	0.849000	-0.10E+04
0.77	0.848000	-0.10E+04
0.775	0.847000	-0.10E+04
0.78	0.846000	-0.10E+04
0.785	0.846000	-0.10E+04
0.79	0.845000	-0.10E+04
0.795	0.842000	-0.10E+04
0.8	0.841000	-0.10E+04
0.805	0.840000	-0.10E+04
0.81	0.839000	-0.10E+04
0.815	0.838000	-0.10E+04
0.82	0.837000	-0.10E+04
0.825	0.837000	-0.10E+04
0.83	0.836000	-0.10E+04
0.835	0.833000	-0.10E+04
0.84	0.832000	-0.10E+04
0.845	0.832000	-0.10E+04
0.85	0.831000	-0.10E+04
0.855	0.831000	-0.10E+04
0.86	0.830000	-0.10E+04
0.865	0.830000	-0.10E+04
0.87	0.829000	-0.10E+04
0.875	0.829000	-0.10E+04
0.88	0.829000	-0.10E+04
0.885	0.828000	-0.10E+04
0.89	0.828000	-0.10E+04
0.895	0.828000	-0.10E+04
0.9	0.828000	-0.10E+04
0.905	0.828000	-0.10E+04
0.91	0.828000	-0.10E+04
0.915	0.829000	-0.10E+04
0.92	0.829000	-0.10E+04
0.925	0.830000	-0.10E+04
0.93	0.830000	-0.10E+04
0.935	0.830000	-0.10E+04
0.94	0.831000	-0.10E+04
0.945	0.831000	-0.10E+04
0.95	0.831000	-0.10E+04
0.955	0.831000	-0.10E+04
0.96	0.832000	-0.10E+04
0.965	0.832000	-0.10E+04
0.97	0.832000	-0.10E+04
0.975	0.833000	-0.10E+04
0.98	0.833000	-0.10E+04
0.985	0.834000	-0.10E+04
0.99	0.835000	-0.10E+04
0.995	0.835000	-0.10E+04
1	0.836000	-0.10E+04
1.005	0.837000	-0.10E+04
1.01	0.838000	-0.10E+04
1.015	0.839000	-0.10E+04
1.02	0.839000	-0.10E+04
1.025	0.840000	-0.10E+04
1.03	0.840000	-0.10E+04
1.035	0.841000	-0.10E+04
1.04	0.841000	-0.10E+04
1.045	0.842000	-0.10E+04
1.05	0.843000	-0.10E+04
1.055	0.844000	-0.10E+04
1.06	0.844000	-0.10E+04
1.065	0.844000	-0.10E+04
1.07	0.845000	-0.10E+04
1.075	0.847000	-0.10E+04
1.08	0.848000	-0.10E+04
1.085	0.848000	-0.10E+04
1.09	0.848000	-0.10E+04
1.095	0.849000	-0.10E+04
1.1	0.849000	-0.10E+04
1.105	0.850000	-0.10E+04
1.11	0.851000	-0.10E+04
1.115	0.852000	-0.10E+04
1.12	0.852000	-0.10E+04
1.125	0.853000	-0.10E+04
1.13	0.855000	-0.10E+04
1.135	0.856000	-0.10E+04
1.14	0.856000	-0.10E+04
1.145	0.857000	-0.10E+04
1.15	0.858000	-0.10E+04
1.155	0.858000	-0.10E+04
1.16	0.858000	-0.10E+04
1.165	0.859000	-0.10E+04
1.17	0.859000	-0.10E+04
1.175	0.860000	-0.10E+04
1.18	0.861000	-0.10E+04
1.185	0.861000	-0.10E+04
1.19	0.862000	-0.10E+04
1.195	0.863000	-0.10E+04
1.2	0.864000	-0.10E+04
1.205	0.864000	-0.10E+04
1.21	0.865000	-0.10E+04
1.215	0.866000	-0.10E+04
1.22	0.866000	-0.10E+04
1.225	0.866000	-0.10E+04
1.23	0.867000	-0.10E+04
1.235	0.867000	-0.10E+04
1.24	0.868000	-0.10E+04
1.245	0.868000	-0.10E+04
1.25	0.869000	-0.10E+04
1.255	0.869000	-0.10E+04
1.26	0.869000	-0.10E+04
1.265	0.870000	-0.10E+04
1.27	0.870000	-0.10E+04
1.275	0.870000	-0.10E+04
1.28	0.870000	-0.10E+04
1.285	0.871000	-0.10E+04
1.29	0.872000	-0.10E+04
1.295	0.873000	-0.10E+04
1.3	0.874000	-0.10E+04
1.305	0.874000	-0.10E+04
1.31	0.876000	-0.10E+04
1.315	0.876000	-0.10E+04
1.32	0.875000	-0.10E+04
1.325	0.875000	-0.10E+04
1.33	0.875000	-0.10E+04
1.335	0.875000	-0.10E+04
1.34	0.875000	-0.10E+04
1.345	0.874000	-0.10E+04
1.35	0.874000	-0.10E+04
1.355	0.875000	-0.10E+04
1.36	0.875000	-0.10E+04
1.365	0.874000	-0.10E+04
1.37	0.876000	-0.10E+04
1.375	0.876000	-0.10E+04
1.38	0.876000	-0.10E+04
1.385	0.876000	-0.10E+04
1.39	0.876000	-0.10E+04
1.395	0.876000	-0.10E+04
1.4	0.876000	-0.10E+04
1.405	0.877000	-0.10E+04
1.41	0.878000	-0.10E+04
1.415	0.878000	-0.10E+04
1.42	0.878000	-0.10E+04
1.425	0.878000	-0.10E+04
1.43	0.878000	-0.10E+04
1.435	0.878000	-0.10E+04
1.44	0.878000	-0.10E+04
1.445	0.878000	-0.10E+04
1.45	0.878000	-0.10E+04
1.455	0.878000	-0.10E+04
1.46	0.879000	-0.10E+04
1.465	0.879000	-0.10E+04
1.47	0.879000	-0.10E+04
1.475	0.879000	-0.10E+04
1.48	0.879000	-0.10E+04
1.485	0.879000	-0.10E+04
1.49	0.879000	-0.10E+04
1.495	0.879000	-0.10E+04
1.5	0.878000	-0.10E+04
1.505	0.878000	-0.10E+04
1.51	0.878000	-0.10E+04
1.515	0.878000	-0.10E+04
1.52	0.878000	-0.10E+04
1.525	0.878000	-0.10E+04
1.53	0.878000	-0.10E+04
1.535	0.878000	-0.10E+04
1.54	0.878000	-0.10E+04
1.545	0.878000	-0.10E+04
1.55	0.878000	-0.10E+04
1.555	0.877000	-0.10E+04
1.56	0.877000	-0.10E+04
1.565	0.877000	-0.10E+04
1.57	0.877000	-0.10E+04
1.575	0.877000	-0.10E+04
1.58	0.876000	-0.10E+04
1.585	0.876000	-0.10E+04
1.59	0.876000	-0.10E+04
1.595	0.876000	-0.10E+04
1.6	0.876000	-0.10E+04
1.605	0.876000	-0.10E+04
1.61	0.876000	-0.10E+04
1.615	0.876000	-0.10E+04
1.62	0.876000	-0.10E+04
1.625	0.876000	-0.10E+04
1.63	0.876000	-0.10E+04
1.635	0.876000	-0.10E+04
1.64	0.876000	-0.10E+04
1.645	0.876000	-0.10E+04
1.65	0.876000	-0.10E+04
1.655	0.876000	-0.10E+04
1.66	0.876000	-0.10E+04
1.665	0.876000	-0.10E+04
1.67	0.874000	-0.10E+04
1.675	0.874000	-0.10E+04
1.68	0.874000	-0.10E+04
1.685	0.874000	-0.10E+04
1.69	0.874000	-0.10E+04
1.695	0.874000	-0.10E+04
1.7	0.874000	-0.10E+04
1.705	0.874000	-0.10E+04
1.71	0.874000	-0.10E+04
1.715	0.874000	-0.10E+04
1.72	0.874000	-0.10E+04
1.725	0.874000	-0.10E+04
1.73	0.873000	-0.10E+04
1.735	0.873000	-0.10E+04
1.74	0.873000	-0.10E+04
1.745	0.873000	-0.10E+04
1.75	0.873000	-0.10E+04
1.755	0.873000	-0.10E+04
1.76	0.873000	-0.10E+04
1.765	0.873000	-0.10E+04
1.77	0.873000	-0.10E+04
1.775	0.873000	-0.10E+04
1.78	0.873000	-0.10E+04
1.785	0.873000	-0.10E+04
1.79	0.873000	-0.10E+04
1.795	0.873000	-0.10E+04
1.8	0.873000	-0.10E+04
1.805	0.873000	-0.10E+04
1.81	0.873000	-0.10E+04
1.815	0.873000	-0.10E+04
1.82	0.872000	-0.10E+04
1.825	0.872000	-0.10E+04
1.83	0.871000	-0.10E+04
1.835	0.870000	-0.10E+04
1.84	0.870000	-0.10E+04
1.845	0.869000	-0.10E+04
1.85	0.868000	-0.10E+04
1.855	0.868000	-0.10E+04
1.86	0.867000	-0.10E+04
1.865	0.867000	-0.10E+04
1.87	0.866000	-0.10E+04
1.875	0.866000	-0.10E+04
1.88	0.865000	-0.10E+04
1.885	0.865000	-0.10E+04
1.89	0.865000	-0.10E+04
1.895	0.865000	-0.10E+04
1.9	0.865000	-0.10E+04
1.905	0.865000	-0.10E+04
1.91	0.865000	-0.10E+04
1.915	0.864000	-0.10E+04
1.92	0.864000	-0.10E+04
1.925	0.865000	-0.10E+04
1.93	0.864000	-0.10E+04
1.935	0.864000	-0.10E+04
1.94	0.864000	-0.10E+04
1.945	0.865000	-0.10E+04
1.95	0.865000	-0.10E+04
1.955	0.865000	-0.10E+04
1.96	0.865000	-0.10E+04
1.965	0.866000	-0.10E+04
1.97	0.866000	-0.10E+04
1.975	0.867000	-0.10E+04
1.98	0.867000	-0.10E+04
1.985	0.867000	-0.10E+04
1.99	0.868000	-0.10E+04
1.995	0.867000	-0.10E+04
2	0.868000	-0.10E+04
2.005	0.868000	-0.10E+04
2.01	0.868000	-0.10E+04
2.015	0.868000	-0.10E+04
2.02	0.869000	-0.10E+04
2.025	0.869000	-0.10E+04
2.03	0.869000	-0.10E+04
2.035	0.868000	-0.10E+04
2.04	0.868000	-0.10E+04
2.045	0.869000	-0.10E+04
2.05	0.869000	-0.10E+04
2.055	0.869000	-0.10E+04
2.06	0.869000	-0.10E+04
2.065	0.868000	-0.10E+04
2.07	0.869000	-0.10E+04
2.075	0.869000	-0.10E+04
2.08	0.869000	-0.10E+04
2.085	0.869000	-0.10E+04
2.09	0.869000	-0.10E+04
2.095	0.869000	-0.10E+04
2.1	0.869000	-0.10E+04
2.105	0.868000	-0.10E+04
2.11	0.868000	-0.10E+04
2.115	0.868000	-0.10E+04
2.12	0.868000	-0.10E+04
2.125	0.868000	-0.10E+04
2.13	0.868000	-0.10E+04
2.135	0.868000	-0.10E+04
2.14	0.868000	-0.10E+04
2.145	0.867000	-0.10E+04
2.15	0.867000	-0.10E+04
2.155	0.867000	-0.10E+04
2.16	0.867000	-0.10E+04
2.165	0.867000	-0.10E+04
2.17	0.866000	-0.10E+04
2.175	0.866000	-0.10E+04
2.18	0.866000	-0.10E+04
2.185	0.866000	-0.10E+04
2.19	0.865000	-0.10E+04
2.195	0.865000	-0.10E+04
2.2	0.865000	-0.10E+04
2.205	0.864000	-0.10E+04
2.21	0.864000	-0.10E+04
2.215	0.864000	-0.10E+04
2.22	0.864000	-0.10E+04
2.225	0.864000	-0.10E+04
2.23	0.864000	-0.10E+04
2.235	0.863000	-0.10E+04
2.24	0.863000	-0.10E+04
2.245	0.863000	-0.10E+04
2.25	0.862000	-0.10E+04
2.255	0.861000	-0.10E+04
2.26	0.861000	-0.10E+04
2.265	0.860000	-0.10E+04
2.27	0.859000	-0.10E+04
2.275	0.857000	-0.10E+04
2.28	0.856000	-0.10E+04
2.285	0.856000	-0.10E+04
2.29	0.856000	-0.10E+04
2.295	0.855000	-0.10E+04
2.3	0.854000	-0.10E+04
2.305	0.853000	-0.10E+04
2.31	0.853000	-0.10E+04
2.315	0.852000	-0.10E+04
2.32	0.851000	-0.10E+04
2.325	0.850000	-0.10E+04
2.33	0.850000	-0.10E+04
2.335	0.850000	-0.10E+04
2.34	0.850000	-0.10E+04
2.345	0.849000	-0.10E+04
2.35	0.848000	-0.10E+04
2.355	0.847000	-0.10E+04
2.36	0.847000	-0.10E+04
2.365	0.847000	-0.10E+04
2.37	0.847000	-0.10E+04
2.375	0.847000	-0.10E+04
2.38	0.846000	-0.10E+04
2.385	0.846000	-0.10E+04
2.39	0.846000	-0.10E+04
2.395	0.845000	-0.10E+04
2.4	0.846000	-0.10E+04
2.405	0.846000	-0.10E+04
2.41	0.846000	-0.10E+04
2.415	0.846000	-0.10E+04
2.42	0.846000	-0.10E+04
2.425	0.846000	-0.10E+04
2.43	0.845000	-0.10E+04
2.435	0.845000	-0.10E+04
2.44	0.845000	-0.10E+04
2.445	0.844000	-0.10E+04
2.45	0.844000	-0.10E+04
2.455	0.844000	-0.10E+04
2.46	0.844000	-0.10E+04
2.465	0.844000	-0.10E+04
2.47	0.844000	-0.10E+04
2.475	0.844000	-0.10E+04
2.48	0.843000	-0.10E+04
2.485	0.843000	-0.10E+04
2.49	0.842000	-0.10E+04
2.495	0.841000	-0.10E+04
2.5	0.841000	-0.10E+04
2.505	0.841000	-0.10E+04
2.51	0.840000	-0.10E+04
2.515	0.840000	-0.10E+04
2.52	0.839000	-0.10E+04
