Brown University Keck/NASA Relab Spectrum SA-JBA-005/wls705
Wavelength(micron)	Reflectance	Standard Deviation
0.35	0.319000	-0.10E+04
0.355	0.335000	-0.10E+04
0.36	0.351000	-0.10E+04
0.365	0.358000	-0.10E+04
0.37	0.357000	-0.10E+04
0.375	0.348000	-0.10E+04
0.38	0.344000	-0.10E+04
0.385	0.352000	-0.10E+04
0.39	0.377000	-0.10E+04
0.395	0.406000	-0.10E+04
0.4	0.432000	-0.10E+04
0.405	0.443000	-0.10E+04
0.41	0.443000	-0.10E+04
0.415	0.442000	-0.10E+04
0.42	0.445000	-0.10E+04
0.425	0.457000	-0.10E+04
0.43	0.471000	-0.10E+04
0.435	0.486000	-0.10E+04
0.44	0.497000	-0.10E+04
0.445	0.508000	-0.10E+04
0.45	0.518000	-0.10E+04
0.455	0.534000	-0.10E+04
0.46	0.551000	-0.10E+04
0.465	0.565000	-0.10E+04
0.47	0.575000	-0.10E+04
0.475	0.582000	-0.10E+04
0.48	0.593000	-0.10E+04
0.485	0.601000	-0.10E+04
0.49	0.615000	-0.10E+04
0.495	0.628000	-0.10E+04
0.5	0.643000	-0.10E+04
0.505	0.661000	-0.10E+04
0.51	0.674000	-0.10E+04
0.515	0.693000	-0.10E+04
0.52	0.708000	-0.10E+04
0.525	0.725000	-0.10E+04
0.53	0.740000	-0.10E+04
0.535	0.758000	-0.10E+04
0.54	0.772000	-0.10E+04
0.545	0.786000	-0.10E+04
0.55	0.793000	-0.10E+04
0.555	0.802000	-0.10E+04
0.56	0.810000	-0.10E+04
0.565	0.818000	-0.10E+04
0.57	0.822000	-0.10E+04
0.575	0.830000	-0.10E+04
0.58	0.837000	-0.10E+04
0.585	0.844000	-0.10E+04
0.59	0.852000	-0.10E+04
0.595	0.859000	-0.10E+04
0.6	0.868000	-0.10E+04
0.605	0.875000	-0.10E+04
0.61	0.880000	-0.10E+04
0.615	0.885000	-0.10E+04
0.62	0.889000	-0.10E+04
0.625	0.896000	-0.10E+04
0.63	0.900000	-0.10E+04
0.635	0.905000	-0.10E+04
0.64	0.911000	-0.10E+04
0.645	0.913000	-0.10E+04
0.65	0.916000	-0.10E+04
0.655	0.922000	-0.10E+04
0.66	0.927000	-0.10E+04
0.665	0.932000	-0.10E+04
0.67	0.936000	-0.10E+04
0.675	0.942000	-0.10E+04
0.68	0.945000	-0.10E+04
0.685	0.949000	-0.10E+04
0.69	0.951000	-0.10E+04
0.695	0.954000	-0.10E+04
0.7	0.959000	-0.10E+04
0.705	0.961000	-0.10E+04
0.71	0.966000	-0.10E+04
0.715	0.968000	-0.10E+04
0.72	0.969000	-0.10E+04
0.725	0.971000	-0.10E+04
0.73	0.974000	-0.10E+04
0.735	0.976000	-0.10E+04
0.74	0.976000	-0.10E+04
0.745	0.977000	-0.10E+04
0.75	0.976000	-0.10E+04
0.755	0.976000	-0.10E+04
0.76	0.976000	-0.10E+04
0.765	0.976000	-0.10E+04
0.77	0.974000	-0.10E+04
0.775	0.973000	-0.10E+04
0.78	0.970000	-0.10E+04
0.785	0.968000	-0.10E+04
0.79	0.966000	-0.10E+04
0.795	0.963000	-0.10E+04
0.8	0.959000	-0.10E+04
0.805	0.954000	-0.10E+04
0.81	0.949000	-0.10E+04
0.815	0.941000	-0.10E+04
0.82	0.937000	-0.10E+04
0.825	0.931000	-0.10E+04
0.83	0.925000	-0.10E+04
0.835	0.919000	-0.10E+04
0.84	0.911000	-0.10E+04
0.845	0.905000	-0.10E+04
0.85	0.898000	-0.10E+04
0.855	0.888000	-0.10E+04
0.86	0.881000	-0.10E+04
0.865	0.872000	-0.10E+04
0.87	0.863000	-0.10E+04
0.875	0.855000	-0.10E+04
0.88	0.847000	-0.10E+04
0.885	0.838000	-0.10E+04
0.89	0.827000	-0.10E+04
0.895	0.820000	-0.10E+04
0.9	0.811000	-0.10E+04
0.905	0.800000	-0.10E+04
0.91	0.791000	-0.10E+04
0.915	0.782000	-0.10E+04
0.92	0.773000	-0.10E+04
0.925	0.763000	-0.10E+04
0.93	0.751000	-0.10E+04
0.935	0.739000	-0.10E+04
0.94	0.729000	-0.10E+04
0.945	0.720000	-0.10E+04
0.95	0.711000	-0.10E+04
0.955	0.701000	-0.10E+04
0.96	0.689000	-0.10E+04
0.965	0.677000	-0.10E+04
0.97	0.669000	-0.10E+04
0.975	0.658000	-0.10E+04
0.98	0.650000	-0.10E+04
0.985	0.639000	-0.10E+04
0.99	0.628000	-0.10E+04
0.995	0.620000	-0.10E+04
1	0.611000	-0.10E+04
1.005	0.600000	-0.10E+04
1.01	0.590000	-0.10E+04
1.015	0.580000	-0.10E+04
1.02	0.571000	-0.10E+04
1.025	0.563000	-0.10E+04
1.03	0.552000	-0.10E+04
1.035	0.544000	-0.10E+04
1.04	0.534000	-0.10E+04
1.045	0.526000	-0.10E+04
1.05	0.520000	-0.10E+04
1.055	0.512000	-0.10E+04
1.06	0.505000	-0.10E+04
1.065	0.499000	-0.10E+04
1.07	0.493000	-0.10E+04
1.075	0.490000	-0.10E+04
1.08	0.485000	-0.10E+04
1.085	0.479000	-0.10E+04
1.09	0.473000	-0.10E+04
1.095	0.466000	-0.10E+04
1.1	0.459000	-0.10E+04
1.105	0.452000	-0.10E+04
1.11	0.448000	-0.10E+04
1.115	0.444000	-0.10E+04
1.12	0.438000	-0.10E+04
1.125	0.432000	-0.10E+04
1.13	0.426000	-0.10E+04
1.135	0.423000	-0.10E+04
1.14	0.417000	-0.10E+04
1.145	0.414000	-0.10E+04
1.15	0.412000	-0.10E+04
1.155	0.407000	-0.10E+04
1.16	0.404000	-0.10E+04
1.165	0.402000	-0.10E+04
1.17	0.399000	-0.10E+04
1.175	0.397000	-0.10E+04
1.18	0.394000	-0.10E+04
1.185	0.391000	-0.10E+04
1.19	0.389000	-0.10E+04
1.195	0.388000	-0.10E+04
1.2	0.387000	-0.10E+04
1.205	0.385000	-0.10E+04
1.21	0.382000	-0.10E+04
1.215	0.380000	-0.10E+04
1.22	0.379000	-0.10E+04
1.225	0.379000	-0.10E+04
1.23	0.378000	-0.10E+04
1.235	0.377000	-0.10E+04
1.24	0.377000	-0.10E+04
1.245	0.377000	-0.10E+04
1.25	0.377000	-0.10E+04
1.255	0.376000	-0.10E+04
1.26	0.376000	-0.10E+04
1.265	0.376000	-0.10E+04
1.27	0.377000	-0.10E+04
1.275	0.377000	-0.10E+04
1.28	0.377000	-0.10E+04
1.285	0.377000	-0.10E+04
1.29	0.377000	-0.10E+04
1.295	0.377000	-0.10E+04
1.3	0.377000	-0.10E+04
1.305	0.379000	-0.10E+04
1.31	0.379000	-0.10E+04
1.315	0.380000	-0.10E+04
1.32	0.383000	-0.10E+04
1.325	0.386000	-0.10E+04
1.33	0.387000	-0.10E+04
1.335	0.388000	-0.10E+04
1.34	0.388000	-0.10E+04
1.345	0.389000	-0.10E+04
1.35	0.391000	-0.10E+04
1.355	0.392000	-0.10E+04
1.36	0.393000	-0.10E+04
1.365	0.396000	-0.10E+04
1.37	0.399000	-0.10E+04
1.375	0.400000	-0.10E+04
1.38	0.403000	-0.10E+04
1.385	0.405000	-0.10E+04
1.39	0.406000	-0.10E+04
1.395	0.409000	-0.10E+04
1.4	0.413000	-0.10E+04
1.405	0.416000	-0.10E+04
1.41	0.421000	-0.10E+04
1.415	0.425000	-0.10E+04
1.42	0.428000	-0.10E+04
1.425	0.433000	-0.10E+04
1.43	0.437000	-0.10E+04
1.435	0.440000	-0.10E+04
1.44	0.442000	-0.10E+04
1.445	0.446000	-0.10E+04
1.45	0.450000	-0.10E+04
1.455	0.454000	-0.10E+04
1.46	0.459000	-0.10E+04
1.465	0.461000	-0.10E+04
1.47	0.466000	-0.10E+04
1.475	0.470000	-0.10E+04
1.48	0.474000	-0.10E+04
1.485	0.478000	-0.10E+04
1.49	0.482000	-0.10E+04
1.495	0.484000	-0.10E+04
1.5	0.488000	-0.10E+04
1.505	0.491000	-0.10E+04
1.51	0.496000	-0.10E+04
1.515	0.501000	-0.10E+04
1.52	0.504000	-0.10E+04
1.525	0.508000	-0.10E+04
1.53	0.510000	-0.10E+04
1.535	0.513000	-0.10E+04
1.54	0.517000	-0.10E+04
1.545	0.520000	-0.10E+04
1.55	0.524000	-0.10E+04
1.555	0.526000	-0.10E+04
1.56	0.529000	-0.10E+04
1.565	0.534000	-0.10E+04
1.57	0.535000	-0.10E+04
1.575	0.536000	-0.10E+04
1.58	0.539000	-0.10E+04
1.585	0.542000	-0.10E+04
1.59	0.543000	-0.10E+04
1.595	0.545000	-0.10E+04
1.6	0.546000	-0.10E+04
1.605	0.549000	-0.10E+04
1.61	0.552000	-0.10E+04
1.615	0.553000	-0.10E+04
1.62	0.554000	-0.10E+04
1.625	0.555000	-0.10E+04
1.63	0.556000	-0.10E+04
1.635	0.558000	-0.10E+04
1.64	0.558000	-0.10E+04
1.645	0.560000	-0.10E+04
1.65	0.560000	-0.10E+04
1.655	0.561000	-0.10E+04
1.66	0.563000	-0.10E+04
1.665	0.563000	-0.10E+04
1.67	0.563000	-0.10E+04
1.675	0.564000	-0.10E+04
1.68	0.565000	-0.10E+04
1.685	0.566000	-0.10E+04
1.69	0.568000	-0.10E+04
1.695	0.569000	-0.10E+04
1.7	0.569000	-0.10E+04
1.705	0.569000	-0.10E+04
1.71	0.569000	-0.10E+04
1.715	0.570000	-0.10E+04
1.72	0.571000	-0.10E+04
1.725	0.572000	-0.10E+04
1.73	0.572000	-0.10E+04
1.735	0.573000	-0.10E+04
1.74	0.574000	-0.10E+04
1.745	0.575000	-0.10E+04
1.75	0.576000	-0.10E+04
1.755	0.576000	-0.10E+04
1.76	0.576000	-0.10E+04
1.765	0.577000	-0.10E+04
1.77	0.578000	-0.10E+04
1.775	0.578000	-0.10E+04
1.78	0.578000	-0.10E+04
1.785	0.578000	-0.10E+04
1.79	0.578000	-0.10E+04
1.795	0.578000	-0.10E+04
1.8	0.578000	-0.10E+04
1.805	0.578000	-0.10E+04
1.81	0.577000	-0.10E+04
1.815	0.577000	-0.10E+04
1.82	0.577000	-0.10E+04
1.825	0.577000	-0.10E+04
1.83	0.577000	-0.10E+04
1.835	0.576000	-0.10E+04
1.84	0.574000	-0.10E+04
1.845	0.571000	-0.10E+04
1.85	0.569000	-0.10E+04
1.855	0.568000	-0.10E+04
1.86	0.566000	-0.10E+04
1.865	0.564000	-0.10E+04
1.87	0.563000	-0.10E+04
1.875	0.562000	-0.10E+04
1.88	0.560000	-0.10E+04
1.885	0.557000	-0.10E+04
1.89	0.557000	-0.10E+04
1.895	0.557000	-0.10E+04
1.9	0.557000	-0.10E+04
1.905	0.557000	-0.10E+04
1.91	0.557000	-0.10E+04
1.915	0.557000	-0.10E+04
1.92	0.557000	-0.10E+04
1.925	0.559000	-0.10E+04
1.93	0.559000	-0.10E+04
1.935	0.559000	-0.10E+04
1.94	0.559000	-0.10E+04
1.945	0.560000	-0.10E+04
1.95	0.562000	-0.10E+04
1.955	0.564000	-0.10E+04
1.96	0.565000	-0.10E+04
1.965	0.566000	-0.10E+04
1.97	0.567000	-0.10E+04
1.975	0.569000	-0.10E+04
1.98	0.569000	-0.10E+04
1.985	0.570000	-0.10E+04
1.99	0.570000	-0.10E+04
1.995	0.571000	-0.10E+04
2	0.571000	-0.10E+04
2.005	0.571000	-0.10E+04
2.01	0.573000	-0.10E+04
2.015	0.575000	-0.10E+04
2.02	0.574000	-0.10E+04
2.025	0.576000	-0.10E+04
2.03	0.576000	-0.10E+04
2.035	0.576000	-0.10E+04
2.04	0.575000	-0.10E+04
2.045	0.574000	-0.10E+04
2.05	0.574000	-0.10E+04
2.055	0.575000	-0.10E+04
2.06	0.576000	-0.10E+04
2.065	0.576000	-0.10E+04
2.07	0.575000	-0.10E+04
2.075	0.575000	-0.10E+04
2.08	0.575000	-0.10E+04
2.085	0.575000	-0.10E+04
2.09	0.575000	-0.10E+04
2.095	0.574000	-0.10E+04
2.1	0.575000	-0.10E+04
2.105	0.575000	-0.10E+04
2.11	0.574000	-0.10E+04
2.115	0.574000	-0.10E+04
2.12	0.573000	-0.10E+04
2.125	0.572000	-0.10E+04
2.13	0.572000	-0.10E+04
2.135	0.572000	-0.10E+04
2.14	0.572000	-0.10E+04
2.145	0.573000	-0.10E+04
2.15	0.573000	-0.10E+04
2.155	0.572000	-0.10E+04
2.16	0.572000	-0.10E+04
2.165	0.572000	-0.10E+04
2.17	0.572000	-0.10E+04
2.175	0.572000	-0.10E+04
2.18	0.573000	-0.10E+04
2.185	0.573000	-0.10E+04
2.19	0.573000	-0.10E+04
2.195	0.573000	-0.10E+04
2.2	0.573000	-0.10E+04
2.205	0.573000	-0.10E+04
2.21	0.573000	-0.10E+04
2.215	0.574000	-0.10E+04
2.22	0.575000	-0.10E+04
2.225	0.575000	-0.10E+04
2.23	0.576000	-0.10E+04
2.235	0.577000	-0.10E+04
2.24	0.577000	-0.10E+04
2.245	0.577000	-0.10E+04
2.25	0.578000	-0.10E+04
2.255	0.578000	-0.10E+04
2.26	0.578000	-0.10E+04
2.265	0.578000	-0.10E+04
2.27	0.577000	-0.10E+04
2.275	0.577000	-0.10E+04
2.28	0.577000	-0.10E+04
2.285	0.579000	-0.10E+04
2.29	0.580000	-0.10E+04
2.295	0.580000	-0.10E+04
2.3	0.580000	-0.10E+04
2.305	0.580000	-0.10E+04
2.31	0.580000	-0.10E+04
2.315	0.579000	-0.10E+04
2.32	0.579000	-0.10E+04
2.325	0.579000	-0.10E+04
2.33	0.580000	-0.10E+04
2.335	0.580000	-0.10E+04
2.34	0.581000	-0.10E+04
2.345	0.582000	-0.10E+04
2.35	0.582000	-0.10E+04
2.355	0.582000	-0.10E+04
2.36	0.582000	-0.10E+04
2.365	0.582000	-0.10E+04
2.37	0.582000	-0.10E+04
2.375	0.583000	-0.10E+04
2.38	0.583000	-0.10E+04
2.385	0.583000	-0.10E+04
2.39	0.582000	-0.10E+04
2.395	0.581000	-0.10E+04
2.4	0.581000	-0.10E+04
2.405	0.582000	-0.10E+04
2.41	0.582000	-0.10E+04
2.415	0.582000	-0.10E+04
2.42	0.582000	-0.10E+04
2.425	0.581000	-0.10E+04
2.43	0.581000	-0.10E+04
2.435	0.583000	-0.10E+04
2.44	0.583000	-0.10E+04
2.445	0.583000	-0.10E+04
2.45	0.583000	-0.10E+04
2.455	0.583000	-0.10E+04
2.46	0.583000	-0.10E+04
2.465	0.583000	-0.10E+04
2.47	0.583000	-0.10E+04
2.475	0.582000	-0.10E+04
2.48	0.583000	-0.10E+04
2.485	0.583000	-0.10E+04
2.49	0.583000	-0.10E+04
2.495	0.584000	-0.10E+04
2.5	0.583000	-0.10E+04
2.505	0.583000	-0.10E+04
2.51	0.583000	-0.10E+04
2.515	0.583000	-0.10E+04
2.52	0.583000	-0.10E+04
