Brown University Keck/NASA Relab Spectrum LS-JBA-204/wls843
Wavelength(micron)	Reflectance	Standard Deviation
0.35	0.309000	-0.10E+04
0.355	0.315000	-0.10E+04
0.36	0.322000	-0.10E+04
0.365	0.329000	-0.10E+04
0.37	0.337000	-0.10E+04
0.375	0.344000	-0.10E+04
0.38	0.351000	-0.10E+04
0.385	0.357000	-0.10E+04
0.39	0.362000	-0.10E+04
0.395	0.367000	-0.10E+04
0.4	0.369000	-0.10E+04
0.405	0.375000	-0.10E+04
0.41	0.378000	-0.10E+04
0.415	0.380000	-0.10E+04
0.42	0.382000	-0.10E+04
0.425	0.383000	-0.10E+04
0.43	0.384000	-0.10E+04
0.435	0.384000	-0.10E+04
0.44	0.384000	-0.10E+04
0.445	0.385000	-0.10E+04
0.45	0.385000	-0.10E+04
0.455	0.385000	-0.10E+04
0.46	0.385000	-0.10E+04
0.465	0.385000	-0.10E+04
0.47	0.385000	-0.10E+04
0.475	0.385000	-0.10E+04
0.48	0.385000	-0.10E+04
0.485	0.385000	-0.10E+04
0.49	0.385000	-0.10E+04
0.495	0.384000	-0.10E+04
0.5	0.384000	-0.10E+04
0.505	0.385000	-0.10E+04
0.51	0.387000	-0.10E+04
0.515	0.393000	-0.10E+04
0.52	0.395000	-0.10E+04
0.525	0.396000	-0.10E+04
0.53	0.398000	-0.10E+04
0.535	0.398000	-0.10E+04
0.54	0.403000	-0.10E+04
0.545	0.404000	-0.10E+04
0.55	0.406000	-0.10E+04
0.555	0.409000	-0.10E+04
0.56	0.413000	-0.10E+04
0.565	0.414000	-0.10E+04
0.57	0.418000	-0.10E+04
0.575	0.419000	-0.10E+04
0.58	0.421000	-0.10E+04
0.585	0.422000	-0.10E+04
0.59	0.425000	-0.10E+04
0.595	0.427000	-0.10E+04
0.6	0.431000	-0.10E+04
0.605	0.433000	-0.10E+04
0.61	0.436000	-0.10E+04
0.615	0.438000	-0.10E+04
0.62	0.441000	-0.10E+04
0.625	0.444000	-0.10E+04
0.63	0.447000	-0.10E+04
0.635	0.450000	-0.10E+04
0.64	0.453000	-0.10E+04
0.645	0.454000	-0.10E+04
0.65	0.459000	-0.10E+04
0.655	0.463000	-0.10E+04
0.66	0.467000	-0.10E+04
0.665	0.470000	-0.10E+04
0.67	0.474000	-0.10E+04
0.675	0.477000	-0.10E+04
0.68	0.482000	-0.10E+04
0.685	0.484000	-0.10E+04
0.69	0.488000	-0.10E+04
0.695	0.491000	-0.10E+04
0.7	0.496000	-0.10E+04
0.705	0.501000	-0.10E+04
0.71	0.503000	-0.10E+04
0.715	0.507000	-0.10E+04
0.72	0.510000	-0.10E+04
0.725	0.512000	-0.10E+04
0.73	0.515000	-0.10E+04
0.735	0.517000	-0.10E+04
0.74	0.520000	-0.10E+04
0.745	0.524000	-0.10E+04
0.75	0.525000	-0.10E+04
0.755	0.526000	-0.10E+04
0.76	0.527000	-0.10E+04
0.765	0.527000	-0.10E+04
0.77	0.527000	-0.10E+04
0.775	0.526000	-0.10E+04
0.78	0.526000	-0.10E+04
0.785	0.524000	-0.10E+04
0.79	0.522000	-0.10E+04
0.795	0.519000	-0.10E+04
0.8	0.518000	-0.10E+04
0.805	0.517000	-0.10E+04
0.81	0.513000	-0.10E+04
0.815	0.508000	-0.10E+04
0.82	0.506000	-0.10E+04
0.825	0.501000	-0.10E+04
0.83	0.496000	-0.10E+04
0.835	0.491000	-0.10E+04
0.84	0.489000	-0.10E+04
0.845	0.484000	-0.10E+04
0.85	0.479000	-0.10E+04
0.855	0.475000	-0.10E+04
0.86	0.471000	-0.10E+04
0.865	0.467000	-0.10E+04
0.87	0.461000	-0.10E+04
0.875	0.459000	-0.10E+04
0.88	0.454000	-0.10E+04
0.885	0.451000	-0.10E+04
0.89	0.447000	-0.10E+04
0.895	0.443000	-0.10E+04
0.9	0.441000	-0.10E+04
0.905	0.439000	-0.10E+04
0.91	0.436000	-0.10E+04
0.915	0.433000	-0.10E+04
0.92	0.433000	-0.10E+04
0.925	0.430000	-0.10E+04
0.93	0.429000	-0.10E+04
0.935	0.426000	-0.10E+04
0.94	0.425000	-0.10E+04
0.945	0.425000	-0.10E+04
0.95	0.425000	-0.10E+04
0.955	0.425000	-0.10E+04
0.96	0.425000	-0.10E+04
0.965	0.425000	-0.10E+04
0.97	0.425000	-0.10E+04
0.975	0.426000	-0.10E+04
0.98	0.426000	-0.10E+04
0.985	0.426000	-0.10E+04
0.99	0.428000	-0.10E+04
0.995	0.431000	-0.10E+04
1	0.433000	-0.10E+04
1.005	0.434000	-0.10E+04
1.01	0.435000	-0.10E+04
1.015	0.437000	-0.10E+04
1.02	0.439000	-0.10E+04
1.025	0.442000	-0.10E+04
1.03	0.445000	-0.10E+04
1.035	0.448000	-0.10E+04
1.04	0.452000	-0.10E+04
1.045	0.455000	-0.10E+04
1.05	0.460000	-0.10E+04
1.055	0.463000	-0.10E+04
1.06	0.469000	-0.10E+04
1.065	0.474000	-0.10E+04
1.07	0.478000	-0.10E+04
1.075	0.480000	-0.10E+04
1.08	0.484000	-0.10E+04
1.085	0.490000	-0.10E+04
1.09	0.495000	-0.10E+04
1.095	0.501000	-0.10E+04
1.1	0.505000	-0.10E+04
1.105	0.510000	-0.10E+04
1.11	0.514000	-0.10E+04
1.115	0.520000	-0.10E+04
1.12	0.525000	-0.10E+04
1.125	0.528000	-0.10E+04
1.13	0.533000	-0.10E+04
1.135	0.537000	-0.10E+04
1.14	0.540000	-0.10E+04
1.145	0.543000	-0.10E+04
1.15	0.546000	-0.10E+04
1.155	0.548000	-0.10E+04
1.16	0.551000	-0.10E+04
1.165	0.553000	-0.10E+04
1.17	0.554000	-0.10E+04
1.175	0.556000	-0.10E+04
1.18	0.558000	-0.10E+04
1.185	0.560000	-0.10E+04
1.19	0.562000	-0.10E+04
1.195	0.564000	-0.10E+04
1.2	0.564000	-0.10E+04
1.205	0.565000	-0.10E+04
1.21	0.566000	-0.10E+04
1.215	0.567000	-0.10E+04
1.22	0.569000	-0.10E+04
1.225	0.570000	-0.10E+04
1.23	0.571000	-0.10E+04
1.235	0.572000	-0.10E+04
1.24	0.573000	-0.10E+04
1.245	0.573000	-0.10E+04
1.25	0.575000	-0.10E+04
1.255	0.576000	-0.10E+04
1.26	0.578000	-0.10E+04
1.265	0.578000	-0.10E+04
1.27	0.580000	-0.10E+04
1.275	0.581000	-0.10E+04
1.28	0.581000	-0.10E+04
1.285	0.582000	-0.10E+04
1.29	0.584000	-0.10E+04
1.295	0.586000	-0.10E+04
1.3	0.587000	-0.10E+04
1.305	0.589000	-0.10E+04
1.31	0.590000	-0.10E+04
1.315	0.592000	-0.10E+04
1.32	0.594000	-0.10E+04
1.325	0.595000	-0.10E+04
1.33	0.598000	-0.10E+04
1.335	0.598000	-0.10E+04
1.34	0.601000	-0.10E+04
1.345	0.602000	-0.10E+04
1.35	0.604000	-0.10E+04
1.355	0.605000	-0.10E+04
1.36	0.606000	-0.10E+04
1.365	0.607000	-0.10E+04
1.37	0.609000	-0.10E+04
1.375	0.610000	-0.10E+04
1.38	0.611000	-0.10E+04
1.385	0.613000	-0.10E+04
1.39	0.616000	-0.10E+04
1.395	0.618000	-0.10E+04
1.4	0.619000	-0.10E+04
1.405	0.620000	-0.10E+04
1.41	0.621000	-0.10E+04
1.415	0.621000	-0.10E+04
1.42	0.623000	-0.10E+04
1.425	0.624000	-0.10E+04
1.43	0.627000	-0.10E+04
1.435	0.628000	-0.10E+04
1.44	0.629000	-0.10E+04
1.445	0.629000	-0.10E+04
1.45	0.630000	-0.10E+04
1.455	0.631000	-0.10E+04
1.46	0.632000	-0.10E+04
1.465	0.634000	-0.10E+04
1.47	0.635000	-0.10E+04
1.475	0.636000	-0.10E+04
1.48	0.636000	-0.10E+04
1.485	0.636000	-0.10E+04
1.49	0.637000	-0.10E+04
1.495	0.637000	-0.10E+04
1.5	0.637000	-0.10E+04
1.505	0.638000	-0.10E+04
1.51	0.639000	-0.10E+04
1.515	0.640000	-0.10E+04
1.52	0.640000	-0.10E+04
1.525	0.640000	-0.10E+04
1.53	0.641000	-0.10E+04
1.535	0.641000	-0.10E+04
1.54	0.642000	-0.10E+04
1.545	0.643000	-0.10E+04
1.55	0.644000	-0.10E+04
1.555	0.645000	-0.10E+04
1.56	0.645000	-0.10E+04
1.565	0.645000	-0.10E+04
1.57	0.645000	-0.10E+04
1.575	0.645000	-0.10E+04
1.58	0.645000	-0.10E+04
1.585	0.645000	-0.10E+04
1.59	0.645000	-0.10E+04
1.595	0.645000	-0.10E+04
1.6	0.645000	-0.10E+04
1.605	0.645000	-0.10E+04
1.61	0.645000	-0.10E+04
1.615	0.646000	-0.10E+04
1.62	0.646000	-0.10E+04
1.625	0.646000	-0.10E+04
1.63	0.646000	-0.10E+04
1.635	0.646000	-0.10E+04
1.64	0.646000	-0.10E+04
1.645	0.646000	-0.10E+04
1.65	0.646000	-0.10E+04
1.655	0.646000	-0.10E+04
1.66	0.647000	-0.10E+04
1.665	0.647000	-0.10E+04
1.67	0.647000	-0.10E+04
1.675	0.647000	-0.10E+04
1.68	0.648000	-0.10E+04
1.685	0.648000	-0.10E+04
1.69	0.648000	-0.10E+04
1.695	0.648000	-0.10E+04
1.7	0.648000	-0.10E+04
1.705	0.648000	-0.10E+04
1.71	0.649000	-0.10E+04
1.715	0.649000	-0.10E+04
1.72	0.649000	-0.10E+04
1.725	0.649000	-0.10E+04
1.73	0.650000	-0.10E+04
1.735	0.651000	-0.10E+04
1.74	0.651000	-0.10E+04
1.745	0.651000	-0.10E+04
1.75	0.652000	-0.10E+04
1.755	0.652000	-0.10E+04
1.76	0.652000	-0.10E+04
1.765	0.652000	-0.10E+04
1.77	0.654000	-0.10E+04
1.775	0.654000	-0.10E+04
1.78	0.655000	-0.10E+04
1.785	0.655000	-0.10E+04
1.79	0.656000	-0.10E+04
1.795	0.657000	-0.10E+04
1.8	0.658000	-0.10E+04
1.805	0.658000	-0.10E+04
1.81	0.659000	-0.10E+04
1.815	0.660000	-0.10E+04
1.82	0.661000	-0.10E+04
1.825	0.662000	-0.10E+04
1.83	0.663000	-0.10E+04
1.835	0.665000	-0.10E+04
1.84	0.666000	-0.10E+04
1.845	0.667000	-0.10E+04
1.85	0.669000	-0.10E+04
1.855	0.670000	-0.10E+04
1.86	0.671000	-0.10E+04
1.865	0.673000	-0.10E+04
1.87	0.674000	-0.10E+04
1.875	0.675000	-0.10E+04
1.88	0.675000	-0.10E+04
1.885	0.676000	-0.10E+04
1.89	0.678000	-0.10E+04
1.895	0.680000	-0.10E+04
1.9	0.681000	-0.10E+04
1.905	0.683000	-0.10E+04
1.91	0.683000	-0.10E+04
1.915	0.683000	-0.10E+04
1.92	0.684000	-0.10E+04
1.925	0.686000	-0.10E+04
1.93	0.688000	-0.10E+04
1.935	0.689000	-0.10E+04
1.94	0.691000	-0.10E+04
1.945	0.692000	-0.10E+04
1.95	0.692000	-0.10E+04
1.955	0.694000	-0.10E+04
1.96	0.696000	-0.10E+04
1.965	0.698000	-0.10E+04
1.97	0.698000	-0.10E+04
1.975	0.700000	-0.10E+04
1.98	0.701000	-0.10E+04
1.985	0.702000	-0.10E+04
1.99	0.703000	-0.10E+04
1.995	0.704000	-0.10E+04
2	0.705000	-0.10E+04
2.005	0.706000	-0.10E+04
2.01	0.708000	-0.10E+04
2.015	0.709000	-0.10E+04
2.02	0.710000	-0.10E+04
2.025	0.712000	-0.10E+04
2.03	0.713000	-0.10E+04
2.035	0.714000	-0.10E+04
2.04	0.716000	-0.10E+04
2.045	0.717000	-0.10E+04
2.05	0.720000	-0.10E+04
2.055	0.721000	-0.10E+04
2.06	0.722000	-0.10E+04
2.065	0.723000	-0.10E+04
2.07	0.724000	-0.10E+04
2.075	0.728000	-0.10E+04
2.08	0.729000	-0.10E+04
2.085	0.730000	-0.10E+04
2.09	0.731000	-0.10E+04
2.095	0.733000	-0.10E+04
2.1	0.735000	-0.10E+04
2.105	0.738000	-0.10E+04
2.11	0.739000	-0.10E+04
2.115	0.739000	-0.10E+04
2.12	0.742000	-0.10E+04
2.125	0.745000	-0.10E+04
2.13	0.746000	-0.10E+04
2.135	0.746000	-0.10E+04
2.14	0.747000	-0.10E+04
2.145	0.748000	-0.10E+04
2.15	0.751000	-0.10E+04
2.155	0.751000	-0.10E+04
2.16	0.754000	-0.10E+04
2.165	0.755000	-0.10E+04
2.17	0.757000	-0.10E+04
2.175	0.759000	-0.10E+04
2.18	0.761000	-0.10E+04
2.185	0.763000	-0.10E+04
2.19	0.765000	-0.10E+04
2.195	0.766000	-0.10E+04
2.2	0.768000	-0.10E+04
2.205	0.769000	-0.10E+04
2.21	0.772000	-0.10E+04
2.215	0.773000	-0.10E+04
2.22	0.775000	-0.10E+04
2.225	0.777000	-0.10E+04
2.23	0.780000	-0.10E+04
2.235	0.782000	-0.10E+04
2.24	0.785000	-0.10E+04
2.245	0.786000	-0.10E+04
2.25	0.789000	-0.10E+04
2.255	0.792000	-0.10E+04
2.26	0.794000	-0.10E+04
2.265	0.795000	-0.10E+04
2.27	0.800000	-0.10E+04
2.275	0.801000	-0.10E+04
2.28	0.803000	-0.10E+04
2.285	0.807000	-0.10E+04
2.29	0.810000	-0.10E+04
2.295	0.813000	-0.10E+04
2.3	0.816000	-0.10E+04
2.305	0.819000	-0.10E+04
2.31	0.822000	-0.10E+04
2.315	0.825000	-0.10E+04
2.32	0.830000	-0.10E+04
2.325	0.832000	-0.10E+04
2.33	0.835000	-0.10E+04
2.335	0.838000	-0.10E+04
2.34	0.843000	-0.10E+04
2.345	0.845000	-0.10E+04
2.35	0.849000	-0.10E+04
2.355	0.852000	-0.10E+04
2.36	0.856000	-0.10E+04
2.365	0.858000	-0.10E+04
2.37	0.862000	-0.10E+04
2.375	0.866000	-0.10E+04
2.38	0.869000	-0.10E+04
2.385	0.873000	-0.10E+04
2.39	0.876000	-0.10E+04
2.395	0.878000	-0.10E+04
2.4	0.883000	-0.10E+04
2.405	0.886000	-0.10E+04
2.41	0.892000	-0.10E+04
2.415	0.896000	-0.10E+04
2.42	0.899000	-0.10E+04
2.425	0.904000	-0.10E+04
2.43	0.908000	-0.10E+04
2.435	0.912000	-0.10E+04
2.44	0.916000	-0.10E+04
2.445	0.921000	-0.10E+04
2.45	0.924000	-0.10E+04
2.455	0.929000	-0.10E+04
2.46	0.934000	-0.10E+04
2.465	0.938000	-0.10E+04
2.47	0.943000	-0.10E+04
2.475	0.946000	-0.10E+04
2.48	0.951000	-0.10E+04
2.485	0.954000	-0.10E+04
2.49	0.959000	-0.10E+04
2.495	0.961000	-0.10E+04
2.5	0.965000	-0.10E+04
2.505	0.968000	-0.10E+04
2.51	0.970000	-0.10E+04
2.515	0.972000	-0.10E+04
2.52	0.974000	-0.10E+04
