Brown University Keck/NASA Relab Spectrum SA-JBA-029/wls828
Wavelength(micron)	Reflectance	Standard Deviation
0.35	0.270000	-0.10E+04
0.355	0.283000	-0.10E+04
0.36	0.293000	-0.10E+04
0.365	0.304000	-0.10E+04
0.37	0.314000	-0.10E+04
0.375	0.320000	-0.10E+04
0.38	0.329000	-0.10E+04
0.385	0.337000	-0.10E+04
0.39	0.344000	-0.10E+04
0.395	0.352000	-0.10E+04
0.4	0.359000	-0.10E+04
0.405	0.367000	-0.10E+04
0.41	0.375000	-0.10E+04
0.415	0.381000	-0.10E+04
0.42	0.389000	-0.10E+04
0.425	0.395000	-0.10E+04
0.43	0.400000	-0.10E+04
0.435	0.404000	-0.10E+04
0.44	0.409000	-0.10E+04
0.445	0.412000	-0.10E+04
0.45	0.415000	-0.10E+04
0.455	0.421000	-0.10E+04
0.46	0.424000	-0.10E+04
0.465	0.429000	-0.10E+04
0.47	0.434000	-0.10E+04
0.475	0.442000	-0.10E+04
0.48	0.449000	-0.10E+04
0.485	0.456000	-0.10E+04
0.49	0.464000	-0.10E+04
0.495	0.474000	-0.10E+04
0.5	0.486000	-0.10E+04
0.505	0.497000	-0.10E+04
0.51	0.504000	-0.10E+04
0.515	0.512000	-0.10E+04
0.52	0.520000	-0.10E+04
0.525	0.529000	-0.10E+04
0.53	0.536000	-0.10E+04
0.535	0.543000	-0.10E+04
0.54	0.550000	-0.10E+04
0.545	0.557000	-0.10E+04
0.55	0.560000	-0.10E+04
0.555	0.563000	-0.10E+04
0.56	0.565000	-0.10E+04
0.565	0.565000	-0.10E+04
0.57	0.565000	-0.10E+04
0.575	0.565000	-0.10E+04
0.58	0.565000	-0.10E+04
0.585	0.564000	-0.10E+04
0.59	0.562000	-0.10E+04
0.595	0.561000	-0.10E+04
0.6	0.559000	-0.10E+04
0.605	0.557000	-0.10E+04
0.61	0.556000	-0.10E+04
0.615	0.553000	-0.10E+04
0.62	0.550000	-0.10E+04
0.625	0.550000	-0.10E+04
0.63	0.550000	-0.10E+04
0.635	0.549000	-0.10E+04
0.64	0.549000	-0.10E+04
0.645	0.549000	-0.10E+04
0.65	0.548000	-0.10E+04
0.655	0.548000	-0.10E+04
0.66	0.548000	-0.10E+04
0.665	0.547000	-0.10E+04
0.67	0.546000	-0.10E+04
0.675	0.545000	-0.10E+04
0.68	0.544000	-0.10E+04
0.685	0.543000	-0.10E+04
0.69	0.543000	-0.10E+04
0.695	0.541000	-0.10E+04
0.7	0.540000	-0.10E+04
0.705	0.537000	-0.10E+04
0.71	0.535000	-0.10E+04
0.715	0.533000	-0.10E+04
0.72	0.531000	-0.10E+04
0.725	0.527000	-0.10E+04
0.73	0.524000	-0.10E+04
0.735	0.522000	-0.10E+04
0.74	0.517000	-0.10E+04
0.745	0.513000	-0.10E+04
0.75	0.509000	-0.10E+04
0.755	0.505000	-0.10E+04
0.76	0.501000	-0.10E+04
0.765	0.496000	-0.10E+04
0.77	0.489000	-0.10E+04
0.775	0.485000	-0.10E+04
0.78	0.481000	-0.10E+04
0.785	0.476000	-0.10E+04
0.79	0.470000	-0.10E+04
0.795	0.466000	-0.10E+04
0.8	0.460000	-0.10E+04
0.805	0.456000	-0.10E+04
0.81	0.452000	-0.10E+04
0.815	0.449000	-0.10E+04
0.82	0.443000	-0.10E+04
0.825	0.440000	-0.10E+04
0.83	0.437000	-0.10E+04
0.835	0.433000	-0.10E+04
0.84	0.430000	-0.10E+04
0.845	0.426000	-0.10E+04
0.85	0.423000	-0.10E+04
0.855	0.421000	-0.10E+04
0.86	0.418000	-0.10E+04
0.865	0.415000	-0.10E+04
0.87	0.413000	-0.10E+04
0.875	0.409000	-0.10E+04
0.88	0.406000	-0.10E+04
0.885	0.404000	-0.10E+04
0.89	0.401000	-0.10E+04
0.895	0.397000	-0.10E+04
0.9	0.395000	-0.10E+04
0.905	0.390000	-0.10E+04
0.91	0.386000	-0.10E+04
0.915	0.382000	-0.10E+04
0.92	0.378000	-0.10E+04
0.925	0.373000	-0.10E+04
0.93	0.368000	-0.10E+04
0.935	0.363000	-0.10E+04
0.94	0.358000	-0.10E+04
0.945	0.353000	-0.10E+04
0.95	0.349000	-0.10E+04
0.955	0.345000	-0.10E+04
0.96	0.340000	-0.10E+04
0.965	0.336000	-0.10E+04
0.97	0.331000	-0.10E+04
0.975	0.328000	-0.10E+04
0.98	0.323000	-0.10E+04
0.985	0.321000	-0.10E+04
0.99	0.317000	-0.10E+04
0.995	0.314000	-0.10E+04
1	0.311000	-0.10E+04
1.005	0.310000	-0.10E+04
1.01	0.308000	-0.10E+04
1.015	0.306000	-0.10E+04
1.02	0.305000	-0.10E+04
1.025	0.305000	-0.10E+04
1.03	0.305000	-0.10E+04
1.035	0.305000	-0.10E+04
1.04	0.305000	-0.10E+04
1.045	0.305000	-0.10E+04
1.05	0.306000	-0.10E+04
1.055	0.306000	-0.10E+04
1.06	0.308000	-0.10E+04
1.065	0.310000	-0.10E+04
1.07	0.311000	-0.10E+04
1.075	0.313000	-0.10E+04
1.08	0.314000	-0.10E+04
1.085	0.317000	-0.10E+04
1.09	0.319000	-0.10E+04
1.095	0.322000	-0.10E+04
1.1	0.324000	-0.10E+04
1.105	0.326000	-0.10E+04
1.11	0.330000	-0.10E+04
1.115	0.332000	-0.10E+04
1.12	0.335000	-0.10E+04
1.125	0.338000	-0.10E+04
1.13	0.340000	-0.10E+04
1.135	0.343000	-0.10E+04
1.14	0.344000	-0.10E+04
1.145	0.347000	-0.10E+04
1.15	0.349000	-0.10E+04
1.155	0.351000	-0.10E+04
1.16	0.352000	-0.10E+04
1.165	0.354000	-0.10E+04
1.17	0.357000	-0.10E+04
1.175	0.358000	-0.10E+04
1.18	0.360000	-0.10E+04
1.185	0.361000	-0.10E+04
1.19	0.362000	-0.10E+04
1.195	0.365000	-0.10E+04
1.2	0.366000	-0.10E+04
1.205	0.368000	-0.10E+04
1.21	0.369000	-0.10E+04
1.215	0.370000	-0.10E+04
1.22	0.373000	-0.10E+04
1.225	0.374000	-0.10E+04
1.23	0.376000	-0.10E+04
1.235	0.378000	-0.10E+04
1.24	0.380000	-0.10E+04
1.245	0.382000	-0.10E+04
1.25	0.384000	-0.10E+04
1.255	0.386000	-0.10E+04
1.26	0.388000	-0.10E+04
1.265	0.390000	-0.10E+04
1.27	0.392000	-0.10E+04
1.275	0.395000	-0.10E+04
1.28	0.398000	-0.10E+04
1.285	0.400000	-0.10E+04
1.29	0.403000	-0.10E+04
1.295	0.407000	-0.10E+04
1.3	0.409000	-0.10E+04
1.305	0.412000	-0.10E+04
1.31	0.415000	-0.10E+04
1.315	0.418000	-0.10E+04
1.32	0.423000	-0.10E+04
1.325	0.426000	-0.10E+04
1.33	0.430000	-0.10E+04
1.335	0.434000	-0.10E+04
1.34	0.438000	-0.10E+04
1.345	0.443000	-0.10E+04
1.35	0.446000	-0.10E+04
1.355	0.450000	-0.10E+04
1.36	0.453000	-0.10E+04
1.365	0.459000	-0.10E+04
1.37	0.463000	-0.10E+04
1.375	0.468000	-0.10E+04
1.38	0.473000	-0.10E+04
1.385	0.478000	-0.10E+04
1.39	0.483000	-0.10E+04
1.395	0.489000	-0.10E+04
1.4	0.494000	-0.10E+04
1.405	0.500000	-0.10E+04
1.41	0.504000	-0.10E+04
1.415	0.508000	-0.10E+04
1.42	0.514000	-0.10E+04
1.425	0.518000	-0.10E+04
1.43	0.524000	-0.10E+04
1.435	0.528000	-0.10E+04
1.44	0.533000	-0.10E+04
1.445	0.538000	-0.10E+04
1.45	0.544000	-0.10E+04
1.455	0.549000	-0.10E+04
1.46	0.553000	-0.10E+04
1.465	0.560000	-0.10E+04
1.47	0.564000	-0.10E+04
1.475	0.570000	-0.10E+04
1.48	0.575000	-0.10E+04
1.485	0.581000	-0.10E+04
1.49	0.586000	-0.10E+04
1.495	0.592000	-0.10E+04
1.5	0.597000	-0.10E+04
1.505	0.601000	-0.10E+04
1.51	0.606000	-0.10E+04
1.515	0.611000	-0.10E+04
1.52	0.616000	-0.10E+04
1.525	0.620000	-0.10E+04
1.53	0.626000	-0.10E+04
1.535	0.629000	-0.10E+04
1.54	0.634000	-0.10E+04
1.545	0.638000	-0.10E+04
1.55	0.643000	-0.10E+04
1.555	0.646000	-0.10E+04
1.56	0.649000	-0.10E+04
1.565	0.654000	-0.10E+04
1.57	0.658000	-0.10E+04
1.575	0.663000	-0.10E+04
1.58	0.666000	-0.10E+04
1.585	0.670000	-0.10E+04
1.59	0.674000	-0.10E+04
1.595	0.675000	-0.10E+04
1.6	0.678000	-0.10E+04
1.605	0.682000	-0.10E+04
1.61	0.684000	-0.10E+04
1.615	0.687000	-0.10E+04
1.62	0.690000	-0.10E+04
1.625	0.692000	-0.10E+04
1.63	0.694000	-0.10E+04
1.635	0.697000	-0.10E+04
1.64	0.700000	-0.10E+04
1.645	0.702000	-0.10E+04
1.65	0.704000	-0.10E+04
1.655	0.706000	-0.10E+04
1.66	0.708000	-0.10E+04
1.665	0.710000	-0.10E+04
1.67	0.711000	-0.10E+04
1.675	0.713000	-0.10E+04
1.68	0.713000	-0.10E+04
1.685	0.715000	-0.10E+04
1.69	0.717000	-0.10E+04
1.695	0.719000	-0.10E+04
1.7	0.720000	-0.10E+04
1.705	0.721000	-0.10E+04
1.71	0.722000	-0.10E+04
1.715	0.722000	-0.10E+04
1.72	0.723000	-0.10E+04
1.725	0.725000	-0.10E+04
1.73	0.725000	-0.10E+04
1.735	0.726000	-0.10E+04
1.74	0.728000	-0.10E+04
1.745	0.728000	-0.10E+04
1.75	0.729000	-0.10E+04
1.755	0.730000	-0.10E+04
1.76	0.730000	-0.10E+04
1.765	0.730000	-0.10E+04
1.77	0.731000	-0.10E+04
1.775	0.731000	-0.10E+04
1.78	0.731000	-0.10E+04
1.785	0.731000	-0.10E+04
1.79	0.732000	-0.10E+04
1.795	0.732000	-0.10E+04
1.8	0.732000	-0.10E+04
1.805	0.732000	-0.10E+04
1.81	0.732000	-0.10E+04
1.815	0.733000	-0.10E+04
1.82	0.734000	-0.10E+04
1.825	0.734000	-0.10E+04
1.83	0.734000	-0.10E+04
1.835	0.735000	-0.10E+04
1.84	0.734000	-0.10E+04
1.845	0.734000	-0.10E+04
1.85	0.735000	-0.10E+04
1.855	0.734000	-0.10E+04
1.86	0.734000	-0.10E+04
1.865	0.734000	-0.10E+04
1.87	0.733000	-0.10E+04
1.875	0.733000	-0.10E+04
1.88	0.733000	-0.10E+04
1.885	0.732000	-0.10E+04
1.89	0.732000	-0.10E+04
1.895	0.732000	-0.10E+04
1.9	0.732000	-0.10E+04
1.905	0.732000	-0.10E+04
1.91	0.733000	-0.10E+04
1.915	0.733000	-0.10E+04
1.92	0.733000	-0.10E+04
1.925	0.734000	-0.10E+04
1.93	0.734000	-0.10E+04
1.935	0.734000	-0.10E+04
1.94	0.735000	-0.10E+04
1.945	0.735000	-0.10E+04
1.95	0.736000	-0.10E+04
1.955	0.736000	-0.10E+04
1.96	0.738000	-0.10E+04
1.965	0.738000	-0.10E+04
1.97	0.738000	-0.10E+04
1.975	0.739000	-0.10E+04
1.98	0.740000	-0.10E+04
1.985	0.740000	-0.10E+04
1.99	0.740000	-0.10E+04
1.995	0.741000	-0.10E+04
2	0.742000	-0.10E+04
2.005	0.742000	-0.10E+04
2.01	0.743000	-0.10E+04
2.015	0.744000	-0.10E+04
2.02	0.744000	-0.10E+04
2.025	0.744000	-0.10E+04
2.03	0.744000	-0.10E+04
2.035	0.745000	-0.10E+04
2.04	0.745000	-0.10E+04
2.045	0.745000	-0.10E+04
2.05	0.745000	-0.10E+04
2.055	0.745000	-0.10E+04
2.06	0.746000	-0.10E+04
2.065	0.746000	-0.10E+04
2.07	0.746000	-0.10E+04
2.075	0.746000	-0.10E+04
2.08	0.746000	-0.10E+04
2.085	0.747000	-0.10E+04
2.09	0.747000	-0.10E+04
2.095	0.747000	-0.10E+04
2.1	0.747000	-0.10E+04
2.105	0.747000	-0.10E+04
2.11	0.747000	-0.10E+04
2.115	0.747000	-0.10E+04
2.12	0.748000	-0.10E+04
2.125	0.748000	-0.10E+04
2.13	0.749000	-0.10E+04
2.135	0.749000	-0.10E+04
2.14	0.749000	-0.10E+04
2.145	0.749000	-0.10E+04
2.15	0.749000	-0.10E+04
2.155	0.751000	-0.10E+04
2.16	0.751000	-0.10E+04
2.165	0.751000	-0.10E+04
2.17	0.751000	-0.10E+04
2.175	0.751000	-0.10E+04
2.18	0.753000	-0.10E+04
2.185	0.753000	-0.10E+04
2.19	0.753000	-0.10E+04
2.195	0.753000	-0.10E+04
2.2	0.754000	-0.10E+04
2.205	0.754000	-0.10E+04
2.21	0.755000	-0.10E+04
2.215	0.755000	-0.10E+04
2.22	0.756000	-0.10E+04
2.225	0.756000	-0.10E+04
2.23	0.756000	-0.10E+04
2.235	0.756000	-0.10E+04
2.24	0.757000	-0.10E+04
2.245	0.758000	-0.10E+04
2.25	0.758000	-0.10E+04
2.255	0.758000	-0.10E+04
2.26	0.758000	-0.10E+04
2.265	0.758000	-0.10E+04
2.27	0.759000	-0.10E+04
2.275	0.760000	-0.10E+04
2.28	0.761000	-0.10E+04
2.285	0.761000	-0.10E+04
2.29	0.761000	-0.10E+04
2.295	0.761000	-0.10E+04
2.3	0.762000	-0.10E+04
2.305	0.762000	-0.10E+04
2.31	0.763000	-0.10E+04
2.315	0.764000	-0.10E+04
2.32	0.764000	-0.10E+04
2.325	0.764000	-0.10E+04
2.33	0.765000	-0.10E+04
2.335	0.764000	-0.10E+04
2.34	0.764000	-0.10E+04
2.345	0.765000	-0.10E+04
2.35	0.766000	-0.10E+04
2.355	0.767000	-0.10E+04
2.36	0.767000	-0.10E+04
2.365	0.768000	-0.10E+04
2.37	0.769000	-0.10E+04
2.375	0.770000	-0.10E+04
2.38	0.770000	-0.10E+04
2.385	0.771000	-0.10E+04
2.39	0.771000	-0.10E+04
2.395	0.772000	-0.10E+04
2.4	0.772000	-0.10E+04
2.405	0.773000	-0.10E+04
2.41	0.773000	-0.10E+04
2.415	0.773000	-0.10E+04
2.42	0.773000	-0.10E+04
2.425	0.773000	-0.10E+04
2.43	0.773000	-0.10E+04
2.435	0.773000	-0.10E+04
2.44	0.774000	-0.10E+04
2.445	0.775000	-0.10E+04
2.45	0.775000	-0.10E+04
2.455	0.775000	-0.10E+04
2.46	0.775000	-0.10E+04
2.465	0.776000	-0.10E+04
2.47	0.776000	-0.10E+04
2.475	0.777000	-0.10E+04
2.48	0.778000	-0.10E+04
2.485	0.778000	-0.10E+04
2.49	0.778000	-0.10E+04
2.495	0.778000	-0.10E+04
2.5	0.778000	-0.10E+04
2.505	0.778000	-0.10E+04
2.51	0.778000	-0.10E+04
2.515	0.778000	-0.10E+04
2.52	0.778000	-0.10E+04
