  3527
   1428.4   0.13058
   1428.8   0.13119
   1429.2   0.13138
   1429.6   0.13144
   1430.0   0.13137
   1430.4   0.13096
   1430.8   0.13059
   1431.2   0.13062
   1431.6   0.13111
   1432.0   0.13180
   1432.4   0.13136
   1432.8   0.13111
   1433.2   0.13098
   1433.6   0.13062
   1433.9   0.13117
   1434.3   0.13144
   1434.8   0.13149
   1435.1   0.13160
   1435.5   0.13165
   1435.9   0.13184
   1436.3   0.13183
   1436.7   0.13110
   1437.1   0.13073
   1437.5   0.13108
   1437.9   0.13121
   1438.3   0.13157
   1438.7   0.13201
   1439.1   0.13168
   1439.5   0.13142
   1439.9   0.13205
   1440.3   0.13237
   1440.7   0.13185
   1441.1   0.13177
   1441.5   0.13222
   1441.9   0.13199
   1442.3   0.13191
   1442.7   0.13176
   1443.1   0.13177
   1443.5   0.13236
   1443.9   0.13282
   1444.3   0.13265
   1444.7   0.13214
   1445.2   0.13198
   1445.6   0.13225
   1445.9   0.13236
   1446.3   0.13214
   1446.8   0.13224
   1447.2   0.13231
   1447.6   0.13194
   1448.0   0.13200
   1448.4   0.13235
   1448.8   0.13231
   1449.2   0.13219
   1449.6   0.13221
   1450.0   0.13222
   1450.4   0.13207
   1450.8   0.13263
   1451.2   0.13294
   1451.6   0.13257
   1452.0   0.13239
   1452.4   0.13275
   1452.8   0.13284
   1453.3   0.13262
   1453.7   0.13335
   1454.1   0.13360
   1454.5   0.13316
   1454.9   0.13312
   1455.3   0.13295
   1455.7   0.13288
   1456.1   0.13336
   1456.5   0.13380
   1456.9   0.13388
   1457.3   0.13332
   1457.7   0.13339
   1458.2   0.13368
   1458.6   0.13372
   1459.0   0.13310
   1459.4   0.13248
   1459.8   0.13268
   1460.2   0.13318
   1460.6   0.13357
   1461.0   0.13353
   1461.4   0.13330
   1461.8   0.13340
   1462.3   0.13366
   1462.7   0.13382
   1463.1   0.13421
   1463.5   0.13399
   1463.9   0.13355
   1464.3   0.13363
   1464.7   0.13408
   1465.2   0.13433
   1465.6   0.13416
   1466.0   0.13391
   1466.4   0.13392
   1466.8   0.13412
   1467.2   0.13450
   1467.6   0.13460
   1468.1   0.13446
   1468.5   0.13460
   1468.9   0.13504
   1469.3   0.13497
   1469.7   0.13414
   1470.1   0.13367
   1470.6   0.13380
   1471.0   0.13428
   1471.4   0.13402
   1471.8   0.13424
   1472.2   0.13458
   1472.7   0.13469
   1473.1   0.13458
   1473.5   0.13450
   1473.9   0.13471
   1474.3   0.13449
   1474.7   0.13425
   1475.2   0.13458
   1475.6   0.13435
   1476.0   0.13407
   1476.4   0.13458
   1476.8   0.13449
   1477.3   0.13457
   1477.7   0.13490
   1478.1   0.13489
   1478.5   0.13525
   1478.9   0.13539
   1479.4   0.13517
   1479.8   0.13495
   1480.2   0.13477
   1480.6   0.13486
   1481.1   0.13514
   1481.5   0.13494
   1481.9   0.13503
   1482.3   0.13537
   1482.8   0.13533
   1483.2   0.13513
   1483.6   0.13550
   1484.0   0.13585
   1484.4   0.13554
   1484.9   0.13505
   1485.3   0.13509
   1485.7   0.13572
   1486.2   0.13564
   1486.6   0.13539
   1487.0   0.13605
   1487.4   0.13643
   1487.9   0.13592
   1488.3   0.13569
   1488.7   0.13553
   1489.1   0.13536
   1489.6   0.13581
   1490.0   0.13628
   1490.4   0.13625
   1490.8   0.13610
   1491.3   0.13597
   1491.7   0.13577
   1492.1   0.13591
   1492.6   0.13623
   1493.0   0.13659
   1493.4   0.13667
   1493.9   0.13641
   1494.3   0.13637
   1494.7   0.13646
   1495.2   0.13614
   1495.6   0.13621
   1496.0   0.13656
   1496.4   0.13646
   1496.9   0.13595
   1497.3   0.13575
   1497.8   0.13602
   1498.2   0.13627
   1498.6   0.13653
   1499.0   0.13662
   1499.5   0.13661
   1499.9   0.13667
   1500.3   0.13644
   1500.8   0.13645
   1501.2   0.13670
   1501.7   0.13692
   1502.1   0.13673
   1502.5   0.13650
   1502.9   0.13662
   1503.4   0.13659
   1503.8   0.13681
   1504.3   0.13731
   1504.7   0.13743
   1505.1   0.13685
   1505.6   0.13650
   1506.0   0.13664
   1506.4   0.13696
   1506.9   0.13696
   1507.3   0.13675
   1507.8   0.13673
   1508.2   0.13700
   1508.6   0.13728
   1509.1   0.13721
   1509.5   0.13712
   1510.0   0.13694
   1510.4   0.13683
   1510.8   0.13689
   1511.3   0.13669
   1511.7   0.13665
   1512.2   0.13668
   1512.6   0.13659
   1513.0   0.13680
   1513.5   0.13691
   1513.9   0.13700
   1514.4   0.13735
   1514.8   0.13771
   1515.3   0.13774
   1515.7   0.13749
   1516.1   0.13749
   1516.6   0.13735
   1517.0   0.13781
   1517.5   0.13788
   1517.9   0.13745
   1518.4   0.13745
   1518.8   0.13782
   1519.3   0.13785
   1519.7   0.13753
   1520.1   0.13781
   1520.6   0.13802
   1521.0   0.13797
   1521.5   0.13809
   1521.9   0.13803
   1522.4   0.13784
   1522.8   0.13795
   1523.3   0.13801
   1523.7   0.13812
   1524.2   0.13842
   1524.6   0.13832
   1525.1   0.13823
   1525.5   0.13834
   1526.0   0.13842
   1526.4   0.13834
   1526.9   0.13819
   1527.3   0.13815
   1527.8   0.13836
   1528.2   0.13838
   1528.7   0.13843
   1529.1   0.13842
   1529.6   0.13851
   1530.0   0.13854
   1530.5   0.13816
   1530.9   0.13810
   1531.4   0.13846
   1531.8   0.13836
   1532.3   0.13837
   1532.7   0.13853
   1533.2   0.13845
   1533.6   0.13846
   1534.1   0.13849
   1534.5   0.13856
   1535.0   0.13900
   1535.4   0.13920
   1535.9   0.13886
   1536.4   0.13858
   1536.8   0.13875
   1537.3   0.13892
   1537.7   0.13856
   1538.2   0.13858
   1538.6   0.13865
   1539.1   0.13897
   1539.6   0.13925
   1540.0   0.13931
   1540.5   0.13918
   1540.9   0.13883
   1541.4   0.13895
   1541.8   0.13931
   1542.3   0.13952
   1542.8   0.13945
   1543.2   0.13915
   1543.7   0.13907
   1544.1   0.13895
   1544.6   0.13902
   1545.1   0.13916
   1545.5   0.13925
   1546.0   0.13941
   1546.4   0.13939
   1546.9   0.13950
   1547.4   0.13917
   1547.8   0.13924
   1548.3   0.13960
   1548.8   0.13932
   1549.2   0.13934
   1549.7   0.13964
   1550.1   0.13980
   1550.6   0.13994
   1551.1   0.13977
   1551.5   0.13962
   1552.0   0.13955
   1552.5   0.13985
   1552.9   0.14011
   1553.4   0.13992
   1553.8   0.13962
   1554.3   0.13954
   1554.8   0.13978
   1555.3   0.13978
   1555.7   0.13969
   1556.2   0.13991
   1556.7   0.13997
   1557.1   0.13982
   1557.6   0.13984
   1558.1   0.13999
   1558.5   0.14013
   1559.0   0.14019
   1559.5   0.14021
   1559.9   0.14034
   1560.4   0.14009
   1560.9   0.13997
   1561.3   0.14023
   1561.8   0.14042
   1562.3   0.14028
   1562.8   0.14034
   1563.2   0.14031
   1563.7   0.14072
   1564.2   0.14075
   1564.6   0.14041
   1565.1   0.14035
   1565.6   0.14052
   1566.1   0.14045
   1566.5   0.14036
   1567.0   0.14048
   1567.5   0.14064
   1567.9   0.14054
   1568.4   0.14028
   1568.9   0.14040
   1569.4   0.14051
   1569.8   0.14032
   1570.3   0.14029
   1570.8   0.14057
   1571.3   0.14080
   1571.8   0.14079
   1572.2   0.14073
   1572.7   0.14065
   1573.2   0.14034
   1573.7   0.14025
   1574.1   0.14064
   1574.6   0.14068
   1575.1   0.14094
   1575.6   0.14118
   1576.1   0.14101
   1576.5   0.14079
   1577.0   0.14086
   1577.5   0.14072
   1578.0   0.14100
   1578.4   0.14136
   1578.9   0.14131
   1579.4   0.14119
   1579.9   0.14076
   1580.4   0.14070
   1580.9   0.14102
   1581.3   0.14093
   1581.8   0.14087
   1582.3   0.14098
   1582.8   0.14127
   1583.3   0.14162
   1583.8   0.14131
   1584.2   0.14109
   1584.7   0.14170
   1585.2   0.14220
   1585.7   0.14189
   1586.2   0.14146
   1586.7   0.14126
   1587.2   0.14140
   1587.6   0.14126
   1588.1   0.14137
   1588.6   0.14167
   1589.1   0.14197
   1589.6   0.14207
   1590.1   0.14185
   1590.6   0.14174
   1591.1   0.14163
   1591.5   0.14164
   1592.0   0.14175
   1592.5   0.14186
   1593.0   0.14189
   1593.5   0.14185
   1594.0   0.14197
   1594.5   0.14188
   1595.0   0.14194
   1595.4   0.14196
   1595.9   0.14185
   1596.4   0.14193
   1596.9   0.14206
   1597.4   0.14191
   1597.9   0.14202
   1598.4   0.14210
   1598.9   0.14178
   1599.4   0.14171
   1599.9   0.14206
   1600.4   0.14230
   1600.9   0.14239
   1601.4   0.14217
   1601.9   0.14218
   1602.3   0.14249
   1602.8   0.14253
   1603.3   0.14253
   1603.8   0.14259
   1604.3   0.14242
   1604.8   0.14234
   1605.3   0.14252
   1605.8   0.14284
   1606.3   0.14295
   1606.8   0.14283
   1607.3   0.14256
   1607.8   0.14239
   1608.3   0.14239
   1608.8   0.14250
   1609.3   0.14246
   1609.8   0.14238
   1610.3   0.14253
   1610.8   0.14282
   1611.3   0.14276
   1611.8   0.14287
   1612.3   0.14280
   1612.8   0.14242
   1613.3   0.14227
   1613.8   0.14268
   1614.3   0.14289
   1614.8   0.14266
   1615.3   0.14258
   1615.8   0.14261
   1616.3   0.14258
   1616.8   0.14260
   1617.3   0.14271
   1617.8   0.14294
   1618.4   0.14304
   1618.9   0.14290
   1619.4   0.14288
   1619.9   0.14307
   1620.4   0.14329
   1620.9   0.14330
   1621.4   0.14328
   1621.9   0.14324
   1622.4   0.14305
   1622.9   0.14320
   1623.4   0.14344
   1623.9   0.14328
   1624.4   0.14326
   1624.9   0.14337
   1625.5   0.14362
   1626.0   0.14357
   1626.5   0.14335
   1627.0   0.14334
   1627.5   0.14336
   1628.0   0.14341
   1628.5   0.14351
   1629.0   0.14372
   1629.6   0.14382
   1630.1   0.14371
   1630.6   0.14377
   1631.1   0.14379
   1631.6   0.14392
   1632.1   0.14385
   1632.6   0.14370
   1633.1   0.14368
   1633.7   0.14368
   1634.2   0.14386
   1634.7   0.14399
   1635.2   0.14392
   1635.7   0.14391
   1636.2   0.14384
   1636.8   0.14390
   1637.3   0.14406
   1637.8   0.14410
   1638.3   0.14407
   1638.8   0.14380
   1639.3   0.14368
   1639.9   0.14393
   1640.4   0.14413
   1640.9   0.14401
   1641.4   0.14384
   1641.9   0.14372
   1642.5   0.14361
   1643.0   0.14358
   1643.5   0.14388
   1644.0   0.14421
   1644.5   0.14433
   1645.1   0.14421
   1645.6   0.14421
   1646.1   0.14434
   1646.6   0.14442
   1647.2   0.14431
   1647.7   0.14428
   1648.2   0.14433
   1648.7   0.14433
   1649.3   0.14432
   1649.8   0.14437
   1650.3   0.14427
   1650.8   0.14417
   1651.3   0.14443
   1651.9   0.14462
   1652.4   0.14435
   1652.9   0.14409
   1653.4   0.14433
   1654.0   0.14465
   1654.5   0.14447
   1655.0   0.14440
   1655.6   0.14448
   1656.1   0.14458
   1656.6   0.14461
   1657.2   0.14463
   1657.7   0.14474
   1658.2   0.14474
   1658.7   0.14464
   1659.3   0.14478
   1659.8   0.14485
   1660.3   0.14471
   1660.9   0.14460
   1661.4   0.14469
   1661.9   0.14483
   1662.5   0.14493
   1663.0   0.14493
   1663.5   0.14492
   1664.1   0.14505
   1664.6   0.14506
   1665.1   0.14495
   1665.7   0.14500
   1666.2   0.14483
   1666.7   0.14468
   1667.3   0.14473
   1667.8   0.14487
   1668.3   0.14524
   1668.9   0.14536
   1669.4   0.14520
   1670.0   0.14516
   1670.5   0.14537
   1671.0   0.14555
   1671.6   0.14530
   1672.1   0.14511
   1672.7   0.14521
   1673.2   0.14538
   1673.7   0.14520
   1674.3   0.14503
   1674.8   0.14511
   1675.4   0.14508
   1675.9   0.14525
   1676.4   0.14535
   1677.0   0.14549
   1677.5   0.14561
   1678.1   0.14569
   1678.6   0.14542
   1679.2   0.14526
   1679.7   0.14540
   1680.3   0.14559
   1680.8   0.14564
   1681.3   0.14560
   1681.9   0.14561
   1682.4   0.14567
   1683.0   0.14561
   1683.5   0.14573
   1684.1   0.14575
   1684.6   0.14566
   1685.2   0.14572
   1685.7   0.14564
   1686.3   0.14545
   1686.8   0.14546
   1687.3   0.14574
   1687.9   0.14594
   1688.4   0.14581
   1689.0   0.14572
   1689.6   0.14571
   1690.1   0.14582
   1690.7   0.14575
   1691.2   0.14567
   1691.8   0.14565
   1692.3   0.14580
   1692.9   0.14602
   1693.4   0.14614
   1694.0   0.14597
   1694.5   0.14593
   1695.1   0.14610
   1695.6   0.14622
   1696.2   0.14619
   1696.7   0.14606
   1697.3   0.14604
   1697.8   0.14623
   1698.4   0.14617
   1699.0   0.14619
   1699.5   0.14630
   1700.1   0.14622
   1700.6   0.14636
   1701.2   0.14636
   1701.8   0.14621
   1702.3   0.14610
   1702.9   0.14618
   1703.4   0.14623
   1704.0   0.14619
   1704.6   0.14625
   1705.1   0.14626
   1705.7   0.14626
   1706.2   0.14629
   1706.8   0.14632
   1707.4   0.14644
   1707.9   0.14639
   1708.5   0.14644
   1709.1   0.14659
   1709.6   0.14660
   1710.2   0.14661
   1710.7   0.14667
   1711.3   0.14664
   1711.9   0.14670
   1712.4   0.14673
   1713.0   0.14662
   1713.6   0.14665
   1714.1   0.14674
   1714.7   0.14673
   1715.3   0.14680
   1715.8   0.14679
   1716.4   0.14693
   1717.0   0.14707
   1717.5   0.14696
   1718.1   0.14681
   1718.7   0.14699
   1719.3   0.14719
   1719.8   0.14697
   1720.4   0.14685
   1721.0   0.14706
   1721.5   0.14722
   1722.1   0.14713
   1722.7   0.14695
   1723.3   0.14704
   1723.8   0.14727
   1724.4   0.14730
   1725.0   0.14718
   1725.5   0.14710
   1726.1   0.14720
   1726.7   0.14729
   1727.3   0.14737
   1727.8   0.14720
   1728.4   0.14725
   1729.0   0.14729
   1729.6   0.14722
   1730.2   0.14724
   1730.7   0.14736
   1731.3   0.14756
   1731.9   0.14757
   1732.5   0.14762
   1733.0   0.14757
   1733.6   0.14756
   1734.2   0.14765
   1734.8   0.14755
   1735.4   0.14759
   1735.9   0.14762
   1736.5   0.14771
   1737.1   0.14770
   1737.7   0.14781
   1738.3   0.14801
   1738.8   0.14794
   1739.4   0.14776
   1740.0   0.14781
   1740.6   0.14811
   1741.2   0.14805
   1741.8   0.14781
   1742.4   0.14784
   1742.9   0.14768
   1743.5   0.14772
   1744.1   0.14791
   1744.7   0.14808
   1745.3   0.14815
   1745.9   0.14818
   1746.5   0.14821
   1747.1   0.14822
   1747.6   0.14821
   1748.2   0.14821
   1748.8   0.14810
   1749.4   0.14805
   1750.0   0.14823
   1750.6   0.14838
   1751.2   0.14840
   1751.8   0.14844
   1752.4   0.14840
   1753.0   0.14824
   1753.6   0.14815
   1754.2   0.14824
   1754.7   0.14836
   1755.3   0.14843
   1755.9   0.14865
   1756.5   0.14876
   1757.1   0.14866
   1757.7   0.14844
   1758.3   0.14851
   1758.9   0.14873
   1759.5   0.14878
   1760.1   0.14875
   1760.7   0.14871
   1761.3   0.14860
   1761.9   0.14871
   1762.5   0.14888
   1763.1   0.14880
   1763.7   0.14893
   1764.3   0.14908
   1764.9   0.14907
   1765.5   0.14889
   1766.1   0.14891
   1766.7   0.14908
   1767.3   0.14903
   1767.9   0.14892
   1768.5   0.14895
   1769.1   0.14892
   1769.7   0.14893
   1770.3   0.14901
   1770.9   0.14890
   1771.5   0.14894
   1772.1   0.14914
   1772.7   0.14930
   1773.3   0.14928
   1773.9   0.14928
   1774.6   0.14933
   1775.2   0.14926
   1775.8   0.14919
   1776.4   0.14921
   1777.0   0.14930
   1777.6   0.14939
   1778.2   0.14934
   1778.8   0.14923
   1779.4   0.14926
   1780.0   0.14938
   1780.7   0.14938
   1781.3   0.14957
   1781.9   0.14971
   1782.5   0.14960
   1783.1   0.14956
   1783.7   0.14966
   1784.3   0.14968
   1784.9   0.14974
   1785.6   0.14971
   1786.2   0.14983
   1786.8   0.14988
   1787.4   0.14977
   1788.0   0.14973
   1788.6   0.14981
   1789.3   0.14991
   1789.9   0.14988
   1790.5   0.14990
   1791.1   0.14999
   1791.7   0.14999
   1792.3   0.14994
   1793.0   0.14999
   1793.6   0.15006
   1794.2   0.15005
   1794.8   0.15008
   1795.4   0.15005
   1796.1   0.15002
   1796.7   0.15003
   1797.3   0.15009
   1797.9   0.15017
   1798.6   0.15019
   1799.2   0.15016
   1799.8   0.15022
   1800.4   0.15032
   1801.1   0.15022
   1801.7   0.15021
   1802.3   0.15026
   1802.9   0.15036
   1803.6   0.15050
   1804.2   0.15045
   1804.8   0.15038
   1805.5   0.15038
   1806.1   0.15044
   1806.7   0.15067
   1807.3   0.15074
   1808.0   0.15056
   1808.6   0.15046
   1809.2   0.15041
   1809.9   0.15043
   1810.5   0.15061
   1811.1   0.15074
   1811.8   0.15073
   1812.4   0.15066
   1813.0   0.15068
   1813.7   0.15062
   1814.3   0.15074
   1814.9   0.15100
   1815.6   0.15100
   1816.2   0.15091
   1816.8   0.15086
   1817.5   0.15089
   1818.1   0.15094
   1818.8   0.15100
   1819.4   0.15105
   1820.0   0.15106
   1820.7   0.15105
   1821.3   0.15106
   1821.9   0.15111
   1822.6   0.15118
   1823.2   0.15135
   1823.9   0.15139
   1824.5   0.15125
   1825.2   0.15119
   1825.8   0.15124
   1826.4   0.15120
   1827.1   0.15122
   1827.7   0.15134
   1828.4   0.15132
   1829.0   0.15137
   1829.7   0.15148
   1830.3   0.15146
   1831.0   0.15146
   1831.6   0.15148
   1832.3   0.15148
   1832.9   0.15154
   1833.6   0.15164
   1834.2   0.15154
   1834.8   0.15141
   1835.5   0.15152
   1836.2   0.15176
   1836.8   0.15177
   1837.4   0.15169
   1838.1   0.15175
   1838.8   0.15182
   1839.4   0.15186
   1840.1   0.15184
   1840.7   0.15178
   1841.4   0.15186
   1842.0   0.15200
   1842.7   0.15194
   1843.3   0.15188
   1844.0   0.15185
   1844.6   0.15181
   1845.3   0.15182
   1845.9   0.15202
   1846.6   0.15208
   1847.3   0.15205
   1847.9   0.15198
   1848.6   0.15193
   1849.3   0.15197
   1849.9   0.15200
   1850.6   0.15205
   1851.2   0.15210
   1851.9   0.15217
   1852.6   0.15224
   1853.2   0.15226
   1853.9   0.15228
   1854.5   0.15231
   1855.2   0.15232
   1855.9   0.15227
   1856.5   0.15234
   1857.2   0.15241
   1857.9   0.15239
   1858.5   0.15246
   1859.2   0.15258
   1859.9   0.15260
   1860.5   0.15250
   1861.2   0.15252
   1861.9   0.15256
   1862.5   0.15260
   1863.2   0.15263
   1863.9   0.15258
   1864.5   0.15258
   1865.2   0.15258
   1865.9   0.15265
   1866.6   0.15282
   1867.2   0.15283
   1867.9   0.15270
   1868.6   0.15277
   1869.3   0.15285
   1869.9   0.15292
   1870.6   0.15295
   1871.3   0.15293
   1871.9   0.15294
   1872.6   0.15296
   1873.3   0.15294
   1874.0   0.15292
   1874.7   0.15303
   1875.3   0.15310
   1876.0   0.15312
   1876.7   0.15312
   1877.4   0.15326
   1878.1   0.15332
   1878.7   0.15329
   1879.4   0.15327
   1880.1   0.15325
   1880.8   0.15329
   1881.5   0.15329
   1882.1   0.15325
   1882.8   0.15330
   1883.5   0.15328
   1884.2   0.15321
   1884.9   0.15332
   1885.6   0.15348
   1886.3   0.15341
   1886.9   0.15334
   1887.6   0.15347
   1888.3   0.15349
   1889.0   0.15346
   1889.7   0.15354
   1890.4   0.15360
   1891.1   0.15353
   1891.8   0.15344
   1892.4   0.15350
   1893.1   0.15367
   1893.8   0.15374
   1894.5   0.15373
   1895.2   0.15366
   1895.9   0.15361
   1896.6   0.15370
   1897.3   0.15381
   1898.0   0.15385
   1898.7   0.15374
   1899.4   0.15371
   1900.1   0.15379
   1900.8   0.15395
   1901.5   0.15414
   1902.2   0.15411
   1902.9   0.15403
   1903.6   0.15406
   1904.3   0.15400
   1905.0   0.15400
   1905.7   0.15407
   1906.4   0.15411
   1907.1   0.15425
   1907.8   0.15436
   1908.5   0.15428
   1909.2   0.15423
   1909.9   0.15428
   1910.6   0.15429
   1911.3   0.15431
   1912.0   0.15436
   1912.7   0.15437
   1913.4   0.15439
   1914.1   0.15444
   1914.8   0.15455
   1915.5   0.15459
   1916.2   0.15460
   1916.9   0.15461
   1917.6   0.15459
   1918.3   0.15457
   1919.1   0.15459
   1919.8   0.15455
   1920.5   0.15464
   1921.2   0.15477
   1921.9   0.15471
   1922.6   0.15473
   1923.3   0.15482
   1924.1   0.15490
   1924.8   0.15490
   1925.5   0.15493
   1926.2   0.15488
   1926.9   0.15480
   1927.6   0.15487
   1928.3   0.15501
   1929.1   0.15500
   1929.8   0.15493
   1930.5   0.15502
   1931.2   0.15521
   1931.9   0.15519
   1932.7   0.15509
   1933.4   0.15509
   1934.1   0.15510
   1934.8   0.15507
   1935.5   0.15506
   1936.3   0.15512
   1937.0   0.15529
   1937.7   0.15535
   1938.4   0.15529
   1939.2   0.15533
   1939.9   0.15544
   1940.6   0.15542
   1941.3   0.15539
   1942.1   0.15543
   1942.8   0.15543
   1943.5   0.15546
   1944.3   0.15556
   1945.0   0.15563
   1945.7   0.15559
   1946.4   0.15565
   1947.2   0.15576
   1947.9   0.15573
   1948.6   0.15569
   1949.4   0.15574
   1950.1   0.15584
   1950.8   0.15577
   1951.6   0.15576
   1952.3   0.15581
   1953.0   0.15589
   1953.8   0.15596
   1954.5   0.15600
   1955.3   0.15604
   1956.0   0.15610
   1956.7   0.15615
   1957.5   0.15612
   1958.2   0.15609
   1958.9   0.15616
   1959.7   0.15627
   1960.4   0.15632
   1961.2   0.15628
   1961.9   0.15615
   1962.7   0.15608
   1963.4   0.15618
   1964.1   0.15630
   1964.9   0.15634
   1965.6   0.15624
   1966.4   0.15624
   1967.1   0.15639
   1967.9   0.15645
   1968.6   0.15653
   1969.4   0.15652
   1970.1   0.15655
   1970.8   0.15661
   1971.6   0.15672
   1972.3   0.15672
   1973.1   0.15666
   1973.8   0.15680
   1974.6   0.15683
   1975.4   0.15681
   1976.1   0.15680
   1976.9   0.15685
   1977.6   0.15694
   1978.4   0.15682
   1979.1   0.15671
   1979.9   0.15676
   1980.6   0.15695
   1981.4   0.15701
   1982.2   0.15689
   1982.9   0.15688
   1983.7   0.15700
   1984.4   0.15716
   1985.2   0.15725
   1985.9   0.15719
   1986.7   0.15716
   1987.5   0.15718
   1988.2   0.15719
   1989.0   0.15725
   1989.8   0.15731
   1990.5   0.15734
   1991.3   0.15733
   1992.1   0.15732
   1992.8   0.15741
   1993.6   0.15750
   1994.3   0.15748
   1995.1   0.15746
   1995.9   0.15753
   1996.7   0.15751
   1997.4   0.15751
   1998.2   0.15760
   1999.0   0.15768
   1999.7   0.15767
   2000.5   0.15768
   2001.3   0.15774
   2002.1   0.15773
   2002.8   0.15776
   2003.6   0.15786
   2004.4   0.15791
   2005.2   0.15800
   2005.9   0.15795
   2006.7   0.15787
   2007.5   0.15796
   2008.3   0.15801
   2009.0   0.15807
   2009.8   0.15814
   2010.6   0.15814
   2011.4   0.15810
   2012.2   0.15813
   2012.9   0.15814
   2013.7   0.15812
   2014.5   0.15817
   2015.3   0.15826
   2016.1   0.15827
   2016.8   0.15831
   2017.6   0.15833
   2018.4   0.15836
   2019.2   0.15846
   2020.0   0.15844
   2020.8   0.15852
   2021.6   0.15868
   2022.4   0.15859
   2023.2   0.15852
   2023.9   0.15857
   2024.7   0.15863
   2025.5   0.15865
   2026.3   0.15865
   2027.1   0.15866
   2027.9   0.15867
   2028.7   0.15875
   2029.5   0.15886
   2030.3   0.15902
   2031.1   0.15901
   2031.9   0.15907
   2032.7   0.15910
   2033.5   0.15903
   2034.3   0.15903
   2035.1   0.15908
   2035.9   0.15914
   2036.7   0.15921
   2037.5   0.15925
   2038.3   0.15931
   2039.1   0.15931
   2039.9   0.15930
   2040.7   0.15930
   2041.5   0.15927
   2042.3   0.15925
   2043.1   0.15933
   2043.9   0.15942
   2044.7   0.15950
   2045.5   0.15954
   2046.3   0.15949
   2047.1   0.15944
   2047.9   0.15947
   2048.7   0.15950
   2049.5   0.15953
   2050.4   0.15964
   2051.2   0.15974
   2052.0   0.15969
   2052.8   0.15963
   2053.6   0.15971
   2054.4   0.15977
   2055.2   0.15985
   2056.0   0.15990
   2056.9   0.15993
   2057.7   0.15990
   2058.5   0.15999
   2059.3   0.16005
   2060.1   0.15999
   2060.9   0.16006
   2061.8   0.16014
   2062.6   0.16019
   2063.4   0.16028
   2064.2   0.16032
   2065.1   0.16029
   2065.9   0.16030
   2066.7   0.16034
   2067.5   0.16036
   2068.3   0.16043
   2069.2   0.16047
   2070.0   0.16054
   2070.8   0.16057
   2071.6   0.16054
   2072.5   0.16046
   2073.3   0.16051
   2074.1   0.16062
   2075.0   0.16073
   2075.8   0.16081
   2076.6   0.16085
   2077.5   0.16085
   2078.3   0.16091
   2079.1   0.16104
   2080.0   0.16100
   2080.8   0.16095
   2081.6   0.16101
   2082.5   0.16107
   2083.3   0.16107
   2084.1   0.16115
   2085.0   0.16112
   2085.8   0.16110
   2086.7   0.16119
   2087.5   0.16125
   2088.3   0.16128
   2089.2   0.16130
   2090.0   0.16132
   2090.9   0.16140
   2091.7   0.16149
   2092.6   0.16157
   2093.4   0.16157
   2094.2   0.16162
   2095.1   0.16175
   2095.9   0.16183
   2096.8   0.16175
   2097.6   0.16163
   2098.5   0.16168
   2099.3   0.16186
   2100.2   0.16189
   2101.0   0.16187
   2101.9   0.16194
   2102.7   0.16196
   2103.6   0.16199
   2104.4   0.16209
   2105.3   0.16202
   2106.1   0.16206
   2107.0   0.16224
   2107.9   0.16227
   2108.7   0.16223
   2109.6   0.16221
   2110.4   0.16229
   2111.3   0.16244
   2112.2   0.16244
   2113.0   0.16234
   2113.9   0.16235
   2114.7   0.16248
   2115.6   0.16249
   2116.5   0.16254
   2117.3   0.16263
   2118.2   0.16268
   2119.1   0.16265
   2119.9   0.16270
   2120.8   0.16274
   2121.7   0.16268
   2122.5   0.16264
   2123.4   0.16274
   2124.3   0.16288
   2125.1   0.16290
   2126.0   0.16295
   2126.9   0.16303
   2127.8   0.16300
   2128.6   0.16301
   2129.5   0.16308
   2130.4   0.16312
   2131.3   0.16317
   2132.1   0.16321
   2133.0   0.16319
   2133.9   0.16324
   2134.8   0.16328
   2135.6   0.16332
   2136.5   0.16342
   2137.4   0.16351
   2138.3   0.16355
   2139.2   0.16353
   2140.1   0.16352
   2140.9   0.16369
   2141.8   0.16368
   2142.7   0.16357
   2143.6   0.16362
   2144.5   0.16376
   2145.4   0.16383
   2146.3   0.16386
   2147.1   0.16385
   2148.0   0.16388
   2148.9   0.16395
   2149.8   0.16399
   2150.7   0.16411
   2151.6   0.16415
   2152.5   0.16411
   2153.4   0.16410
   2154.3   0.16416
   2155.2   0.16421
   2156.1   0.16420
   2157.0   0.16427
   2157.9   0.16433
   2158.8   0.16435
   2159.7   0.16438
   2160.6   0.16453
   2161.5   0.16460
   2162.4   0.16456
   2163.3   0.16462
   2164.2   0.16466
   2165.1   0.16469
   2166.0   0.16475
   2166.9   0.16475
   2167.8   0.16475
   2168.7   0.16475
   2169.6   0.16480
   2170.5   0.16489
   2171.4   0.16498
   2172.3   0.16507
   2173.3   0.16508
   2174.2   0.16504
   2175.1   0.16502
   2176.0   0.16499
   2176.9   0.16509
   2177.8   0.16524
   2178.7   0.16530
   2179.6   0.16531
   2180.6   0.16539
   2181.5   0.16536
   2182.4   0.16540
   2183.3   0.16546
   2184.2   0.16547
   2185.1   0.16555
   2186.1   0.16565
   2187.0   0.16569
   2187.9   0.16562
   2188.8   0.16565
   2189.8   0.16580
   2190.7   0.16581
   2191.6   0.16587
   2192.6   0.16590
   2193.5   0.16584
   2194.4   0.16586
   2195.3   0.16599
   2196.3   0.16608
   2197.2   0.16603
   2198.1   0.16608
   2199.1   0.16616
   2200.0   0.16614
   2200.9   0.16616
   2201.9   0.16623
   2202.8   0.16629
   2203.7   0.16637
   2204.7   0.16644
   2205.6   0.16642
   2206.5   0.16649
   2207.5   0.16657
   2208.4   0.16662
   2209.4   0.16664
   2210.3   0.16668
   2211.3   0.16675
   2212.2   0.16690
   2213.1   0.16693
   2214.1   0.16687
   2215.0   0.16690
   2216.0   0.16702
   2216.9   0.16705
   2217.9   0.16704
   2218.8   0.16710
   2219.8   0.16713
   2220.7   0.16712
   2221.7   0.16715
   2222.6   0.16721
   2223.6   0.16724
   2224.5   0.16728
   2225.5   0.16732
   2226.4   0.16739
   2227.4   0.16746
   2228.4   0.16755
   2229.3   0.16761
   2230.3   0.16759
   2231.2   0.16761
   2232.2   0.16763
   2233.1   0.16769
   2234.1   0.16773
   2235.1   0.16776
   2236.0   0.16782
   2237.0   0.16789
   2238.0   0.16798
   2238.9   0.16806
   2239.9   0.16810
   2240.9   0.16809
   2241.8   0.16806
   2242.8   0.16809
   2243.8   0.16819
   2244.8   0.16826
   2245.7   0.16835
   2246.7   0.16838
   2247.7   0.16838
   2248.6   0.16842
   2249.6   0.16844
   2250.6   0.16843
   2251.6   0.16851
   2252.6   0.16864
   2253.5   0.16872
   2254.5   0.16876
   2255.5   0.16882
   2256.5   0.16882
   2257.5   0.16885
   2258.4   0.16888
   2259.4   0.16892
   2260.4   0.16897
   2261.4   0.16898
   2262.4   0.16910
   2263.4   0.16913
   2264.4   0.16908
   2265.4   0.16912
   2266.3   0.16924
   2267.3   0.16935
   2268.3   0.16941
   2269.3   0.16947
   2270.3   0.16952
   2271.3   0.16950
   2272.3   0.16949
   2273.3   0.16962
   2274.3   0.16971
   2275.3   0.16965
   2276.3   0.16967
   2277.3   0.16974
   2278.3   0.16977
   2279.3   0.16982
   2280.3   0.16989
   2281.3   0.16996
   2282.3   0.17006
   2283.3   0.17013
   2284.3   0.17015
   2285.3   0.17021
   2286.3   0.17025
   2287.3   0.17025
   2288.4   0.17025
   2289.4   0.17025
   2290.4   0.17028
   2291.4   0.17042
   2292.4   0.17051
   2293.4   0.17057
   2294.4   0.17062
   2295.4   0.17062
   2296.5   0.17065
   2297.5   0.17075
   2298.5   0.17081
   2299.5   0.17085
   2300.5   0.17087
   2301.6   0.17100
   2302.6   0.17098
   2303.6   0.17092
   2304.6   0.17102
   2305.6   0.17108
   2306.7   0.17110
   2307.7   0.17114
   2308.7   0.17123
   2309.8   0.17132
   2310.8   0.17136
   2311.8   0.17145
   2312.9   0.17151
   2313.9   0.17154
   2314.9   0.17159
   2315.9   0.17166
   2317.0   0.17174
   2318.0   0.17179
   2319.1   0.17185
   2320.1   0.17187
   2321.1   0.17187
   2322.2   0.17194
   2323.2   0.17200
   2324.3   0.17203
   2325.3   0.17205
   2326.3   0.17210
   2327.4   0.17217
   2328.4   0.17227
   2329.5   0.17230
   2330.5   0.17232
   2331.6   0.17240
   2332.6   0.17246
   2333.7   0.17250
   2334.7   0.17253
   2335.8   0.17257
   2336.8   0.17262
   2337.9   0.17265
   2338.9   0.17268
   2340.0   0.17278
   2341.0   0.17286
   2342.1   0.17287
   2343.2   0.17295
   2344.2   0.17303
   2345.3   0.17299
   2346.3   0.17299
   2347.4   0.17313
   2348.5   0.17328
   2349.5   0.17330
   2350.6   0.17331
   2351.7   0.17329
   2352.7   0.17336
   2353.8   0.17346
   2354.9   0.17352
   2355.9   0.17356
   2357.0   0.17363
   2358.1   0.17368
   2359.1   0.17369
   2360.2   0.17378
   2361.3   0.17386
   2362.4   0.17388
   2363.4   0.17392
   2364.5   0.17401
   2365.6   0.17405
   2366.7   0.17405
   2367.8   0.17415
   2368.9   0.17428
   2369.9   0.17436
   2371.0   0.17441
   2372.1   0.17441
   2373.2   0.17442
   2374.3   0.17447
   2375.4   0.17453
   2376.4   0.17460
   2377.5   0.17465
   2378.6   0.17470
   2379.7   0.17477
   2380.8   0.17481
   2381.9   0.17485
   2383.0   0.17489
   2384.1   0.17493
   2385.2   0.17495
   2386.3   0.17502
   2387.4   0.17511
   2388.5   0.17520
   2389.6   0.17521
   2390.7   0.17526
   2391.8   0.17532
   2392.9   0.17535
   2394.0   0.17543
   2395.1   0.17551
   2396.2   0.17558
   2397.3   0.17564
   2398.4   0.17573
   2399.6   0.17578
   2400.7   0.17581
   2401.8   0.17590
   2402.9   0.17594
   2404.0   0.17594
   2405.1   0.17601
   2406.2   0.17611
   2407.4   0.17622
   2408.5   0.17624
   2409.6   0.17627
   2410.7   0.17634
   2411.8   0.17636
   2412.9   0.17638
   2414.1   0.17644
   2415.2   0.17646
   2416.3   0.17654
   2417.4   0.17664
   2418.6   0.17666
   2419.7   0.17667
   2420.8   0.17675
   2422.0   0.17688
   2423.1   0.17695
   2424.2   0.17700
   2425.4   0.17703
   2426.5   0.17711
   2427.6   0.17719
   2428.8   0.17726
   2429.9   0.17728
   2431.1   0.17728
   2432.2   0.17731
   2433.3   0.17743
   2434.5   0.17747
   2435.6   0.17745
   2436.8   0.17754
   2437.9   0.17762
   2439.1   0.17769
   2440.2   0.17778
   2441.4   0.17783
   2442.5   0.17785
   2443.6   0.17789
   2444.8   0.17792
   2446.0   0.17797
   2447.1   0.17801
   2448.3   0.17806
   2449.4   0.17819
   2450.6   0.17826
   2451.7   0.17825
   2452.9   0.17831
   2454.1   0.17842
   2455.2   0.17844
   2456.4   0.17850
   2457.6   0.17860
   2458.7   0.17863
   2459.9   0.17867
   2461.1   0.17874
   2462.2   0.17880
   2463.4   0.17888
   2464.6   0.17889
   2465.7   0.17893
   2466.9   0.17905
   2468.1   0.17914
   2469.3   0.17916
   2470.4   0.17922
   2471.6   0.17922
   2472.8   0.17926
   2474.0   0.17936
   2475.1   0.17945
   2476.3   0.17954
   2477.5   0.17959
   2478.7   0.17958
   2479.9   0.17960
   2481.1   0.17970
   2482.3   0.17977
   2483.4   0.17981
   2484.6   0.17987
   2485.8   0.17993
   2487.0   0.18000
   2488.2   0.18003
   2489.4   0.18009
   2490.6   0.18018
   2491.8   0.18025
   2493.0   0.18032
   2494.2   0.18034
   2495.4   0.18040
   2496.6   0.18050
   2497.8   0.18051
   2499.0   0.18055
   2500.2   0.18059
   2501.4   0.18065
   2502.6   0.18072
   2503.8   0.18075
   2505.0   0.18081
   2506.3   0.18091
   2507.5   0.18098
   2508.7   0.18104
   2509.9   0.18105
   2511.1   0.18111
   2512.3   0.18123
   2513.5   0.18128
   2514.8   0.18128
   2516.0   0.18129
   2517.2   0.18137
   2518.4   0.18146
   2519.6   0.18154
   2520.9   0.18158
   2522.1   0.18165
   2523.3   0.18175
   2524.6   0.18183
   2525.8   0.18186
   2527.0   0.18191
   2528.3   0.18195
   2529.5   0.18202
   2530.7   0.18206
   2531.9   0.18211
   2533.2   0.18219
   2534.4   0.18224
   2535.7   0.18230
   2536.9   0.18236
   2538.1   0.18239
   2539.4   0.18244
   2540.6   0.18256
   2541.9   0.18262
   2543.1   0.18269
   2544.4   0.18273
   2545.6   0.18275
   2546.9   0.18285
   2548.1   0.18293
   2549.4   0.18296
   2550.6   0.18302
   2551.9   0.18307
   2553.1   0.18309
   2554.4   0.18316
   2555.7   0.18327
   2556.9   0.18339
   2558.2   0.18339
   2559.4   0.18341
   2560.7   0.18346
   2562.0   0.18353
   2563.2   0.18365
   2564.5   0.18374
   2565.8   0.18376
   2567.1   0.18379
   2568.3   0.18387
   2569.6   0.18397
   2570.9   0.18403
   2572.1   0.18403
   2573.4   0.18407
   2574.7   0.18417
   2576.0   0.18429
   2577.3   0.18439
   2578.5   0.18444
   2579.8   0.18445
   2581.1   0.18452
   2582.4   0.18462
   2583.7   0.18465
   2585.0   0.18469
   2586.3   0.18474
   2587.5   0.18483
   2588.8   0.18491
   2590.1   0.18497
   2591.4   0.18502
   2592.7   0.18502
   2594.0   0.18509
   2595.3   0.18524
   2596.6   0.18529
   2597.9   0.18530
   2599.2   0.18532
   2600.5   0.18537
   2601.8   0.18545
   2603.1   0.18551
   2604.4   0.18557
   2605.8   0.18567
   2607.1   0.18573
   2608.4   0.18580
   2609.7   0.18586
   2611.0   0.18589
   2612.3   0.18596
   2613.6   0.18609
   2614.9   0.18612
   2616.3   0.18619
   2617.6   0.18628
   2618.9   0.18629
   2620.2   0.18634
   2621.6   0.18638
   2622.9   0.18640
   2624.2   0.18647
   2625.5   0.18657
   2626.9   0.18665
   2628.2   0.18669
   2629.5   0.18672
   2630.9   0.18683
   2632.2   0.18692
   2633.5   0.18693
   2634.9   0.18692
   2636.2   0.18693
   2637.6   0.18702
   2638.9   0.18708
   2640.2   0.18713
   2641.6   0.18717
   2642.9   0.18722
   2644.3   0.18726
   2645.6   0.18734
   2647.0   0.18742
   2648.3   0.18748
   2649.7   0.18751
   2651.0   0.18756
   2652.4   0.18759
   2653.8   0.18767
   2655.1   0.18773
   2656.5   0.18777
   2657.8   0.18779
   2659.2   0.18784
   2660.6   0.18787
   2661.9   0.18790
   2663.3   0.18798
   2664.7   0.18808
   2666.0   0.18815
   2667.4   0.18819
   2668.8   0.18815
   2670.1   0.18816
   2671.5   0.18823
   2672.9   0.18818
   2674.3   0.18819
   2675.7   0.18821
   2677.0   0.18824
   2678.4   0.18827
   2679.8   0.18833
   2681.2   0.18834
   2682.6   0.18834
   2684.0   0.18842
   2685.4   0.18845
   2686.8   0.18841
   2688.1   0.18841
   2689.5   0.18843
   2690.9   0.18844
   2692.3   0.18850
   2693.7   0.18855
   2695.1   0.18854
   2696.5   0.18849
   2697.9   0.18842
   2699.3   0.18838
   2700.8   0.18839
   2702.1   0.18833
   2703.6   0.18829
   2705.0   0.18827
   2706.4   0.18821
   2707.8   0.18813
   2709.2   0.18803
   2710.6   0.18795
   2712.1   0.18785
   2713.5   0.18772
   2714.9   0.18761
   2716.3   0.18751
   2717.7   0.18752
   2719.2   0.18771
   2720.6   0.18774
   2722.0   0.18734
   2723.4   0.18702
   2724.9   0.18684
   2726.3   0.18664
   2727.7   0.18646
   2729.2   0.18631
   2730.6   0.18615
   2732.1   0.18601
   2733.5   0.18580
   2734.9   0.18564
   2736.4   0.18551
   2737.8   0.18533
   2739.3   0.18519
   2740.7   0.18502
   2742.2   0.18480
   2743.6   0.18458
   2745.1   0.18439
   2746.5   0.18421
   2748.0   0.18404
   2749.4   0.18385
   2750.9   0.18365
   2752.4   0.18346
   2753.8   0.18321
   2755.3   0.18300
   2756.7   0.18284
   2758.2   0.18263
   2759.7   0.18240
   2761.1   0.18218
   2762.6   0.18199
   2764.1   0.18185
   2765.6   0.18165
   2767.0   0.18141
   2768.5   0.18124
   2770.0   0.18107
   2771.5   0.18087
   2773.0   0.18067
   2774.4   0.18048
   2775.9   0.18029
   2777.4   0.18008
   2778.9   0.17989
   2780.4   0.17971
   2781.9   0.17957
   2783.4   0.17944
   2784.9   0.17926
   2786.4   0.17903
   2787.9   0.17885
   2789.4   0.17869
   2790.9   0.17851
   2792.4   0.17836
   2793.9   0.17824
   2795.4   0.17812
   2796.9   0.17798
   2798.4   0.17781
   2799.9   0.17765
   2801.4   0.17754
   2802.9   0.17744
   2804.4   0.17732
   2806.0   0.17722
   2807.5   0.17708
   2809.0   0.17693
   2810.5   0.17680
   2812.1   0.17668
   2813.6   0.17658
   2815.1   0.17651
   2816.6   0.17643
   2818.2   0.17633
   2819.7   0.17622
   2821.2   0.17610
   2822.8   0.17602
   2824.3   0.17595
   2825.9   0.17585
   2827.4   0.17581
   2828.9   0.17574
   2830.5   0.17565
   2832.0   0.17557
   2833.6   0.17547
   2835.1   0.17544
   2836.7   0.17545
   2838.2   0.17538
   2839.8   0.17526
   2841.3   0.17517
   2842.9   0.17514
   2844.4   0.17511
   2846.0   0.17507
   2847.6   0.17502
   2849.1   0.17495
   2850.7   0.17489
   2852.3   0.17483
   2853.8   0.17477
   2855.4   0.17473
   2857.0   0.17467
   2858.6   0.17460
   2860.1   0.17456
   2861.7   0.17455
   2863.3   0.17451
   2864.9   0.17447
   2866.5   0.17443
   2868.1   0.17438
   2869.6   0.17432
   2871.2   0.17428
   2872.8   0.17420
   2874.4   0.17417
   2876.0   0.17418
   2877.6   0.17413
   2879.2   0.17408
   2880.8   0.17406
   2882.4   0.17400
   2884.0   0.17393
   2885.6   0.17392
   2887.2   0.17391
   2888.8   0.17388
   2890.4   0.17386
   2892.0   0.17384
   2893.7   0.17379
   2895.3   0.17375
   2896.9   0.17374
   2898.5   0.17371
   2900.1   0.17366
   2901.8   0.17362
   2903.4   0.17359
   2905.0   0.17358
   2906.6   0.17356
   2908.3   0.17355
   2909.9   0.17350
   2911.5   0.17346
   2913.2   0.17344
   2914.8   0.17341
   2916.4   0.17337
   2918.1   0.17336
   2919.7   0.17336
   2921.4   0.17335
   2923.0   0.17334
   2924.7   0.17331
   2926.3   0.17331
   2928.0   0.17331
   2929.6   0.17328
   2931.3   0.17325
   2932.9   0.17322
   2934.6   0.17320
   2936.3   0.17319
   2937.9   0.17318
   2939.6   0.17315
   2941.3   0.17312
   2942.9   0.17314
   2944.6   0.17315
   2946.3   0.17314
   2947.9   0.17311
   2949.6   0.17306
   2951.3   0.17307
   2953.0   0.17311
   2954.7   0.17314
   2956.4   0.17313
   2958.0   0.17309
   2959.7   0.17308
   2961.4   0.17310
   2963.1   0.17311
   2964.8   0.17313
   2966.5   0.17314
   2968.2   0.17309
   2969.9   0.17312
   2971.6   0.17316
   2973.3   0.17322
   2975.0   0.17324
   2976.7   0.17322
   2978.4   0.17322
   2980.1   0.17323
   2981.8   0.17328
   2983.6   0.17327
   2985.3   0.17326
   2987.0   0.17333
   2988.7   0.17338
   2990.4   0.17340
   2992.2   0.17343
   2993.9   0.17346
   2995.6   0.17346
   2997.4   0.17351
   2999.1   0.17356
   3000.8   0.17360
   3002.6   0.17363
   3004.3   0.17367
   3006.1   0.17372
   3007.8   0.17377
   3009.5   0.17382
   3011.3   0.17389
   3013.0   0.17394
   3014.8   0.17399
   3016.5   0.17406
   3018.3   0.17414
   3020.1   0.17417
   3021.8   0.17422
   3023.6   0.17428
   3025.3   0.17431
   3027.1   0.17439
   3028.9   0.17450
   3030.6   0.17460
   3032.4   0.17469
   3034.2   0.17479
   3036.0   0.17488
   3037.7   0.17499
   3039.5   0.17511
   3041.3   0.17519
   3043.1   0.17531
   3044.9   0.17542
   3046.7   0.17556
   3048.5   0.17569
   3050.3   0.17582
   3052.1   0.17595
   3053.8   0.17608
   3055.6   0.17622
   3057.4   0.17633
   3059.3   0.17645
   3061.1   0.17660
   3062.9   0.17675
   3064.7   0.17689
   3066.5   0.17703
   3068.3   0.17719
   3070.1   0.17733
   3071.9   0.17746
   3073.8   0.17759
   3075.6   0.17775
   3077.4   0.17791
   3079.2   0.17804
   3081.1   0.17816
   3082.9   0.17832
   3084.7   0.17842
   3086.6   0.17855
   3088.4   0.17871
   3090.2   0.17883
   3092.1   0.17892
   3093.9   0.17905
   3095.8   0.17922
   3097.6   0.17935
   3099.5   0.17947
   3101.3   0.17963
   3103.2   0.17975
   3105.1   0.17984
   3106.9   0.17994
   3108.8   0.18007
   3110.6   0.18020
   3112.5   0.18034
   3114.4   0.18048
   3116.2   0.18060
   3118.1   0.18072
   3120.0   0.18085
   3121.9   0.18098
   3123.8   0.18111
   3125.6   0.18125
   3127.5   0.18143
   3129.4   0.18157
   3131.3   0.18168
   3133.2   0.18182
   3135.1   0.18195
   3137.0   0.18206
   3138.9   0.18220
   3140.8   0.18235
   3142.7   0.18250
   3144.6   0.18265
   3146.5   0.18282
   3148.4   0.18299
   3150.3   0.18312
   3152.2   0.18323
   3154.1   0.18335
   3156.1   0.18350
   3158.0   0.18365
   3159.9   0.18379
   3161.9   0.18395
   3163.8   0.18409
   3165.7   0.18424
   3167.6   0.18437
   3169.6   0.18450
   3171.5   0.18460
   3173.5   0.18474
   3175.4   0.18492
   3177.3   0.18506
   3179.3   0.18522
   3181.2   0.18537
   3183.2   0.18549
   3185.1   0.18562
   3187.1   0.18578
   3189.1   0.18592
   3191.0   0.18604
   3193.0   0.18619
   3195.0   0.18632
   3196.9   0.18644
   3198.9   0.18657
   3200.9   0.18671
   3202.9   0.18686
   3204.8   0.18699
   3206.8   0.18709
   3208.8   0.18719
   3210.8   0.18731
   3212.8   0.18745
   3214.8   0.18758
   3216.8   0.18767
   3218.8   0.18781
   3220.8   0.18794
   3222.8   0.18805
   3224.8   0.18821
   3226.8   0.18834
   3228.8   0.18844
   3230.8   0.18855
   3232.8   0.18867
   3234.8   0.18877
   3236.8   0.18889
   3238.9   0.18902
   3240.9   0.18913
   3242.9   0.18922
   3244.9   0.18934
   3247.0   0.18943
   3249.0   0.18953
   3251.1   0.18965
   3253.1   0.18978
   3255.1   0.18988
   3257.2   0.18999
   3259.2   0.19009
   3261.3   0.19021
   3263.3   0.19034
   3265.4   0.19045
   3267.4   0.19055
   3269.5   0.19067
   3271.6   0.19080
   3273.6   0.19095
   3275.7   0.19106
   3277.8   0.19118
   3279.8   0.19130
   3281.9   0.19140
   3284.0   0.19151
   3286.1   0.19161
   3288.2   0.19173
   3290.2   0.19184
   3292.3   0.19197
   3294.4   0.19211
   3296.5   0.19222
   3298.6   0.19233
   3300.7   0.19242
   3302.8   0.19255
   3304.9   0.19267
   3307.0   0.19276
   3309.1   0.19285
   3311.3   0.19293
   3313.4   0.19300
   3315.5   0.19308
   3317.6   0.19315
   3319.7   0.19322
   3321.9   0.19328
   3324.0   0.19335
   3326.1   0.19339
   3328.3   0.19339
   3330.4   0.19339
   3332.5   0.19337
   3334.7   0.19333
   3336.8   0.19327
   3339.0   0.19316
   3341.1   0.19304
   3343.3   0.19293
   3345.4   0.19279
   3347.6   0.19263
   3349.8   0.19249
   3351.9   0.19231
   3354.1   0.19207
   3356.3   0.19184
   3358.4   0.19162
   3360.6   0.19134
   3362.8   0.19105
   3365.0   0.19073
   3367.2   0.19042
   3369.4   0.19013
   3371.5   0.18991
   3373.7   0.18975
   3375.9   0.18968
   3378.1   0.18970
   3380.3   0.18985
   3382.5   0.19013
   3384.7   0.19048
   3386.9   0.19076
   3389.2   0.19097
   3391.4   0.19105
   3393.6   0.19099
   3395.8   0.19075
   3398.1   0.19041
   3400.3   0.18999
   3402.5   0.18948
   3404.7   0.18894
   3407.0   0.18840
   3409.2   0.18789
   3411.5   0.18743
   3413.7   0.18701
   3416.0   0.18671
   3418.2   0.18656
   3420.5   0.18660
   3422.7   0.18684
   3425.0   0.18730
   3427.3   0.18797
   3429.5   0.18880
   3431.8   0.18973
   3434.1   0.19066
   3436.3   0.19146
   3438.6   0.19210
   3440.9   0.19260
   3443.2   0.19302
   3445.5   0.19338
   3447.8   0.19369
   3450.1   0.19399
   3452.3   0.19426
   3454.6   0.19451
   3456.9   0.19478
   3459.3   0.19502
   3461.6   0.19518
   3463.9   0.19528
   3466.2   0.19533
   3468.5   0.19531
   3470.8   0.19525
   3473.2   0.19517
   3475.5   0.19509
   3477.8   0.19507
   3480.1   0.19513
   3482.5   0.19527
   3484.8   0.19539
   3487.2   0.19549
   3489.5   0.19553
   3491.9   0.19547
   3494.2   0.19535
   3496.6   0.19520
   3498.9   0.19502
   3501.3   0.19487
   3503.7   0.19480
   3506.0   0.19491
   3508.4   0.19537
   3510.8   0.19623
   3513.2   0.19731
   3515.5   0.19830
   3517.9   0.19906
   3520.3   0.19967
   3522.7   0.20020
   3525.1   0.20064
   3527.5   0.20101
   3529.9   0.20134
   3532.3   0.20161
   3534.7   0.20184
   3537.1   0.20208
   3539.5   0.20230
   3541.9   0.20251
   3544.4   0.20270
   3546.8   0.20290
   3549.2   0.20309
   3551.7   0.20326
   3554.1   0.20342
   3556.5   0.20357
   3559.0   0.20371
   3561.4   0.20387
   3563.9   0.20402
   3566.3   0.20417
   3568.8   0.20431
   3571.2   0.20444
   3573.7   0.20455
   3576.1   0.20467
   3578.6   0.20478
   3581.1   0.20488
   3583.6   0.20499
   3586.0   0.20511
   3588.5   0.20522
   3591.0   0.20532
   3593.5   0.20542
   3596.0   0.20551
   3598.5   0.20560
   3601.0   0.20571
   3603.5   0.20579
   3606.0   0.20588
   3608.5   0.20599
   3611.0   0.20607
   3613.5   0.20615
   3616.1   0.20624
   3618.6   0.20634
   3621.1   0.20646
   3623.6   0.20654
   3626.2   0.20664
   3628.7   0.20675
   3631.3   0.20683
   3633.8   0.20692
   3636.3   0.20702
   3638.9   0.20709
   3641.4   0.20717
   3644.0   0.20726
   3646.6   0.20737
   3649.1   0.20745
   3651.7   0.20753
   3654.3   0.20762
   3656.9   0.20772
   3659.4   0.20783
   3662.0   0.20793
   3664.6   0.20801
   3667.2   0.20811
   3669.8   0.20821
   3672.4   0.20831
   3675.0   0.20842
   3677.6   0.20854
   3680.2   0.20864
   3682.8   0.20875
   3685.4   0.20885
   3688.1   0.20896
   3690.7   0.20907
   3693.3   0.20918
   3695.9   0.20927
   3698.6   0.20936
   3701.2   0.20945
   3703.9   0.20954
   3706.5   0.20965
   3709.2   0.20975
   3711.8   0.20984
   3714.5   0.20992
   3717.1   0.21000
   3719.8   0.21009
   3722.5   0.21017
   3725.2   0.21023
   3727.8   0.21033
   3730.5   0.21044
   3733.2   0.21050
   3735.9   0.21058
   3738.6   0.21065
   3741.3   0.21073
   3744.0   0.21083
   3746.7   0.21091
   3749.4   0.21097
   3752.1   0.21105
   3754.8   0.21110
   3757.6   0.21119
   3760.3   0.21130
   3763.0   0.21138
   3765.7   0.21146
   3768.5   0.21155
   3771.2   0.21160
   3774.0   0.21168
   3776.7   0.21176
   3779.5   0.21185
   3782.2   0.21191
   3785.0   0.21195
   3787.7   0.21203
   3790.5   0.21211
   3793.3   0.21215
   3796.1   0.21222
   3798.8   0.21230
   3801.6   0.21237
   3804.4   0.21244
   3807.2   0.21251
   3810.0   0.21258
   3812.8   0.21265
   3815.6   0.21272
   3818.4   0.21282
   3821.2   0.21288
   3824.1   0.21293
   3826.9   0.21299
   3829.7   0.21306
   3832.5   0.21314
   3835.4   0.21320
   3838.2   0.21326
   3841.1   0.21333
   3843.9   0.21338
   3846.8   0.21345
   3849.6   0.21351
   3852.5   0.21356
   3855.3   0.21363
   3858.2   0.21370
   3861.1   0.21376
   3863.9   0.21382
   3866.8   0.21387
   3869.7   0.21393
   3872.6   0.21399
   3875.5   0.21405
   3878.4   0.21412
   3881.3   0.21417
   3884.2   0.21423
   3887.1   0.21429
   3890.0   0.21434
   3892.9   0.21439
   3895.9   0.21445
   3898.8   0.21450
   3901.7   0.21457
   3904.7   0.21463
   3907.6   0.21467
   3910.6   0.21474
   3913.5   0.21478
   3916.5   0.21481
   3919.4   0.21484
   3922.4   0.21488
   3925.4   0.21492
   3928.4   0.21497
   3931.3   0.21501
   3934.3   0.21506
   3937.3   0.21512
   3940.3   0.21518
   3943.3   0.21523
   3946.3   0.21525
   3949.3   0.21527
   3952.3   0.21532
   3955.3   0.21535
   3958.3   0.21540
   3961.4   0.21545
   3964.4   0.21548
   3967.4   0.21551
   3970.5   0.21557
   3973.5   0.21562
   3976.6   0.21566
   3979.6   0.21569
   3982.6   0.21574
   3985.7   0.21580
   3988.8   0.21584
   3991.9   0.21586
   3994.9   0.21590
   3998.0   0.21595
   4001.1   0.21601
   4004.2   0.21605
   4007.3   0.21610
   4010.4   0.21614
   4013.5   0.21619
   4016.6   0.21622
   4019.7   0.21626
   4022.8   0.21630
   4025.9   0.21634
   4029.1   0.21637
   4032.2   0.21643
   4035.3   0.21646
   4038.5   0.21651
   4041.6   0.21657
   4044.8   0.21661
   4047.9   0.21665
   4051.1   0.21670
   4054.3   0.21673
   4057.4   0.21677
   4060.6   0.21680
   4063.8   0.21683
   4067.0   0.21687
   4070.2   0.21690
   4073.4   0.21694
   4076.6   0.21697
   4079.8   0.21700
   4083.0   0.21704
   4086.2   0.21706
   4089.4   0.21710
   4092.7   0.21711
   4095.9   0.21713
   4099.1   0.21717
   4102.4   0.21719
   4105.6   0.21721
   4108.9   0.21723
   4112.1   0.21726
   4115.4   0.21731
   4118.7   0.21733
   4122.0   0.21736
   4125.2   0.21738
   4128.5   0.21742
   4131.8   0.21745
   4135.1   0.21748
   4138.4   0.21752
   4141.7   0.21756
   4145.0   0.21758
   4148.3   0.21760
   4151.6   0.21762
   4155.0   0.21764
   4158.3   0.21765
   4161.6   0.21767
   4165.0   0.21769
   4168.3   0.21774
   4171.7   0.21775
   4175.0   0.21778
   4178.4   0.21781
   4181.8   0.21782
   4185.2   0.21783
   4188.5   0.21785
   4191.9   0.21786
   4195.3   0.21790
   4198.7   0.21792
   4202.1   0.21793
   4205.5   0.21796
   4208.9   0.21796
   4212.4   0.21795
   4215.8   0.21795
   4219.2   0.21794
   4222.6   0.21794
   4226.1   0.21793
   4229.5   0.21793
   4233.0   0.21793
   4236.5   0.21793
   4239.9   0.21795
   4243.4   0.21798
   4246.9   0.21801
   4250.3   0.21807
   4253.8   0.21812
   4257.3   0.21816
   4260.8   0.21815
   4264.3   0.21812
   4267.8   0.21809
   4271.3   0.21812
   4274.9   0.21813
   4278.4   0.21814
   4281.9   0.21815
   4285.5   0.21818
   4289.0   0.21820
   4292.6   0.21822
   4296.1   0.21823
   4299.7   0.21823
   4303.3   0.21823
   4306.8   0.21826
   4310.4   0.21826
   4314.0   0.21826
   4317.6   0.21828
   4321.2   0.21827
   4324.8   0.21826
   4328.4   0.21826
   4332.0   0.21826
   4335.6   0.21827
   4339.3   0.21824
   4342.9   0.21823
   4346.5   0.21823
   4350.2   0.21824
   4353.8   0.21823
   4357.5   0.21821
   4361.1   0.21820
   4364.8   0.21822
   4368.5   0.21822
   4372.2   0.21820
   4375.9   0.21820
   4379.6   0.21821
   4383.3   0.21821
   4387.0   0.21820
   4390.7   0.21818
   4394.4   0.21818
   4398.1   0.21817
   4401.9   0.21816
   4405.6   0.21815
   4409.4   0.21815
   4413.1   0.21815
   4416.9   0.21814
   4420.6   0.21813
   4424.4   0.21812
   4428.2   0.21809
   4432.0   0.21808
   4435.8   0.21808
   4439.6   0.21806
   4443.4   0.21804
   4447.2   0.21803
   4451.0   0.21801
   4454.8   0.21802
   4458.6   0.21800
   4462.5   0.21798
   4466.3   0.21796
   4470.2   0.21795
   4474.0   0.21792
   4477.9   0.21790
   4481.8   0.21789
   4485.6   0.21787
   4489.5   0.21783
   4493.4   0.21781
   4497.3   0.21778
   4501.2   0.21775
   4505.1   0.21773
   4509.0   0.21773
   4513.0   0.21770
   4516.9   0.21767
   4520.8   0.21761
   4524.8   0.21758
   4528.7   0.21755
   4532.7   0.21753
   4536.7   0.21749
   4540.6   0.21746
   4544.6   0.21741
   4548.6   0.21737
   4552.6   0.21732
   4556.6   0.21727
   4560.6   0.21721
   4564.6   0.21717
   4568.6   0.21712
   4572.7   0.21706
   4576.7   0.21701
   4580.8   0.21694
   4584.8   0.21684
   4588.9   0.21678
   4592.9   0.21670
   4597.0   0.21664
   4601.1   0.21657
   4605.2   0.21650
   4609.3   0.21643
   4613.4   0.21636
   4617.5   0.21625
   4621.6   0.21619
   4625.7   0.21611
   4629.8   0.21599
   4634.0   0.21589
   4638.1   0.21581
   4642.3   0.21573
   4646.4   0.21564
   4650.6   0.21554
   4654.8   0.21544
   4659.0   0.21534
   4663.1   0.21524
   4667.3   0.21513
   4671.5   0.21501
   4675.8   0.21490
   4680.0   0.21479
   4684.2   0.21466
   4688.4   0.21455
   4692.7   0.21443
   4696.9   0.21432
   4701.2   0.21421
   4705.5   0.21409
   4709.7   0.21396
   4714.0   0.21382
   4718.3   0.21367
   4722.6   0.21355
   4726.9   0.21341
   4731.2   0.21329
   4735.5   0.21314
   4739.9   0.21298
   4744.2   0.21285
   4748.5   0.21272
   4752.9   0.21255
   4757.3   0.21241
   4761.6   0.21225
   4766.0   0.21212
   4770.4   0.21197
   4774.8   0.21182
   4779.2   0.21168
   4783.6   0.21154
   4788.0   0.21140
   4792.4   0.21128
   4796.9   0.21112
   4801.3   0.21097
   4805.8   0.21083
   4810.2   0.21068
   4814.7   0.21052
   4819.1   0.21038
   4823.6   0.21021
   4828.1   0.21004
   4832.6   0.20987
   4837.1   0.20972
   4841.6   0.20955
   4846.2   0.20936
   4850.7   0.20918
   4855.3   0.20902
   4859.8   0.20883
   4864.4   0.20866
   4868.9   0.20848
   4873.5   0.20829
   4878.1   0.20808
   4882.7   0.20789
   4887.3   0.20769
   4891.9   0.20748
   4896.5   0.20728
   4901.1   0.20708
   4905.8   0.20685
   4910.4   0.20663
   4915.1   0.20639
   4919.7   0.20615
   4924.4   0.20592
   4929.1   0.20567
   4933.8   0.20543
   4938.5   0.20519
   4943.2   0.20494
   4947.9   0.20470
   4952.6   0.20446
   4957.4   0.20422
   4962.1   0.20399
   4966.9   0.20375
   4971.6   0.20349
   4976.4   0.20325
   4981.2   0.20300
   4986.0   0.20279
   4990.8   0.20254
   4995.6   0.20231
   5000.4   0.20207
   5005.2   0.20183
   5010.0   0.20158
   5014.9   0.20135
   5019.8   0.20111
   5024.6   0.20090
   5029.5   0.20067
   5034.4   0.20047
   5039.3   0.20025
   5044.2   0.20002
   5049.1   0.19978
   5054.0   0.19959
   5058.9   0.19938
   5063.9   0.19918
   5068.8   0.19896
   5073.8   0.19876
   5078.8   0.19855
   5083.7   0.19835
   5088.7   0.19812
   5093.7   0.19791
   5098.7   0.19769
   5103.7   0.19749
   5108.8   0.19726
   5113.8   0.19703
   5118.9   0.19679
   5123.9   0.19657
   5129.0   0.19632
   5134.1   0.19608
   5139.1   0.19584
   5144.3   0.19561
   5149.4   0.19537
   5154.5   0.19512
   5159.6   0.19488
   5164.7   0.19466
   5169.9   0.19441
   5175.0   0.19418
   5180.2   0.19393
   5185.4   0.19369
   5190.6   0.19346
   5195.8   0.19323
   5201.0   0.19298
   5206.2   0.19274
   5211.5   0.19249
   5216.7   0.19224
   5222.0   0.19197
   5227.2   0.19173
   5232.5   0.19146
   5237.8   0.19120
   5243.1   0.19094
   5248.4   0.19068
   5253.7   0.19040
   5259.0   0.19012
   5264.4   0.18984
   5269.7   0.18961
   5275.1   0.18936
   5280.5   0.18913
   5285.8   0.18891
   5291.2   0.18871
   5296.6   0.18848
   5302.0   0.18828
   5307.5   0.18809
   5312.9   0.18790
   5318.4   0.18774
   5323.8   0.18760
   5329.3   0.18745
   5334.8   0.18731
   5340.3   0.18720
   5345.8   0.18711
   5351.3   0.18701
   5356.8   0.18692
   5362.4   0.18685
   5367.9   0.18678
   5373.5   0.18670
   5379.0   0.18666
   5384.6   0.18660
   5390.2   0.18656
   5395.8   0.18652
   5401.5   0.18648
   5407.1   0.18641
   5412.7   0.18636
   5418.4   0.18630
   5424.1   0.18624
   5429.7   0.18614
   5435.4   0.18604
   5441.1   0.18596
   5446.9   0.18591
   5452.6   0.18582
   5458.3   0.18575
   5464.1   0.18567
   5469.8   0.18559
   5475.6   0.18548
   5481.4   0.18539
   5487.2   0.18529
   5493.0   0.18519
   5498.8   0.18507
   5504.7   0.18499
   5510.5   0.18488
   5516.4   0.18479
   5522.3   0.18466
   5528.1   0.18451
   5534.0   0.18433
   5540.0   0.18418
   5545.9   0.18400
   5551.8   0.18386
   5557.8   0.18369
   5563.7   0.18350
   5569.7   0.18330
   5575.7   0.18315
   5581.7   0.18295
   5587.7   0.18273
   5593.7   0.18250
   5599.8   0.18230
   5605.8   0.18207
   5611.9   0.18184
   5618.0   0.18159
   5624.1   0.18133
   5630.2   0.18106
   5636.3   0.18084
   5642.4   0.18061
   5648.6   0.18035
   5654.7   0.18009
   5660.9   0.17985
   5667.1   0.17958
   5673.3   0.17934
   5679.5   0.17905
   5685.7   0.17873
   5692.0   0.17836
   5698.2   0.17792
   5704.5   0.17740
   5710.8   0.17687
   5717.1   0.17627
   5723.4   0.17569
   5729.7   0.17514
   5736.0   0.17466
   5742.4   0.17418
   5748.8   0.17374
   5755.1   0.17323
   5761.5   0.17277
   5768.0   0.17226
   5774.4   0.17165
   5780.8   0.17104
   5787.3   0.17045
   5793.7   0.16991
   5800.2   0.16957
   5806.7   0.16955
   5813.2   0.16982
   5819.7   0.16998
   5826.3   0.16984
   5832.8   0.16939
   5839.4   0.16884
   5846.0   0.16815
   5852.6   0.16739
   5859.2   0.16652
   5865.8   0.16555
   5872.5   0.16448
   5879.1   0.16341
   5885.8   0.16215
   5892.5   0.16097
   5899.2   0.15972
   5905.9   0.15846
   5912.6   0.15722
   5919.4   0.15596
   5926.2   0.15468
   5932.9   0.15346
   5939.7   0.15210
   5946.5   0.15074
   5953.4   0.14941
   5960.2   0.14812
   5967.1   0.14684
   5974.0   0.14556
   5980.8   0.14433
   5987.8   0.14317
   5994.7   0.14197
   6001.6   0.14084
   6008.6   0.13976
   6015.5   0.13875
   6022.5   0.13776
   6029.5   0.13687
   6036.5   0.13609
   6043.6   0.13548
   6050.6   0.13488
   6057.7   0.13425
   6064.8   0.13373
   6071.9   0.13330
   6079.0   0.13282
   6086.1   0.13234
   6093.3   0.13187
   6100.5   0.13139
   6107.6   0.13093
   6114.9   0.13049
   6122.1   0.12994
   6129.3   0.12945
   6136.5   0.12900
   6143.8   0.12854
   6151.1   0.12808
   6158.4   0.12766
   6165.7   0.12720
   6173.1   0.12676
   6180.4   0.12636
   6187.8   0.12596
   6195.2   0.12553
   6202.6   0.12519
   6210.0   0.12491
   6217.5   0.12470
   6225.0   0.12454
   6232.4   0.12444
   6239.9   0.12438
   6247.5   0.12439
   6255.0   0.12444
   6262.5   0.12460
   6270.1   0.12483
   6277.7   0.12515
   6285.3   0.12554
   6293.0   0.12605
   6300.6   0.12668
   6308.3   0.12740
   6315.9   0.12815
   6323.6   0.12894
   6331.4   0.12975
   6339.1   0.13061
   6346.9   0.13149
   6354.6   0.13225
   6362.4   0.13300
   6370.3   0.13378
   6378.1   0.13445
   6385.9   0.13499
   6393.8   0.13549
   6401.7   0.13591
   6409.6   0.13634
   6417.5   0.13669
   6425.5   0.13683
   6433.5   0.13698
   6441.5   0.13713
   6449.5   0.13727
   6457.5   0.13740
   6465.6   0.13755
   6473.6   0.13771
   6481.7   0.13790
   6489.8   0.13812
   6498.0   0.13837
   6506.1   0.13855
   6514.3   0.13879
   6522.5   0.13908
   6530.7   0.13931
   6539.0   0.13953
   6547.2   0.13975
   6555.5   0.13995
   6563.8   0.14012
   6572.1   0.14024
   6580.4   0.14027
   6588.8   0.14025
   6597.2   0.14023
   6605.6   0.14026
   6614.0   0.14040
   6622.5   0.14058
   6630.9   0.14084
   6639.4   0.14108
   6647.9   0.14120
   6656.5   0.14129
   6665.0   0.14139
   6673.6   0.14146
   6682.2   0.14152
   6690.8   0.14150
   6699.5   0.14144
   6708.1   0.14136
   6716.8   0.14122
   6725.5   0.14098
   6734.3   0.14061
   6743.0   0.14018
   6751.8   0.13970
   6760.6   0.13909
   6769.4   0.13841
   6778.3   0.13761
   6787.1   0.13669
   6796.0   0.13558
   6805.0   0.13448
   6813.9   0.13361
   6822.9   0.13299
   6831.9   0.13244
   6840.9   0.13188
   6849.9   0.13136
   6859.0   0.13088
   6868.0   0.13035
   6877.2   0.12983
   6886.3   0.12940
   6895.5   0.12903
   6904.6   0.12867
   6913.8   0.12833
   6923.1   0.12797
   6932.3   0.12758
   6941.6   0.12715
   6950.9   0.12671
   6960.2   0.12623
   6969.6   0.12573
   6979.0   0.12521
   6988.4   0.12471
   6997.8   0.12413
   7007.3   0.12357
   7016.8   0.12298
   7026.3   0.12235
   7035.8   0.12172
   7045.4   0.12110
   7054.9   0.12042
   7064.5   0.11975
   7074.2   0.11907
   7083.9   0.11842
   7093.5   0.11778
   7103.3   0.11717
   7113.0   0.11654
   7122.8   0.11593
   7132.6   0.11531
   7142.4   0.11469
   7152.2   0.11401
   7162.1   0.11334
   7172.0   0.11262
   7182.0   0.11187
   7191.9   0.11112
   7201.9   0.11038
   7211.9   0.10960
   7222.0   0.10880
   7232.0   0.10797
   7242.1   0.10716
   7252.3   0.10646
   7262.4   0.10590
   7272.6   0.10538
   7282.8   0.10486
   7293.1   0.10435
   7303.3   0.10385
   7313.6   0.10333
   7324.0   0.10284
   7334.3   0.10232
   7344.7   0.10181
   7355.1   0.10130
   7365.6   0.10081
   7376.1   0.10035
   7386.6   0.09991
   7397.1   0.09944
   7407.7   0.09900
   7418.3   0.09855
   7428.9   0.09811
   7439.6   0.09767
   7450.2   0.09723
   7461.0   0.09676
   7471.7   0.09627
   7482.5   0.09574
   7493.3   0.09519
   7504.1   0.09458
   7515.0   0.09390
   7525.9   0.09314
   7536.9   0.09235
   7547.9   0.09149
   7558.9   0.09064
   7569.9   0.08974
   7581.0   0.08881
   7592.0   0.08786
   7603.2   0.08693
   7614.4   0.08601
   7625.5   0.08512
   7636.8   0.08420
   7648.0   0.08329
   7659.3   0.08233
   7670.7   0.08134
   7682.0   0.08031
   7693.4   0.07926
   7704.9   0.07815
   7716.3   0.07700
   7727.8   0.07581
   7739.4   0.07465
   7750.9   0.07345
   7762.5   0.07229
   7774.2   0.07105
   7785.8   0.06978
   7797.5   0.06846
   7809.3   0.06712
   7821.1   0.06577
   7832.9   0.06441
   7844.7   0.06298
   7856.6   0.06152
   7868.5   0.05998
   7880.5   0.05839
   7892.5   0.05669
   7904.5   0.05494
   7916.6   0.05319
   7928.7   0.05156
   7940.8   0.04994
   7953.0   0.04833
   7965.2   0.04668
   7977.5   0.04505
   7989.8   0.04339
   8002.1   0.04180
   8014.5   0.04022
   8026.9   0.03872
   8039.3   0.03723
   8051.8   0.03583
   8064.3   0.03446
   8076.9   0.03316
   8089.5   0.03188
   8102.1   0.03069
   8114.8   0.02953
   8127.5   0.02846
   8140.3   0.02741
   8153.1   0.02645
   8165.9   0.02551
   8178.8   0.02464
   8191.7   0.02377
   8204.7   0.02299
   8217.7   0.02223
   8230.7   0.02155
   8243.8   0.02088
   8257.0   0.02025
   8270.1   0.01964
   8283.3   0.01910
   8296.6   0.01858
   8309.9   0.01813
   8323.2   0.01768
   8336.6   0.01727
   8350.0   0.01685
   8363.5   0.01654
   8377.0   0.01623
   8390.5   0.01597
   8404.2   0.01572
   8417.8   0.01552
   8431.5   0.01532
   8445.2   0.01518
   8459.0   0.01503
   8472.8   0.01492
   8486.7   0.01477
   8500.6   0.01466
   8514.5   0.01453
   8528.5   0.01446
   8542.6   0.01437
   8556.7   0.01430
   8570.8   0.01422
   8585.0   0.01419
   8599.3   0.01412
   8613.5   0.01410
   8627.9   0.01406
   8642.3   0.01406
   8656.7   0.01404
   8671.2   0.01408
   8685.7   0.01409
   8700.3   0.01411
   8714.9   0.01410
   8729.5   0.01414
   8744.3   0.01415
   8759.0   0.01422
   8773.9   0.01426
   8788.7   0.01433
   8803.7   0.01435
   8818.6   0.01442
   8833.7   0.01448
   8848.7   0.01458
   8863.8   0.01465
   8879.0   0.01477
   8894.3   0.01484
   8909.5   0.01494
   8924.9   0.01501
   8940.3   0.01511
   8955.7   0.01521
   8971.2   0.01533
   8986.8   0.01544
   9002.3   0.01556
   9018.0   0.01564
   9033.7   0.01573
   9049.5   0.01576
   9065.3   0.01583
   9081.2   0.01588
   9097.1   0.01594
   9113.1   0.01599
   9129.1   0.01609
   9145.2   0.01609
   9161.4   0.01609
   9177.6   0.01609
   9193.9   0.01614
   9210.2   0.01614
   9226.6   0.01617
   9243.0   0.01617
   9259.5   0.01619
   9276.1   0.01620
   9292.7   0.01625
   9309.4   0.01622
   9326.2   0.01624
   9343.0   0.01625
   9359.8   0.01629
   9376.8   0.01629
   9393.8   0.01630
   9410.8   0.01629
   9427.9   0.01631
   9445.1   0.01627
   9462.3   0.01630
   9479.6   0.01632
   9497.0   0.01638
   9514.4   0.01639
   9531.9   0.01642
   9549.4   0.01641
   9567.0   0.01642
   9584.7   0.01638
   9602.5   0.01638
   9620.3   0.01637
   9638.2   0.01638
   9656.1   0.01634
   9674.2   0.01636
   9692.2   0.01636
   9710.4   0.01640
   9728.6   0.01642
   9746.9   0.01646
   9765.2   0.01647
   9783.7   0.01653
   9802.2   0.01654
   9820.7   0.01657
   9839.4   0.01659
   9858.1   0.01664
   9876.8   0.01667
   9895.7   0.01673
   9914.6   0.01676
   9933.6   0.01678
   9952.7   0.01680
   9971.8   0.01687
   9991.0   0.01689
  10010.3   0.01695
  10029.7   0.01698
  10049.1   0.01704
  10068.6   0.01708
  10088.2   0.01714
  10107.9   0.01716
  10127.6   0.01723
  10147.5   0.01728
  10167.3   0.01732
  10187.3   0.01732
  10207.4   0.01738
  10227.5   0.01747
  10247.7   0.01758
  10268.0   0.01764
  10288.4   0.01773
  10308.8   0.01783
  10329.4   0.01799
  10350.0   0.01810
  10370.7   0.01825
  10391.5   0.01837
  10412.3   0.01849
  10433.3   0.01860
  10454.3   0.01874
  10475.4   0.01884
  10496.7   0.01894
  10517.9   0.01903
  10539.3   0.01914
  10560.8   0.01922
  10582.3   0.01934
  10604.0   0.01946
  10625.7   0.01966
  10647.5   0.01980
  10669.4   0.01994
  10691.4   0.02004
  10713.5   0.02021
  10735.7   0.02036
  10758.0   0.02050
  10780.3   0.02061
  10802.8   0.02072
  10825.4   0.02079
  10848.0   0.02088
  10870.8   0.02098
  10893.6   0.02109
  10916.5   0.02116
  10939.5   0.02124
  10962.7   0.02127
  10985.9   0.02134
  11009.2   0.02142
  11032.7   0.02154
  11056.2   0.02166
  11079.8   0.02181
  11103.5   0.02194
  11127.4   0.02215
  11151.3   0.02236
  11175.3   0.02263
  11199.5   0.02289
  11223.7   0.02316
  11248.0   0.02340
  11272.5   0.02368
  11297.1   0.02392
  11321.7   0.02423
  11346.5   0.02450
  11371.4   0.02481
  11396.4   0.02511
  11421.5   0.02543
  11446.7   0.02570
  11472.0   0.02599
  11497.5   0.02623
  11523.0   0.02651
  11548.7   0.02674
  11574.4   0.02704
  11600.3   0.02733
  11626.3   0.02764
  11652.5   0.02797
  11678.7   0.02835
  11705.1   0.02873
  11731.6   0.02912
  11758.2   0.02951
  11784.9   0.02994
  11811.7   0.03031
  11838.7   0.03069
  11865.8   0.03098
  11893.0   0.03131
  11920.3   0.03163
  11947.8   0.03195
  11975.4   0.03236
  12003.1   0.03291
  12031.0   0.03348
  12059.0   0.03412
  12087.1   0.03472
  12115.3   0.03526
  12143.7   0.03571
  12172.2   0.03612
  12200.8   0.03641
  12229.6   0.03661
  12258.5   0.03675
  12287.6   0.03681
  12316.8   0.03669
  12346.1   0.03649
  12375.5   0.03617
  12405.2   0.03578
  12434.9   0.03535
  12464.8   0.03491
  12494.8   0.03442
  12525.0   0.03392
  12555.3   0.03342
  12585.8   0.03294
  12616.4   0.03238
  12647.2   0.03186
  12678.1   0.03134
  12709.2   0.03084
  12740.4   0.03027
  12771.8   0.02972
  12803.3   0.02916
  12835.0   0.02867
  12866.9   0.02826
  12898.9   0.02791
  12931.1   0.02753
  12963.4   0.02723
  12995.9   0.02690
  13028.5   0.02656
  13061.3   0.02623
  13094.3   0.02592
  13127.5   0.02552
  13160.8   0.02519
  13194.3   0.02496
  13228.0   0.02477
  13261.8   0.02458
  13295.8   0.02445
  13330.0   0.02433
  13364.3   0.02420
  13398.8   0.02395
  13433.6   0.02369
  13468.5   0.02346
  13503.5   0.02320
  13538.8   0.02285
  13574.2   0.02259
  13609.9   0.02234
  13645.7   0.02214
  13681.7   0.02201
  13717.9   0.02196
  13754.3   0.02193
  13790.8   0.02198
  13827.6   0.02202
  13864.6   0.02207
  13901.8   0.02209
  13939.2   0.02215
  13976.7   0.02212
  14014.5   0.02201
  14052.5   0.02188
  14090.7   0.02172
  14129.0   0.02148
  14167.6   0.02126
  14206.5   0.02104
  14245.5   0.02084
  14284.7   0.02061
  14324.2   0.02041
  14363.9   0.02020
  14403.8   0.01999
  14443.9   0.01975
  14484.3   0.01954
  14524.8   0.01925
  14565.6   0.01899
  14606.7   0.01874
  14647.9   0.01858
  14689.4   0.01840
  14731.2   0.01826
  14773.1   0.01812
  14815.3   0.01804
  14857.8   0.01790
  14900.5   0.01783
  14943.4   0.01783
  14986.6   0.01785
  15030.0   0.01778
  15073.7   0.01779
  15117.7   0.01775
  15161.9   0.01774
  15206.3   0.01764
  15251.1   0.01750
  15296.1   0.01735
  15341.3   0.01718
  15386.8   0.01693
  15432.6   0.01671
  15478.7   0.01647
  15525.0   0.01630
  15571.7   0.01617
  15618.6   0.01610
  15665.8   0.01597
  15713.2   0.01591
  15761.0   0.01598
  15809.0   0.01609
  15857.4   0.01610
  15906.0   0.01613
  15955.0   0.01617
  16004.2   0.01629
  16053.8   0.01637
  16103.6   0.01642
  16153.8   0.01639
  16204.3   0.01641
  16255.1   0.01642
  16306.2   0.01641
  16357.6   0.01637
  16409.4   0.01645
  16461.5   0.01654
  16513.9   0.01668
  16566.7   0.01665
  16619.8   0.01667
  16673.2   0.01677
  16727.0   0.01689
  16781.1   0.01697
  16835.6   0.01712
  16890.5   0.01720
  16945.7   0.01724
  17001.2   0.01724
  17057.2   0.01730
  17113.4   0.01738
  17170.1   0.01754
  17227.2   0.01758
  17284.6   0.01757
  17342.4   0.01759
  17400.6   0.01762
  17459.2   0.01765
  17518.2   0.01775
  17577.5   0.01787
  17637.3   0.01815
  17697.5   0.01824
  17758.1   0.01838
  17819.2   0.01836
  17880.6   0.01832
  17942.5   0.01834
  18004.8   0.01836
  18067.5   0.01828
  18130.7   0.01842
  18194.3   0.01850
  18258.4   0.01859
  18322.9   0.01865
  18387.9   0.01891
  18453.3   0.01906
  18519.2   0.01921
  18585.6   0.01930
  18652.4   0.01942
  18719.8   0.01953
  18787.6   0.01974
  18855.9   0.01979
  18924.7   0.01985
  18994.1   0.01988
  19063.9   0.01998
  19134.2   0.02006
  19205.1   0.02015
  19276.5   0.02033
  19348.4   0.02057
  19420.9   0.02074
  19493.9   0.02096
  19567.5   0.02107
  19641.6   0.02119
  19716.3   0.02122
  19791.5   0.02132
  19867.3   0.02126
  19943.8   0.02131
  20020.8   0.02125
  20098.4   0.02131
  20176.6   0.02137
  20255.4   0.02141
  20334.8   0.02115
  20414.9   0.02114
  20495.6   0.02129
  20576.9   0.02134
  20658.9   0.02130
  20741.5   0.02140
  20824.8   0.02137
  20908.8   0.02142
  20993.4   0.02148
  21078.8   0.02156
  21164.8   0.02162
  21251.6   0.02180
  21339.0   0.02170
  21427.2   0.02141
  21516.1   0.02139
  21605.8   0.02182
  21696.2   0.02199
  21787.3   0.02177
  21879.3   0.02177
  21972.0   0.02202
  22065.5   0.02183
  22159.7   0.02169
  22254.8   0.02162
  22350.8   0.02169
  22447.5   0.02138
  22545.1   0.02139
  22643.6   0.02140
  22742.9   0.02149
  22843.1   0.02147
  22944.2   0.02137
  23046.1   0.02129
  23149.0   0.02141
  23252.8   0.02137
  23357.6   0.02134
  23463.3   0.02128
  23569.9   0.02138
  23677.5   0.02132
  23786.1   0.02132
  23895.8   0.02139
  24006.4   0.02138
  24118.0   0.02105
  24230.7   0.02105
  24344.5   0.02118
  24459.3   0.02132
  24575.3   0.02137
  24692.3   0.02147
  24810.4   0.02148
  24929.7   0.02164
  25050.1   0.02146
  25171.7   0.02156
  25294.5   0.02161
  25418.5   0.02178
  25543.7   0.02199
  25670.2   0.02210
  25797.9   0.02218
  25926.9   0.02237
  26057.2   0.02257
  26188.8   0.02281
  26321.7   0.02284
  26456.0   0.02295
  26591.7   0.02307
  26728.8   0.02321
  26867.2   0.02295
  27007.2   0.02297
  27148.6   0.02326
  27291.5   0.02339
  27435.9   0.02328
  27581.8   0.02322
  27729.3   0.02306
  27878.4   0.02297
  28029.1   0.02283
  28181.4   0.02292
  28335.4   0.02297
  28491.1   0.02331
  28648.5   0.02354
  28807.7   0.02357
  28968.6   0.02341
  29131.3   0.02320
  29295.9   0.02337
  29462.4   0.02358
  29630.7   0.02359
  29801.0   0.02397
  29973.3   0.02410
  30147.5   0.02422
  30323.8   0.02461
  30502.2   0.02499
  30682.7   0.02476
  30865.3   0.02471
  31050.2   0.02459
  31237.2   0.02453
  31426.5   0.02455
  31618.2   0.02473
  31812.1   0.02474
  32008.5   0.02481
  32207.3   0.02426
  32408.6   0.02360
  32612.4   0.02425
  32818.8   0.02537
  33027.9   0.02522
  33239.6   0.02466
  33454.1   0.02427
  33671.3   0.02445
  33891.4   0.02493
  34114.3   0.02491
  34340.3   0.02451
  34569.2   0.02426
  34801.2   0.02427
  35036.3   0.02443
  35274.7   0.02408
  35516.3   0.02380
  35761.2   0.02360
  36009.6   0.02375
  36261.4   0.02353
  36516.7   0.02312
  36775.7   0.02272
  37038.4   0.02290
  37304.9   0.02268
  37575.2   0.02259
  37849.5   0.02232
  38127.8   0.02154
  38410.2   0.02052
  38696.8   0.02127
  38987.8   0.02152
  39283.2   0.02157
  39583.0   0.02081
  39887.5   0.02014
  40196.7   0.01983
  40510.8   0.02076
  40829.8   0.02030
  41153.8   0.02005
  41483.0   0.01978
  41817.6   0.01948
  42157.5   0.02062
  42503.1   0.02100
  42854.4   0.02048
  43211.5   0.01977
  43574.6   0.01853
  43943.9   0.01928
  44319.5   0.02038
  44701.5   0.02059
  45090.2   0.01940
  45485.8   0.01870
  45888.3   0.01844
  46298.0   0.01839
  46715.1   0.01849
  47139.8   0.01865
  47572.3   0.01814
  48012.8   0.01765
  48461.5   0.01902
  48918.7   0.01916
  49384.6   0.02008
  49859.4   0.02029



 BIR1LR075           .ASC                        

 LR-CMP-075                                                              
 12001,876 <10 um                                                        
 Connected at 22.3 um                                                    

 Source Ang: 30.00   Detect Ang:  0.00  Volt: 1.222
 Date: 21-MAY-08   Time: 12:10:17
