      3579
   1428.42   .052870
   1428.82   .053092
   1429.21   .052802
   1429.60   .052950
   1430.00   .053605
   1430.39   .053898
   1430.79   .053965
   1431.18   .053530
   1431.58   .052740
   1431.97   .053241
   1432.37   .054190
   1432.77   .053977
   1433.16   .053529
   1433.56   .053536
   1433.95   .053153
   1434.35   .052935
   1434.75   .052442
   1435.14   .052456
   1435.54   .052745
   1435.94   .052781
   1436.34   .052883
   1436.74   .053186
   1437.13   .052990
   1437.53   .052860
   1437.93   .053327
   1438.33   .053272
   1438.73   .053127
   1439.13   .052836
   1439.53   .052092
   1439.93   .052101
   1440.33   .053249
   1440.73   .053556
   1441.13   .053003
   1441.53   .052883
   1441.93   .052916
   1442.33   .052504
   1442.73   .052454
   1443.13   .052393
   1443.54   .052381
   1443.94   .052499
   1444.34   .052894
   1444.74   .053064
   1445.14   .052666
   1445.55   .052493
   1445.95   .053018
   1446.35   .053354
   1446.76   .052875
   1447.16   .052670
   1447.57   .052938
   1447.97   .052917
   1448.37   .052610
   1448.78   .052450
   1449.18   .052522
   1449.59   .052701
   1449.99   .052663
   1450.40   .052527
   1450.81   .052368
   1451.21   .052490
   1451.62   .053181
   1452.03   .053243
   1452.43   .053250
   1452.84   .053008
   1453.25   .052858
   1453.65   .052993
   1454.06   .052748
   1454.47   .052516
   1454.88   .052684
   1455.29   .052580
   1455.69   .052355
   1456.10   .052314
   1456.51   .052649
   1456.92   .053160
   1457.33   .053534
   1457.74   .053106
   1458.15   .052298
   1458.56   .051919
   1458.97   .052042
   1459.38   .051969
   1459.79   .052459
   1460.20   .053106
   1460.62   .053195
   1461.03   .052514
   1461.44   .052300
   1461.85   .052433
   1462.26   .052835
   1462.68   .053167
   1463.09   .052492
   1463.50   .052558
   1463.91   .052874
   1464.33   .052668
   1464.74   .052714
   1465.16   .052412
   1465.57   .052697
   1465.98   .053085
   1466.40   .052961
   1466.81   .052614
   1467.23   .052802
   1467.64   .052835
   1468.06   .052620
   1468.48   .052795
   1468.89   .053043
   1469.31   .052764
   1469.72   .052176
   1470.14   .052151
   1470.56   .052587
   1470.97   .052681
   1471.39   .052308
   1471.81   .052004
   1472.23   .052016
   1472.65   .052184
   1473.06   .052696
   1473.48   .052661
   1473.90   .052403
   1474.32   .052471
   1474.74   .052429
   1475.16   .052468
   1475.58   .052628
   1476.00   .052953
   1476.42   .052934
   1476.84   .053183
   1477.26   .052978
   1477.68   .052720
   1478.10   .052808
   1478.53   .052498
   1478.95   .052238
   1479.37   .051977
   1479.79   .051730
   1480.21   .052122
   1480.64   .052351
   1481.06   .052785
   1481.48   .052735
   1481.91   .051943
   1482.33   .051891
   1482.75   .052369
   1483.18   .052545
   1483.60   .052805
   1484.03   .052299
   1484.45   .051950
   1484.88   .052374
   1485.30   .052627
   1485.73   .052440
   1486.15   .052319
   1486.58   .052518
   1487.01   .052391
   1487.43   .052448
   1487.86   .052659
   1488.29   .052491
   1488.71   .051970
   1489.14   .051788
   1489.57   .051794
   1490.00   .051858
   1490.43   .052014
   1490.85   .052092
   1491.28   .052311
   1491.71   .052535
   1492.14   .052744
   1492.57   .052420
   1493.00   .052005
   1493.43   .052131
   1493.86   .052549
   1494.29   .052829
   1494.72   .053110
   1495.15   .052867
   1495.58   .052369
   1496.02   .052233
   1496.45   .052624
   1496.88   .052586
   1497.31   .052021
   1497.74   .052102
   1498.18   .051966
   1498.61   .051894
   1499.04   .052344
   1499.48   .052373
   1499.91   .052494
   1500.35   .052597
   1500.78   .052366
   1501.21   .052139
   1501.65   .052202
   1502.08   .052270
   1502.52   .052342
   1502.95   .052308
   1503.39   .052175
   1503.83   .051713
   1504.26   .051641
   1504.70   .052060
   1505.14   .052385
   1505.57   .052177
   1506.01   .052087
   1506.45   .052268
   1506.89   .052232
   1507.32   .052295
   1507.76   .052426
   1508.20   .052220
   1508.64   .052302
   1509.08   .052606
   1509.52   .052993
   1509.96   .052767
   1510.40   .052301
   1510.84   .052460
   1511.28   .052389
   1511.72   .052119
   1512.16   .051420
   1512.60   .051667
   1513.04   .051947
   1513.48   .051981
   1513.93   .051982
   1514.37   .051781
   1514.81   .052057
   1515.25   .052400
   1515.70   .052067
   1516.14   .051861
   1516.58   .051974
   1517.03   .052538
   1517.47   .052673
   1517.92   .052412
   1518.36   .052255
   1518.80   .051935
   1519.25   .051591
   1519.69   .051905
   1520.14   .052212
   1520.59   .052084
   1521.03   .051883
   1521.48   .051820
   1521.93   .052008
   1522.37   .051971
   1522.82   .051906
   1523.27   .051771
   1523.71   .051781
   1524.16   .051810
   1524.61   .052053
   1525.06   .052330
   1525.51   .052223
   1525.96   .052275
   1526.41   .052413
   1526.86   .052313
   1527.31   .052045
   1527.76   .051793
   1528.21   .051806
   1528.66   .051701
   1529.11   .051723
   1529.56   .052282
   1530.01   .052403
   1530.46   .052055
   1530.91   .051697
   1531.37   .051821
   1531.82   .051963
   1532.27   .052077
   1532.72   .052099
   1533.18   .051905
   1533.63   .051603
   1534.08   .051767
   1534.54   .052236
   1534.99   .052222
   1535.45   .052025
   1535.90   .052126
   1536.36   .052085
   1536.81   .052057
   1537.27   .052009
   1537.72   .052106
   1538.18   .051927
   1538.64   .051864
   1539.09   .052100
   1539.55   .052252
   1540.01   .052086
   1540.46   .051664
   1540.92   .051682
   1541.38   .052011
   1541.84   .052038
   1542.30   .051766
   1542.76   .051698
   1543.22   .051921
   1543.68   .051955
   1544.14   .051832
   1544.59   .051689
   1545.06   .051862
   1545.52   .051897
   1545.98   .051778
   1546.44   .051719
   1546.90   .051659
   1547.36   .051861
   1547.82   .052065
   1548.29   .052378
   1548.75   .052247
   1549.21   .051973
   1549.67   .051774
   1550.14   .051878
   1550.60   .052156
   1551.06   .052437
   1551.53   .052405
   1551.99   .052062
   1552.46   .051822
   1552.92   .051976
   1553.39   .051994
   1553.85   .051800
   1554.32   .051743
   1554.79   .052020
   1555.25   .052140
   1555.72   .052318
   1556.19   .052262
   1556.65   .051861
   1557.12   .051699
   1557.59   .051829
   1558.06   .051686
   1558.52   .051638
   1558.99   .051746
   1559.46   .051842
   1559.93   .051506
   1560.40   .051559
   1560.87   .051548
   1561.34   .051438
   1561.81   .051804
   1562.28   .052061
   1562.75   .051957
   1563.22   .051565
   1563.69   .051379
   1564.17   .051654
   1564.64   .051769
   1565.11   .051645
   1565.58   .051602
   1566.06   .051663
   1566.53   .051948
   1567.00   .051920
   1567.48   .051858
   1567.95   .051947
   1568.42   .051972
   1568.90   .052014
   1569.37   .051982
   1569.85   .051867
   1570.32   .052090
   1570.80   .051981
   1571.28   .051716
   1571.75   .051648
   1572.23   .051838
   1572.71   .051962
   1573.18   .052102
   1573.66   .051652
   1574.14   .051683
   1574.62   .051938
   1575.10   .051935
   1575.57   .051955
   1576.05   .051999
   1576.53   .052057
   1577.01   .052093
   1577.49   .051885
   1577.97   .051778
   1578.45   .051813
   1578.93   .051772
   1579.41   .051836
   1579.89   .051921
   1580.38   .051768
   1580.86   .051860
   1581.34   .052040
   1581.82   .052102
   1582.31   .052083
   1582.79   .052035
   1583.27   .051937
   1583.76   .051790
   1584.24   .051604
   1584.72   .051840
   1585.21   .051925
   1585.69   .051774
   1586.18   .051665
   1586.66   .051559
   1587.15   .051661
   1587.64   .051810
   1588.12   .051819
   1588.61   .051798
   1589.10   .051884
   1589.58   .051672
   1590.07   .051512
   1590.56   .051524
   1591.05   .051494
   1591.53   .051498
   1592.02   .051548
   1592.51   .051319
   1593.00   .051315
   1593.49   .051702
   1593.98   .051739
   1594.47   .051761
   1594.96   .051926
   1595.45   .051653
   1595.94   .051400
   1596.43   .051248
   1596.93   .051014
   1597.42   .051289
   1597.91   .051690
   1598.40   .051878
   1598.90   .051839
   1599.39   .051708
   1599.88   .051488
   1600.38   .051571
   1600.87   .051822
   1601.37   .051777
   1601.86   .051480
   1602.35   .051618
   1602.85   .051560
   1603.35   .051374
   1603.84   .051545
   1604.34   .051614
   1604.83   .051591
   1605.33   .051781
   1605.83   .051683
   1606.33   .051470
   1606.82   .051572
   1607.32   .051572
   1607.82   .051581
   1608.32   .051672
   1608.82   .051553
   1609.32   .051597
   1609.82   .051726
   1610.32   .051649
   1610.82   .051686
   1611.32   .051730
   1611.82   .051812
   1612.32   .051944
   1612.82   .051892
   1613.32   .051746
   1613.83   .051612
   1614.33   .051652
   1614.83   .051422
   1615.33   .051514
   1615.84   .051521
   1616.34   .051472
   1616.85   .051413
   1617.35   .051470
   1617.85   .051629
   1618.36   .051617
   1618.87   .051601
   1619.37   .051693
   1619.88   .051676
   1620.38   .051697
   1620.89   .051755
   1621.40   .051733
   1621.90   .051519
   1622.41   .051489
   1622.92   .051686
   1623.43   .051682
   1623.94   .051426
   1624.44   .051460
   1624.95   .051419
   1625.46   .051397
   1625.97   .051455
   1626.48   .051677
   1626.99   .051616
   1627.50   .051501
   1628.01   .051511
   1628.53   .051458
   1629.04   .051558
   1629.55   .051440
   1630.06   .051445
   1630.57   .051690
   1631.09   .051676
   1631.60   .051369
   1632.11   .051327
   1632.63   .051422
   1633.14   .051414
   1633.66   .051284
   1634.17   .051182
   1634.69   .051363
   1635.20   .051790
   1635.72   .051794
   1636.23   .051695
   1636.75   .051641
   1637.27   .051610
   1637.79   .051568
   1638.30   .051572
   1638.82   .051599
   1639.34   .051519
   1639.86   .051342
   1640.38   .050997
   1640.90   .051173
   1641.41   .051462
   1641.93   .051288
   1642.45   .050972
   1642.98   .051077
   1643.50   .051160
   1644.02   .051175
   1644.54   .051208
   1645.06   .051470
   1645.58   .051644
   1646.11   .051717
   1646.63   .051686
   1647.15   .051508
   1647.67   .051431
   1648.20   .051473
   1648.72   .051524
   1649.25   .051428
   1649.77   .051530
   1650.30   .051491
   1650.82   .051306
   1651.35   .051404
   1651.87   .051475
   1652.40   .051541
   1652.93   .051614
   1653.45   .051409
   1653.98   .051395
   1654.51   .051546
   1655.04   .051627
   1655.57   .051807
   1656.10   .051754
   1656.62   .051469
   1657.15   .051389
   1657.68   .051388
   1658.21   .051295
   1658.74   .051159
   1659.28   .051172
   1659.81   .051371
   1660.34   .051286
   1660.87   .051141
   1661.40   .051303
   1661.93   .051332
   1662.47   .051142
   1663.00   .051028
   1663.53   .051082
   1664.07   .051320
   1664.60   .051545
   1665.14   .051594
   1665.67   .051518
   1666.21   .051596
   1666.74   .051542
   1667.28   .051388
   1667.82   .051350
   1668.35   .051471
   1668.89   .051298
   1669.43   .051219
   1669.96   .051179
   1670.50   .051271
   1671.04   .051380
   1671.58   .051316
   1672.12   .051409
   1672.66   .051389
   1673.20   .051417
   1673.74   .051264
   1674.28   .051109
   1674.82   .051088
   1675.36   .051197
   1675.90   .051140
   1676.44   .051159
   1676.99   .051243
   1677.53   .051522
   1678.07   .051524
   1678.61   .051420
   1679.16   .051363
   1679.70   .051147
   1680.25   .051146
   1680.79   .051049
   1681.34   .051061
   1681.88   .051193
   1682.43   .051236
   1682.97   .051160
   1683.52   .051091
   1684.07   .051129
   1684.61   .051259
   1685.16   .051423
   1685.71   .051581
   1686.26   .051466
   1686.81   .051282
   1687.35   .051152
   1687.90   .051116
   1688.45   .051159
   1689.00   .051145
   1689.55   .050982
   1690.11   .051169
   1690.66   .051384
   1691.21   .051327
   1691.76   .051085
   1692.31   .050976
   1692.86   .050994
   1693.42   .051232
   1693.97   .051164
   1694.52   .050967
   1695.08   .050969
   1695.63   .050798
   1696.19   .050706
   1696.74   .050896
   1697.30   .051138
   1697.85   .051344
   1698.41   .051242
   1698.97   .051006
   1699.52   .050960
   1700.08   .051051
   1700.64   .051066
   1701.20   .051077
   1701.75   .051224
   1702.31   .051166
   1702.87   .051153
   1703.43   .051278
   1703.99   .051351
   1704.55   .051254
   1705.11   .051083
   1705.67   .051037
   1706.23   .050981
   1706.80   .051040
   1707.36   .050986
   1707.92   .050921
   1708.48   .050918
   1709.05   .050878
   1709.61   .050771
   1710.17   .050952
   1710.74   .051110
   1711.30   .051105
   1711.87   .051067
   1712.43   .051046
   1713.00   .051042
   1713.57   .051225
   1714.13   .051179
   1714.70   .051082
   1715.27   .051063
   1715.83   .050945
   1716.40   .050930
   1716.97   .050978
   1717.54   .051042
   1718.11   .051098
   1718.68   .051120
   1719.25   .051060
   1719.82   .050970
   1720.39   .050979
   1720.96   .051000
   1721.53   .050917
   1722.10   .050804
   1722.67   .050815
   1723.25   .050981
   1723.82   .051026
   1724.39   .051027
   1724.97   .051003
   1725.54   .051073
   1726.12   .050989
   1726.69   .050953
   1727.27   .050843
   1727.84   .050784
   1728.42   .050914
   1728.99   .051004
   1729.57   .051028
   1730.15   .051045
   1730.73   .050958
   1731.30   .050848
   1731.88   .050988
   1732.46   .050964
   1733.04   .050753
   1733.62   .050765
   1734.20   .050834
   1734.78   .050705
   1735.36   .050803
   1735.94   .050808
   1736.52   .050710
   1737.10   .050711
   1737.69   .050825
   1738.27   .050843
   1738.85   .050876
   1739.43   .050965
   1740.02   .050953
   1740.60   .050802
   1741.19   .050696
   1741.77   .050826
   1742.36   .050926
   1742.94   .050875
   1743.53   .050844
   1744.12   .050759
   1744.70   .050731
   1745.29   .050846
   1745.88   .050852
   1746.47   .050775
   1747.05   .050826
   1747.64   .050637
   1748.23   .050413
   1748.82   .050483
   1749.41   .050700
   1750.00   .050999
   1750.59   .051019
   1751.19   .050889
   1751.78   .050934
   1752.37   .050874
   1752.96   .050805
   1753.55   .050730
   1754.15   .050602
   1754.74   .050775
   1755.34   .050946
   1755.93   .050806
   1756.52   .050710
   1757.12   .050731
   1757.72   .050775
   1758.31   .050799
   1758.91   .050782
   1759.50   .050734
   1760.10   .050672
   1760.70   .050716
   1761.30   .050809
   1761.90   .050800
   1762.50   .050746
   1763.09   .050666
   1763.69   .050765
   1764.29   .050724
   1764.90   .050545
   1765.50   .050623
   1766.10   .050702
   1766.70   .050610
   1767.30   .050532
   1767.90   .050553
   1768.51   .050601
   1769.11   .050623
   1769.71   .050712
   1770.32   .050672
   1770.92   .050603
   1771.53   .050551
   1772.13   .050545
   1772.74   .050610
   1773.35   .050592
   1773.95   .050540
   1774.56   .050568
   1775.17   .050618
   1775.78   .050678
   1776.38   .050689
   1776.99   .050598
   1777.60   .050494
   1778.21   .050583
   1778.82   .050746
   1779.43   .050651
   1780.04   .050483
   1780.65   .050653
   1781.27   .050761
   1781.88   .050726
   1782.49   .050595
   1783.10   .050650
   1783.72   .050794
   1784.33   .050681
   1784.95   .050512
   1785.56   .050477
   1786.18   .050475
   1786.79   .050477
   1787.41   .050607
   1788.02   .050718
   1788.64   .050663
   1789.26   .050569
   1789.88   .050503
   1790.49   .050498
   1791.11   .050464
   1791.73   .050372
   1792.35   .050415
   1792.97   .050533
   1793.59   .050567
   1794.21   .050572
   1794.83   .050514
   1795.45   .050605
   1796.08   .050608
   1796.70   .050584
   1797.32   .050613
   1797.94   .050531
   1798.57   .050433
   1799.19   .050502
   1799.82   .050579
   1800.44   .050467
   1801.07   .050423
   1801.69   .050436
   1802.32   .050437
   1802.95   .050513
   1803.57   .050555
   1804.20   .050514
   1804.83   .050467
   1805.46   .050641
   1806.09   .050663
   1806.71   .050533
   1807.34   .050482
   1807.98   .050459
   1808.61   .050474
   1809.24   .050491
   1809.87   .050497
   1810.50   .050523
   1811.13   .050514
   1811.77   .050457
   1812.40   .050440
   1813.03   .050424
   1813.67   .050433
   1814.30   .050486
   1814.94   .050408
   1815.57   .050329
   1816.21   .050366
   1816.84   .050563
   1817.48   .050630
   1818.12   .050466
   1818.76   .050372
   1819.39   .050353
   1820.03   .050330
   1820.67   .050534
   1821.31   .050641
   1821.95   .050545
   1822.59   .050518
   1823.23   .050516
   1823.88   .050551
   1824.52   .050584
   1825.16   .050450
   1825.80   .050373
   1826.44   .050342
   1827.09   .050259
   1827.73   .050276
   1828.38   .050347
   1829.02   .050403
   1829.67   .050420
   1830.31   .050333
   1830.96   .050419
   1831.61   .050570
   1832.25   .050539
   1832.90   .050448
   1833.55   .050421
   1834.20   .050471
   1834.85   .050512
   1835.50   .050403
   1836.15   .050331
   1836.80   .050341
   1837.45   .050315
   1838.10   .050318
   1838.75   .050444
   1839.40   .050531
   1840.06   .050522
   1840.71   .050406
   1841.36   .050439
   1842.02   .050456
   1842.67   .050374
   1843.33   .050304
   1843.98   .050337
   1844.64   .050425
   1845.30   .050428
   1845.95   .050431
   1846.61   .050407
   1847.27   .050298
   1847.93   .050306
   1848.59   .050438
   1849.25   .050397
   1849.90   .050306
   1850.57   .050323
   1851.23   .050288
   1851.89   .050301
   1852.55   .050368
   1853.21   .050463
   1853.87   .050492
   1854.54   .050413
   1855.20   .050296
   1855.86   .050257
   1856.53   .050324
   1857.19   .050381
   1857.86   .050399
   1858.53   .050361
   1859.19   .050360
   1859.86   .050299
   1860.53   .050336
   1861.19   .050477
   1861.86   .050509
   1862.53   .050379
   1863.20   .050246
   1863.87   .050218
   1864.54   .050355
   1865.21   .050392
   1865.88   .050266
   1866.55   .050273
   1867.23   .050294
   1867.90   .050274
   1868.57   .050304
   1869.25   .050365
   1869.92   .050402
   1870.59   .050308
   1871.27   .050213
   1871.95   .050189
   1872.62   .050223
   1873.30   .050272
   1873.98   .050392
   1874.65   .050426
   1875.33   .050478
   1876.01   .050308
   1876.69   .050188
   1877.37   .050218
   1878.05   .050238
   1878.73   .050247
   1879.41   .050229
   1880.09   .050100
   1880.77   .050082
   1881.46   .050301
   1882.14   .050386
   1882.82   .050393
   1883.51   .050339
   1884.19   .050291
   1884.88   .050334
   1885.56   .050245
   1886.25   .050215
   1886.93   .050280
   1887.62   .050216
   1888.31   .050178
   1889.00   .050281
   1889.68   .050331
   1890.37   .050297
   1891.06   .050265
   1891.75   .050242
   1892.44   .050333
   1893.13   .050362
   1893.83   .050279
   1894.52   .050360
   1895.21   .050362
   1895.90   .050247
   1896.60   .050230
   1897.29   .050253
   1897.99   .050180
   1898.68   .050155
   1899.38   .050162
   1900.07   .050186
   1900.77   .050234
   1901.47   .050275
   1902.16   .050265
   1902.86   .050294
   1903.56   .050310
   1904.26   .050277
   1904.96   .050238
   1905.66   .050247
   1906.36   .050277
   1907.06   .050291
   1907.76   .050294
   1908.46   .050247
   1909.17   .050247
   1909.87   .050279
   1910.57   .050253
   1911.28   .050266
   1911.98   .050337
   1912.69   .050303
   1913.39   .050259
   1914.10   .050373
   1914.81   .050466
   1915.52   .050386
   1916.22   .050285
   1916.93   .050222
   1917.64   .050203
   1918.35   .050281
   1919.06   .050300
   1919.77   .050268
   1920.48   .050235
   1921.19   .050269
   1921.91   .050356
   1922.62   .050296
   1923.33   .050244
   1924.05   .050266
   1924.76   .050244
   1925.47   .050180
   1926.19   .050227
   1926.91   .050224
   1927.62   .050241
   1928.34   .050268
   1929.06   .050295
   1929.77   .050262
   1930.49   .050172
   1931.21   .050148
   1931.93   .050233
   1932.65   .050240
   1933.37   .050164
   1934.09   .050222
   1934.82   .050281
   1935.54   .050277
   1936.26   .050281
   1936.98   .050252
   1937.71   .050231
   1938.43   .050171
   1939.16   .050115
   1939.88   .050176
   1940.61   .050281
   1941.34   .050328
   1942.06   .050306
   1942.79   .050274
   1943.52   .050243
   1944.25   .050351
   1944.98   .050347
   1945.71   .050181
   1946.44   .050166
   1947.17   .050186
   1947.90   .050217
   1948.63   .050295
   1949.36   .050259
   1950.10   .050124
   1950.83   .050133
   1951.57   .050294
   1952.30   .050339
   1953.04   .050259
   1953.77   .050198
   1954.51   .050255
   1955.25   .050268
   1955.98   .050238
   1956.72   .050236
   1957.46   .050265
   1958.20   .050298
   1958.94   .050230
   1959.68   .050162
   1960.42   .050153
   1961.16   .050150
   1961.90   .050121
   1962.65   .050197
   1963.39   .050231
   1964.13   .050210
   1964.88   .050223
   1965.62   .050243
   1966.37   .050237
   1967.11   .050208
   1967.86   .050169
   1968.61   .050132
   1969.36   .050178
   1970.10   .050324
   1970.85   .050360
   1971.60   .050301
   1972.35   .050256
   1973.10   .050234
   1973.85   .050224
   1974.61   .050225
   1975.36   .050299
   1976.11   .050354
   1976.86   .050296
   1977.62   .050240
   1978.37   .050160
   1979.13   .050206
   1979.88   .050269
   1980.64   .050350
   1981.40   .050342
   1982.16   .050319
   1982.91   .050296
   1983.67   .050264
   1984.43   .050227
   1985.19   .050270
   1985.95   .050323
   1986.71   .050216
   1987.47   .050245
   1988.24   .050316
   1989.00   .050309
   1989.76   .050418
   1990.53   .050338
   1991.29   .050211
   1992.06   .050224
   1992.82   .050310
   1993.59   .050366
   1994.35   .050375
   1995.12   .050379
   1995.89   .050363
   1996.66   .050344
   1997.43   .050315
   1998.20   .050295
   1998.97   .050285
   1999.74   .050274
   2000.51   .050304
   2001.28   .050258
   2002.05   .050176
   2002.83   .050193
   2003.60   .050327
   2004.38   .050368
   2005.15   .050279
   2005.93   .050237
   2006.70   .050318
   2007.48   .050486
   2008.26   .050509
   2009.04   .050460
   2009.82   .050499
   2010.59   .050428
   2011.37   .050374
   2012.16   .050344
   2012.94   .050319
   2013.72   .050328
   2014.50   .050319
   2015.28   .050322
   2016.07   .050338
   2016.85   .050318
   2017.64   .050260
   2018.42   .050242
   2019.21   .050333
   2019.99   .050427
   2020.78   .050415
   2021.57   .050379
   2022.36   .050321
   2023.15   .050341
   2023.94   .050420
   2024.73   .050421
   2025.52   .050346
   2026.31   .050338
   2027.10   .050400
   2027.90   .050442
   2028.69   .050364
   2029.48   .050227
   2030.28   .050228
   2031.07   .050313
   2031.87   .050289
   2032.67   .050313
   2033.46   .050368
   2034.26   .050411
   2035.06   .050475
   2035.86   .050488
   2036.66   .050454
   2037.46   .050481
   2038.26   .050441
   2039.06   .050376
   2039.86   .050378
   2040.67   .050433
   2041.47   .050430
   2042.27   .050426
   2043.08   .050359
   2043.88   .050367
   2044.69   .050386
   2045.50   .050329
   2046.30   .050332
   2047.11   .050397
   2047.92   .050406
   2048.73   .050396
   2049.54   .050402
   2050.35   .050424
   2051.16   .050431
   2051.97   .050413
   2052.79   .050409
   2053.60   .050386
   2054.41   .050394
   2055.23   .050365
   2056.04   .050402
   2056.86   .050450
   2057.67   .050424
   2058.49   .050394
   2059.31   .050417
   2060.13   .050505
   2060.95   .050490
   2061.76   .050458
   2062.58   .050417
   2063.41   .050394
   2064.23   .050430
   2065.05   .050472
   2065.87   .050501
   2066.70   .050507
   2067.52   .050454
   2068.34   .050416
   2069.17   .050444
   2070.00   .050530
   2070.82   .050558
   2071.65   .050523
   2072.48   .050497
   2073.31   .050481
   2074.14   .050415
   2074.97   .050430
   2075.80   .050464
   2076.63   .050503
   2077.46   .050470
   2078.29   .050408
   2079.13   .050402
   2079.96   .050413
   2080.80   .050443
   2081.63   .050488
   2082.47   .050467
   2083.30   .050415
   2084.14   .050454
   2084.98   .050532
   2085.82   .050477
   2086.66   .050421
   2087.50   .050423
   2088.34   .050451
   2089.18   .050479
   2090.02   .050495
   2090.86   .050533
   2091.71   .050525
   2092.55   .050493
   2093.40   .050471
   2094.24   .050418
   2095.09   .050376
   2095.94   .050497
   2096.78   .050568
   2097.63   .050530
   2098.48   .050526
   2099.33   .050546
   2100.18   .050530
   2101.03   .050512
   2101.88   .050544
   2102.74   .050577
   2103.59   .050501
   2104.44   .050512
   2105.30   .050604
   2106.15   .050604
   2107.01   .050502
   2107.87   .050482
   2108.72   .050566
   2109.58   .050569
   2110.44   .050536
   2111.30   .050545
   2112.16   .050516
   2113.02   .050478
   2113.88   .050530
   2114.74   .050592
   2115.61   .050618
   2116.47   .050639
   2117.33   .050607
   2118.20   .050528
   2119.07   .050509
   2119.93   .050523
   2120.80   .050530
   2121.67   .050566
   2122.54   .050519
   2123.40   .050535
   2124.27   .050608
   2125.15   .050572
   2126.02   .050598
   2126.89   .050607
   2127.76   .050548
   2128.64   .050573
   2129.51   .050638
   2130.38   .050670
   2131.26   .050696
   2132.14   .050659
   2133.01   .050597
   2133.89   .050586
   2134.77   .050555
   2135.65   .050478
   2136.53   .050477
   2137.41   .050531
   2138.29   .050579
   2139.17   .050632
   2140.06   .050664
   2140.94   .050665
   2141.82   .050661
   2142.71   .050623
   2143.60   .050588
   2144.48   .050641
   2145.37   .050666
   2146.26   .050644
   2147.15   .050630
   2148.04   .050609
   2148.93   .050625
   2149.82   .050635
   2150.71   .050612
   2151.60   .050589
   2152.50   .050553
   2153.39   .050538
   2154.28   .050595
   2155.18   .050664
   2156.08   .050687
   2156.97   .050652
   2157.87   .050676
   2158.77   .050674
   2159.67   .050594
   2160.57   .050563
   2161.47   .050549
   2162.37   .050583
   2163.27   .050657
   2164.18   .050678
   2165.08   .050673
   2165.98   .050671
   2166.89   .050619
   2167.79   .050652
   2168.70   .050630
   2169.61   .050594
   2170.52   .050615
   2171.43   .050678
   2172.34   .050738
   2173.25   .050693
   2174.16   .050695
   2175.07   .050683
   2175.98   .050675
   2176.90   .050691
   2177.81   .050647
   2178.73   .050609
   2179.64   .050658
   2180.56   .050701
   2181.48   .050704
   2182.39   .050658
   2183.31   .050639
   2184.23   .050653
   2185.15   .050642
   2186.08   .050633
   2187.00   .050643
   2187.92   .050715
   2188.84   .050718
   2189.77   .050733
   2190.69   .050755
   2191.62   .050721
   2192.55   .050619
   2193.47   .050563
   2194.40   .050589
   2195.33   .050598
   2196.26   .050619
   2197.19   .050663
   2198.12   .050619
   2199.06   .050628
   2199.99   .050654
   2200.92   .050625
   2201.86   .050616
   2202.79   .050630
   2203.73   .050633
   2204.67   .050624
   2205.60   .050651
   2206.54   .050697
   2207.48   .050673
   2208.42   .050694
   2209.36   .050673
   2210.31   .050631
   2211.25   .050630
   2212.19   .050650
   2213.14   .050699
   2214.08   .050706
   2215.03   .050736
   2215.97   .050749
   2216.92   .050663
   2217.87   .050624
   2218.82   .050648
   2219.77   .050744
   2220.72   .050799
   2221.67   .050775
   2222.62   .050790
   2223.58   .050760
   2224.53   .050782
   2225.49   .050846
   2226.44   .050815
   2227.40   .050724
   2228.35   .050787
   2229.31   .050830
   2230.27   .050779
   2231.23   .050736
   2232.19   .050699
   2233.15   .050749
   2234.12   .050826
   2235.08   .050852
   2236.04   .050808
   2237.01   .050775
   2237.97   .050787
   2238.94   .050816
   2239.91   .050846
   2240.87   .050889
   2241.84   .050879
   2242.81   .050851
   2243.78   .050822
   2244.76   .050792
   2245.73   .050793
   2246.70   .050819
   2247.67   .050817
   2248.65   .050801
   2249.63   .050816
   2250.60   .050857
   2251.58   .050884
   2252.56   .050872
   2253.54   .050831
   2254.52   .050857
   2255.50   .050866
   2256.48   .050835
   2257.46   .050842
   2258.44   .050859
   2259.43   .050836
   2260.41   .050791
   2261.40   .050849
   2262.39   .050866
   2263.37   .050846
   2264.36   .050846
   2265.35   .050863
   2266.34   .050900
   2267.33   .050931
   2268.32   .050943
   2269.32   .050910
   2270.31   .050873
   2271.31   .050935
   2272.30   .050929
   2273.30   .050935
   2274.29   .050974
   2275.29   .050994
   2276.29   .050953
   2277.29   .050911
   2278.29   .050935
   2279.29   .050948
   2280.30   .050937
   2281.30   .050979
   2282.30   .050985
   2283.31   .050996
   2284.31   .051001
   2285.32   .050970
   2286.33   .050959
   2287.34   .050949
   2288.35   .050922
   2289.36   .050971
   2290.37   .050998
   2291.38   .050960
   2292.39   .050973
   2293.41   .050979
   2294.42   .050956
   2295.44   .050993
   2296.46   .050990
   2297.47   .050956
   2298.49   .050957
   2299.51   .050998
   2300.53   .050999
   2301.55   .050987
   2302.57   .050957
   2303.60   .050902
   2304.62   .050976
   2305.65   .051042
   2306.67   .051024
   2307.70   .050986
   2308.73   .050983
   2309.76   .051066
   2310.78   .051060
   2311.82   .051008
   2312.85   .051052
   2313.88   .051110
   2314.91   .051073
   2315.95   .051051
   2316.98   .051108
   2318.02   .051119
   2319.05   .051109
   2320.09   .051118
   2321.13   .051064
   2322.17   .051074
   2323.21   .051088
   2324.25   .051127
   2325.29   .051183
   2326.34   .051132
   2327.38   .051075
   2328.43   .051102
   2329.47   .051140
   2330.52   .051118
   2331.57   .051085
   2332.62   .051109
   2333.67   .051192
   2334.72   .051199
   2335.77   .051183
   2336.82   .051177
   2337.88   .051161
   2338.93   .051179
   2339.99   .051189
   2341.04   .051195
   2342.10   .051190
   2343.16   .051205
   2344.22   .051209
   2345.28   .051201
   2346.34   .051276
   2347.40   .051303
   2348.47   .051222
   2349.53   .051157
   2350.59   .051189
   2351.66   .051257
   2352.73   .051287
   2353.80   .051220
   2354.86   .051177
   2355.94   .051178
   2357.01   .051210
   2358.08   .051216
   2359.15   .051178
   2360.22   .051194
   2361.30   .051255
   2362.38   .051232
   2363.45   .051227
   2364.53   .051261
   2365.61   .051284
   2366.69   .051276
   2367.77   .051238
   2368.85   .051255
   2369.93   .051300
   2371.02   .051306
   2372.10   .051221
   2373.19   .051180
   2374.28   .051246
   2375.36   .051277
   2376.45   .051297
   2377.54   .051299
   2378.63   .051275
   2379.72   .051262
   2380.82   .051252
   2381.91   .051257
   2383.01   .051280
   2384.10   .051272
   2385.20   .051366
   2386.30   .051367
   2387.39   .051259
   2388.49   .051256
   2389.60   .051331
   2390.70   .051377
   2391.80   .051350
   2392.90   .051318
   2394.01   .051339
   2395.11   .051327
   2396.22   .051302
   2397.33   .051334
   2398.44   .051353
   2399.55   .051313
   2400.66   .051312
   2401.77   .051327
   2402.88   .051352
   2404.00   .051345
   2405.11   .051312
   2406.23   .051319
   2407.35   .051334
   2408.47   .051390
   2409.58   .051444
   2410.71   .051432
   2411.83   .051411
   2412.95   .051343
   2414.07   .051327
   2415.20   .051384
   2416.32   .051393
   2417.45   .051392
   2418.58   .051385
   2419.71   .051370
   2420.84   .051370
   2421.97   .051391
   2423.10   .051395
   2424.23   .051368
   2425.37   .051367
   2426.50   .051418
   2427.64   .051455
   2428.77   .051458
   2429.91   .051441
   2431.05   .051424
   2432.19   .051405
   2433.33   .051371
   2434.48   .051413
   2435.62   .051508
   2436.76   .051450
   2437.91   .051405
   2439.06   .051428
   2440.20   .051453
   2441.35   .051474
   2442.50   .051431
   2443.65   .051408
   2444.81   .051443
   2445.96   .051436
   2447.11   .051426
   2448.27   .051452
   2449.43   .051431
   2450.58   .051428
   2451.74   .051446
   2452.90   .051457
   2454.06   .051451
   2455.22   .051448
   2456.39   .051454
   2457.55   .051428
   2458.72   .051405
   2459.88   .051401
   2461.05   .051359
   2462.22   .051417
   2463.39   .051453
   2464.56   .051401
   2465.73   .051431
   2466.91   .051435
   2468.08   .051428
   2469.25   .051466
   2470.43   .051495
   2471.61   .051494
   2472.79   .051469
   2473.97   .051482
   2475.15   .051499
   2476.33   .051509
   2477.51   .051501
   2478.70   .051464
   2479.88   .051443
   2481.07   .051495
   2482.26   .051484
   2483.45   .051469
   2484.64   .051485
   2485.83   .051466
   2487.02   .051474
   2488.21   .051469
   2489.41   .051460
   2490.60   .051494
   2491.80   .051564
   2493.00   .051554
   2494.20   .051505
   2495.40   .051486
   2496.60   .051440
   2497.80   .051417
   2499.00   .051470
   2500.21   .051500
   2501.42   .051516
   2502.62   .051485
   2503.83   .051431
   2505.04   .051403
   2506.25   .051398
   2507.46   .051444
   2508.68   .051481
   2509.89   .051466
   2511.11   .051507
   2512.32   .051537
   2513.54   .051508
   2514.76   .051483
   2515.98   .051468
   2517.20   .051485
   2518.42   .051489
   2519.65   .051479
   2520.87   .051450
   2522.10   .051448
   2523.33   .051482
   2524.55   .051509
   2525.78   .051492
   2527.01   .051467
   2528.25   .051485
   2529.48   .051495
   2530.71   .051459
   2531.95   .051450
   2533.19   .051465
   2534.43   .051461
   2535.66   .051488
   2536.91   .051512
   2538.15   .051497
   2539.39   .051472
   2540.63   .051504
   2541.88   .051549
   2543.13   .051520
   2544.37   .051498
   2545.62   .051500
   2546.87   .051456
   2548.13   .051427
   2549.38   .051448
   2550.63   .051474
   2551.89   .051474
   2553.14   .051476
   2554.40   .051446
   2555.66   .051438
   2556.92   .051449
   2558.18   .051466
   2559.44   .051413
   2560.71   .051431
   2561.97   .051460
   2563.24   .051425
   2564.51   .051422
   2565.78   .051448
   2567.05   .051482
   2568.32   .051484
   2569.59   .051439
   2570.86   .051389
   2572.14   .051416
   2573.42   .051514
   2574.69   .051510
   2575.97   .051442
   2577.25   .051404
   2578.53   .051371
   2579.82   .051415
   2581.10   .051479
   2582.39   .051465
   2583.67   .051493
   2584.96   .051482
   2586.25   .051435
   2587.54   .051444
   2588.83   .051477
   2590.13   .051494
   2591.42   .051476
   2592.72   .051456
   2594.01   .051459
   2595.31   .051460
   2596.61   .051417
   2597.91   .051423
   2599.21   .051416
   2600.52   .051407
   2601.82   .051449
   2603.13   .051481
   2604.44   .051483
   2605.75   .051431
   2607.06   .051401
   2608.37   .051383
   2609.68   .051384
   2610.99   .051405
   2612.31   .051383
   2613.63   .051390
   2614.94   .051431
   2616.26   .051427
   2617.58   .051357
   2618.91   .051346
   2620.23   .051389
   2621.55   .051381
   2622.88   .051375
   2624.21   .051395
   2625.54   .051401
   2626.87   .051426
   2628.20   .051441
   2629.53   .051461
   2630.86   .051419
   2632.20   .051357
   2633.54   .051363
   2634.87   .051351
   2636.21   .051300
   2637.56   .051320
   2638.90   .051343
   2640.24   .051329
   2641.59   .051344
   2642.93   .051367
   2644.28   .051385
   2645.63   .051362
   2646.98   .051317
   2648.33   .051337
   2649.68   .051306
   2651.04   .051282
   2652.40   .051304
   2653.75   .051311
   2655.11   .051318
   2656.47   .051343
   2657.83   .051321
   2659.20   .051250
   2660.56   .051192
   2661.93   .051222
   2663.29   .051253
   2664.66   .051251
   2666.03   .051210
   2667.40   .051182
   2668.78   .051121
   2670.15   .051120
   2671.53   .051081
   2672.90   .051036
   2674.28   .051025
   2675.66   .051006
   2677.04   .050971
   2678.43   .050973
   2679.81   .050933
   2681.20   .050908
   2682.58   .050922
   2683.97   .050920
   2685.36   .050919
   2686.75   .050942
   2688.15   .050943
   2689.54   .050936
   2690.94   .050902
   2692.33   .050867
   2693.73   .050904
   2695.13   .050894
   2696.53   .050842
   2697.94   .050779
   2699.34   .050794
   2700.75   .050812
   2702.15   .050752
   2703.56   .050690
   2704.97   .050691
   2706.38   .050661
   2707.80   .050669
   2709.21   .050709
   2710.63   .050697
   2712.05   .050651
   2713.47   .050643
   2714.89   .050641
   2716.31   .050595
   2717.73   .050566
   2719.16   .050612
   2720.58   .050687
   2722.01   .050666
   2723.44   .050658
   2724.87   .050635
   2726.30   .050604
   2727.74   .050590
   2729.17   .050562
   2730.61   .050568
   2732.05   .050604
   2733.49   .050598
   2734.93   .050592
   2736.38   .050541
   2737.82   .050505
   2739.27   .050499
   2740.71   .050477
   2742.16   .050470
   2743.61   .050486
   2745.07   .050440
   2746.52   .050373
   2747.98   .050382
   2749.43   .050393
   2750.89   .050400
   2752.35   .050394
   2753.81   .050374
   2755.28   .050331
   2756.74   .050286
   2758.21   .050269
   2759.68   .050255
   2761.15   .050207
   2762.62   .050170
   2764.09   .050155
   2765.56   .050129
   2767.04   .050106
   2768.52   .050067
   2770.00   .050041
   2771.48   .049997
   2772.96   .049969
   2774.44   .049959
   2775.93   .049939
   2777.41   .049901
   2778.90   .049877
   2780.39   .049878
   2781.88   .049834
   2783.38   .049794
   2784.87   .049764
   2786.37   .049763
   2787.87   .049711
   2789.37   .049666
   2790.87   .049684
   2792.37   .049664
   2793.87   .049619
   2795.38   .049609
   2796.89   .049635
   2798.40   .049633
   2799.91   .049569
   2801.42   .049539
   2802.94   .049557
   2804.45   .049528
   2805.97   .049489
   2807.49   .049485
   2809.01   .049479
   2810.53   .049457
   2812.06   .049446
   2813.58   .049424
   2815.11   .049414
   2816.64   .049400
   2818.17   .049374
   2819.70   .049338
   2821.23   .049327
   2822.77   .049345
   2824.31   .049320
   2825.85   .049302
   2827.39   .049256
   2828.93   .049237
   2830.48   .049243
   2832.02   .049272
   2833.57   .049269
   2835.12   .049244
   2836.67   .049227
   2838.22   .049195
   2839.78   .049172
   2841.33   .049169
   2842.89   .049172
   2844.45   .049188
   2846.01   .049176
   2847.57   .049160
   2849.14   .049148
   2850.70   .049139
   2852.27   .049118
   2853.84   .049092
   2855.41   .049088
   2856.99   .049078
   2858.56   .049075
   2860.14   .049095
   2861.72   .049087
   2863.30   .049071
   2864.88   .049031
   2866.46   .049035
   2868.05   .049044
   2869.63   .049031
   2871.22   .049017
   2872.81   .049016
   2874.41   .049001
   2876.00   .048979
   2877.60   .048968
   2879.19   .048945
   2880.79   .048958
   2882.40   .048963
   2884.00   .048908
   2885.60   .048873
   2887.21   .048874
   2888.82   .048897
   2890.43   .048904
   2892.04   .048866
   2893.65   .048840
   2895.27   .048830
   2896.89   .048799
   2898.51   .048804
   2900.13   .048816
   2901.75   .048812
   2903.38   .048821
   2905.00   .048814
   2906.63   .048789
   2908.26   .048797
   2909.89   .048763
   2911.53   .048740
   2913.16   .048714
   2914.80   .048691
   2916.44   .048708
   2918.08   .048720
   2919.72   .048730
   2921.37   .048715
   2923.02   .048695
   2924.66   .048716
   2926.31   .048708
   2927.97   .048656
   2929.62   .048616
   2931.28   .048624
   2932.94   .048640
   2934.59   .048627
   2936.26   .048612
   2937.92   .048608
   2939.59   .048600
   2941.25   .048600
   2942.92   .048612
   2944.59   .048607
   2946.27   .048572
   2947.94   .048561
   2949.62   .048571
   2951.30   .048564
   2952.98   .048551
   2954.66   .048562
   2956.35   .048545
   2958.03   .048541
   2959.72   .048554
   2961.41   .048530
   2963.10   .048505
   2964.80   .048502
   2966.49   .048498
   2968.19   .048498
   2969.89   .048476
   2971.59   .048468
   2973.30   .048461
   2975.00   .048450
   2976.71   .048470
   2978.42   .048487
   2980.13   .048480
   2981.84   .048480
   2983.56   .048460
   2985.28   .048427
   2987.00   .048438
   2988.72   .048450
   2990.44   .048450
   2992.17   .048444
   2993.90   .048421
   2995.63   .048393
   2997.36   .048367
   2999.09   .048355
   3000.83   .048357
   3002.56   .048383
   3004.30   .048383
   3006.05   .048372
   3007.79   .048352
   3009.53   .048355
   3011.28   .048382
   3013.03   .048362
   3014.78   .048344
   3016.54   .048336
   3018.29   .048336
   3020.05   .048324
   3021.81   .048315
   3023.57   .048316
   3025.34   .048306
   3027.10   .048289
   3028.87   .048291
   3030.64   .048327
   3032.41   .048315
   3034.19   .048304
   3035.96   .048292
   3037.74   .048266
   3039.52   .048243
   3041.31   .048240
   3043.09   .048222
   3044.88   .048225
   3046.67   .048251
   3048.46   .048252
   3050.25   .048222
   3052.05   .048207
   3053.84   .048204
   3055.64   .048199
   3057.45   .048202
   3059.25   .048179
   3061.06   .048138
   3062.86   .048137
   3064.67   .048147
   3066.49   .048120
   3068.30   .048116
   3070.12   .048126
   3071.94   .048100
   3073.76   .048073
   3075.58   .048069
   3077.40   .048091
   3079.23   .048097
   3081.06   .048076
   3082.89   .048064
   3084.73   .048061
   3086.56   .048050
   3088.40   .048042
   3090.24   .048029
   3092.09   .048015
   3093.93   .048012
   3095.78   .048026
   3097.63   .048010
   3099.48   .047958
   3101.33   .047945
   3103.19   .047964
   3105.05   .047962
   3106.91   .047944
   3108.77   .047919
   3110.63   .047900
   3112.50   .047910
   3114.37   .047928
   3116.24   .047914
   3118.12   .047895
   3119.99   .047885
   3121.87   .047868
   3123.75   .047864
   3125.63   .047870
   3127.52   .047881
   3129.41   .047856
   3131.30   .047826
   3133.19   .047815
   3135.08   .047801
   3136.98   .047829
   3138.88   .047839
   3140.78   .047815
   3142.68   .047808
   3144.59   .047809
   3146.50   .047795
   3148.41   .047766
   3150.32   .047721
   3152.24   .047709
   3154.15   .047707
   3156.07   .047723
   3157.99   .047736
   3159.92   .047718
   3161.84   .047698
   3163.77   .047682
   3165.71   .047666
   3167.64   .047640
   3169.58   .047634
   3171.51   .047656
   3173.45   .047672
   3175.40   .047652
   3177.34   .047635
   3179.29   .047626
   3181.24   .047615
   3183.20   .047567
   3185.15   .047552
   3187.11   .047573
   3189.07   .047574
   3191.03   .047563
   3193.00   .047555
   3194.96   .047535
   3196.93   .047516
   3198.91   .047499
   3200.88   .047502
   3202.86   .047486
   3204.84   .047467
   3206.82   .047458
   3208.80   .047464
   3210.79   .047444
   3212.78   .047448
   3214.77   .047461
   3216.76   .047445
   3218.76   .047415
   3220.76   .047393
   3222.76   .047405
   3224.77   .047409
   3226.77   .047391
   3228.78   .047356
   3230.79   .047337
   3232.81   .047338
   3234.82   .047329
   3236.84   .047301
   3238.87   .047292
   3240.89   .047287
   3242.92   .047262
   3244.95   .047261
   3246.98   .047254
   3249.01   .047244
   3251.05   .047244
   3253.09   .047227
   3255.13   .047212
   3257.18   .047196
   3259.22   .047179
   3261.27   .047146
   3263.33   .047143
   3265.38   .047158
   3267.44   .047169
   3269.50   .047154
   3271.56   .047108
   3273.63   .047078
   3275.69   .047085
   3277.76   .047095
   3279.84   .047076
   3281.91   .047024
   3283.99   .046992
   3286.07   .046986
   3288.16   .046986
   3290.24   .046985
   3292.33   .046985
   3294.43   .046980
   3296.52   .046952
   3298.62   .046927
   3300.72   .046910
   3302.82   .046888
   3304.92   .046893
   3307.03   .046911
   3309.14   .046891
   3311.25   .046837
   3313.37   .046815
   3315.49   .046837
   3317.61   .046826
   3319.73   .046801
   3321.86   .046775
   3323.99   .046742
   3326.12   .046729
   3328.26   .046713
   3330.39   .046695
   3332.53   .046687
   3334.68   .046674
   3336.82   .046648
   3338.97   .046628
   3341.12   .046608
   3343.28   .046592
   3345.44   .046589
   3347.59   .046582
   3349.76   .046537
   3351.92   .046503
   3354.09   .046492
   3356.26   .046481
   3358.44   .046446
   3360.61   .046447
   3362.79   .046430
   3364.97   .046394
   3367.16   .046368
   3369.35   .046352
   3371.54   .046326
   3373.73   .046312
   3375.93   .046287
   3378.13   .046250
   3380.33   .046237
   3382.53   .046226
   3384.74   .046223
   3386.95   .046230
   3389.17   .046221
   3391.38   .046206
   3393.60   .046174
   3395.82   .046136
   3398.05   .046125
   3400.28   .046106
   3402.51   .046053
   3404.74   .045987
   3406.98   .045961
   3409.22   .045927
   3411.46   .045870
   3413.71   .045802
   3415.96   .045746
   3418.21   .045703
   3420.46   .045672
   3422.72   .045643
   3424.98   .045616
   3427.25   .045591
   3429.51   .045585
   3431.78   .045623
   3434.05   .045670
   3436.33   .045695
   3438.61   .045714
   3440.89   .045740
   3443.18   .045773
   3445.46   .045779
   3447.75   .045759
   3450.05   .045734
   3452.34   .045719
   3454.64   .045700
   3456.95   .045666
   3459.25   .045663
   3461.56   .045670
   3463.88   .045664
   3466.19   .045657
   3468.51   .045657
   3470.83   .045643
   3473.16   .045616
   3475.48   .045591
   3477.82   .045583
   3480.15   .045573
   3482.49   .045549
   3484.83   .045538
   3487.17   .045530
   3489.52   .045489
   3491.87   .045446
   3494.22   .045412
   3496.58   .045388
   3498.94   .045347
   3501.30   .045284
   3503.66   .045224
   3506.03   .045175
   3508.40   .045154
   3510.78   .045165
   3513.16   .045198
   3515.54   .045241
   3517.92   .045278
   3520.31   .045291
   3522.71   .045275
   3525.10   .045275
   3527.50   .045285
   3529.90   .045285
   3532.30   .045267
   3534.71   .045245
   3537.12   .045232
   3539.54   .045216
   3541.95   .045219
   3544.38   .045215
   3546.80   .045170
   3549.23   .045149
   3551.66   .045136
   3554.09   .045124
   3556.53   .045111
   3558.97   .045089
   3561.42   .045085
   3563.86   .045083
   3566.31   .045061
   3568.77   .045038
   3571.23   .045023
   3573.69   .045015
   3576.15   .044990
   3578.62   .044971
   3581.09   .044958
   3583.57   .044939
   3586.04   .044910
   3588.53   .044916
   3591.01   .044911
   3593.50   .044869
   3595.99   .044843
   3598.49   .044832
   3600.99   .044816
   3603.49   .044798
   3605.99   .044783
   3608.50   .044768
   3611.02   .044753
   3613.53   .044729
   3616.05   .044719
   3618.58   .044718
   3621.10   .044694
   3623.63   .044677
   3626.17   .044655
   3628.71   .044628
   3631.25   .044611
   3633.79   .044586
   3636.34   .044556
   3638.89   .044547
   3641.45   .044552
   3644.00   .044551
   3646.57   .044518
   3649.13   .044469
   3651.70   .044447
   3654.28   .044452
   3656.85   .044437
   3659.44   .044418
   3662.02   .044407
   3664.61   .044383
   3667.20   .044350
   3669.79   .044309
   3672.39   .044280
   3675.00   .044265
   3677.60   .044267
   3680.21   .044250
   3682.83   .044217
   3685.44   .044186
   3688.06   .044159
   3690.69   .044150
   3693.32   .044123
   3695.95   .044096
   3698.59   .044074
   3701.23   .044040
   3703.87   .044012
   3706.52   .043999
   3709.17   .043976
   3711.82   .043947
   3714.48   .043932
   3717.15   .043906
   3719.81   .043872
   3722.48   .043858
   3725.16   .043836
   3727.83   .043797
   3730.52   .043766
   3733.20   .043748
   3735.89   .043726
   3738.59   .043687
   3741.28   .043654
   3743.98   .043621
   3746.69   .043601
   3749.40   .043562
   3752.11   .043537
   3754.83   .043521
   3757.55   .043497
   3760.27   .043483
   3763.00   .043449
   3765.74   .043407
   3768.47   .043375
   3771.21   .043358
   3773.96   .043348
   3776.71   .043326
   3779.46   .043292
   3782.22   .043257
   3784.98   .043221
   3787.74   .043192
   3790.51   .043172
   3793.28   .043131
   3796.06   .043088
   3798.84   .043048
   3801.63   .043022
   3804.42   .043009
   3807.21   .042977
   3810.01   .042946
   3812.81   .042924
   3815.61   .042888
   3818.42   .042857
   3821.24   .042836
   3824.05   .042815
   3826.88   .042784
   3829.70   .042748
   3832.53   .042698
   3835.37   .042656
   3838.21   .042632
   3841.05   .042604
   3843.90   .042572
   3846.75   .042537
   3849.60   .042515
   3852.46   .042485
   3855.33   .042456
   3858.20   .042427
   3861.07   .042395
   3863.95   .042351
   3866.83   .042296
   3869.71   .042284
   3872.60   .042270
   3875.50   .042247
   3878.40   .042212
   3881.30   .042155
   3884.21   .042116
   3887.12   .042086
   3890.04   .042053
   3892.96   .042018
   3895.88   .041982
   3898.81   .041949
   3901.74   .041930
   3904.68   .041903
   3907.62   .041866
   3910.57   .041820
   3913.52   .041779
   3916.48   .041741
   3919.44   .041700
   3922.40   .041647
   3925.37   .041614
   3928.35   .041596
   3931.32   .041576
   3934.31   .041544
   3937.29   .041507
   3940.29   .041470
   3943.28   .041438
   3946.28   .041398
   3949.29   .041347
   3952.30   .041310
   3955.31   .041289
   3958.33   .041262
   3961.36   .041223
   3964.39   .041175
   3967.42   .041144
   3970.46   .041100
   3973.50   .041054
   3976.55   .041018
   3979.60   .040981
   3982.65   .040955
   3985.72   .040915
   3988.78   .040858
   3991.85   .040808
   3994.93   .040786
   3998.01   .040751
   4001.09   .040714
   4004.18   .040659
   4007.28   .040606
   4010.38   .040559
   4013.48   .040524
   4016.59   .040489
   4019.70   .040453
   4022.82   .040420
   4025.94   .040375
   4029.07   .040335
   4032.21   .040300
   4035.34   .040269
   4038.49   .040232
   4041.63   .040184
   4044.79   .040130
   4047.94   .040071
   4051.11   .040043
   4054.27   .039993
   4057.45   .039928
   4060.62   .039889
   4063.80   .039847
   4066.99   .039803
   4070.18   .039745
   4073.38   .039679
   4076.58   .039636
   4079.79   .039609
   4083.00   .039555
   4086.22   .039488
   4089.44   .039442
   4092.67   .039398
   4095.90   .039338
   4099.14   .039268
   4102.38   .039206
   4105.63   .039154
   4108.89   .039112
   4112.15   .039057
   4115.41   .038982
   4118.68   .038919
   4121.95   .038854
   4125.23   .038797
   4128.51   .038744
   4131.80   .038663
   4135.10   .038600
   4138.40   .038541
   4141.70   .038475
   4145.02   .038398
   4148.33   .038307
   4151.65   .038229
   4154.98   .038139
   4158.31   .038059
   4161.65   .037990
   4164.99   .037910
   4168.34   .037824
   4171.69   .037743
   4175.05   .037667
   4178.41   .037571
   4181.78   .037464
   4185.16   .037372
   4188.54   .037295
   4191.93   .037210
   4195.32   .037119
   4198.72   .037013
   4202.12   .036912
   4205.53   .036810
   4208.94   .036716
   4212.36   .036621
   4215.78   .036518
   4219.21   .036424
   4222.65   .036334
   4226.09   .036246
   4229.54   .036162
   4232.99   .036053
   4236.45   .035936
   4239.91   .035839
   4243.38   .035753
   4246.86   .035642
   4250.34   .035534
   4253.82   .035414
   4257.32   .035304
   4260.81   .035209
   4264.32   .035116
   4267.83   .035013
   4271.34   .034918
   4274.86   .034821
   4278.39   .034721
   4281.92   .034600
   4285.46   .034497
   4289.01   .034417
   4292.56   .034310
   4296.12   .034201
   4299.68   .034117
   4303.25   .034019
   4306.82   .033928
   4310.40   .033838
   4313.99   .033712
   4317.58   .033600
   4321.18   .033514
   4324.78   .033432
   4328.39   .033343
   4332.01   .033246
   4335.63   .033164
   4339.26   .033082
   4342.89   .033002
   4346.53   .032919
   4350.18   .032817
   4353.83   .032731
   4357.49   .032662
   4361.15   .032580
   4364.82   .032498
   4368.50   .032424
   4372.19   .032341
   4375.88   .032255
   4379.57   .032167
   4383.27   .032094
   4386.98   .032008
   4390.70   .031928
   4394.42   .031869
   4398.14   .031807
   4401.88   .031733
   4405.62   .031659
   4409.36   .031592
   4413.12   .031531
   4416.87   .031427
   4420.64   .031334
   4424.41   .031281
   4428.19   .031220
   4431.97   .031147
   4435.77   .031088
   4439.56   .031035
   4443.37   .030962
   4447.18   .030886
   4451.00   .030831
   4454.82   .030773
   4458.65   .030713
   4462.49   .030655
   4466.33   .030592
   4470.18   .030511
   4474.04   .030449
   4477.90   .030397
   4481.77   .030320
   4485.65   .030269
   4489.53   .030234
   4493.42   .030184
   4497.32   .030122
   4501.22   .030056
   4505.13   .030004
   4509.05   .029965
   4512.98   .029910
   4516.91   .029856
   4520.85   .029827
   4524.79   .029785
   4528.74   .029721
   4532.70   .029666
   4536.67   .029607
   4540.64   .029556
   4544.62   .029512
   4548.60   .029455
   4552.60   .029398
   4556.60   .029356
   4560.60   .029327
   4564.62   .029286
   4568.64   .029232
   4572.67   .029192
   4576.71   .029158
   4580.75   .029124
   4584.80   .029081
   4588.86   .029026
   4592.92   .028990
   4596.99   .028952
   4601.07   .028915
   4605.16   .028894
   4609.25   .028858
   4613.35   .028816
   4617.46   .028776
   4621.58   .028742
   4625.70   .028717
   4629.83   .028685
   4633.97   .028648
   4638.11   .028609
   4642.26   .028569
   4646.42   .028528
   4650.59   .028500
   4654.76   .028474
   4658.95   .028451
   4663.14   .028432
   4667.33   .028400
   4671.54   .028370
   4675.75   .028324
   4679.97   .028272
   4684.20   .028253
   4688.43   .028239
   4692.67   .028224
   4696.93   .028188
   4701.18   .028149
   4705.45   .028121
   4709.72   .028095
   4714.01   .028070
   4718.30   .028047
   4722.59   .028016
   4726.90   .027994
   4731.21   .027966
   4735.53   .027943
   4739.86   .027915
   4744.20   .027880
   4748.54   .027872
   4752.89   .027851
   4757.25   .027816
   4761.62   .027791
   4766.00   .027773
   4770.38   .027751
   4774.77   .027713
   4779.17   .027682
   4783.58   .027651
   4788.00   .027616
   4792.43   .027603
   4796.86   .027586
   4801.30   .027553
   4805.75   .027529
   4810.21   .027517
   4814.68   .027489
   4819.15   .027460
   4823.63   .027434
   4828.12   .027428
   4832.62   .027417
   4837.13   .027386
   4841.65   .027364
   4846.17   .027352
   4850.71   .027322
   4855.25   .027302
   4859.80   .027288
   4864.36   .027264
   4868.92   .027232
   4873.50   .027218
   4878.08   .027209
   4882.68   .027179
   4887.28   .027149
   4891.89   .027124
   4896.51   .027110
   4901.14   .027100
   4905.77   .027076
   4910.42   .027053
   4915.07   .027034
   4919.74   .027022
   4924.41   .026980
   4929.09   .026942
   4933.78   .026921
   4938.48   .026903
   4943.19   .026892
   4947.90   .026895
   4952.63   .026887
   4957.36   .026856
   4962.11   .026812
   4966.86   .026775
   4971.62   .026763
   4976.39   .026756
   4981.17   .026736
   4985.96   .026711
   4990.76   .026700
   4995.57   .026669
   5000.39   .026631
   5005.21   .026619
   5010.05   .026597
   5014.90   .026572
   5019.75   .026544
   5024.62   .026514
   5029.49   .026496
   5034.37   .026480
   5039.27   .026448
   5044.17   .026428
   5049.08   .026411
   5054.00   .026383
   5058.93   .026360
   5063.87   .026330
   5068.82   .026301
   5073.78   .026278
   5078.75   .026249
   5083.73   .026228
   5088.72   .026208
   5093.71   .026186
   5098.72   .026159
   5103.74   .026123
   5108.77   .026115
   5113.81   .026093
   5118.86   .026043
   5123.91   .026024
   5128.98   .026031
   5134.06   .026006
   5139.15   .025970
   5144.25   .025953
   5149.35   .025934
   5154.47   .025921
   5159.60   .025889
   5164.74   .025868
   5169.89   .025838
   5175.05   .025796
   5180.22   .025770
   5185.40   .025748
   5190.59   .025725
   5195.79   .025704
   5201.00   .025674
   5206.23   .025654
   5211.46   .025638
   5216.70   .025612
   5221.95   .025594
   5227.22   .025561
   5232.49   .025524
   5237.78   .025504
   5243.07   .025496
   5248.38   .025481
   5253.70   .025451
   5259.03   .025418
   5264.36   .025402
   5269.71   .025372
   5275.07   .025332
   5280.45   .025305
   5285.83   .025298
   5291.22   .025285
   5296.63   .025241
   5302.04   .025200
   5307.47   .025177
   5312.91   .025164
   5318.36   .025160
   5323.82   .025142
   5329.29   .025110
   5334.77   .025078
   5340.27   .025061
   5345.77   .025041
   5351.29   .025015
   5356.82   .024994
   5362.36   .024966
   5367.91   .024937
   5373.47   .024914
   5379.04   .024876
   5384.63   .024856
   5390.23   .024846
   5395.83   .024823
   5401.46   .024798
   5407.09   .024770
   5412.73   .024727
   5418.39   .024690
   5424.06   .024681
   5429.73   .024659
   5435.43   .024631
   5441.13   .024612
   5446.84   .024599
   5452.57   .024580
   5458.31   .024544
   5464.06   .024505
   5469.83   .024481
   5475.60   .024457
   5481.39   .024421
   5487.19   .024396
   5493.01   .024372
   5498.83   .024350
   5504.67   .024332
   5510.52   .024304
   5516.38   .024271
   5522.25   .024233
   5528.14   .024210
   5534.04   .024194
   5539.95   .024172
   5545.88   .024140
   5551.81   .024100
   5557.77   .024069
   5563.73   .024051
   5569.70   .024026
   5575.69   .024009
   5581.70   .023972
   5587.71   .023937
   5593.74   .023925
   5599.78   .023905
   5605.83   .023875
   5611.90   .023829
   5617.98   .023785
   5624.07   .023767
   5630.18   .023743
   5636.30   .023716
   5642.43   .023686
   5648.58   .023657
   5654.74   .023631
   5660.91   .023604
   5667.10   .023567
   5673.30   .023543
   5679.51   .023520
   5685.74   .023497
   5691.98   .023471
   5698.23   .023441
   5704.50   .023408
   5710.79   .023385
   5717.08   .023361
   5723.39   .023344
   5729.72   .023331
   5736.05   .023306
   5742.41   .023274
   5748.77   .023240
   5755.15   .023209
   5761.55   .023197
   5767.96   .023173
   5774.38   .023129
   5780.82   .023091
   5787.27   .023047
   5793.74   .023012
   5800.22   .022993
   5806.71   .022968
   5813.22   .022923
   5819.75   .022871
   5826.28   .022828
   5832.84   .022805
   5839.41   .022787
   5845.99   .022754
   5852.59   .022732
   5859.20   .022712
   5865.83   .022682
   5872.47   .022659
   5879.13   .022631
   5885.80   .022590
   5892.49   .022567
   5899.19   .022552
   5905.91   .022511
   5912.65   .022477
   5919.40   .022459
   5926.16   .022435
   5932.94   .022403
   5939.74   .022375
   5946.55   .022344
   5953.38   .022304
   5960.22   .022280
   5967.08   .022260
   5973.95   .022238
   5980.84   .022217
   5987.75   .022184
   5994.67   .022157
   6001.61   .022129
   6008.56   .022093
   6015.53   .022057
   6022.52   .022023
   6029.52   .021994
   6036.54   .021970
   6043.58   .021949
   6050.63   .021905
   6057.70   .021851
   6064.78   .021809
   6071.88   .021771
   6079.00   .021739
   6086.14   .021706
   6093.29   .021677
   6100.46   .021637
   6107.64   .021604
   6114.84   .021563
   6122.06   .021514
   6129.30   .021465
   6136.55   .021420
   6143.82   .021371
   6151.11   .021320
   6158.42   .021275
   6165.74   .021239
   6173.08   .021196
   6180.44   .021154
   6187.81   .021110
   6195.21   .021070
   6202.62   .021020
   6210.04   .020973
   6217.49   .020920
   6224.95   .020869
   6232.44   .020831
   6239.94   .020808
   6247.45   .020759
   6254.99   .020699
   6262.54   .020666
   6270.12   .020628
   6277.71   .020580
   6285.32   .020536
   6292.94   .020502
   6300.59   .020438
   6308.26   .020374
   6315.94   .020341
   6323.64   .020297
   6331.36   .020230
   6339.10   .020178
   6346.86   .020147
   6354.64   .020105
   6362.44   .020060
   6370.25   .020009
   6378.09   .019951
   6385.94   .019910
   6393.82   .019874
   6401.71   .019835
   6409.62   .019788
   6417.56   .019743
   6425.51   .019697
   6433.48   .019646
   6441.47   .019594
   6449.48   .019555
   6457.51   .019508
   6465.57   .019449
   6473.64   .019395
   6481.73   .019330
   6489.84   .019281
   6497.97   .019235
   6506.13   .019166
   6514.30   .019114
   6522.49   .019071
   6530.71   .019004
   6538.95   .018938
   6547.20   .018875
   6555.48   .018831
   6563.78   .018798
   6572.10   .018741
   6580.44   .018668
   6588.80   .018603
   6597.18   .018539
   6605.58   .018477
   6614.01   .018426
   6622.46   .018374
   6630.92   .018308
   6639.41   .018238
   6647.92   .018184
   6656.46   .018116
   6665.01   .018048
   6673.59   .017975
   6682.19   .017912
   6690.81   .017841
   6699.46   .017782
   6708.12   .017733
   6716.81   .017675
   6725.52   .017601
   6734.26   .017519
   6743.02   .017448
   6751.80   .017382
   6760.60   .017314
   6769.43   .017261
   6778.28   .017211
   6787.15   .017145
   6796.04   .017071
   6804.96   .017014
   6813.90   .016960
   6822.87   .016877
   6831.86   .016794
   6840.87   .016738
   6849.91   .016661
   6858.97   .016585
   6868.05   .016519
   6877.16   .016434
   6886.29   .016362
   6895.45   .016315
   6904.63   .016261
   6913.84   .016182
   6923.07   .016082
   6932.32   .016001
   6941.60   .015917
   6950.91   .015838
   6960.24   .015760
   6969.60   .015679
   6978.98   .015585
   6988.38   .015485
   6997.81   .015408
   7007.27   .015326
   7016.75   .015255
   7026.26   .015180
   7035.79   .015094
   7045.35   .015005
   7054.94   .014916
   7064.55   .014824
   7074.18   .014734
   7083.85   .014646
   7093.54   .014549
   7103.25   .014452
   7113.00   .014353
   7122.77   .014248
   7132.57   .014135
   7142.39   .014053
   7152.24   .013972
   7162.12   .013864
   7172.03   .013750
   7181.96   .013638
   7191.92   .013537
   7201.91   .013436
   7211.92   .013326
   7221.97   .013223
   7232.04   .013116
   7242.15   .012989
   7252.27   .012871
   7262.43   .012764
   7272.62   .012637
   7282.83   .012507
   7293.07   .012409
   7303.34   .012308
   7313.64   .012179
   7323.97   .012061
   7334.33   .011950
   7344.72   .011824
   7355.14   .011695
   7365.59   .011564
   7376.06   .011437
   7386.57   .011324
   7397.11   .011200
   7407.67   .011062
   7418.27   .010915
   7428.90   .010762
   7439.56   .010634
   7450.25   .010494
   7460.97   .010351
   7471.72   .010228
   7482.50   .010102
   7493.31   .009962
   7504.16   .009831
   7515.03   .009695
   7525.94   .009541
   7536.88   .009382
   7547.85   .009230
   7558.85   .009071
   7569.89   .008906
   7580.95   .008774
   7592.05   .008646
   7603.18   .008492
   7614.35   .008325
   7625.54   .008151
   7636.77   .007984
   7648.04   .007844
   7659.33   .007694
   7670.66   .007521
   7682.03   .007347
   7693.42   .007174
   7704.85   .006986
   7716.32   .006804
   7727.82   .006634
   7739.36   .006474
   7750.92   .006299
   7762.53   .006117
   7774.16   .005916
   7785.84   .005720
   7797.54   .005549
   7809.29   .005383
   7821.07   .005202
   7832.88   .005010
   7844.73   .004811
   7856.62   .004605
   7868.54   .004415
   7880.50   .004242
   7892.49   .004047
   7904.52   .003835
   7916.59   .003638
   7928.70   .003451
   7940.84   .003249
   7953.02   .003067
   7965.23   .002919
   7977.49   .002762
   7989.78   .002555
   8002.10   .002335
   8014.47   .002154
   8026.88   .002005
   8039.32   .001862
   8051.81   .001726
   8064.33   .001612
   8076.89   .001513
   8089.49   .001446
   8102.13   .001406
   8114.81   .001392
   8127.53   .001464
   8140.29   .001634
   8153.09   .001877
   8165.93   .002232
   8178.81   .002730
   8191.73   .003375
   8204.69   .004232
   8217.69   .005312
   8230.73   .006614
   8243.82   .008144
   8256.95   .009888
   8270.12   .011824
   8283.33   .013933
   8296.58   .016160
   8309.87   .018471
   8323.21   .020862
   8336.59   .023286
   8350.02   .025651
   8363.48   .027997
   8377.00   .030326
   8390.55   .032567
   8404.15   .034754
   8417.79   .036891
   8431.48   .038958
   8445.21   .040933
   8458.99   .042852
   8472.81   .044751
   8486.67   .046580
   8500.59   .048354
   8514.55   .050123
   8528.55   .051828
   8542.60   .053481
   8556.70   .055098
   8570.84   .056636
   8585.03   .058153
   8599.27   .059637
   8613.55   .061035
   8627.88   .062390
   8642.26   .063707
   8656.69   .065022
   8671.17   .066272
   8685.69   .067437
   8700.26   .068634
   8714.88   .069819
   8729.55   .070938
   8744.28   .072049
   8759.05   .073123
   8773.87   .074150
   8788.74   .075108
   8803.66   .076018
   8818.63   .076860
   8833.65   .077595
   8848.72   .078229
   8863.85   .078755
   8879.03   .079156
   8894.26   .079470
   8909.54   .079682
   8924.88   .079786
   8940.27   .079769
   8955.71   .079671
   8971.20   .079470
   8986.75   .079208
   9002.35   .078921
   9018.00   .078554
   9033.71   .078115
   9049.48   .077676
   9065.30   .077230
   9081.18   .076804
   9097.11   .076390
   9113.09   .075969
   9129.14   .075528
   9145.24   .075121
   9161.39   .074769
   9177.61   .074473
   9193.88   .074204
   9210.21   .073981
   9226.60   .073815
   9243.04   .073681
   9259.55   .073595
   9276.11   .073590
   9292.74   .073631
   9309.42   .073720
   9326.16   .073862
   9342.97   .074057
   9359.84   .074316
   9376.76   .074587
   9393.75   .074854
   9410.80   .075173
   9427.91   .075555
   9445.08   .075942
   9462.31   .076326
   9479.61   .076754
   9496.97   .077205
   9514.40   .077684
   9531.89   .078197
   9549.44   .078702
   9567.06   .079152
   9584.74   .079628
   9602.49   .080072
   9620.30   .080540
   9638.18   .081054
   9656.13   .081585
   9674.15   .082097
   9692.23   .082597
   9710.38   .083145
   9728.60   .083723
   9746.89   .084332
   9765.24   .085008
   9783.67   .085697
   9802.16   .086409
   9820.73   .087178
   9839.36   .088007
   9858.06   .088904
   9876.84   .089921
   9895.69   .090995
   9914.61   .092195
   9933.60   .093501
   9952.67   .094899
   9971.81   .096431
   9991.03   .098045
  10010.31   .099788
  10029.68   .101711
  10049.11   .103740
  10068.63   .105904
  10088.22   .108199
  10107.88   .110649
  10127.62   .113262
  10147.44   .115953
  10167.34   .118736
  10187.31   .121599
  10207.37   .124515
  10227.50   .127518
  10247.71   .130474
  10268.00   .133359
  10288.38   .136239
  10308.83   .138959
  10329.37   .141521
  10349.98   .143937
  10370.69   .146088
  10391.48   .148098
  10412.34   .149880
  10433.29   .151389
  10454.33   .152681
  10475.45   .153736
  10496.65   .154585
  10517.94   .155231
  10539.32   .155634
  10560.79   .155923
  10582.34   .155994
  10603.98   .155907
  10625.71   .155634
  10647.53   .155190
  10669.44   .154672
  10691.44   .153951
  10713.53   .153054
  10735.71   .152099
  10757.98   .150968
  10780.34   .149804
  10802.80   .148531
  10825.36   .147101
  10848.00   .145664
  10870.75   .144097
  10893.58   .142430
  10916.52   .140798
  10939.55   .139071
  10962.68   .137320
  10985.90   .135532
  11009.23   .133666
  11032.65   .131816
  11056.17   .129874
  11079.80   .127927
  11103.52   .125981
  11127.35   .123936
  11151.28   .121896
  11175.32   .119749
  11199.46   .117559
  11223.70   .115464
  11248.05   .113297
  11272.50   .111160
  11297.06   .109144
  11321.72   .107144
  11346.49   .105303
  11371.38   .103556
  11396.37   .101890
  11421.47   .100301
  11446.68   .098776
  11472.01   .097409
  11497.45   .096107
  11523.00   .094854
  11548.66   .093766
  11574.44   .092679
  11600.33   .091618
  11626.34   .090643
  11652.47   .089681
  11678.72   .088821
  11705.08   .087982
  11731.57   .087053
  11758.17   .086182
  11784.89   .085259
  11811.74   .084352
  11838.70   .083531
  11865.79   .082607
  11893.00   .081694
  11920.34   .080760
  11947.81   .079723
  11975.40   .078736
  12003.12   .077659
  12030.97   .076580
  12058.96   .075512
  12087.07   .074336
  12115.31   .073139
  12143.68   .071908
  12172.19   .070622
  12200.83   .069371
  12229.60   .068043
  12258.52   .066787
  12287.57   .065531
  12316.76   .064172
  12346.08   .062885
  12375.55   .061632
  12405.15   .060405
  12434.90   .059226
  12464.78   .058013
  12494.82   .056938
  12525.00   .055920
  12555.33   .054931
  12585.80   .054066
  12616.42   .053189
  12647.20   .052408
  12678.13   .051751
  12709.20   .051071
  12740.43   .050500
  12771.81   .050012
  12803.34   .049530
  12835.03   .049218
  12866.88   .048974
  12898.90   .048800
  12931.06   .048784
  12963.39   .048754
  12995.88   .048803
  13028.53   .048829
  13061.35   .048850
  13094.33   .048920
  13127.49   .048966
  13160.81   .049008
  13194.30   .049051
  13227.96   .049086
  13261.79   .049145
  13295.79   .049138
  13329.97   .049094
  13364.32   .049151
  13398.85   .049277
  13433.56   .049451
  13468.46   .049619
  13503.53   .049782
  13538.79   .050031
  13574.23   .050231
  13609.86   .050441
  13645.68   .050702
  13681.69   .050896
  13717.88   .051158
  13754.27   .051423
  13790.85   .051637
  13827.63   .051873
  13864.60   .052050
  13901.77   .052324
  13939.15   .052610
  13976.72   .052791
  14014.49   .053028
  14052.47   .053166
  14090.66   .053247
  14129.04   .053346
  14167.64   .053349
  14206.46   .053378
  14245.49   .053417
  14284.73   .053422
  14324.20   .053482
  14363.88   .053529
  14403.78   .053559
  14443.90   .053603
  14484.25   .053672
  14524.82   .053870
  14565.62   .054072
  14606.65   .054271
  14647.92   .054548
  14689.42   .054698
  14731.15   .054860
  14773.12   .055023
  14815.33   .055087
  14857.78   .055228
  14900.48   .055146
  14943.42   .054918
  14986.59   .054691
  15030.03   .054274
  15073.72   .053763
  15117.67   .053099
  15161.87   .052318
  15206.34   .051600
  15251.06   .050814
  15296.06   .050107
  15341.31   .049475
  15386.84   .049046
  15432.63   .049120
  15478.70   .049498
  15525.04   .050305
  15571.67   .051624
  15618.58   .053179
  15665.76   .055065
  15713.24   .056983
  15761.00   .058882
  15809.05   .060939
  15857.40   .062778
  15906.04   .064348
  15954.96   .065779
  16004.21   .066968
  16053.76   .068055
  16103.62   .068914
  16153.78   .069588
  16204.26   .070211
  16255.06   .070540
  16306.19   .070768
  16357.63   .070965
  16409.39   .070913
  16461.49   .070788
  16513.91   .070419
  16566.67   .069971
  16619.77   .069412
  16673.22   .068731
  16727.01   .068082
  16781.14   .067336
  16835.63   .066702
  16890.46   .066325
  16945.66   .065824
  17001.22   .065496
  17057.16   .065451
  17113.45   .065591
  17170.12   .066002
  17227.16   .066392
  17284.59   .066904
  17342.40   .067664
  17400.60   .068384
  17459.16   .069241
  17518.15   .070044
  17577.53   .070809
  17637.32   .071787
  17697.52   .072645
  17758.13   .073595
  17819.15   .074432
  17880.61   .075064
  17942.48   .075672
  18004.78   .075875
  18067.52   .075930
  18130.69   .076098
  18194.31   .076179
  18258.37   .076759
  18322.90   .077857
  18387.88   .079480
  18453.31   .081981
  18519.22   .084850
  18585.60   .087652
  18652.45   .089621
  18719.79   .090470
  18787.59   .089966
  18855.91   .088086
  18924.73   .085647
  18994.05   .083009
  19063.88   .080253
  19134.23   .077733
  19205.10   .075290
  19276.51   .073210
  19348.44   .071542
  19420.90   .069834
  19493.92   .068332
  19567.48   .067125
  19641.60   .066018
  19716.28   .065172
  19791.52   .064151
  19867.35   .063240
  19943.76   .062421
  20020.76   .061574
  20098.36   .060924
  20176.56   .060396
  20255.38   .059997
  20334.83   .059774
  20414.89   .059574
  20495.58   .059590
  20576.91   .059524
  20658.89   .059693
  20741.53   .060172
  20824.83   .060453
  20908.78   .060710
  20993.43   .060930
  21078.77   .061287
  21164.81   .061636
  21251.55   .061733
  21339.00   .061891
  21427.18   .062155
  21516.11   .062200
  21605.76   .062227
  21696.16   .061797
  21787.32   .061276
  21879.25   .060799
  21971.96   .060242
  22065.46   .059856
  22159.73   .059615
  22254.84   .059663
  22350.76   .060121
  22447.52   .060616
  22545.12   .061539
  22643.57   .063183
  22742.88   .065258
  22843.10   .067244
  22944.17   .069109
  23046.17   .071038
  23149.06   .073041
  23252.87   .074669
  23357.61   .076267
  23463.30   .078032
  23569.95   .079858
  23677.55   .081718
  23786.16   .083318
  23895.78   .084874
  24006.41   .086456
  24118.06   .088162
  24230.77   .089791
  24344.52   .091288
  24459.33   .092840
  24575.25   .094325
  24692.27   .095568
  24810.42   .096818
  24929.70   .097950
  25050.13   .099252
  25171.73   .100822
  25294.52   .102380
  25418.52   .104083
  25543.73   .105712
  25670.18   .107320
  25797.90   .109328
  25926.88   .111583
  26057.17   .113510
  26188.78   .115438
  26321.71   .116747
  26456.01   .117709
  26591.68   .118795
  26728.75   .119761
  26867.24   .120648
  27007.17   .121425
  27148.57   .121673
  27291.46   .121524
  27435.86   .121555
  27581.79   .121520
  27729.29   .120819
  27878.37   .120099
  28029.07   .119901
  28181.40   .119414
  28335.39   .118642
  28491.08   .117415
  28648.50   .116345
  28807.65   .115105
  28968.59   .113768
  29131.33   .112628
  29295.92   .111718
  29462.37   .110516
  29630.73   .109320
  29801.02   .108169
  29973.28   .107154
  30147.54   .106243
  30323.84   .105231
  30502.22   .104267
  30682.71   .103610
  30865.34   .102886
  31050.17   .101586
  31237.21   .100676
  31426.53   .099981
  31618.15   .099063
  31812.18   .098124
  32008.55   .096939
  32207.37   .095665
  32408.66   .094623
  32612.49   .093553
  32818.90   .092295
  33027.94   .091020
  33239.60   .089940
  33454.05   .088483
  33671.28   .087121
  33891.36   .086166
  34114.32   .085249
  34340.25   .084398
  34569.18   .083291
  34801.25   .082138
  35036.39   .080959
  35274.74   .080166
  35516.35   .079673
  35761.29   .078571
  36009.63   .077037
  36261.45   .076023
  36516.74   .075360
  36775.73   .074693
  37038.41   .073413
  37304.88   .072205
  37575.20   .071097
  37849.47   .070124
  38127.77   .068815
  38410.28   .067895
  38696.92   .067858
  38987.88   .067993
  39283.24   .068549
  39583.11   .067945
  39887.60   .067142
  40196.80   .067767
  40510.76   .068680
  40829.75   .069001
  41153.79   .071160
  41483.02   .073732
  41817.56   .075007
  42157.54   .076432
  42503.09   .078144
  42854.45   .079322
  43211.57   .080397
  43574.70   .082125
  43943.97   .083105
  44319.56   .084669
  44701.63   .084744
  45090.34   .085153
  45485.77   .085230
  45888.30   .085726
  46298.01   .086689
  46715.11   .085336
  47139.79   .084288
  47572.27   .086181
  48012.75   .088548
  48461.59   .088133
  48918.78   .088033
  49384.67   .088443
  49859.52   .087122
  50343.60   .086198
  50837.16   .085446
  51340.50   .085513
  51853.77   .085141
  52377.55   .083606
  52912.02   .084135
  53457.50   .085415
  54014.35   .083950
  54582.92   .082297
  55163.59   .083729
  55756.90   .084427
  56362.96   .084260
  56982.33   .084969
  57615.47   .085050
  58262.84   .084363
  58924.91   .083630
  59602.21   .083112
  60295.09   .084641
  61004.45   .085680
  61730.69   .086245
  62474.43   .086113
  63236.31   .088833
  64017.00   .088241
  64817.21   .086372
  65637.91   .086514
  66479.42   .085742
  67342.80   .086970
  68228.88   .088820
  69138.60   .088816
  70072.91   .088732
  71032.82   .089089
  72019.13   .088531
  73033.48   .088694
  74076.82   .089084
  75150.40   .088874
  76255.55   .088283
  77393.69   .087618
  78566.32   .090767
  79775.37   .096261
  81021.86   .093286
  82307.92   .096655
  83635.48   .096654
  85006.55   .093225
  86423.33   .091435
  87888.14   .089753
  89403.07   .090269
  90971.55   .093290
  92596.03   .089982
  94279.59   .090334
  96025.51   .096985
  97837.31   .094566
  99718.80   .093241



 BIR1LR256.ASC           

 LR-CMP-256
 Lunar anorthosite 61016,542 larg fragments
 Connected at 23 um
 
 Date: 18-Apr-19, Time: 14:01:27
