  3579
   1428.4   0.15630
   1428.8   0.15614
   1429.2   0.15617
   1429.6   0.15627
   1430.0   0.15647
   1430.4   0.15666
   1430.8   0.15652
   1431.2   0.15626
   1431.6   0.15616
   1432.0   0.15646
   1432.4   0.15655
   1432.8   0.15655
   1433.2   0.15621
   1433.6   0.15573
   1433.9   0.15606
   1434.3   0.15655
   1434.8   0.15664
   1435.1   0.15645
   1435.5   0.15649
   1435.9   0.15675
   1436.3   0.15680
   1436.7   0.15668
   1437.1   0.15654
   1437.5   0.15632
   1437.9   0.15673
   1438.3   0.15736
   1438.7   0.15711
   1439.1   0.15686
   1439.5   0.15673
   1439.9   0.15690
   1440.3   0.15702
   1440.7   0.15745
   1441.1   0.15766
   1441.5   0.15722
   1441.9   0.15722
   1442.3   0.15730
   1442.7   0.15763
   1443.1   0.15790
   1443.5   0.15794
   1443.9   0.15821
   1444.3   0.15778
   1444.7   0.15766
   1445.2   0.15753
   1445.6   0.15734
   1445.9   0.15753
   1446.3   0.15759
   1446.8   0.15744
   1447.2   0.15761
   1447.6   0.15793
   1448.0   0.15794
   1448.4   0.15803
   1448.8   0.15815
   1449.2   0.15804
   1449.6   0.15783
   1450.0   0.15821
   1450.4   0.15827
   1450.8   0.15830
   1451.2   0.15834
   1451.6   0.15860
   1452.0   0.15853
   1452.4   0.15828
   1452.8   0.15855
   1453.3   0.15851
   1453.7   0.15847
   1454.1   0.15837
   1454.5   0.15829
   1454.9   0.15888
   1455.3   0.15928
   1455.7   0.15901
   1456.1   0.15892
   1456.5   0.15882
   1456.9   0.15882
   1457.3   0.15919
   1457.7   0.15908
   1458.2   0.15905
   1458.6   0.15916
   1459.0   0.15926
   1459.4   0.15923
   1459.8   0.15923
   1460.2   0.15917
   1460.6   0.15895
   1461.0   0.15940
   1461.4   0.15950
   1461.8   0.15947
   1462.3   0.15945
   1462.7   0.15953
   1463.1   0.15990
   1463.5   0.15987
   1463.9   0.15974
   1464.3   0.15996
   1464.7   0.16014
   1465.2   0.16005
   1465.6   0.15991
   1466.0   0.15999
   1466.4   0.15971
   1466.8   0.15954
   1467.2   0.15942
   1467.6   0.15928
   1468.1   0.15949
   1468.5   0.15994
   1468.9   0.16038
   1469.3   0.16024
   1469.7   0.16025
   1470.1   0.16025
   1470.6   0.16017
   1471.0   0.16040
   1471.4   0.16068
   1471.8   0.16086
   1472.2   0.16052
   1472.7   0.16054
   1473.1   0.16075
   1473.5   0.16082
   1473.9   0.16077
   1474.3   0.16051
   1474.7   0.16043
   1475.2   0.16062
   1475.6   0.16104
   1476.0   0.16102
   1476.4   0.16058
   1476.8   0.16062
   1477.3   0.16103
   1477.7   0.16098
   1478.1   0.16063
   1478.5   0.16059
   1478.9   0.16085
   1479.4   0.16130
   1479.8   0.16169
   1480.2   0.16157
   1480.6   0.16108
   1481.1   0.16093
   1481.5   0.16115
   1481.9   0.16102
   1482.3   0.16097
   1482.8   0.16122
   1483.2   0.16112
   1483.6   0.16115
   1484.0   0.16161
   1484.4   0.16166
   1484.9   0.16139
   1485.3   0.16131
   1485.7   0.16132
   1486.2   0.16130
   1486.6   0.16169
   1487.0   0.16171
   1487.4   0.16140
   1487.9   0.16141
   1488.3   0.16155
   1488.7   0.16175
   1489.1   0.16192
   1489.6   0.16213
   1490.0   0.16201
   1490.4   0.16164
   1490.8   0.16168
   1491.3   0.16216
   1491.7   0.16226
   1492.1   0.16206
   1492.6   0.16229
   1493.0   0.16249
   1493.4   0.16224
   1493.9   0.16211
   1494.3   0.16233
   1494.7   0.16266
   1495.2   0.16259
   1495.6   0.16256
   1496.0   0.16247
   1496.4   0.16241
   1496.9   0.16240
   1497.3   0.16235
   1497.8   0.16258
   1498.2   0.16274
   1498.6   0.16293
   1499.0   0.16304
   1499.5   0.16316
   1499.9   0.16288
   1500.3   0.16288
   1500.8   0.16308
   1501.2   0.16281
   1501.7   0.16282
   1502.1   0.16290
   1502.5   0.16302
   1502.9   0.16306
   1503.4   0.16279
   1503.8   0.16297
   1504.3   0.16330
   1504.7   0.16338
   1505.1   0.16356
   1505.6   0.16352
   1506.0   0.16347
   1506.4   0.16354
   1506.9   0.16343
   1507.3   0.16341
   1507.8   0.16371
   1508.2   0.16376
   1508.6   0.16387
   1509.1   0.16394
   1509.5   0.16380
   1510.0   0.16370
   1510.4   0.16355
   1510.8   0.16365
   1511.3   0.16361
   1511.7   0.16359
   1512.2   0.16376
   1512.6   0.16411
   1513.0   0.16414
   1513.5   0.16382
   1513.9   0.16390
   1514.4   0.16434
   1514.8   0.16447
   1515.3   0.16415
   1515.7   0.16389
   1516.1   0.16414
   1516.6   0.16470
   1517.0   0.16484
   1517.5   0.16451
   1517.9   0.16432
   1518.4   0.16448
   1518.8   0.16462
   1519.3   0.16475
   1519.7   0.16486
   1520.1   0.16466
   1520.6   0.16457
   1521.0   0.16478
   1521.5   0.16468
   1521.9   0.16463
   1522.4   0.16476
   1522.8   0.16455
   1523.3   0.16437
   1523.7   0.16466
   1524.2   0.16506
   1524.6   0.16509
   1525.1   0.16509
   1525.5   0.16483
   1526.0   0.16485
   1526.4   0.16490
   1526.9   0.16505
   1527.3   0.16511
   1527.8   0.16518
   1528.2   0.16519
   1528.7   0.16526
   1529.1   0.16509
   1529.6   0.16493
   1530.0   0.16521
   1530.5   0.16557
   1530.9   0.16534
   1531.4   0.16505
   1531.8   0.16540
   1532.3   0.16567
   1532.7   0.16578
   1533.2   0.16588
   1533.6   0.16573
   1534.1   0.16566
   1534.5   0.16588
   1535.0   0.16601
   1535.4   0.16605
   1535.9   0.16598
   1536.4   0.16608
   1536.8   0.16600
   1537.3   0.16579
   1537.7   0.16592
   1538.2   0.16614
   1538.6   0.16603
   1539.1   0.16601
   1539.6   0.16624
   1540.0   0.16621
   1540.5   0.16594
   1540.9   0.16615
   1541.4   0.16626
   1541.8   0.16619
   1542.3   0.16619
   1542.8   0.16605
   1543.2   0.16594
   1543.7   0.16633
   1544.1   0.16663
   1544.6   0.16668
   1545.1   0.16663
   1545.5   0.16668
   1546.0   0.16669
   1546.4   0.16665
   1546.9   0.16676
   1547.4   0.16679
   1547.8   0.16650
   1548.3   0.16644
   1548.8   0.16662
   1549.2   0.16683
   1549.7   0.16709
   1550.1   0.16728
   1550.6   0.16707
   1551.1   0.16703
   1551.5   0.16728
   1552.0   0.16730
   1552.5   0.16712
   1552.9   0.16713
   1553.4   0.16707
   1553.8   0.16716
   1554.3   0.16716
   1554.8   0.16707
   1555.3   0.16732
   1555.7   0.16757
   1556.2   0.16745
   1556.7   0.16729
   1557.1   0.16737
   1557.6   0.16750
   1558.1   0.16760
   1558.5   0.16774
   1559.0   0.16779
   1559.5   0.16777
   1559.9   0.16774
   1560.4   0.16778
   1560.9   0.16817
   1561.3   0.16852
   1561.8   0.16798
   1562.3   0.16767
   1562.8   0.16810
   1563.2   0.16818
   1563.7   0.16813
   1564.2   0.16814
   1564.6   0.16817
   1565.1   0.16823
   1565.6   0.16835
   1566.1   0.16836
   1566.5   0.16850
   1567.0   0.16847
   1567.5   0.16844
   1567.9   0.16849
   1568.4   0.16847
   1568.9   0.16870
   1569.4   0.16869
   1569.8   0.16834
   1570.3   0.16849
   1570.8   0.16877
   1571.3   0.16879
   1571.8   0.16872
   1572.2   0.16887
   1572.7   0.16885
   1573.2   0.16880
   1573.7   0.16881
   1574.1   0.16879
   1574.6   0.16867
   1575.1   0.16892
   1575.6   0.16912
   1576.1   0.16893
   1576.5   0.16894
   1577.0   0.16910
   1577.5   0.16908
   1578.0   0.16914
   1578.4   0.16919
   1578.9   0.16949
   1579.4   0.16946
   1579.9   0.16924
   1580.4   0.16922
   1580.9   0.16936
   1581.3   0.16936
   1581.8   0.16929
   1582.3   0.16939
   1582.8   0.16939
   1583.3   0.16941
   1583.8   0.16966
   1584.2   0.16952
   1584.7   0.16938
   1585.2   0.16954
   1585.7   0.16965
   1586.2   0.16984
   1586.7   0.16987
   1587.2   0.16968
   1587.6   0.16971
   1588.1   0.16980
   1588.6   0.16972
   1589.1   0.16982
   1589.6   0.17019
   1590.1   0.17019
   1590.6   0.17007
   1591.1   0.17015
   1591.5   0.17025
   1592.0   0.17024
   1592.5   0.17023
   1593.0   0.17000
   1593.5   0.17004
   1594.0   0.17033
   1594.5   0.17033
   1595.0   0.17025
   1595.4   0.17031
   1595.9   0.17047
   1596.4   0.17051
   1596.9   0.17056
   1597.4   0.17054
   1597.9   0.17059
   1598.4   0.17044
   1598.9   0.17035
   1599.4   0.17048
   1599.9   0.17057
   1600.4   0.17067
   1600.9   0.17087
   1601.4   0.17097
   1601.9   0.17102
   1602.3   0.17102
   1602.8   0.17110
   1603.3   0.17105
   1603.8   0.17097
   1604.3   0.17098
   1604.8   0.17106
   1605.3   0.17141
   1605.8   0.17118
   1606.3   0.17105
   1606.8   0.17126
   1607.3   0.17152
   1607.8   0.17164
   1608.3   0.17150
   1608.8   0.17140
   1609.3   0.17131
   1609.8   0.17127
   1610.3   0.17130
   1610.8   0.17126
   1611.3   0.17127
   1611.8   0.17133
   1612.3   0.17137
   1612.8   0.17140
   1613.3   0.17151
   1613.8   0.17157
   1614.3   0.17148
   1614.8   0.17150
   1615.3   0.17152
   1615.8   0.17162
   1616.3   0.17195
   1616.8   0.17208
   1617.3   0.17204
   1617.8   0.17198
   1618.4   0.17184
   1618.9   0.17172
   1619.4   0.17175
   1619.9   0.17199
   1620.4   0.17211
   1620.9   0.17203
   1621.4   0.17217
   1621.9   0.17229
   1622.4   0.17244
   1622.9   0.17245
   1623.4   0.17229
   1623.9   0.17236
   1624.4   0.17245
   1624.9   0.17231
   1625.5   0.17221
   1626.0   0.17243
   1626.5   0.17262
   1627.0   0.17255
   1627.5   0.17243
   1628.0   0.17251
   1628.5   0.17253
   1629.0   0.17267
   1629.6   0.17267
   1630.1   0.17264
   1630.6   0.17257
   1631.1   0.17258
   1631.6   0.17267
   1632.1   0.17269
   1632.6   0.17287
   1633.1   0.17287
   1633.7   0.17266
   1634.2   0.17270
   1634.7   0.17270
   1635.2   0.17273
   1635.7   0.17289
   1636.2   0.17292
   1636.8   0.17305
   1637.3   0.17319
   1637.8   0.17312
   1638.3   0.17284
   1638.8   0.17287
   1639.3   0.17327
   1639.9   0.17346
   1640.4   0.17340
   1640.9   0.17341
   1641.4   0.17345
   1641.9   0.17350
   1642.5   0.17338
   1643.0   0.17341
   1643.5   0.17345
   1644.0   0.17348
   1644.5   0.17380
   1645.1   0.17400
   1645.6   0.17379
   1646.1   0.17359
   1646.6   0.17359
   1647.2   0.17363
   1647.7   0.17363
   1648.2   0.17391
   1648.7   0.17398
   1649.3   0.17383
   1649.8   0.17376
   1650.3   0.17389
   1650.8   0.17411
   1651.3   0.17409
   1651.9   0.17394
   1652.4   0.17403
   1652.9   0.17410
   1653.4   0.17395
   1654.0   0.17390
   1654.5   0.17396
   1655.0   0.17395
   1655.6   0.17404
   1656.1   0.17414
   1656.6   0.17421
   1657.2   0.17423
   1657.7   0.17420
   1658.2   0.17424
   1658.7   0.17444
   1659.3   0.17473
   1659.8   0.17472
   1660.3   0.17447
   1660.9   0.17446
   1661.4   0.17449
   1661.9   0.17453
   1662.5   0.17452
   1663.0   0.17463
   1663.5   0.17470
   1664.1   0.17474
   1664.6   0.17478
   1665.1   0.17475
   1665.7   0.17461
   1666.2   0.17467
   1666.7   0.17488
   1667.3   0.17483
   1667.8   0.17480
   1668.3   0.17493
   1668.9   0.17479
   1669.4   0.17489
   1670.0   0.17509
   1670.5   0.17515
   1671.0   0.17516
   1671.6   0.17511
   1672.1   0.17511
   1672.7   0.17529
   1673.2   0.17533
   1673.7   0.17525
   1674.3   0.17513
   1674.8   0.17512
   1675.4   0.17525
   1675.9   0.17544
   1676.4   0.17566
   1677.0   0.17565
   1677.5   0.17564
   1678.1   0.17562
   1678.6   0.17562
   1679.2   0.17566
   1679.7   0.17567
   1680.3   0.17575
   1680.8   0.17588
   1681.3   0.17584
   1681.9   0.17584
   1682.4   0.17575
   1683.0   0.17570
   1683.5   0.17581
   1684.1   0.17581
   1684.6   0.17591
   1685.2   0.17602
   1685.7   0.17590
   1686.3   0.17591
   1686.8   0.17605
   1687.3   0.17604
   1687.9   0.17600
   1688.4   0.17600
   1689.0   0.17610
   1689.6   0.17626
   1690.1   0.17625
   1690.7   0.17617
   1691.2   0.17611
   1691.8   0.17611
   1692.3   0.17621
   1692.9   0.17621
   1693.4   0.17625
   1694.0   0.17640
   1694.5   0.17652
   1695.1   0.17646
   1695.6   0.17651
   1696.2   0.17655
   1696.7   0.17660
   1697.3   0.17677
   1697.8   0.17676
   1698.4   0.17676
   1699.0   0.17672
   1699.5   0.17656
   1700.1   0.17661
   1700.6   0.17679
   1701.2   0.17669
   1701.8   0.17672
   1702.3   0.17692
   1702.9   0.17695
   1703.4   0.17693
   1704.0   0.17689
   1704.6   0.17685
   1705.1   0.17685
   1705.7   0.17700
   1706.2   0.17715
   1706.8   0.17727
   1707.4   0.17741
   1707.9   0.17745
   1708.5   0.17726
   1709.1   0.17723
   1709.6   0.17724
   1710.2   0.17723
   1710.7   0.17722
   1711.3   0.17728
   1711.9   0.17737
   1712.4   0.17748
   1713.0   0.17753
   1713.6   0.17765
   1714.1   0.17774
   1714.7   0.17763
   1715.3   0.17752
   1715.8   0.17761
   1716.4   0.17773
   1717.0   0.17771
   1717.5   0.17771
   1718.1   0.17786
   1718.7   0.17789
   1719.3   0.17788
   1719.8   0.17797
   1720.4   0.17804
   1721.0   0.17797
   1721.5   0.17793
   1722.1   0.17792
   1722.7   0.17805
   1723.3   0.17809
   1723.8   0.17804
   1724.4   0.17808
   1725.0   0.17822
   1725.5   0.17826
   1726.1   0.17823
   1726.7   0.17826
   1727.3   0.17820
   1727.8   0.17825
   1728.4   0.17829
   1729.0   0.17833
   1729.6   0.17844
   1730.2   0.17848
   1730.7   0.17843
   1731.3   0.17843
   1731.9   0.17852
   1732.5   0.17848
   1733.0   0.17859
   1733.6   0.17872
   1734.2   0.17872
   1734.8   0.17865
   1735.4   0.17849
   1735.9   0.17845
   1736.5   0.17861
   1737.1   0.17878
   1737.7   0.17890
   1738.3   0.17895
   1738.8   0.17877
   1739.4   0.17882
   1740.0   0.17894
   1740.6   0.17888
   1741.2   0.17901
   1741.8   0.17914
   1742.4   0.17915
   1742.9   0.17912
   1743.5   0.17910
   1744.1   0.17908
   1744.7   0.17915
   1745.3   0.17932
   1745.9   0.17940
   1746.5   0.17932
   1747.1   0.17927
   1747.6   0.17925
   1748.2   0.17927
   1748.8   0.17944
   1749.4   0.17956
   1750.0   0.17954
   1750.6   0.17957
   1751.2   0.17958
   1751.8   0.17955
   1752.4   0.17962
   1753.0   0.17975
   1753.6   0.17977
   1754.2   0.17983
   1754.7   0.17972
   1755.3   0.17971
   1755.9   0.17971
   1756.5   0.17973
   1757.1   0.17973
   1757.7   0.17972
   1758.3   0.17971
   1758.9   0.17977
   1759.5   0.17977
   1760.1   0.17987
   1760.7   0.17996
   1761.3   0.18001
   1761.9   0.18016
   1762.5   0.18021
   1763.1   0.18026
   1763.7   0.18038
   1764.3   0.18031
   1764.9   0.18031
   1765.5   0.18031
   1766.1   0.18027
   1766.7   0.18026
   1767.3   0.18035
   1767.9   0.18048
   1768.5   0.18051
   1769.1   0.18048
   1769.7   0.18048
   1770.3   0.18053
   1770.9   0.18064
   1771.5   0.18070
   1772.1   0.18071
   1772.7   0.18062
   1773.3   0.18061
   1773.9   0.18073
   1774.6   0.18069
   1775.2   0.18063
   1775.8   0.18071
   1776.4   0.18078
   1777.0   0.18079
   1777.6   0.18082
   1778.2   0.18092
   1778.8   0.18089
   1779.4   0.18086
   1780.0   0.18090
   1780.7   0.18097
   1781.3   0.18101
   1781.9   0.18112
   1782.5   0.18112
   1783.1   0.18120
   1783.7   0.18113
   1784.3   0.18115
   1784.9   0.18128
   1785.6   0.18114
   1786.2   0.18111
   1786.8   0.18131
   1787.4   0.18139
   1788.0   0.18134
   1788.6   0.18139
   1789.3   0.18149
   1789.9   0.18153
   1790.5   0.18153
   1791.1   0.18152
   1791.7   0.18145
   1792.3   0.18153
   1793.0   0.18173
   1793.6   0.18175
   1794.2   0.18177
   1794.8   0.18181
   1795.4   0.18188
   1796.1   0.18183
   1796.7   0.18181
   1797.3   0.18190
   1797.9   0.18203
   1798.6   0.18202
   1799.2   0.18206
   1799.8   0.18217
   1800.4   0.18214
   1801.1   0.18217
   1801.7   0.18225
   1802.3   0.18224
   1802.9   0.18219
   1803.6   0.18212
   1804.2   0.18205
   1804.8   0.18214
   1805.5   0.18220
   1806.1   0.18217
   1806.7   0.18235
   1807.3   0.18248
   1808.0   0.18242
   1808.6   0.18234
   1809.2   0.18240
   1809.9   0.18249
   1810.5   0.18252
   1811.1   0.18256
   1811.8   0.18256
   1812.4   0.18253
   1813.0   0.18267
   1813.7   0.18273
   1814.3   0.18272
   1814.9   0.18270
   1815.6   0.18277
   1816.2   0.18280
   1816.8   0.18272
   1817.5   0.18274
   1818.1   0.18275
   1818.8   0.18279
   1819.4   0.18293
   1820.0   0.18307
   1820.7   0.18320
   1821.3   0.18310
   1821.9   0.18300
   1822.6   0.18309
   1823.2   0.18324
   1823.9   0.18336
   1824.5   0.18330
   1825.2   0.18329
   1825.8   0.18324
   1826.4   0.18324
   1827.1   0.18340
   1827.7   0.18341
   1828.4   0.18343
   1829.0   0.18352
   1829.7   0.18358
   1830.3   0.18347
   1831.0   0.18348
   1831.6   0.18357
   1832.3   0.18364
   1832.9   0.18368
   1833.6   0.18373
   1834.2   0.18364
   1834.8   0.18353
   1835.5   0.18365
   1836.2   0.18372
   1836.8   0.18372
   1837.4   0.18366
   1838.1   0.18367
   1838.8   0.18400
   1839.4   0.18402
   1840.1   0.18397
   1840.7   0.18405
   1841.4   0.18401
   1842.0   0.18400
   1842.7   0.18408
   1843.3   0.18415
   1844.0   0.18414
   1844.6   0.18418
   1845.3   0.18422
   1845.9   0.18416
   1846.6   0.18412
   1847.3   0.18431
   1847.9   0.18448
   1848.6   0.18440
   1849.3   0.18436
   1849.9   0.18437
   1850.6   0.18451
   1851.2   0.18464
   1851.9   0.18464
   1852.6   0.18467
   1853.2   0.18464
   1853.9   0.18452
   1854.5   0.18470
   1855.2   0.18482
   1855.9   0.18476
   1856.5   0.18471
   1857.2   0.18470
   1857.9   0.18474
   1858.5   0.18490
   1859.2   0.18495
   1859.9   0.18488
   1860.5   0.18491
   1861.2   0.18501
   1861.9   0.18504
   1862.5   0.18504
   1863.2   0.18515
   1863.9   0.18515
   1864.5   0.18514
   1865.2   0.18523
   1865.9   0.18521
   1866.6   0.18512
   1867.2   0.18515
   1867.9   0.18519
   1868.6   0.18526
   1869.3   0.18537
   1869.9   0.18535
   1870.6   0.18524
   1871.3   0.18535
   1871.9   0.18553
   1872.6   0.18525
   1873.3   0.18519
   1874.0   0.18543
   1874.7   0.18552
   1875.3   0.18557
   1876.0   0.18563
   1876.7   0.18563
   1877.4   0.18568
   1878.1   0.18578
   1878.7   0.18594
   1879.4   0.18591
   1880.1   0.18579
   1880.8   0.18578
   1881.5   0.18591
   1882.1   0.18595
   1882.8   0.18599
   1883.5   0.18602
   1884.2   0.18601
   1884.9   0.18605
   1885.6   0.18605
   1886.3   0.18599
   1886.9   0.18597
   1887.6   0.18609
   1888.3   0.18618
   1889.0   0.18625
   1889.7   0.18633
   1890.4   0.18622
   1891.1   0.18627
   1891.8   0.18633
   1892.4   0.18644
   1893.1   0.18649
   1893.8   0.18634
   1894.5   0.18636
   1895.2   0.18657
   1895.9   0.18660
   1896.6   0.18652
   1897.3   0.18654
   1898.0   0.18655
   1898.7   0.18659
   1899.4   0.18665
   1900.1   0.18673
   1900.8   0.18680
   1901.5   0.18679
   1902.2   0.18677
   1902.9   0.18678
   1903.6   0.18677
   1904.3   0.18683
   1905.0   0.18689
   1905.7   0.18693
   1906.4   0.18691
   1907.1   0.18689
   1907.8   0.18698
   1908.5   0.18704
   1909.2   0.18705
   1909.9   0.18702
   1910.6   0.18703
   1911.3   0.18711
   1912.0   0.18718
   1912.7   0.18721
   1913.4   0.18719
   1914.1   0.18723
   1914.8   0.18736
   1915.5   0.18739
   1916.2   0.18749
   1916.9   0.18754
   1917.6   0.18758
   1918.3   0.18744
   1919.1   0.18744
   1919.8   0.18755
   1920.5   0.18765
   1921.2   0.18768
   1921.9   0.18767
   1922.6   0.18764
   1923.3   0.18774
   1924.1   0.18777
   1924.8   0.18776
   1925.5   0.18779
   1926.2   0.18794
   1926.9   0.18798
   1927.6   0.18798
   1928.3   0.18794
   1929.1   0.18804
   1929.8   0.18813
   1930.5   0.18808
   1931.2   0.18811
   1931.9   0.18817
   1932.7   0.18815
   1933.4   0.18817
   1934.1   0.18827
   1934.8   0.18834
   1935.5   0.18831
   1936.3   0.18826
   1937.0   0.18824
   1937.7   0.18832
   1938.4   0.18849
   1939.2   0.18859
   1939.9   0.18853
   1940.6   0.18844
   1941.3   0.18852
   1942.1   0.18860
   1942.8   0.18861
   1943.5   0.18867
   1944.3   0.18870
   1945.0   0.18871
   1945.7   0.18872
   1946.4   0.18876
   1947.2   0.18878
   1947.9   0.18889
   1948.6   0.18898
   1949.4   0.18902
   1950.1   0.18903
   1950.8   0.18910
   1951.6   0.18913
   1952.3   0.18904
   1953.0   0.18910
   1953.8   0.18923
   1954.5   0.18920
   1955.3   0.18922
   1956.0   0.18926
   1956.7   0.18930
   1957.5   0.18938
   1958.2   0.18943
   1958.9   0.18946
   1959.7   0.18954
   1960.4   0.18955
   1961.2   0.18949
   1961.9   0.18952
   1962.7   0.18959
   1963.4   0.18960
   1964.1   0.18960
   1964.9   0.18968
   1965.6   0.18972
   1966.4   0.18976
   1967.1   0.18984
   1967.9   0.18986
   1968.6   0.18986
   1969.4   0.18991
   1970.1   0.18999
   1970.8   0.19000
   1971.6   0.19004
   1972.3   0.19006
   1973.1   0.19003
   1973.8   0.19005
   1974.6   0.19009
   1975.4   0.19005
   1976.1   0.19010
   1976.9   0.19019
   1977.6   0.19026
   1978.4   0.19030
   1979.1   0.19035
   1979.9   0.19034
   1980.6   0.19036
   1981.4   0.19043
   1982.2   0.19044
   1982.9   0.19048
   1983.7   0.19050
   1984.4   0.19043
   1985.2   0.19044
   1985.9   0.19057
   1986.7   0.19070
   1987.5   0.19076
   1988.2   0.19080
   1989.0   0.19069
   1989.8   0.19073
   1990.5   0.19092
   1991.3   0.19091
   1992.1   0.19089
   1992.8   0.19097
   1993.6   0.19101
   1994.3   0.19104
   1995.1   0.19104
   1995.9   0.19106
   1996.7   0.19107
   1997.4   0.19112
   1998.2   0.19119
   1999.0   0.19120
   1999.7   0.19119
   2000.5   0.19130
   2001.3   0.19136
   2002.1   0.19143
   2002.8   0.19143
   2003.6   0.19146
   2004.4   0.19149
   2005.2   0.19155
   2005.9   0.19153
   2006.7   0.19146
   2007.5   0.19153
   2008.3   0.19168
   2009.0   0.19173
   2009.8   0.19174
   2010.6   0.19171
   2011.4   0.19170
   2012.2   0.19175
   2012.9   0.19177
   2013.7   0.19176
   2014.5   0.19175
   2015.3   0.19182
   2016.1   0.19199
   2016.8   0.19202
   2017.6   0.19206
   2018.4   0.19214
   2019.2   0.19209
   2020.0   0.19202
   2020.8   0.19206
   2021.6   0.19213
   2022.4   0.19218
   2023.2   0.19220
   2023.9   0.19225
   2024.7   0.19232
   2025.5   0.19232
   2026.3   0.19234
   2027.1   0.19242
   2027.9   0.19251
   2028.7   0.19255
   2029.5   0.19259
   2030.3   0.19266
   2031.1   0.19270
   2031.9   0.19278
   2032.7   0.19275
   2033.5   0.19273
   2034.3   0.19278
   2035.1   0.19278
   2035.9   0.19273
   2036.7   0.19288
   2037.5   0.19300
   2038.3   0.19301
   2039.1   0.19309
   2039.9   0.19310
   2040.7   0.19311
   2041.5   0.19312
   2042.3   0.19311
   2043.1   0.19318
   2043.9   0.19320
   2044.7   0.19315
   2045.5   0.19323
   2046.3   0.19340
   2047.1   0.19338
   2047.9   0.19329
   2048.7   0.19333
   2049.5   0.19349
   2050.4   0.19361
   2051.2   0.19364
   2052.0   0.19359
   2052.8   0.19371
   2053.6   0.19371
   2054.4   0.19372
   2055.2   0.19379
   2056.0   0.19384
   2056.9   0.19385
   2057.7   0.19386
   2058.5   0.19390
   2059.3   0.19395
   2060.1   0.19402
   2060.9   0.19408
   2061.8   0.19405
   2062.6   0.19405
   2063.4   0.19409
   2064.2   0.19412
   2065.1   0.19415
   2065.9   0.19424
   2066.7   0.19431
   2067.5   0.19436
   2068.3   0.19446
   2069.2   0.19447
   2070.0   0.19446
   2070.8   0.19456
   2071.6   0.19463
   2072.5   0.19457
   2073.3   0.19458
   2074.1   0.19470
   2075.0   0.19473
   2075.8   0.19474
   2076.6   0.19475
   2077.5   0.19475
   2078.3   0.19482
   2079.1   0.19492
   2080.0   0.19499
   2080.8   0.19505
   2081.6   0.19504
   2082.5   0.19507
   2083.3   0.19510
   2084.1   0.19517
   2085.0   0.19519
   2085.8   0.19512
   2086.7   0.19510
   2087.5   0.19523
   2088.3   0.19532
   2089.2   0.19534
   2090.0   0.19531
   2090.9   0.19535
   2091.7   0.19539
   2092.6   0.19547
   2093.4   0.19548
   2094.2   0.19546
   2095.1   0.19548
   2095.9   0.19560
   2096.8   0.19572
   2097.6   0.19574
   2098.5   0.19576
   2099.3   0.19585
   2100.2   0.19589
   2101.0   0.19588
   2101.9   0.19588
   2102.7   0.19593
   2103.6   0.19598
   2104.4   0.19606
   2105.3   0.19612
   2106.1   0.19618
   2107.0   0.19622
   2107.9   0.19620
   2108.7   0.19618
   2109.6   0.19623
   2110.4   0.19631
   2111.3   0.19637
   2112.2   0.19642
   2113.0   0.19638
   2113.9   0.19635
   2114.7   0.19645
   2115.6   0.19651
   2116.5   0.19655
   2117.3   0.19656
   2118.2   0.19658
   2119.1   0.19664
   2119.9   0.19672
   2120.8   0.19676
   2121.7   0.19678
   2122.5   0.19682
   2123.4   0.19689
   2124.3   0.19695
   2125.1   0.19700
   2126.0   0.19700
   2126.9   0.19704
   2127.8   0.19711
   2128.6   0.19718
   2129.5   0.19722
   2130.4   0.19727
   2131.3   0.19733
   2132.1   0.19732
   2133.0   0.19730
   2133.9   0.19742
   2134.8   0.19744
   2135.6   0.19741
   2136.5   0.19751
   2137.4   0.19751
   2138.3   0.19744
   2139.2   0.19753
   2140.1   0.19764
   2140.9   0.19771
   2141.8   0.19771
   2142.7   0.19769
   2143.6   0.19774
   2144.5   0.19781
   2145.4   0.19785
   2146.3   0.19797
   2147.1   0.19804
   2148.0   0.19801
   2148.9   0.19801
   2149.8   0.19810
   2150.7   0.19815
   2151.6   0.19822
   2152.5   0.19829
   2153.4   0.19832
   2154.3   0.19829
   2155.2   0.19836
   2156.1   0.19845
   2157.0   0.19849
   2157.9   0.19845
   2158.8   0.19852
   2159.7   0.19867
   2160.6   0.19876
   2161.5   0.19873
   2162.4   0.19871
   2163.3   0.19877
   2164.2   0.19884
   2165.1   0.19887
   2166.0   0.19893
   2166.9   0.19898
   2167.8   0.19905
   2168.7   0.19910
   2169.6   0.19917
   2170.5   0.19918
   2171.4   0.19915
   2172.3   0.19913
   2173.3   0.19925
   2174.2   0.19930
   2175.1   0.19931
   2176.0   0.19937
   2176.9   0.19943
   2177.8   0.19952
   2178.7   0.19962
   2179.6   0.19962
   2180.6   0.19966
   2181.5   0.19971
   2182.4   0.19979
   2183.3   0.19983
   2184.2   0.19982
   2185.1   0.19987
   2186.1   0.19993
   2187.0   0.19990
   2187.9   0.19991
   2188.8   0.19997
   2189.8   0.20004
   2190.7   0.20001
   2191.6   0.20007
   2192.6   0.20017
   2193.5   0.20020
   2194.4   0.20017
   2195.3   0.20024
   2196.3   0.20030
   2197.2   0.20033
   2198.1   0.20041
   2199.1   0.20050
   2200.0   0.20051
   2200.9   0.20055
   2201.9   0.20059
   2202.8   0.20066
   2203.7   0.20067
   2204.7   0.20069
   2205.6   0.20076
   2206.5   0.20084
   2207.5   0.20083
   2208.4   0.20084
   2209.4   0.20087
   2210.3   0.20089
   2211.3   0.20093
   2212.2   0.20102
   2213.1   0.20114
   2214.1   0.20117
   2215.0   0.20119
   2216.0   0.20124
   2216.9   0.20127
   2217.9   0.20126
   2218.8   0.20126
   2219.8   0.20131
   2220.7   0.20139
   2221.7   0.20144
   2222.6   0.20148
   2223.6   0.20151
   2224.5   0.20156
   2225.5   0.20161
   2226.4   0.20163
   2227.4   0.20162
   2228.4   0.20170
   2229.3   0.20185
   2230.3   0.20190
   2231.2   0.20191
   2232.2   0.20192
   2233.1   0.20198
   2234.1   0.20198
   2235.1   0.20196
   2236.0   0.20200
   2237.0   0.20205
   2238.0   0.20211
   2238.9   0.20218
   2239.9   0.20225
   2240.9   0.20232
   2241.8   0.20233
   2242.8   0.20241
   2243.8   0.20244
   2244.8   0.20244
   2245.7   0.20247
   2246.7   0.20255
   2247.7   0.20258
   2248.6   0.20262
   2249.6   0.20266
   2250.6   0.20267
   2251.6   0.20269
   2252.6   0.20280
   2253.5   0.20287
   2254.5   0.20290
   2255.5   0.20292
   2256.5   0.20299
   2257.5   0.20303
   2258.4   0.20305
   2259.4   0.20306
   2260.4   0.20312
   2261.4   0.20311
   2262.4   0.20317
   2263.4   0.20327
   2264.4   0.20338
   2265.4   0.20340
   2266.3   0.20343
   2267.3   0.20348
   2268.3   0.20351
   2269.3   0.20358
   2270.3   0.20363
   2271.3   0.20367
   2272.3   0.20375
   2273.3   0.20376
   2274.3   0.20376
   2275.3   0.20380
   2276.3   0.20390
   2277.3   0.20394
   2278.3   0.20398
   2279.3   0.20399
   2280.3   0.20405
   2281.3   0.20414
   2282.3   0.20417
   2283.3   0.20419
   2284.3   0.20424
   2285.3   0.20426
   2286.3   0.20436
   2287.3   0.20441
   2288.4   0.20442
   2289.4   0.20448
   2290.4   0.20459
   2291.4   0.20466
   2292.4   0.20469
   2293.4   0.20468
   2294.4   0.20471
   2295.4   0.20476
   2296.5   0.20481
   2297.5   0.20484
   2298.5   0.20490
   2299.5   0.20496
   2300.5   0.20502
   2301.6   0.20508
   2302.6   0.20512
   2303.6   0.20514
   2304.6   0.20525
   2305.6   0.20529
   2306.7   0.20527
   2307.7   0.20529
   2308.7   0.20536
   2309.8   0.20537
   2310.8   0.20539
   2311.8   0.20545
   2312.9   0.20551
   2313.9   0.20558
   2314.9   0.20566
   2315.9   0.20572
   2317.0   0.20574
   2318.0   0.20569
   2319.1   0.20573
   2320.1   0.20581
   2321.1   0.20584
   2322.2   0.20588
   2323.2   0.20595
   2324.3   0.20602
   2325.3   0.20607
   2326.3   0.20612
   2327.4   0.20612
   2328.4   0.20618
   2329.5   0.20628
   2330.5   0.20628
   2331.6   0.20632
   2332.6   0.20640
   2333.7   0.20644
   2334.7   0.20644
   2335.8   0.20650
   2336.8   0.20654
   2337.9   0.20664
   2338.9   0.20670
   2340.0   0.20674
   2341.0   0.20675
   2342.1   0.20673
   2343.2   0.20677
   2344.2   0.20690
   2345.3   0.20693
   2346.3   0.20694
   2347.4   0.20700
   2348.5   0.20703
   2349.5   0.20703
   2350.6   0.20709
   2351.7   0.20714
   2352.7   0.20722
   2353.8   0.20726
   2354.9   0.20727
   2355.9   0.20732
   2357.0   0.20737
   2358.1   0.20736
   2359.1   0.20745
   2360.2   0.20750
   2361.3   0.20753
   2362.4   0.20758
   2363.4   0.20764
   2364.5   0.20762
   2365.6   0.20766
   2366.7   0.20773
   2367.8   0.20778
   2368.9   0.20785
   2369.9   0.20786
   2371.0   0.20783
   2372.1   0.20791
   2373.2   0.20796
   2374.3   0.20801
   2375.4   0.20809
   2376.4   0.20815
   2377.5   0.20815
   2378.6   0.20813
   2379.7   0.20817
   2380.8   0.20823
   2381.9   0.20828
   2383.0   0.20839
   2384.1   0.20842
   2385.2   0.20845
   2386.3   0.20848
   2387.4   0.20849
   2388.5   0.20850
   2389.6   0.20862
   2390.7   0.20864
   2391.8   0.20863
   2392.9   0.20868
   2394.0   0.20873
   2395.1   0.20875
   2396.2   0.20878
   2397.3   0.20890
   2398.4   0.20903
   2399.6   0.20906
   2400.7   0.20909
   2401.8   0.20909
   2402.9   0.20907
   2404.0   0.20910
   2405.1   0.20920
   2406.2   0.20923
   2407.4   0.20929
   2408.5   0.20929
   2409.6   0.20936
   2410.7   0.20940
   2411.8   0.20948
   2412.9   0.20949
   2414.1   0.20950
   2415.2   0.20956
   2416.3   0.20959
   2417.4   0.20960
   2418.6   0.20968
   2419.7   0.20970
   2420.8   0.20971
   2422.0   0.20972
   2423.1   0.20979
   2424.2   0.20988
   2425.4   0.20993
   2426.5   0.20995
   2427.6   0.21001
   2428.8   0.21004
   2429.9   0.21009
   2431.1   0.21017
   2432.2   0.21024
   2433.3   0.21027
   2434.5   0.21030
   2435.6   0.21031
   2436.8   0.21036
   2437.9   0.21036
   2439.1   0.21036
   2440.2   0.21043
   2441.4   0.21052
   2442.5   0.21051
   2443.6   0.21053
   2444.8   0.21059
   2446.0   0.21066
   2447.1   0.21072
   2448.3   0.21078
   2449.4   0.21080
   2450.6   0.21084
   2451.7   0.21088
   2452.9   0.21095
   2454.1   0.21097
   2455.2   0.21099
   2456.4   0.21104
   2457.6   0.21108
   2458.7   0.21113
   2459.9   0.21121
   2461.1   0.21124
   2462.2   0.21132
   2463.4   0.21135
   2464.6   0.21133
   2465.7   0.21137
   2466.9   0.21145
   2468.1   0.21144
   2469.3   0.21150
   2470.4   0.21157
   2471.6   0.21162
   2472.8   0.21170
   2474.0   0.21172
   2475.1   0.21175
   2476.3   0.21180
   2477.5   0.21181
   2478.7   0.21189
   2479.9   0.21192
   2481.1   0.21192
   2482.3   0.21201
   2483.4   0.21206
   2484.6   0.21206
   2485.8   0.21212
   2487.0   0.21216
   2488.2   0.21218
   2489.4   0.21222
   2490.6   0.21233
   2491.8   0.21241
   2493.0   0.21245
   2494.2   0.21246
   2495.4   0.21253
   2496.6   0.21255
   2497.8   0.21256
   2499.0   0.21258
   2500.2   0.21260
   2501.4   0.21263
   2502.6   0.21268
   2503.8   0.21271
   2505.0   0.21277
   2506.3   0.21281
   2507.5   0.21289
   2508.7   0.21292
   2509.9   0.21296
   2511.1   0.21299
   2512.3   0.21306
   2513.5   0.21309
   2514.8   0.21310
   2516.0   0.21310
   2517.2   0.21315
   2518.4   0.21324
   2519.6   0.21328
   2520.9   0.21326
   2522.1   0.21330
   2523.3   0.21332
   2524.6   0.21341
   2525.8   0.21349
   2527.0   0.21355
   2528.3   0.21355
   2529.5   0.21362
   2530.7   0.21369
   2531.9   0.21367
   2533.2   0.21368
   2534.4   0.21376
   2535.7   0.21375
   2536.9   0.21382
   2538.1   0.21390
   2539.4   0.21394
   2540.6   0.21399
   2541.9   0.21395
   2543.1   0.21395
   2544.4   0.21409
   2545.6   0.21414
   2546.9   0.21413
   2548.1   0.21415
   2549.4   0.21426
   2550.6   0.21422
   2551.9   0.21422
   2553.1   0.21430
   2554.4   0.21451
   2555.7   0.21453
   2556.9   0.21451
   2558.2   0.21451
   2559.4   0.21448
   2560.7   0.21426
   2562.0   0.21428
   2563.2   0.21446
   2564.5   0.21460
   2565.8   0.21482
   2567.1   0.21496
   2568.3   0.21480
   2569.6   0.21463
   2570.9   0.21496
   2572.1   0.21499
   2573.4   0.21474
   2574.7   0.21508
   2576.0   0.21501
   2577.3   0.21498
   2578.5   0.21524
   2579.8   0.21521
   2581.1   0.21509
   2582.4   0.21515
   2583.7   0.21491
   2585.0   0.21529
   2586.3   0.21535
   2587.5   0.21526
   2588.8   0.21546
   2590.1   0.21554
   2591.4   0.21560
   2592.7   0.21540
   2594.0   0.21478
   2595.3   0.21491
   2596.6   0.21582
   2597.9   0.21594
   2599.2   0.21588
   2600.5   0.21583
   2601.8   0.21585
   2603.1   0.21587
   2604.4   0.21565
   2605.8   0.21565
   2607.1   0.21601
   2608.4   0.21611
   2609.7   0.21611
   2611.0   0.21622
   2612.3   0.21623
   2613.6   0.21626
   2614.9   0.21629
   2616.3   0.21594
   2617.6   0.21618
   2618.9   0.21642
   2620.2   0.21607
   2621.6   0.21648
   2622.9   0.21669
   2624.2   0.21670
   2625.5   0.21656
   2626.9   0.21647
   2628.2   0.21679
   2629.5   0.21639
   2630.9   0.21634
   2632.2   0.21684
   2633.5   0.21674
   2634.9   0.21687
   2636.2   0.21706
   2637.6   0.21707
   2638.9   0.21706
   2640.2   0.21712
   2641.6   0.21716
   2642.9   0.21720
   2644.3   0.21717
   2645.6   0.21714
   2647.0   0.21730
   2648.3   0.21738
   2649.7   0.21739
   2651.0   0.21730
   2652.4   0.21720
   2653.8   0.21738
   2655.1   0.21739
   2656.5   0.21752
   2657.8   0.21758
   2659.2   0.21737
   2660.6   0.21746
   2661.9   0.21759
   2663.3   0.21746
   2664.7   0.21704
   2666.0   0.21702
   2667.4   0.21730
   2668.8   0.21746
   2670.1   0.21691
   2671.5   0.21747
   2672.9   0.21779
   2674.3   0.21760
   2675.7   0.21737
   2677.0   0.21729
   2678.4   0.21735
   2679.8   0.21745
   2681.2   0.21774
   2682.6   0.21753
   2684.0   0.21752
   2685.4   0.21757
   2686.8   0.21752
   2688.1   0.21751
   2689.5   0.21752
   2690.9   0.21751
   2692.3   0.21726
   2693.7   0.21701
   2695.1   0.21719
   2696.5   0.21733
   2697.9   0.21738
   2699.3   0.21727
   2700.8   0.21715
   2702.1   0.21718
   2703.6   0.21721
   2705.0   0.21704
   2706.4   0.21696
   2707.8   0.21669
   2709.2   0.21639
   2710.6   0.21611
   2712.1   0.21628
   2713.5   0.21625
   2714.9   0.21599
   2716.3   0.21582
   2717.7   0.21576
   2719.2   0.21571
   2720.6   0.21538
   2722.0   0.21531
   2723.4   0.21471
   2724.9   0.21430
   2726.3   0.21443
   2727.7   0.21433
   2729.2   0.21413
   2730.6   0.21389
   2732.1   0.21367
   2733.5   0.21330
   2734.9   0.21292
   2736.4   0.21284
   2737.8   0.21243
   2739.3   0.21182
   2740.7   0.21167
   2742.2   0.21171
   2743.6   0.21168
   2745.1   0.21137
   2746.5   0.21107
   2748.0   0.21079
   2749.4   0.21054
   2750.9   0.21019
   2752.4   0.20989
   2753.8   0.20943
   2755.3   0.20881
   2756.7   0.20897
   2758.2   0.20896
   2759.7   0.20861
   2761.1   0.20819
   2762.6   0.20781
   2764.1   0.20774
   2765.6   0.20755
   2767.0   0.20721
   2768.5   0.20696
   2770.0   0.20666
   2771.5   0.20644
   2773.0   0.20638
   2774.4   0.20614
   2775.9   0.20588
   2777.4   0.20567
   2778.9   0.20552
   2780.4   0.20524
   2781.9   0.20507
   2783.4   0.20494
   2784.9   0.20473
   2786.4   0.20439
   2787.9   0.20427
   2789.4   0.20426
   2790.9   0.20413
   2792.4   0.20393
   2793.9   0.20378
   2795.4   0.20367
   2796.9   0.20357
   2798.4   0.20343
   2799.9   0.20329
   2801.4   0.20307
   2802.9   0.20290
   2804.4   0.20293
   2806.0   0.20292
   2807.5   0.20281
   2809.0   0.20273
   2810.5   0.20265
   2812.1   0.20260
   2813.6   0.20251
   2815.1   0.20246
   2816.6   0.20246
   2818.2   0.20237
   2819.7   0.20226
   2821.2   0.20228
   2822.8   0.20232
   2824.3   0.20229
   2825.9   0.20227
   2827.4   0.20222
   2828.9   0.20220
   2830.5   0.20223
   2832.0   0.20220
   2833.6   0.20216
   2835.1   0.20215
   2836.7   0.20218
   2838.2   0.20217
   2839.8   0.20222
   2841.3   0.20219
   2842.9   0.20218
   2844.4   0.20223
   2846.0   0.20230
   2847.6   0.20232
   2849.1   0.20227
   2850.7   0.20227
   2852.3   0.20230
   2853.8   0.20228
   2855.4   0.20232
   2857.0   0.20238
   2858.6   0.20241
   2860.1   0.20246
   2861.7   0.20253
   2863.3   0.20255
   2864.9   0.20259
   2866.5   0.20260
   2868.1   0.20262
   2869.6   0.20264
   2871.2   0.20269
   2872.8   0.20275
   2874.4   0.20284
   2876.0   0.20287
   2877.6   0.20290
   2879.2   0.20296
   2880.8   0.20301
   2882.4   0.20303
   2884.0   0.20306
   2885.6   0.20310
   2887.2   0.20314
   2888.8   0.20318
   2890.4   0.20324
   2892.0   0.20330
   2893.7   0.20334
   2895.3   0.20333
   2896.9   0.20343
   2898.5   0.20351
   2900.1   0.20354
   2901.8   0.20361
   2903.4   0.20366
   2905.0   0.20366
   2906.6   0.20374
   2908.3   0.20383
   2909.9   0.20388
   2911.5   0.20390
   2913.2   0.20395
   2914.8   0.20400
   2916.4   0.20409
   2918.1   0.20412
   2919.7   0.20417
   2921.4   0.20423
   2923.0   0.20429
   2924.7   0.20436
   2926.3   0.20443
   2928.0   0.20447
   2929.6   0.20454
   2931.3   0.20458
   2932.9   0.20461
   2934.6   0.20465
   2936.3   0.20471
   2937.9   0.20476
   2939.6   0.20479
   2941.3   0.20483
   2942.9   0.20488
   2944.6   0.20495
   2946.3   0.20505
   2947.9   0.20509
   2949.6   0.20515
   2951.3   0.20521
   2953.0   0.20528
   2954.7   0.20532
   2956.4   0.20538
   2958.0   0.20544
   2959.7   0.20549
   2961.4   0.20552
   2963.1   0.20561
   2964.8   0.20572
   2966.5   0.20583
   2968.2   0.20593
   2969.9   0.20596
   2971.6   0.20600
   2973.3   0.20608
   2975.0   0.20613
   2976.7   0.20618
   2978.4   0.20624
   2980.1   0.20634
   2981.8   0.20649
   2983.6   0.20661
   2985.3   0.20665
   2987.0   0.20674
   2988.7   0.20679
   2990.4   0.20685
   2992.2   0.20693
   2993.9   0.20699
   2995.6   0.20708
   2997.4   0.20718
   2999.1   0.20728
   3000.8   0.20740
   3002.6   0.20743
   3004.3   0.20747
   3006.1   0.20757
   3007.8   0.20765
   3009.5   0.20775
   3011.3   0.20785
   3013.0   0.20790
   3014.8   0.20797
   3016.5   0.20803
   3018.3   0.20814
   3020.1   0.20824
   3021.8   0.20828
   3023.6   0.20830
   3025.3   0.20839
   3027.1   0.20849
   3028.9   0.20858
   3030.6   0.20866
   3032.4   0.20873
   3034.2   0.20880
   3036.0   0.20891
   3037.7   0.20896
   3039.5   0.20899
   3041.3   0.20905
   3043.1   0.20909
   3044.9   0.20913
   3046.7   0.20921
   3048.5   0.20924
   3050.3   0.20928
   3052.1   0.20933
   3053.8   0.20940
   3055.6   0.20943
   3057.4   0.20943
   3059.3   0.20947
   3061.1   0.20952
   3062.9   0.20954
   3064.7   0.20957
   3066.5   0.20961
   3068.3   0.20965
   3070.1   0.20966
   3071.9   0.20969
   3073.8   0.20971
   3075.6   0.20976
   3077.4   0.20977
   3079.2   0.20978
   3081.1   0.20981
   3082.9   0.20986
   3084.7   0.20991
   3086.6   0.20998
   3088.4   0.20998
   3090.2   0.21000
   3092.1   0.21001
   3093.9   0.21007
   3095.8   0.21015
   3097.6   0.21023
   3099.5   0.21030
   3101.3   0.21037
   3103.2   0.21040
   3105.1   0.21042
   3106.9   0.21048
   3108.8   0.21055
   3110.6   0.21058
   3112.5   0.21066
   3114.4   0.21076
   3116.2   0.21083
   3118.1   0.21089
   3120.0   0.21097
   3121.9   0.21104
   3123.8   0.21110
   3125.6   0.21114
   3127.5   0.21121
   3129.4   0.21129
   3131.3   0.21138
   3133.2   0.21145
   3135.1   0.21152
   3137.0   0.21156
   3138.9   0.21161
   3140.8   0.21166
   3142.7   0.21176
   3144.6   0.21181
   3146.5   0.21186
   3148.4   0.21196
   3150.3   0.21206
   3152.2   0.21210
   3154.1   0.21215
   3156.1   0.21219
   3158.0   0.21225
   3159.9   0.21233
   3161.9   0.21242
   3163.8   0.21251
   3165.7   0.21257
   3167.6   0.21259
   3169.6   0.21268
   3171.5   0.21275
   3173.5   0.21282
   3175.4   0.21288
   3177.3   0.21295
   3179.3   0.21302
   3181.2   0.21310
   3183.2   0.21317
   3185.1   0.21325
   3187.1   0.21332
   3189.1   0.21340
   3191.0   0.21348
   3193.0   0.21356
   3195.0   0.21361
   3196.9   0.21369
   3198.9   0.21377
   3200.9   0.21383
   3202.9   0.21388
   3204.8   0.21396
   3206.8   0.21404
   3208.8   0.21410
   3210.8   0.21418
   3212.8   0.21430
   3214.8   0.21439
   3216.8   0.21449
   3218.8   0.21456
   3220.8   0.21467
   3222.8   0.21474
   3224.8   0.21483
   3226.8   0.21493
   3228.8   0.21503
   3230.8   0.21510
   3232.8   0.21520
   3234.8   0.21527
   3236.8   0.21535
   3238.9   0.21542
   3240.9   0.21549
   3242.9   0.21557
   3244.9   0.21566
   3247.0   0.21573
   3249.0   0.21584
   3251.1   0.21595
   3253.1   0.21602
   3255.1   0.21608
   3257.2   0.21615
   3259.2   0.21623
   3261.3   0.21634
   3263.3   0.21643
   3265.4   0.21652
   3267.4   0.21658
   3269.5   0.21665
   3271.6   0.21670
   3273.6   0.21677
   3275.7   0.21683
   3277.8   0.21688
   3279.8   0.21695
   3281.9   0.21704
   3284.0   0.21708
   3286.1   0.21712
   3288.2   0.21716
   3290.2   0.21723
   3292.3   0.21730
   3294.4   0.21739
   3296.5   0.21744
   3298.6   0.21752
   3300.7   0.21760
   3302.8   0.21770
   3304.9   0.21778
   3307.0   0.21781
   3309.1   0.21786
   3311.3   0.21792
   3313.4   0.21795
   3315.5   0.21800
   3317.6   0.21804
   3319.7   0.21810
   3321.9   0.21816
   3324.0   0.21825
   3326.1   0.21833
   3328.3   0.21841
   3330.4   0.21850
   3332.5   0.21854
   3334.7   0.21857
   3336.8   0.21862
   3339.0   0.21870
   3341.1   0.21873
   3343.3   0.21877
   3345.4   0.21886
   3347.6   0.21893
   3349.8   0.21900
   3351.9   0.21903
   3354.1   0.21909
   3356.3   0.21914
   3358.4   0.21920
   3360.6   0.21924
   3362.8   0.21929
   3365.0   0.21933
   3367.2   0.21939
   3369.4   0.21945
   3371.5   0.21952
   3373.7   0.21962
   3375.9   0.21975
   3378.1   0.21989
   3380.3   0.22004
   3382.5   0.22018
   3384.7   0.22033
   3386.9   0.22043
   3389.2   0.22050
   3391.4   0.22052
   3393.6   0.22052
   3395.8   0.22052
   3398.1   0.22055
   3400.3   0.22060
   3402.5   0.22067
   3404.7   0.22071
   3407.0   0.22077
   3409.2   0.22084
   3411.5   0.22094
   3413.7   0.22103
   3416.0   0.22119
   3418.2   0.22141
   3420.5   0.22163
   3422.7   0.22185
   3425.0   0.22204
   3427.3   0.22214
   3429.5   0.22219
   3431.8   0.22218
   3434.1   0.22215
   3436.3   0.22212
   3438.6   0.22215
   3440.9   0.22219
   3443.2   0.22223
   3445.5   0.22228
   3447.8   0.22236
   3450.1   0.22241
   3452.3   0.22247
   3454.6   0.22254
   3456.9   0.22262
   3459.3   0.22265
   3461.6   0.22267
   3463.9   0.22270
   3466.2   0.22273
   3468.5   0.22274
   3470.8   0.22277
   3473.2   0.22281
   3475.5   0.22290
   3477.8   0.22298
   3480.1   0.22304
   3482.5   0.22312
   3484.8   0.22320
   3487.2   0.22321
   3489.5   0.22322
   3491.9   0.22324
   3494.2   0.22327
   3496.6   0.22331
   3498.9   0.22344
   3501.3   0.22366
   3503.7   0.22395
   3506.0   0.22421
   3508.4   0.22442
   3510.8   0.22447
   3513.2   0.22441
   3515.5   0.22430
   3517.9   0.22424
   3520.3   0.22419
   3522.7   0.22419
   3525.1   0.22420
   3527.5   0.22426
   3529.9   0.22433
   3532.3   0.22438
   3534.7   0.22442
   3537.1   0.22448
   3539.5   0.22454
   3541.9   0.22460
   3544.4   0.22464
   3546.8   0.22471
   3549.2   0.22475
   3551.7   0.22481
   3554.1   0.22487
   3556.5   0.22492
   3559.0   0.22493
   3561.4   0.22498
   3563.9   0.22503
   3566.3   0.22509
   3568.8   0.22514
   3571.2   0.22521
   3573.7   0.22525
   3576.1   0.22529
   3578.6   0.22535
   3581.1   0.22541
   3583.6   0.22545
   3586.0   0.22548
   3588.5   0.22553
   3591.0   0.22559
   3593.5   0.22564
   3596.0   0.22569
   3598.5   0.22571
   3601.0   0.22575
   3603.5   0.22579
   3606.0   0.22588
   3608.5   0.22593
   3611.0   0.22596
   3613.5   0.22599
   3616.1   0.22605
   3618.6   0.22611
   3621.1   0.22618
   3623.6   0.22621
   3626.2   0.22627
   3628.7   0.22633
   3631.3   0.22638
   3633.8   0.22642
   3636.3   0.22646
   3638.9   0.22649
   3641.4   0.22655
   3644.0   0.22659
   3646.6   0.22665
   3649.1   0.22668
   3651.7   0.22672
   3654.3   0.22677
   3656.9   0.22683
   3659.4   0.22686
   3662.0   0.22691
   3664.6   0.22695
   3667.2   0.22698
   3669.8   0.22700
   3672.4   0.22705
   3675.0   0.22709
   3677.6   0.22716
   3680.2   0.22720
   3682.8   0.22724
   3685.4   0.22727
   3688.1   0.22731
   3690.7   0.22733
   3693.3   0.22740
   3695.9   0.22747
   3698.6   0.22751
   3701.2   0.22752
   3703.9   0.22756
   3706.5   0.22760
   3709.2   0.22768
   3711.8   0.22773
   3714.5   0.22778
   3717.1   0.22783
   3719.8   0.22788
   3722.5   0.22791
   3725.2   0.22796
   3727.8   0.22799
   3730.5   0.22803
   3733.2   0.22804
   3735.9   0.22809
   3738.6   0.22814
   3741.3   0.22817
   3744.0   0.22819
   3746.7   0.22824
   3749.4   0.22827
   3752.1   0.22833
   3754.8   0.22836
   3757.6   0.22842
   3760.3   0.22843
   3763.0   0.22846
   3765.7   0.22850
   3768.5   0.22855
   3771.2   0.22856
   3774.0   0.22860
   3776.7   0.22863
   3779.5   0.22868
   3782.2   0.22871
   3785.0   0.22874
   3787.7   0.22876
   3790.5   0.22877
   3793.3   0.22879
   3796.1   0.22885
   3798.8   0.22887
   3801.6   0.22890
   3804.4   0.22892
   3807.2   0.22894
   3810.0   0.22896
   3812.8   0.22902
   3815.6   0.22904
   3818.4   0.22906
   3821.2   0.22906
   3824.1   0.22909
   3826.9   0.22912
   3829.7   0.22916
   3832.5   0.22916
   3835.4   0.22918
   3838.2   0.22920
   3841.1   0.22923
   3843.9   0.22924
   3846.8   0.22927
   3849.6   0.22929
   3852.5   0.22931
   3855.3   0.22930
   3858.2   0.22932
   3861.1   0.22933
   3863.9   0.22933
   3866.8   0.22934
   3869.7   0.22937
   3872.6   0.22937
   3875.5   0.22939
   3878.4   0.22940
   3881.3   0.22944
   3884.2   0.22945
   3887.1   0.22947
   3890.0   0.22948
   3892.9   0.22948
   3895.9   0.22948
   3898.8   0.22950
   3901.7   0.22948
   3904.7   0.22947
   3907.6   0.22947
   3910.6   0.22948
   3913.5   0.22948
   3916.5   0.22950
   3919.4   0.22950
   3922.4   0.22951
   3925.4   0.22951
   3928.4   0.22950
   3931.3   0.22950
   3934.3   0.22951
   3937.3   0.22950
   3940.3   0.22951
   3943.3   0.22950
   3946.3   0.22951
   3949.3   0.22950
   3952.3   0.22949
   3955.3   0.22947
   3958.3   0.22947
   3961.4   0.22947
   3964.4   0.22947
   3967.4   0.22945
   3970.5   0.22945
   3973.5   0.22944
   3976.6   0.22946
   3979.6   0.22944
   3982.6   0.22943
   3985.7   0.22940
   3988.8   0.22939
   3991.9   0.22938
   3994.9   0.22937
   3998.0   0.22933
   4001.1   0.22931
   4004.2   0.22927
   4007.3   0.22926
   4010.4   0.22922
   4013.5   0.22922
   4016.6   0.22920
   4019.7   0.22918
   4022.8   0.22916
   4025.9   0.22917
   4029.1   0.22914
   4032.2   0.22911
   4035.3   0.22907
   4038.5   0.22907
   4041.6   0.22907
   4044.8   0.22907
   4047.9   0.22904
   4051.1   0.22901
   4054.3   0.22898
   4057.4   0.22897
   4060.6   0.22894
   4063.8   0.22894
   4067.0   0.22891
   4070.2   0.22889
   4073.4   0.22887
   4076.6   0.22885
   4079.8   0.22882
   4083.0   0.22881
   4086.2   0.22879
   4089.4   0.22878
   4092.7   0.22872
   4095.9   0.22869
   4099.1   0.22866
   4102.4   0.22863
   4105.6   0.22860
   4108.9   0.22858
   4112.1   0.22854
   4115.4   0.22851
   4118.7   0.22846
   4122.0   0.22841
   4125.2   0.22838
   4128.5   0.22836
   4131.8   0.22832
   4135.1   0.22830
   4138.4   0.22827
   4141.7   0.22829
   4145.0   0.22826
   4148.3   0.22822
   4151.6   0.22817
   4155.0   0.22813
   4158.3   0.22810
   4161.6   0.22810
   4165.0   0.22806
   4168.3   0.22805
   4171.7   0.22801
   4175.0   0.22798
   4178.4   0.22795
   4181.8   0.22793
   4185.2   0.22788
   4188.5   0.22784
   4191.9   0.22779
   4195.3   0.22775
   4198.7   0.22770
   4202.1   0.22766
   4205.5   0.22761
   4208.9   0.22756
   4212.4   0.22748
   4215.8   0.22742
   4219.2   0.22733
   4222.6   0.22724
   4226.1   0.22716
   4229.5   0.22714
   4233.0   0.22708
   4236.5   0.22706
   4239.9   0.22704
   4243.4   0.22703
   4246.9   0.22698
   4250.3   0.22696
   4253.8   0.22695
   4257.3   0.22696
   4260.8   0.22689
   4264.3   0.22681
   4267.8   0.22672
   4271.3   0.22671
   4274.9   0.22669
   4278.4   0.22667
   4281.9   0.22662
   4285.5   0.22658
   4289.0   0.22654
   4292.6   0.22653
   4296.1   0.22651
   4299.7   0.22649
   4303.3   0.22642
   4306.8   0.22638
   4310.4   0.22633
   4314.0   0.22631
   4317.6   0.22625
   4321.2   0.22621
   4324.8   0.22616
   4328.4   0.22612
   4332.0   0.22602
   4335.6   0.22597
   4339.3   0.22590
   4342.9   0.22585
   4346.5   0.22577
   4350.2   0.22572
   4353.8   0.22566
   4357.5   0.22561
   4361.1   0.22554
   4364.8   0.22549
   4368.5   0.22540
   4372.2   0.22534
   4375.9   0.22525
   4379.6   0.22519
   4383.3   0.22511
   4387.0   0.22506
   4390.7   0.22501
   4394.4   0.22494
   4398.1   0.22483
   4401.9   0.22477
   4405.6   0.22470
   4409.4   0.22466
   4413.1   0.22458
   4416.9   0.22451
   4420.6   0.22444
   4424.4   0.22435
   4428.2   0.22425
   4432.0   0.22421
   4435.8   0.22412
   4439.6   0.22404
   4443.4   0.22395
   4447.2   0.22388
   4451.0   0.22379
   4454.8   0.22373
   4458.6   0.22363
   4462.5   0.22354
   4466.3   0.22344
   4470.2   0.22337
   4474.0   0.22326
   4477.9   0.22319
   4481.8   0.22311
   4485.6   0.22303
   4489.5   0.22294
   4493.4   0.22285
   4497.3   0.22273
   4501.2   0.22265
   4505.1   0.22255
   4509.0   0.22246
   4513.0   0.22234
   4516.9   0.22226
   4520.8   0.22214
   4524.8   0.22202
   4528.7   0.22189
   4532.7   0.22179
   4536.7   0.22167
   4540.6   0.22158
   4544.6   0.22145
   4548.6   0.22134
   4552.6   0.22120
   4556.6   0.22110
   4560.6   0.22096
   4564.6   0.22086
   4568.6   0.22073
   4572.7   0.22063
   4576.7   0.22050
   4580.8   0.22037
   4584.8   0.22025
   4588.9   0.22011
   4592.9   0.21992
   4597.0   0.21977
   4601.1   0.21960
   4605.2   0.21946
   4609.3   0.21932
   4613.4   0.21917
   4617.5   0.21897
   4621.6   0.21881
   4625.7   0.21864
   4629.8   0.21850
   4634.0   0.21832
   4638.1   0.21817
   4642.3   0.21798
   4646.4   0.21781
   4650.6   0.21760
   4654.8   0.21739
   4659.0   0.21718
   4663.1   0.21700
   4667.3   0.21679
   4671.5   0.21659
   4675.8   0.21637
   4680.0   0.21617
   4684.2   0.21598
   4688.4   0.21578
   4692.7   0.21556
   4696.9   0.21538
   4701.2   0.21514
   4705.5   0.21495
   4709.7   0.21477
   4714.0   0.21457
   4718.3   0.21435
   4722.6   0.21418
   4726.9   0.21397
   4731.2   0.21378
   4735.5   0.21355
   4739.9   0.21332
   4744.2   0.21310
   4748.5   0.21291
   4752.9   0.21270
   4757.3   0.21250
   4761.6   0.21227
   4766.0   0.21206
   4770.4   0.21182
   4774.8   0.21159
   4779.2   0.21134
   4783.6   0.21113
   4788.0   0.21087
   4792.4   0.21064
   4796.9   0.21038
   4801.3   0.21017
   4805.8   0.20993
   4810.2   0.20969
   4814.7   0.20942
   4819.1   0.20920
   4823.6   0.20895
   4828.1   0.20868
   4832.6   0.20840
   4837.1   0.20817
   4841.6   0.20789
   4846.2   0.20764
   4850.7   0.20735
   4855.3   0.20709
   4859.8   0.20680
   4864.4   0.20654
   4868.9   0.20625
   4873.5   0.20596
   4878.1   0.20563
   4882.7   0.20534
   4887.3   0.20501
   4891.9   0.20473
   4896.5   0.20443
   4901.1   0.20414
   4905.8   0.20381
   4910.4   0.20352
   4915.1   0.20317
   4919.7   0.20283
   4924.4   0.20248
   4929.1   0.20217
   4933.8   0.20185
   4938.5   0.20152
   4943.2   0.20115
   4947.9   0.20083
   4952.6   0.20046
   4957.4   0.20013
   4962.1   0.19976
   4966.9   0.19940
   4971.6   0.19902
   4976.4   0.19867
   4981.2   0.19830
   4986.0   0.19796
   4990.8   0.19758
   4995.6   0.19726
   5000.4   0.19690
   5005.2   0.19654
   5010.0   0.19617
   5014.9   0.19584
   5019.8   0.19548
   5024.6   0.19517
   5029.5   0.19484
   5034.4   0.19453
   5039.3   0.19418
   5044.2   0.19385
   5049.1   0.19349
   5054.0   0.19316
   5058.9   0.19282
   5063.9   0.19250
   5068.8   0.19215
   5073.8   0.19181
   5078.8   0.19141
   5083.7   0.19108
   5088.7   0.19074
   5093.7   0.19040
   5098.7   0.19004
   5103.7   0.18970
   5108.8   0.18932
   5113.8   0.18895
   5118.9   0.18857
   5123.9   0.18819
   5129.0   0.18780
   5134.1   0.18746
   5139.1   0.18707
   5144.3   0.18668
   5149.4   0.18627
   5154.5   0.18593
   5159.6   0.18553
   5164.7   0.18519
   5169.9   0.18483
   5175.0   0.18448
   5180.2   0.18410
   5185.4   0.18374
   5190.6   0.18337
   5195.8   0.18303
   5201.0   0.18267
   5206.2   0.18233
   5211.5   0.18193
   5216.7   0.18162
   5222.0   0.18129
   5227.2   0.18095
   5232.5   0.18057
   5237.8   0.18024
   5243.1   0.17988
   5248.4   0.17953
   5253.7   0.17918
   5259.0   0.17886
   5264.4   0.17848
   5269.7   0.17815
   5275.1   0.17778
   5280.5   0.17747
   5285.8   0.17715
   5291.2   0.17684
   5296.6   0.17654
   5302.0   0.17625
   5307.5   0.17592
   5312.9   0.17565
   5318.4   0.17540
   5323.8   0.17515
   5329.3   0.17485
   5334.8   0.17458
   5340.3   0.17427
   5345.8   0.17395
   5351.3   0.17364
   5356.8   0.17348
   5362.4   0.17326
   5367.9   0.17305
   5373.5   0.17280
   5379.0   0.17259
   5384.6   0.17235
   5390.2   0.17215
   5395.8   0.17192
   5401.5   0.17172
   5407.1   0.17148
   5412.7   0.17126
   5418.4   0.17094
   5424.1   0.17075
   5429.7   0.17063
   5435.4   0.17042
   5441.1   0.17020
   5446.9   0.17001
   5452.6   0.16977
   5458.3   0.16951
   5464.1   0.16925
   5469.8   0.16913
   5475.6   0.16891
   5481.4   0.16874
   5487.2   0.16857
   5493.0   0.16835
   5498.8   0.16814
   5504.7   0.16797
   5510.5   0.16777
   5516.4   0.16755
   5522.3   0.16733
   5528.1   0.16715
   5534.0   0.16695
   5540.0   0.16673
   5545.9   0.16646
   5551.8   0.16621
   5557.8   0.16597
   5563.7   0.16576
   5569.7   0.16548
   5575.7   0.16515
   5581.7   0.16489
   5587.7   0.16470
   5593.7   0.16439
   5599.8   0.16407
   5605.8   0.16380
   5611.9   0.16357
   5618.0   0.16328
   5624.1   0.16304
   5630.2   0.16273
   5636.3   0.16238
   5642.4   0.16210
   5648.6   0.16200
   5654.7   0.16174
   5660.9   0.16161
   5667.1   0.16137
   5673.3   0.16112
   5679.5   0.16097
   5685.7   0.16079
   5692.0   0.16055
   5698.2   0.16049
   5704.5   0.16026
   5710.8   0.16007
   5717.1   0.15993
   5723.4   0.15982
   5729.7   0.15964
   5736.0   0.15941
   5742.4   0.15910
   5748.8   0.15883
   5755.1   0.15853
   5761.5   0.15800
   5768.0   0.15757
   5774.4   0.15734
   5780.8   0.15690
   5787.3   0.15648
   5793.7   0.15600
   5800.2   0.15555
   5806.7   0.15509
   5813.2   0.15459
   5819.7   0.15399
   5826.3   0.15368
   5832.8   0.15339
   5839.4   0.15308
   5846.0   0.15264
   5852.6   0.15220
   5859.2   0.15174
   5865.8   0.15138
   5872.5   0.15091
   5879.1   0.15031
   5885.8   0.15002
   5892.5   0.14961
   5899.2   0.14920
   5905.9   0.14893
   5912.6   0.14844
   5919.4   0.14804
   5926.2   0.14754
   5932.9   0.14692
   5939.7   0.14648
   5946.5   0.14620
   5953.4   0.14571
   5960.2   0.14526
   5967.1   0.14468
   5974.0   0.14431
   5980.8   0.14380
   5987.8   0.14331
   5994.7   0.14291
   6001.6   0.14257
   6008.6   0.14205
   6015.5   0.14160
   6022.5   0.14120
   6029.5   0.14082
   6036.5   0.14031
   6043.6   0.13963
   6050.6   0.13916
   6057.7   0.13909
   6064.8   0.13856
   6071.9   0.13805
   6079.0   0.13771
   6086.1   0.13739
   6093.3   0.13691
   6100.5   0.13649
   6107.6   0.13595
   6114.9   0.13556
   6122.1   0.13528
   6129.3   0.13490
   6136.5   0.13442
   6143.8   0.13408
   6151.1   0.13371
   6158.4   0.13332
   6165.7   0.13302
   6173.1   0.13276
   6180.4   0.13238
   6187.8   0.13220
   6195.2   0.13204
   6202.6   0.13181
   6210.0   0.13158
   6217.5   0.13143
   6225.0   0.13126
   6232.4   0.13105
   6239.9   0.13084
   6247.5   0.13067
   6255.0   0.13045
   6262.5   0.13028
   6270.1   0.13010
   6277.7   0.12994
   6285.3   0.12980
   6293.0   0.12966
   6300.6   0.12947
   6308.3   0.12930
   6315.9   0.12911
   6323.6   0.12894
   6331.4   0.12872
   6339.1   0.12845
   6346.9   0.12831
   6354.6   0.12827
   6362.4   0.12803
   6370.3   0.12784
   6378.1   0.12770
   6385.9   0.12754
   6393.8   0.12734
   6401.7   0.12703
   6409.6   0.12652
   6417.5   0.12642
   6425.5   0.12639
   6433.5   0.12618
   6441.5   0.12592
   6449.5   0.12564
   6457.5   0.12540
   6465.6   0.12510
   6473.6   0.12470
   6481.7   0.12430
   6489.8   0.12383
   6498.0   0.12362
   6506.1   0.12338
   6514.3   0.12293
   6522.5   0.12252
   6530.7   0.12224
   6539.0   0.12185
   6547.2   0.12145
   6555.5   0.12103
   6563.8   0.12064
   6572.1   0.12018
   6580.4   0.11990
   6588.8   0.11952
   6597.2   0.11919
   6605.6   0.11879
   6614.0   0.11842
   6622.5   0.11800
   6630.9   0.11754
   6639.4   0.11719
   6647.9   0.11709
   6656.5   0.11677
   6665.0   0.11643
   6673.6   0.11607
   6682.2   0.11577
   6690.8   0.11548
   6699.5   0.11513
   6708.1   0.11472
   6716.8   0.11440
   6725.5   0.11406
   6734.3   0.11373
   6743.0   0.11334
   6751.8   0.11298
   6760.6   0.11257
   6769.4   0.11212
   6778.3   0.11162
   6787.1   0.11115
   6796.0   0.11076
   6805.0   0.11042
   6813.9   0.10992
   6822.9   0.10942
   6831.9   0.10898
   6840.9   0.10859
   6849.9   0.10804
   6859.0   0.10748
   6868.0   0.10702
   6877.2   0.10668
   6886.3   0.10620
   6895.5   0.10572
   6904.6   0.10516
   6913.8   0.10472
   6923.1   0.10424
   6932.3   0.10376
   6941.6   0.10321
   6950.9   0.10263
   6960.2   0.10197
   6969.6   0.10150
   6979.0   0.10093
   6988.4   0.10035
   6997.8   0.09973
   7007.3   0.09919
   7016.8   0.09857
   7026.3   0.09799
   7035.8   0.09735
   7045.4   0.09676
   7054.9   0.09618
   7064.5   0.09565
   7074.2   0.09503
   7083.9   0.09443
   7093.5   0.09382
   7103.3   0.09328
   7113.0   0.09262
   7122.8   0.09205
   7132.6   0.09146
   7142.4   0.09087
   7152.2   0.09020
   7162.1   0.08958
   7172.0   0.08891
   7182.0   0.08831
   7191.9   0.08765
   7201.9   0.08698
   7211.9   0.08625
   7222.0   0.08561
   7232.0   0.08487
   7242.1   0.08418
   7252.3   0.08342
   7262.4   0.08271
   7272.6   0.08195
   7282.8   0.08127
   7293.1   0.08055
   7303.3   0.07987
   7313.6   0.07910
   7324.0   0.07835
   7334.3   0.07754
   7344.7   0.07678
   7355.1   0.07597
   7365.6   0.07521
   7376.1   0.07436
   7386.6   0.07356
   7397.1   0.07269
   7407.7   0.07190
   7418.3   0.07104
   7428.9   0.07020
   7439.6   0.06930
   7450.2   0.06848
   7461.0   0.06756
   7471.7   0.06667
   7482.5   0.06575
   7493.3   0.06486
   7504.1   0.06391
   7515.0   0.06302
   7525.9   0.06202
   7536.9   0.06110
   7547.9   0.06009
   7558.9   0.05915
   7569.9   0.05819
   7581.0   0.05729
   7592.0   0.05628
   7603.2   0.05534
   7614.4   0.05433
   7625.5   0.05340
   7636.8   0.05238
   7648.0   0.05142
   7659.3   0.05041
   7670.7   0.04944
   7682.0   0.04841
   7693.4   0.04743
   7704.9   0.04634
   7716.3   0.04533
   7727.8   0.04427
   7739.4   0.04327
   7750.9   0.04218
   7762.5   0.04114
   7774.2   0.04003
   7785.8   0.03898
   7797.5   0.03786
   7809.3   0.03684
   7821.1   0.03573
   7832.9   0.03467
   7844.7   0.03356
   7856.6   0.03251
   7868.5   0.03138
   7880.5   0.03033
   7892.5   0.02921
   7904.5   0.02816
   7916.6   0.02702
   7928.7   0.02597
   7940.8   0.02486
   7953.0   0.02385
   7965.2   0.02275
   7977.5   0.02179
   7989.8   0.02079
   8002.1   0.01989
   8014.5   0.01897
   8026.9   0.01818
   8039.3   0.01734
   8051.8   0.01664
   8064.3   0.01591
   8076.9   0.01529
   8089.5   0.01466
   8102.1   0.01416
   8114.8   0.01359
   8127.5   0.01319
   8140.3   0.01275
   8153.1   0.01242
   8165.9   0.01205
   8178.8   0.01183
   8191.7   0.01155
   8204.7   0.01138
   8217.7   0.01117
   8230.7   0.01110
   8243.8   0.01098
   8257.0   0.01096
   8270.1   0.01090
   8283.3   0.01097
   8296.6   0.01099
   8309.9   0.01107
   8323.2   0.01106
   8336.6   0.01116
   8350.0   0.01123
   8363.5   0.01139
   8377.0   0.01146
   8390.5   0.01162
   8404.2   0.01171
   8417.8   0.01188
   8431.5   0.01197
   8445.2   0.01215
   8459.0   0.01226
   8472.8   0.01245
   8486.7   0.01256
   8500.6   0.01271
   8514.5   0.01278
   8528.5   0.01293
   8542.6   0.01303
   8556.7   0.01318
   8570.8   0.01324
   8585.0   0.01340
   8599.3   0.01348
   8613.5   0.01362
   8627.9   0.01368
   8642.3   0.01382
   8656.7   0.01388
   8671.2   0.01407
   8685.7   0.01416
   8700.3   0.01430
   8714.9   0.01438
   8729.5   0.01451
   8744.3   0.01459
   8759.0   0.01474
   8773.9   0.01480
   8788.7   0.01495
   8803.7   0.01503
   8818.6   0.01516
   8833.7   0.01522
   8848.7   0.01536
   8863.8   0.01547
   8879.0   0.01564
   8894.3   0.01573
   8909.5   0.01591
   8924.9   0.01603
   8940.3   0.01620
   8955.7   0.01633
   8971.2   0.01650
   8986.8   0.01659
   9002.3   0.01677
   9018.0   0.01689
   9033.7   0.01704
   9049.5   0.01710
   9065.3   0.01726
   9081.2   0.01731
   9097.1   0.01740
   9113.1   0.01744
   9129.1   0.01756
   9145.2   0.01760
   9161.4   0.01771
   9177.6   0.01772
   9193.9   0.01779
   9210.2   0.01781
   9226.6   0.01790
   9243.0   0.01791
   9259.5   0.01799
   9276.1   0.01800
   9292.7   0.01806
   9309.4   0.01809
   9326.2   0.01822
   9343.0   0.01824
   9359.8   0.01831
   9376.8   0.01831
   9393.8   0.01837
   9410.8   0.01833
   9427.9   0.01840
   9445.1   0.01840
   9462.3   0.01845
   9479.6   0.01848
   9497.0   0.01857
   9514.4   0.01857
   9531.9   0.01864
   9549.4   0.01864
   9567.0   0.01867
   9584.7   0.01860
   9602.5   0.01864
   9620.3   0.01860
   9638.2   0.01863
   9656.1   0.01861
   9674.2   0.01863
   9692.2   0.01861
   9710.4   0.01867
   9728.6   0.01863
   9746.9   0.01870
   9765.2   0.01874
   9783.7   0.01880
   9802.2   0.01877
   9820.7   0.01881
   9839.4   0.01881
   9858.1   0.01888
   9876.8   0.01891
   9895.7   0.01896
   9914.6   0.01893
   9933.6   0.01899
   9952.7   0.01901
   9971.8   0.01909
   9991.0   0.01909
  10010.3   0.01918
  10029.7   0.01919
  10049.1   0.01925
  10068.6   0.01926
  10088.2   0.01932
  10107.9   0.01935
  10127.6   0.01944
  10147.5   0.01945
  10167.3   0.01952
  10187.3   0.01956
  10207.4   0.01967
  10227.5   0.01971
  10247.7   0.01981
  10268.0   0.01985
  10288.4   0.01999
  10308.8   0.02008
  10329.4   0.02022
  10350.0   0.02032
  10370.7   0.02049
  10391.5   0.02059
  10412.3   0.02075
  10433.3   0.02082
  10454.3   0.02096
  10475.4   0.02106
  10496.7   0.02121
  10517.9   0.02129
  10539.3   0.02142
  10560.8   0.02148
  10582.3   0.02165
  10604.0   0.02176
  10625.7   0.02186
  10647.5   0.02190
  10669.4   0.02206
  10691.4   0.02215
  10713.5   0.02225
  10735.7   0.02230
  10758.0   0.02242
  10780.3   0.02251
  10802.8   0.02262
  10825.4   0.02265
  10848.0   0.02274
  10870.8   0.02278
  10893.6   0.02286
  10916.5   0.02289
  10939.5   0.02295
  10962.7   0.02294
  10985.9   0.02302
  11009.2   0.02306
  11032.7   0.02314
  11056.2   0.02319
  11079.8   0.02333
  11103.5   0.02343
  11127.4   0.02360
  11151.3   0.02371
  11175.3   0.02394
  11199.5   0.02411
  11223.7   0.02431
  11248.0   0.02451
  11272.5   0.02475
  11297.1   0.02492
  11321.7   0.02515
  11346.5   0.02533
  11371.4   0.02555
  11396.4   0.02569
  11421.5   0.02583
  11446.7   0.02595
  11472.0   0.02617
  11497.5   0.02628
  11523.0   0.02639
  11548.7   0.02641
  11574.4   0.02656
  11600.3   0.02668
  11626.3   0.02683
  11652.5   0.02691
  11678.7   0.02709
  11705.1   0.02717
  11731.6   0.02730
  11758.2   0.02741
  11784.9   0.02758
  11811.7   0.02765
  11838.7   0.02771
  11865.8   0.02771
  11893.0   0.02776
  11920.3   0.02777
  11947.8   0.02785
  11975.4   0.02788
  12003.1   0.02802
  12031.0   0.02807
  12059.0   0.02821
  12087.1   0.02827
  12115.3   0.02832
  12143.7   0.02828
  12172.2   0.02826
  12200.8   0.02814
  12229.6   0.02799
  12258.5   0.02771
  12287.6   0.02747
  12316.8   0.02714
  12346.1   0.02682
  12375.5   0.02639
  12405.2   0.02601
  12434.9   0.02557
  12464.8   0.02517
  12494.8   0.02471
  12525.0   0.02433
  12555.3   0.02389
  12585.8   0.02354
  12616.4   0.02312
  12647.2   0.02281
  12678.1   0.02241
  12709.2   0.02204
  12740.4   0.02162
  12771.8   0.02126
  12803.3   0.02090
  12835.0   0.02067
  12866.9   0.02036
  12898.9   0.02015
  12931.1   0.01990
  12963.4   0.01974
  12995.9   0.01951
  13028.5   0.01932
  13061.3   0.01910
  13094.3   0.01896
  13127.5   0.01875
  13160.8   0.01860
  13194.3   0.01840
  13228.0   0.01834
  13261.8   0.01822
  13295.8   0.01812
  13330.0   0.01803
  13364.3   0.01801
  13398.8   0.01788
  13433.6   0.01773
  13468.5   0.01748
  13503.5   0.01734
  13538.8   0.01717
  13574.2   0.01714
  13609.9   0.01699
  13645.7   0.01690
  13681.7   0.01679
  13717.9   0.01677
  13754.3   0.01674
  13790.8   0.01684
  13827.6   0.01685
  13864.6   0.01691
  13901.8   0.01687
  13939.2   0.01685
  13976.7   0.01676
  14014.5   0.01672
  14052.5   0.01658
  14090.7   0.01647
  14129.0   0.01626
  14167.6   0.01616
  14206.5   0.01604
  14245.5   0.01598
  14284.7   0.01583
  14324.2   0.01570
  14363.9   0.01553
  14403.8   0.01548
  14443.9   0.01533
  14484.3   0.01522
  14524.8   0.01513
  14565.6   0.01510
  14606.7   0.01496
  14647.9   0.01485
  14689.4   0.01474
  14731.2   0.01477
  14773.1   0.01471
  14815.3   0.01468
  14857.8   0.01460
  14900.5   0.01460
  14943.4   0.01453
  14986.6   0.01455
  15030.0   0.01448
  15073.7   0.01450
  15117.7   0.01450
  15161.9   0.01450
  15206.3   0.01437
  15251.1   0.01424
  15296.1   0.01403
  15341.3   0.01393
  15386.8   0.01378
  15432.6   0.01376
  15478.7   0.01361
  15525.0   0.01355
  15571.7   0.01355
  15618.6   0.01370
  15665.8   0.01378
  15713.2   0.01393
  15761.0   0.01398
  15809.0   0.01412
  15857.4   0.01419
  15906.0   0.01439
  15955.0   0.01448
  16004.2   0.01457
  16053.8   0.01457
  16103.6   0.01469
  16153.8   0.01470
  16204.3   0.01470
  16255.1   0.01459
  16306.2   0.01477
  16357.6   0.01473
  16409.4   0.01477
  16461.5   0.01480
  16513.9   0.01491
  16566.7   0.01499
  16619.8   0.01512
  16673.2   0.01521
  16727.0   0.01539
  16781.1   0.01549
  16835.6   0.01577
  16890.5   0.01592
  16945.7   0.01610
  17001.2   0.01619
  17057.2   0.01633
  17113.4   0.01635
  17170.1   0.01650
  17227.2   0.01655
  17284.6   0.01662
  17342.4   0.01665
  17400.6   0.01675
  17459.2   0.01676
  17518.2   0.01688
  17577.5   0.01692
  17637.3   0.01718
  17697.5   0.01726
  17758.1   0.01733
  17819.2   0.01727
  17880.6   0.01726
  17942.5   0.01723
  18004.8   0.01733
  18067.5   0.01732
  18130.7   0.01749
  18194.3   0.01750
  18258.4   0.01759
  18322.9   0.01773
  18387.9   0.01804
  18453.3   0.01827
  18519.2   0.01853
  18585.6   0.01858
  18652.4   0.01877
  18719.8   0.01883
  18787.6   0.01891
  18855.9   0.01880
  18924.7   0.01882
  18994.1   0.01878
  19063.9   0.01887
  19134.2   0.01883
  19205.1   0.01894
  19276.5   0.01901
  19348.4   0.01937
  19420.9   0.01954
  19493.9   0.01971
  19567.5   0.01966
  19641.6   0.01979
  19716.3   0.01980
  19791.5   0.01992
  19867.3   0.01999
  19943.8   0.02020
  20020.8   0.02009
  20098.4   0.02013
  20176.6   0.02007
  20255.4   0.02006
  20334.8   0.02003
  20414.9   0.02019
  20495.6   0.02026
  20576.9   0.02059
  20658.9   0.02037
  20741.5   0.02028
  20824.8   0.02041
  20908.8   0.02067
  20993.4   0.02056
  21078.8   0.02050
  21164.8   0.02024
  21251.6   0.02046
  21339.0   0.02060
  21427.2   0.02085
  21516.1   0.02065
  21605.8   0.02078
  21696.2   0.02072
  21787.3   0.02063
  21879.3   0.02056
  21972.0   0.02088
  22065.5   0.02070
  22159.7   0.02074
  22254.8   0.02043
  22350.8   0.02059
  22447.5   0.02069
  22545.1   0.02079
  22643.6   0.02076
  22742.9   0.02105
  22843.1   0.02111
  22944.2   0.02116
  23046.2   0.02126
  23149.1   0.02123
  23252.9   0.02107
  23357.6   0.02134
  23463.3   0.02164
  23569.9   0.02168
  23677.6   0.02179
  23786.2   0.02188
  23895.8   0.02162
  24006.4   0.02181
  24118.1   0.02203
  24230.8   0.02194
  24344.5   0.02181
  24459.3   0.02196
  24575.3   0.02210
  24692.3   0.02228
  24810.4   0.02238
  24929.7   0.02268
  25050.1   0.02266
  25171.7   0.02267
  25294.5   0.02273
  25418.5   0.02307
  25543.7   0.02320
  25670.2   0.02309
  25797.9   0.02303
  25926.9   0.02319
  26057.2   0.02307
  26188.8   0.02333
  26321.7   0.02349
  26456.0   0.02355
  26591.7   0.02339
  26728.8   0.02322
  26867.2   0.02320
  27007.2   0.02317
  27148.6   0.02327
  27291.5   0.02305
  27435.9   0.02312
  27581.8   0.02353
  27729.3   0.02352
  27878.4   0.02348
  28029.1   0.02355
  28181.4   0.02390
  28335.4   0.02406
  28491.1   0.02403
  28648.5   0.02368
  28807.7   0.02363
  28968.6   0.02361
  29131.3   0.02381
  29295.9   0.02398
  29462.4   0.02421
  29630.7   0.02398
  29801.0   0.02321
  29973.3   0.02342
  30147.5   0.02393
  30323.8   0.02404
  30502.2   0.02438
  30682.7   0.02436
  30865.3   0.02457
  31050.2   0.02453
  31237.2   0.02413
  31426.5   0.02407
  31618.2   0.02422
  31812.1   0.02411
  32008.5   0.02373
  32207.3   0.02397
  32408.6   0.02432
  32612.4   0.02454
  32818.8   0.02494
  33027.9   0.02499
  33239.6   0.02452
  33454.1   0.02511
  33671.3   0.02522
  33891.4   0.02463
  34114.3   0.02460
  34340.3   0.02505
  34569.2   0.02511
  34801.2   0.02441
  35036.3   0.02408
  35274.7   0.02415
  35516.3   0.02450
  35761.2   0.02364
  36009.6   0.02310
  36261.4   0.02385
  36516.7   0.02488
  36775.7   0.02540
  37038.4   0.02499
  37304.9   0.02426
  37575.2   0.02406
  37849.5   0.02350
  38127.8   0.02354
  38410.2   0.02388
  38696.8   0.02373
  38987.8   0.02404
  39283.2   0.02528
  39583.0   0.02469
  39887.5   0.02381
  40196.7   0.02290
  40510.8   0.02316
  40829.7   0.02320
  41153.8   0.02355
  41483.0   0.02380
  41817.6   0.02489
  42157.5   0.02544
  42503.1   0.02593
  42854.4   0.02689
  43211.5   0.02618
  43574.6   0.02536
  43943.9   0.02342
  44319.5   0.02292
  44701.5   0.02445
  45090.2   0.02402
  45485.8   0.02442
  45888.3   0.02562
  46298.0   0.02516
  46715.1   0.02340
  47139.8   0.02395
  47572.3   0.02420
  48012.8   0.02333
  48461.5   0.02555
  48918.6   0.02799
  49384.6   0.03055
  49859.4   0.02681
  50343.5   0.02559
  50837.0   0.02747
  51340.4   0.02902
  51853.8   0.02936
  52377.6   0.02642
  52912.0   0.02722
  53457.5   0.03106
  54014.4   0.03180
  54582.9   0.03063
  55163.6   0.03029
  55756.8   0.02866
  56362.8   0.02873
  56982.2   0.02831
  57615.3   0.02975
  58262.7   0.02986
  58924.7   0.02688
  59602.0   0.02579
  60295.1   0.02611
  61004.4   0.02755
  61730.7   0.03020
  62474.4   0.03006
  63236.3   0.03156
  64017.0   0.03599
  64817.2   0.03697
  65637.7   0.03560
  66479.2   0.03593
  67342.6   0.03299
  68228.6   0.03298
  69138.4   0.03847
  70072.7   0.03953
  71032.6   0.03155
  72019.1   0.03031
  73033.5   0.03571
  74076.8   0.03898
  75150.4   0.04083
  76255.5   0.02976
  77393.7   0.02456
  78566.3   0.03131
  79775.0   0.04232
  81021.5   0.04682
  82307.6   0.04797
  83635.1   0.02040
  85006.2   0.02866
  86423.0   0.04887
  87887.8   0.05068
  89403.0   0.04255
  90971.5   0.03637
  92596.0   0.03826
  94279.6   0.03697
  96025.5   0.03860
  97837.3   0.04571
  99718.8   0.03498



 BIR1LR232           .ASC                        

 LR-DSM-232                                                              
 14003,96 2.7 um C.P.                                                    
 Connected at 22.7 um                                                    

 Source Ang: 30.00   Detect Ang:  0.00  Volt: 1.222
 Date: 16-SEP-11   Time: 17:14:20
