      3527
   1428.42   .051019
   1428.82   .051146
   1429.21   .050448
   1429.60   .050289
   1430.00   .049942
   1430.39   .050365
   1430.79   .050766
   1431.18   .050418
   1431.58   .050666
   1431.97   .050544
   1432.37   .050460
   1432.77   .051133
   1433.16   .051565
   1433.56   .051046
   1433.95   .051300
   1434.35   .051424
   1434.75   .051169
   1435.14   .050696
   1435.54   .050232
   1435.94   .050262
   1436.34   .050046
   1436.74   .050355
   1437.13   .050528
   1437.53   .050126
   1437.93   .050179
   1438.33   .050455
   1438.73   .050425
   1439.13   .050539
   1439.53   .050873
   1439.93   .051164
   1440.33   .051385
   1440.73   .051072
   1441.13   .051182
   1441.53   .051205
   1441.93   .051193
   1442.33   .051002
   1442.73   .050826
   1443.13   .050667
   1443.54   .050846
   1443.94   .051656
   1444.34   .052222
   1444.74   .052314
   1445.14   .052000
   1445.55   .051531
   1445.95   .051469
   1446.35   .051407
   1446.76   .051281
   1447.16   .051317
   1447.57   .051622
   1447.97   .051876
   1448.37   .052163
   1448.78   .051552
   1449.18   .050792
   1449.59   .050738
   1449.99   .050751
   1450.40   .050968
   1450.81   .051256
   1451.21   .051244
   1451.62   .051331
   1452.03   .051473
   1452.43   .052140
   1452.84   .052167
   1453.25   .051639
   1453.65   .051863
   1454.06   .051745
   1454.47   .051139
   1454.88   .051342
   1455.29   .052206
   1455.69   .052791
   1456.10   .052744
   1456.51   .052589
   1456.92   .052095
   1457.33   .051510
   1457.74   .051625
   1458.15   .052124
   1458.56   .052351
   1458.97   .051725
   1459.38   .051022
   1459.79   .051613
   1460.20   .052011
   1460.62   .051930
   1461.03   .051820
   1461.44   .051753
   1461.85   .052155
   1462.26   .052275
   1462.68   .052662
   1463.09   .053030
   1463.50   .052644
   1463.91   .052274
   1464.33   .052050
   1464.74   .051894
   1465.16   .052033
   1465.57   .052796
   1465.98   .053209
   1466.40   .053057
   1466.81   .052479
   1467.23   .052141
   1467.64   .052553
   1468.06   .052444
   1468.48   .052040
   1468.89   .051865
   1469.31   .052014
   1469.72   .052292
   1470.14   .052365
   1470.56   .052071
   1470.97   .052453
   1471.39   .052960
   1471.81   .053044
   1472.23   .052503
   1472.65   .052447
   1473.06   .052493
   1473.48   .052373
   1473.90   .052287
   1474.32   .052681
   1474.74   .053071
   1475.16   .053513
   1475.58   .053563
   1476.00   .052884
   1476.42   .052809
   1476.84   .052959
   1477.26   .052610
   1477.68   .052623
   1478.10   .052883
   1478.53   .053211
   1478.95   .053327
   1479.37   .053170
   1479.79   .053198
   1480.21   .053102
   1480.64   .053120
   1481.06   .053136
   1481.48   .053366
   1481.91   .053339
   1482.33   .052556
   1482.75   .052604
   1483.18   .052970
   1483.60   .052727
   1484.03   .053013
   1484.45   .053474
   1484.88   .053435
   1485.30   .053277
   1485.73   .053324
   1486.15   .053519
   1486.58   .053355
   1487.01   .053213
   1487.43   .053306
   1487.86   .053227
   1488.29   .053175
   1488.71   .053127
   1489.14   .052972
   1489.57   .053076
   1490.00   .053326
   1490.43   .053528
   1490.85   .053531
   1491.28   .053310
   1491.71   .053385
   1492.14   .053375
   1492.57   .052903
   1493.00   .053176
   1493.43   .053395
   1493.86   .053700
   1494.29   .053643
   1494.72   .053272
   1495.15   .053255
   1495.59   .053496
   1496.02   .053732
   1496.45   .053612
   1496.88   .053369
   1497.31   .053369
   1497.75   .053677
   1498.18   .053610
   1498.61   .053359
   1499.04   .053460
   1499.48   .053351
   1499.91   .053005
   1500.35   .053195
   1500.78   .053701
   1501.21   .053818
   1501.65   .054134
   1502.08   .054029
   1502.52   .053652
   1502.95   .053753
   1503.39   .053757
   1503.83   .053597
   1504.26   .054032
   1504.70   .054345
   1505.14   .054309
   1505.57   .054361
   1506.01   .054144
   1506.45   .054066
   1506.89   .054186
   1507.32   .054120
   1507.76   .053827
   1508.20   .054395
   1508.64   .055029
   1509.08   .054361
   1509.52   .053989
   1509.96   .053947
   1510.40   .054070
   1510.84   .054089
   1511.28   .054119
   1511.72   .054106
   1512.16   .054293
   1512.60   .054528
   1513.04   .054337
   1513.48   .053878
   1513.93   .053883
   1514.37   .054067
   1514.81   .054038
   1515.25   .054079
   1515.70   .054396
   1516.14   .054556
   1516.58   .054044
   1517.03   .053989
   1517.47   .054550
   1517.92   .054708
   1518.36   .054719
   1518.80   .054474
   1519.25   .053901
   1519.69   .053983
   1520.14   .054605
   1520.59   .054676
   1521.03   .054496
   1521.48   .054383
   1521.93   .054517
   1522.37   .054896
   1522.82   .054592
   1523.27   .054175
   1523.71   .054226
   1524.16   .054502
   1524.61   .055036
   1525.06   .055126
   1525.51   .054561
   1525.96   .054372
   1526.41   .054318
   1526.86   .054383
   1527.31   .054903
   1527.76   .055215
   1528.21   .055148
   1528.66   .054973
   1529.11   .054651
   1529.56   .054512
   1530.01   .054589
   1530.46   .054823
   1530.91   .055010
   1531.36   .054936
   1531.82   .054745
   1532.27   .054620
   1532.72   .054530
   1533.18   .054849
   1533.63   .054978
   1534.08   .054862
   1534.54   .055110
   1534.99   .055307
   1535.45   .055210
   1535.90   .055103
   1536.36   .055228
   1536.81   .055414
   1537.27   .055207
   1537.72   .055198
   1538.18   .055401
   1538.64   .055618
   1539.09   .055448
   1539.55   .055024
   1540.01   .054726
   1540.46   .054822
   1540.92   .055133
   1541.38   .055041
   1541.84   .054996
   1542.30   .055379
   1542.76   .055583
   1543.22   .055701
   1543.68   .055622
   1544.13   .055240
   1544.60   .055199
   1545.06   .055727
   1545.52   .055821
   1545.98   .055565
   1546.44   .055283
   1546.90   .055100
   1547.36   .055084
   1547.82   .055216
   1548.29   .055428
   1548.75   .055510
   1549.21   .055202
   1549.67   .054951
   1550.14   .055230
   1550.60   .055462
   1551.06   .055538
   1551.53   .055733
   1551.99   .055458
   1552.46   .055359
   1552.92   .055272
   1553.39   .055305
   1553.85   .055275
   1554.32   .055086
   1554.78   .055158
   1555.25   .055309
   1555.72   .055402
   1556.19   .055526
   1556.65   .055373
   1557.12   .055411
   1557.59   .055680
   1558.06   .055842
   1558.52   .055555
   1558.99   .055495
   1559.46   .055700
   1559.93   .055868
   1560.40   .055701
   1560.87   .055443
   1561.34   .055535
   1561.81   .055696
   1562.28   .055946
   1562.75   .056040
   1563.22   .055821
   1563.69   .055953
   1564.17   .056425
   1564.64   .056359
   1565.11   .055941
   1565.58   .055699
   1566.06   .055585
   1566.53   .055431
   1567.00   .055605
   1567.48   .055733
   1567.95   .055787
   1568.42   .055847
   1568.90   .055968
   1569.37   .056210
   1569.85   .055822
   1570.32   .055376
   1570.80   .055626
   1571.28   .055894
   1571.75   .055703
   1572.23   .055488
   1572.71   .055457
   1573.18   .055592
   1573.66   .055768
   1574.14   .055725
   1574.62   .055739
   1575.10   .055959
   1575.57   .055896
   1576.05   .055736
   1576.53   .055743
   1577.01   .055771
   1577.49   .055746
   1577.97   .056041
   1578.45   .056250
   1578.93   .056344
   1579.41   .056204
   1579.89   .056115
   1580.38   .056233
   1580.86   .056172
   1581.34   .055994
   1581.82   .056007
   1582.31   .056092
   1582.79   .056209
   1583.27   .056249
   1583.76   .056270
   1584.24   .056199
   1584.72   .056293
   1585.21   .056296
   1585.69   .056138
   1586.18   .056152
   1586.66   .056382
   1587.15   .056389
   1587.64   .056299
   1588.12   .056232
   1588.61   .056203
   1589.10   .056126
   1589.58   .056047
   1590.07   .056224
   1590.56   .056281
   1591.05   .056171
   1591.53   .056244
   1592.02   .056416
   1592.51   .056277
   1593.00   .056212
   1593.49   .056281
   1593.98   .056261
   1594.47   .056542
   1594.96   .056592
   1595.45   .056359
   1595.94   .056399
   1596.43   .056433
   1596.93   .056360
   1597.42   .056316
   1597.91   .056484
   1598.40   .056564
   1598.90   .056268
   1599.39   .055903
   1599.88   .056124
   1600.38   .056123
   1600.87   .056087
   1601.37   .056350
   1601.86   .056391
   1602.35   .056222
   1602.85   .056225
   1603.35   .056575
   1603.84   .056714
   1604.34   .056554
   1604.83   .056571
   1605.33   .056732
   1605.83   .056715
   1606.33   .056355
   1606.82   .056270
   1607.32   .056432
   1607.82   .056653
   1608.32   .056678
   1608.82   .056364
   1609.32   .056284
   1609.82   .056512
   1610.32   .056520
   1610.82   .056454
   1611.32   .056732
   1611.82   .056829
   1612.32   .056772
   1612.82   .056877
   1613.32   .056746
   1613.83   .056807
   1614.33   .056941
   1614.83   .056659
   1615.33   .056643
   1615.84   .056682
   1616.34   .056624
   1616.85   .056989
   1617.35   .056918
   1617.85   .056673
   1618.36   .056840
   1618.86   .056791
   1619.37   .056499
   1619.88   .056377
   1620.38   .056795
   1620.89   .056995
   1621.40   .056797
   1621.90   .056919
   1622.41   .056980
   1622.92   .057127
   1623.43   .057263
   1623.94   .057096
   1624.44   .057136
   1624.95   .056986
   1625.46   .056656
   1625.97   .056702
   1626.48   .057064
   1626.99   .056913
   1627.50   .056672
   1628.01   .056866
   1628.53   .056831
   1629.04   .056824
   1629.55   .057118
   1630.06   .057105
   1630.57   .057006
   1631.09   .057001
   1631.60   .056782
   1632.11   .056786
   1632.63   .056866
   1633.14   .056933
   1633.66   .057166
   1634.17   .057212
   1634.69   .057039
   1635.20   .056995
   1635.72   .057110
   1636.24   .057206
   1636.75   .057222
   1637.27   .057088
   1637.79   .056924
   1638.30   .056773
   1638.82   .056819
   1639.34   .056904
   1639.86   .057163
   1640.38   .057220
   1640.90   .057099
   1641.41   .057195
   1641.93   .057291
   1642.45   .057352
   1642.98   .057385
   1643.50   .057074
   1644.02   .056872
   1644.54   .056800
   1645.06   .057012
   1645.58   .057469
   1646.11   .057590
   1646.63   .057383
   1647.15   .057255
   1647.67   .057254
   1648.20   .057216
   1648.72   .057160
   1649.25   .057185
   1649.77   .057461
   1650.30   .057456
   1650.82   .057141
   1651.35   .057232
   1651.87   .057571
   1652.40   .057633
   1652.93   .057540
   1653.45   .057612
   1653.98   .057606
   1654.51   .057568
   1655.04   .057433
   1655.57   .057546
   1656.10   .057918
   1656.62   .057930
   1657.15   .057649
   1657.68   .057413
   1658.21   .057328
   1658.74   .057599
   1659.28   .057618
   1659.81   .057512
   1660.34   .057497
   1660.87   .057572
   1661.40   .057644
   1661.93   .057608
   1662.47   .057584
   1663.00   .057578
   1663.53   .057623
   1664.07   .057701
   1664.60   .057773
   1665.14   .057647
   1665.67   .057615
   1666.21   .057509
   1666.74   .057534
   1667.28   .057504
   1667.81   .057515
   1668.35   .057563
   1668.89   .057482
   1669.43   .057503
   1669.96   .057764
   1670.50   .058013
   1671.04   .058120
   1671.58   .057904
   1672.12   .057764
   1672.66   .057618
   1673.20   .057558
   1673.74   .057693
   1674.28   .057886
   1674.82   .057735
   1675.36   .057483
   1675.90   .057478
   1676.44   .057779
   1676.99   .058039
   1677.53   .058030
   1678.07   .057926
   1678.61   .057922
   1679.16   .057944
   1679.70   .057848
   1680.25   .057867
   1680.79   .057951
   1681.34   .058007
   1681.88   .057851
   1682.43   .057890
   1682.97   .057848
   1683.52   .057843
   1684.07   .057917
   1684.61   .057984
   1685.16   .058051
   1685.71   .057983
   1686.26   .057913
   1686.81   .058037
   1687.35   .057973
   1687.90   .057789
   1688.45   .057852
   1689.00   .057897
   1689.55   .057862
   1690.11   .057925
   1690.66   .057985
   1691.21   .057911
   1691.76   .057855
   1692.31   .057865
   1692.86   .057916
   1693.42   .058109
   1693.97   .058393
   1694.52   .058273
   1695.08   .058066
   1695.63   .057995
   1696.19   .058054
   1696.74   .058070
   1697.30   .058125
   1697.85   .058024
   1698.41   .057904
   1698.97   .058019
   1699.52   .058309
   1700.08   .058366
   1700.64   .058317
   1701.20   .058191
   1701.75   .058153
   1702.31   .058145
   1702.87   .057986
   1703.43   .057863
   1703.99   .057813
   1704.55   .058003
   1705.11   .058217
   1705.67   .058366
   1706.23   .058376
   1706.80   .058441
   1707.36   .058336
   1707.92   .058170
   1708.48   .058081
   1709.05   .058112
   1709.61   .058216
   1710.17   .058365
   1710.74   .058339
   1711.30   .058281
   1711.87   .058108
   1712.43   .058118
   1713.00   .058345
   1713.57   .058480
   1714.13   .058440
   1714.70   .058411
   1715.27   .058489
   1715.83   .058418
   1716.40   .058379
   1716.97   .058316
   1717.54   .058322
   1718.11   .058373
   1718.68   .058350
   1719.25   .058385
   1719.82   .058492
   1720.39   .058485
   1720.96   .058421
   1721.53   .058432
   1722.10   .058486
   1722.67   .058662
   1723.25   .058649
   1723.82   .058305
   1724.39   .058204
   1724.97   .058496
   1725.54   .058649
   1726.12   .058594
   1726.69   .058735
   1727.27   .058704
   1727.84   .058554
   1728.42   .058570
   1728.99   .058606
   1729.57   .058748
   1730.15   .058782
   1730.73   .058693
   1731.30   .058527
   1731.88   .058679
   1732.46   .058741
   1733.04   .058787
   1733.62   .058853
   1734.20   .058764
   1734.78   .058708
   1735.36   .058691
   1735.94   .058677
   1736.52   .058683
   1737.10   .058635
   1737.69   .058735
   1738.27   .058877
   1738.85   .058825
   1739.43   .058651
   1740.02   .058627
   1740.60   .058661
   1741.19   .058595
   1741.77   .058571
   1742.36   .058703
   1742.94   .058685
   1743.53   .058759
   1744.12   .058895
   1744.70   .059028
   1745.29   .059084
   1745.88   .058943
   1746.47   .058871
   1747.05   .058921
   1747.64   .058939
   1748.23   .058918
   1748.82   .058891
   1749.41   .058851
   1750.00   .058820
   1750.59   .058806
   1751.18   .058922
   1751.78   .059035
   1752.37   .058989
   1752.96   .058861
   1753.55   .058947
   1754.15   .058906
   1754.74   .058789
   1755.33   .058970
   1755.93   .059178
   1756.52   .059127
   1757.12   .059053
   1757.72   .059054
   1758.31   .059038
   1758.91   .059041
   1759.50   .059185
   1760.10   .059234
   1760.70   .059230
   1761.30   .059118
   1761.90   .059019
   1762.50   .059196
   1763.09   .059385
   1763.69   .059185
   1764.29   .059024
   1764.90   .059132
   1765.50   .059227
   1766.10   .059278
   1766.70   .059241
   1767.30   .059156
   1767.90   .059105
   1768.51   .059144
   1769.11   .059276
   1769.71   .059450
   1770.32   .059431
   1770.92   .059364
   1771.53   .059332
   1772.13   .059318
   1772.74   .059288
   1773.35   .059236
   1773.95   .059342
   1774.56   .059322
   1775.17   .059232
   1775.78   .059251
   1776.38   .059233
   1776.99   .059242
   1777.60   .059282
   1778.21   .059263
   1778.82   .059367
   1779.43   .059377
   1780.04   .059295
   1780.65   .059302
   1781.27   .059367
   1781.88   .059474
   1782.49   .059410
   1783.10   .059413
   1783.72   .059496
   1784.33   .059476
   1784.95   .059562
   1785.56   .059531
   1786.18   .059528
   1786.79   .059626
   1787.41   .059673
   1788.02   .059654
   1788.64   .059540
   1789.26   .059578
   1789.88   .059746
   1790.49   .059694
   1791.11   .059492
   1791.73   .059402
   1792.35   .059512
   1792.97   .059703
   1793.59   .059712
   1794.21   .059730
   1794.83   .059671
   1795.45   .059590
   1796.08   .059528
   1796.70   .059544
   1797.32   .059650
   1797.94   .059731
   1798.57   .059797
   1799.19   .059768
   1799.82   .059537
   1800.44   .059558
   1801.07   .059645
   1801.69   .059742
   1802.32   .059761
   1802.95   .059751
   1803.57   .059781
   1804.20   .059817
   1804.83   .059840
   1805.46   .059825
   1806.09   .059745
   1806.72   .059678
   1807.34   .059767
   1807.98   .059950
   1808.61   .059956
   1809.24   .059982
   1809.87   .060009
   1810.50   .060006
   1811.13   .059901
   1811.77   .059873
   1812.40   .059879
   1813.03   .059907
   1813.67   .059875
   1814.30   .059920
   1814.94   .059952
   1815.57   .059855
   1816.21   .059815
   1816.84   .059881
   1817.48   .059910
   1818.12   .059888
   1818.76   .059896
   1819.40   .059928
   1820.03   .059979
   1820.67   .060033
   1821.31   .059990
   1821.95   .060004
   1822.59   .060041
   1823.23   .060220
   1823.88   .060269
   1824.52   .060083
   1825.16   .060057
   1825.80   .060105
   1826.44   .060049
   1827.09   .060138
   1827.73   .060230
   1828.38   .060104
   1829.02   .060105
   1829.67   .060160
   1830.31   .060117
   1830.96   .060027
   1831.61   .060061
   1832.25   .060194
   1832.90   .060251
   1833.55   .060307
   1834.20   .060332
   1834.85   .060294
   1835.50   .060274
   1836.15   .060271
   1836.80   .060245
   1837.45   .060197
   1838.10   .060271
   1838.75   .060404
   1839.40   .060351
   1840.06   .060351
   1840.71   .060289
   1841.36   .060327
   1842.02   .060435
   1842.67   .060459
   1843.33   .060357
   1843.98   .060280
   1844.64   .060432
   1845.30   .060493
   1845.95   .060511
   1846.61   .060532
   1847.27   .060557
   1847.93   .060633
   1848.59   .060714
   1849.25   .060583
   1849.90   .060383
   1850.57   .060466
   1851.23   .060673
   1851.89   .060583
   1852.55   .060503
   1853.21   .060561
   1853.87   .060590
   1854.54   .060554
   1855.20   .060600
   1855.86   .060599
   1856.53   .060524
   1857.19   .060604
   1857.86   .060690
   1858.53   .060692
   1859.19   .060663
   1859.86   .060700
   1860.53   .060680
   1861.19   .060619
   1861.86   .060634
   1862.53   .060753
   1863.20   .060761
   1863.87   .060715
   1864.54   .060624
   1865.21   .060728
   1865.88   .060809
   1866.55   .060727
   1867.23   .060756
   1867.90   .060899
   1868.57   .061020
   1869.25   .061014
   1869.92   .060895
   1870.59   .060892
   1871.27   .061036
   1871.95   .060980
   1872.62   .060863
   1873.30   .060876
   1873.98   .060912
   1874.65   .060977
   1875.33   .061002
   1876.01   .060984
   1876.69   .060977
   1877.37   .060937
   1878.05   .060975
   1878.73   .060949
   1879.41   .060989
   1880.09   .061059
   1880.77   .060977
   1881.46   .060953
   1882.14   .061098
   1882.82   .061119
   1883.51   .061071
   1884.19   .061091
   1884.88   .061040
   1885.56   .060978
   1886.25   .061066
   1886.93   .061260
   1887.62   .061370
   1888.31   .061341
   1889.00   .061240
   1889.68   .061258
   1890.37   .061253
   1891.06   .061232
   1891.75   .061247
   1892.44   .061218
   1893.13   .061198
   1893.83   .061179
   1894.52   .061181
   1895.21   .061217
   1895.90   .061334
   1896.60   .061323
   1897.29   .061323
   1897.99   .061409
   1898.68   .061348
   1899.38   .061360
   1900.07   .061404
   1900.77   .061367
   1901.47   .061412
   1902.16   .061377
   1902.86   .061356
   1903.56   .061470
   1904.26   .061501
   1904.96   .061513
   1905.66   .061560
   1906.36   .061558
   1907.06   .061543
   1907.76   .061556
   1908.46   .061564
   1909.17   .061601
   1909.87   .061617
   1910.57   .061521
   1911.28   .061410
   1911.98   .061452
   1912.69   .061525
   1913.39   .061545
   1914.10   .061549
   1914.81   .061653
   1915.52   .061741
   1916.22   .061776
   1916.93   .061790
   1917.64   .061765
   1918.35   .061771
   1919.06   .061809
   1919.77   .061847
   1920.48   .061847
   1921.19   .061801
   1921.91   .061723
   1922.62   .061726
   1923.33   .061836
   1924.05   .061895
   1924.76   .061853
   1925.47   .061799
   1926.19   .061936
   1926.91   .061961
   1927.62   .061973
   1928.34   .061946
   1929.06   .061950
   1929.77   .061995
   1930.49   .062013
   1931.21   .062015
   1931.93   .061990
   1932.65   .061981
   1933.37   .061995
   1934.09   .062000
   1934.82   .062072
   1935.54   .062127
   1936.26   .062083
   1936.98   .062033
   1937.71   .062065
   1938.43   .062236
   1939.16   .062233
   1939.88   .062140
   1940.61   .062136
   1941.34   .062181
   1942.06   .062182
   1942.79   .062229
   1943.52   .062281
   1944.25   .062208
   1944.98   .062176
   1945.71   .062195
   1946.44   .062221
   1947.17   .062245
   1947.90   .062244
   1948.63   .062295
   1949.36   .062352
   1950.10   .062395
   1950.83   .062336
   1951.57   .062338
   1952.30   .062366
   1953.04   .062370
   1953.77   .062429
   1954.51   .062482
   1955.25   .062529
   1955.98   .062503
   1956.72   .062451
   1957.46   .062482
   1958.20   .062593
   1958.94   .062674
   1959.68   .062657
   1960.42   .062646
   1961.16   .062646
   1961.90   .062632
   1962.65   .062650
   1963.39   .062691
   1964.13   .062709
   1964.88   .062697
   1965.62   .062667
   1966.37   .062666
   1967.11   .062748
   1967.86   .062766
   1968.61   .062821
   1969.36   .062791
   1970.10   .062767
   1970.85   .062761
   1971.60   .062812
   1972.35   .062881
   1973.10   .062911
   1973.85   .062860
   1974.61   .062801
   1975.36   .062867
   1976.11   .062954
   1976.86   .063023
   1977.62   .063025
   1978.37   .063035
   1979.13   .063067
   1979.88   .063104
   1980.64   .063147
   1981.40   .063116
   1982.15   .063093
   1982.91   .063144
   1983.67   .063213
   1984.43   .063241
   1985.19   .063195
   1985.95   .063194
   1986.71   .063267
   1987.47   .063256
   1988.24   .063334
   1989.00   .063335
   1989.76   .063249
   1990.53   .063314
   1991.29   .063411
   1992.06   .063437
   1992.82   .063440
   1993.59   .063490
   1994.35   .063500
   1995.12   .063433
   1995.89   .063511
   1996.66   .063593
   1997.43   .063527
   1998.20   .063526
   1998.97   .063633
   1999.74   .063625
   2000.51   .063578
   2001.28   .063575
   2002.05   .063590
   2002.83   .063644
   2003.60   .063619
   2004.38   .063634
   2005.15   .063691
   2005.93   .063729
   2006.70   .063721
   2007.48   .063703
   2008.26   .063777
   2009.04   .063873
   2009.82   .063903
   2010.60   .063947
   2011.38   .063938
   2012.16   .063876
   2012.94   .063901
   2013.72   .063886
   2014.50   .063905
   2015.28   .063929
   2016.07   .063900
   2016.85   .063944
   2017.64   .063973
   2018.42   .064044
   2019.21   .064048
   2019.99   .064011
   2020.78   .064051
   2021.57   .064112
   2022.36   .064151
   2023.15   .064245
   2023.94   .064352
   2024.73   .064262
   2025.52   .064199
   2026.31   .064276
   2027.10   .064284
   2027.90   .064358
   2028.69   .064389
   2029.48   .064360
   2030.28   .064387
   2031.07   .064366
   2031.87   .064396
   2032.67   .064405
   2033.46   .064479
   2034.26   .064594
   2035.06   .064625
   2035.86   .064591
   2036.66   .064597
   2037.46   .064620
   2038.26   .064624
   2039.06   .064622
   2039.86   .064649
   2040.67   .064618
   2041.47   .064660
   2042.27   .064833
   2043.08   .064892
   2043.88   .064773
   2044.69   .064813
   2045.50   .064871
   2046.30   .064875
   2047.11   .064913
   2047.92   .064940
   2048.73   .064974
   2049.54   .064981
   2050.35   .064946
   2051.16   .064990
   2051.97   .065053
   2052.79   .065079
   2053.60   .065040
   2054.41   .065077
   2055.23   .065158
   2056.04   .065218
   2056.86   .065251
   2057.67   .065217
   2058.49   .065232
   2059.31   .065274
   2060.13   .065253
   2060.95   .065247
   2061.76   .065298
   2062.58   .065357
   2063.41   .065387
   2064.23   .065364
   2065.05   .065325
   2065.87   .065456
   2066.70   .065507
   2067.52   .065519
   2068.34   .065544
   2069.17   .065535
   2070.00   .065643
   2070.82   .065716
   2071.65   .065711
   2072.48   .065662
   2073.31   .065651
   2074.14   .065659
   2074.97   .065732
   2075.80   .065797
   2076.63   .065750
   2077.46   .065689
   2078.29   .065738
   2079.13   .065811
   2079.96   .065866
   2080.80   .065946
   2081.63   .065976
   2082.47   .065988
   2083.30   .066026
   2084.14   .066047
   2084.98   .066093
   2085.82   .066131
   2086.66   .066138
   2087.50   .066118
   2088.34   .066116
   2089.18   .066162
   2090.02   .066228
   2090.86   .066289
   2091.71   .066247
   2092.55   .066286
   2093.40   .066399
   2094.24   .066456
   2095.09   .066468
   2095.94   .066467
   2096.78   .066502
   2097.63   .066557
   2098.48   .066578
   2099.33   .066497
   2100.18   .066482
   2101.03   .066576
   2101.88   .066647
   2102.74   .066725
   2103.59   .066739
   2104.44   .066657
   2105.30   .066644
   2106.15   .066699
   2107.01   .066759
   2107.87   .066886
   2108.72   .066909
   2109.58   .066911
   2110.44   .066984
   2111.30   .067017
   2112.16   .067040
   2113.02   .066990
   2113.88   .066991
   2114.74   .067077
   2115.61   .067137
   2116.47   .067150
   2117.33   .067234
   2118.20   .067279
   2119.07   .067248
   2119.93   .067249
   2120.80   .067222
   2121.67   .067241
   2122.54   .067318
   2123.40   .067340
   2124.27   .067393
   2125.15   .067453
   2126.02   .067503
   2126.89   .067528
   2127.76   .067503
   2128.64   .067486
   2129.51   .067532
   2130.38   .067616
   2131.26   .067618
   2132.14   .067580
   2133.01   .067632
   2133.89   .067670
   2134.77   .067732
   2135.65   .067813
   2136.53   .067849
   2137.41   .067814
   2138.29   .067854
   2139.17   .067936
   2140.06   .067917
   2140.94   .067995
   2141.82   .068041
   2142.71   .068016
   2143.60   .068075
   2144.48   .068164
   2145.37   .068139
   2146.26   .068139
   2147.15   .068215
   2148.04   .068259
   2148.93   .068268
   2149.82   .068295
   2150.71   .068330
   2151.60   .068345
   2152.50   .068429
   2153.39   .068461
   2154.28   .068434
   2155.18   .068477
   2156.08   .068550
   2156.97   .068577
   2157.87   .068621
   2158.77   .068644
   2159.67   .068678
   2160.57   .068699
   2161.47   .068670
   2162.37   .068713
   2163.27   .068793
   2164.18   .068860
   2165.08   .068882
   2165.98   .068889
   2166.89   .068952
   2167.79   .069012
   2168.70   .069051
   2169.61   .069044
   2170.52   .069036
   2171.43   .069071
   2172.34   .069125
   2173.25   .069143
   2174.16   .069190
   2175.07   .069249
   2175.98   .069260
   2176.90   .069244
   2177.81   .069328
   2178.73   .069392
   2179.64   .069420
   2180.56   .069484
   2181.48   .069549
   2182.39   .069611
   2183.31   .069620
   2184.23   .069655
   2185.15   .069669
   2186.07   .069667
   2187.00   .069712
   2187.92   .069771
   2188.84   .069773
   2189.77   .069772
   2190.69   .069843
   2191.62   .069890
   2192.55   .069846
   2193.47   .069901
   2194.40   .070004
   2195.33   .070031
   2196.26   .070078
   2197.19   .070130
   2198.12   .070185
   2199.06   .070274
   2199.99   .070296
   2200.92   .070302
   2201.86   .070340
   2202.79   .070308
   2203.73   .070302
   2204.67   .070368
   2205.60   .070444
   2206.54   .070465
   2207.48   .070490
   2208.42   .070522
   2209.36   .070575
   2210.31   .070629
   2211.25   .070712
   2212.19   .070746
   2213.14   .070777
   2214.08   .070772
   2215.03   .070757
   2215.97   .070793
   2216.92   .070843
   2217.87   .070858
   2218.82   .070899
   2219.77   .070927
   2220.72   .071016
   2221.67   .071138
   2222.62   .071099
   2223.58   .071073
   2224.53   .071164
   2225.48   .071194
   2226.44   .071195
   2227.40   .071239
   2228.35   .071284
   2229.31   .071322
   2230.27   .071299
   2231.23   .071333
   2232.19   .071432
   2233.15   .071469
   2234.12   .071448
   2235.08   .071518
   2236.04   .071594
   2237.01   .071599
   2237.97   .071624
   2238.94   .071684
   2239.91   .071797
   2240.87   .071796
   2241.84   .071748
   2242.81   .071800
   2243.78   .071856
   2244.76   .071921
   2245.73   .072049
   2246.70   .072071
   2247.67   .072063
   2248.65   .072090
   2249.63   .072127
   2250.60   .072121
   2251.58   .072113
   2252.56   .072131
   2253.54   .072238
   2254.52   .072319
   2255.50   .072321
   2256.48   .072322
   2257.46   .072340
   2258.44   .072431
   2259.43   .072472
   2260.41   .072524
   2261.40   .072591
   2262.39   .072585
   2263.37   .072568
   2264.36   .072581
   2265.35   .072636
   2266.34   .072673
   2267.33   .072707
   2268.32   .072741
   2269.32   .072770
   2270.31   .072836
   2271.31   .072894
   2272.30   .072897
   2273.30   .072877
   2274.29   .072944
   2275.29   .073063
   2276.29   .073170
   2277.29   .073169
   2278.29   .073114
   2279.29   .073139
   2280.30   .073165
   2281.30   .073206
   2282.30   .073255
   2283.31   .073298
   2284.32   .073362
   2285.32   .073404
   2286.33   .073419
   2287.34   .073463
   2288.35   .073514
   2289.36   .073516
   2290.37   .073494
   2291.38   .073546
   2292.39   .073576
   2293.41   .073593
   2294.42   .073684
   2295.44   .073769
   2296.46   .073789
   2297.47   .073824
   2298.49   .073928
   2299.51   .073962
   2300.53   .073990
   2301.55   .074008
   2302.57   .074005
   2303.60   .074044
   2304.62   .074123
   2305.65   .074153
   2306.67   .074168
   2307.70   .074200
   2308.73   .074235
   2309.76   .074328
   2310.79   .074417
   2311.82   .074421
   2312.85   .074425
   2313.88   .074449
   2314.91   .074498
   2315.95   .074540
   2316.98   .074576
   2318.02   .074619
   2319.05   .074682
   2320.09   .074718
   2321.13   .074750
   2322.17   .074781
   2323.21   .074803
   2324.25   .074844
   2325.29   .074912
   2326.34   .074925
   2327.38   .074989
   2328.43   .075038
   2329.47   .075056
   2330.52   .075172
   2331.57   .075192
   2332.62   .075170
   2333.67   .075193
   2334.72   .075213
   2335.77   .075265
   2336.82   .075358
   2337.88   .075422
   2338.93   .075444
   2339.99   .075444
   2341.04   .075484
   2342.10   .075527
   2343.16   .075579
   2344.22   .075602
   2345.28   .075636
   2346.34   .075686
   2347.40   .075730
   2348.46   .075765
   2349.53   .075805
   2350.59   .075889
   2351.66   .075925
   2352.73   .075935
   2353.80   .075955
   2354.87   .075983
   2355.94   .076023
   2357.01   .076090
   2358.08   .076149
   2359.15   .076152
   2360.22   .076203
   2361.30   .076274
   2362.38   .076355
   2363.45   .076386
   2364.53   .076393
   2365.61   .076417
   2366.69   .076442
   2367.77   .076490
   2368.85   .076581
   2369.93   .076636
   2371.02   .076633
   2372.10   .076672
   2373.19   .076703
   2374.28   .076697
   2375.36   .076762
   2376.45   .076844
   2377.54   .076858
   2378.63   .076833
   2379.72   .076879
   2380.82   .076962
   2381.91   .077003
   2383.01   .077041
   2384.10   .077064
   2385.20   .077105
   2386.30   .077141
   2387.39   .077198
   2388.49   .077294
   2389.60   .077330
   2390.70   .077356
   2391.80   .077374
   2392.90   .077406
   2394.01   .077478
   2395.11   .077516
   2396.22   .077548
   2397.33   .077557
   2398.44   .077622
   2399.55   .077700
   2400.66   .077723
   2401.77   .077730
   2402.88   .077783
   2404.00   .077866
   2405.11   .077917
   2406.23   .077932
   2407.35   .077964
   2408.47   .077989
   2409.59   .078041
   2410.71   .078092
   2411.83   .078130
   2412.95   .078175
   2414.07   .078228
   2415.20   .078276
   2416.32   .078318
   2417.45   .078337
   2418.58   .078384
   2419.71   .078432
   2420.84   .078530
   2421.97   .078615
   2423.10   .078622
   2424.23   .078618
   2425.37   .078625
   2426.50   .078666
   2427.64   .078727
   2428.77   .078741
   2429.91   .078758
   2431.05   .078794
   2432.19   .078840
   2433.33   .078878
   2434.48   .078907
   2435.62   .078951
   2436.76   .079043
   2437.91   .079111
   2439.06   .079141
   2440.20   .079168
   2441.35   .079238
   2442.50   .079279
   2443.65   .079320
   2444.81   .079343
   2445.96   .079421
   2447.11   .079450
   2448.27   .079414
   2449.43   .079439
   2450.58   .079516
   2451.74   .079596
   2452.90   .079621
   2454.06   .079635
   2455.22   .079667
   2456.39   .079750
   2457.55   .079809
   2458.72   .079812
   2459.88   .079869
   2461.05   .079958
   2462.22   .079986
   2463.39   .080006
   2464.56   .080049
   2465.73   .080111
   2466.91   .080145
   2468.08   .080153
   2469.25   .080228
   2470.43   .080310
   2471.61   .080357
   2472.79   .080377
   2473.97   .080393
   2475.15   .080485
   2476.33   .080548
   2477.51   .080564
   2478.70   .080552
   2479.88   .080585
   2481.07   .080661
   2482.26   .080719
   2483.45   .080720
   2484.64   .080759
   2485.83   .080834
   2487.02   .080857
   2488.21   .080891
   2489.41   .080925
   2490.60   .080945
   2491.80   .080959
   2493.00   .081051
   2494.20   .081130
   2495.40   .081196
   2496.60   .081242
   2497.80   .081249
   2499.00   .081277
   2500.21   .081345
   2501.42   .081377
   2502.62   .081401
   2503.83   .081440
   2505.04   .081475
   2506.25   .081555
   2507.46   .081607
   2508.68   .081640
   2509.89   .081683
   2511.11   .081746
   2512.32   .081758
   2513.54   .081791
   2514.76   .081863
   2515.98   .081945
   2517.20   .081966
   2518.42   .081965
   2519.65   .081986
   2520.87   .082020
   2522.10   .082054
   2523.33   .082072
   2524.55   .082093
   2525.78   .082141
   2527.01   .082187
   2528.25   .082284
   2529.48   .082366
   2530.71   .082351
   2531.95   .082373
   2533.19   .082449
   2534.43   .082506
   2535.66   .082582
   2536.91   .082678
   2538.15   .082698
   2539.39   .082687
   2540.63   .082687
   2541.88   .082743
   2543.13   .082805
   2544.37   .082830
   2545.62   .082896
   2546.87   .082935
   2548.13   .082917
   2549.38   .082941
   2550.63   .082995
   2551.89   .083064
   2553.14   .083142
   2554.40   .083222
   2555.66   .083270
   2556.92   .083264
   2558.18   .083272
   2559.44   .083320
   2560.71   .083366
   2561.97   .083431
   2563.24   .083466
   2564.51   .083505
   2565.78   .083576
   2567.05   .083588
   2568.32   .083571
   2569.59   .083591
   2570.86   .083666
   2572.14   .083722
   2573.42   .083785
   2574.69   .083848
   2575.97   .083856
   2577.25   .083842
   2578.53   .083898
   2579.82   .083969
   2581.10   .084009
   2582.39   .084060
   2583.67   .084091
   2584.96   .084147
   2586.25   .084201
   2587.54   .084226
   2588.83   .084256
   2590.13   .084298
   2591.42   .084350
   2592.72   .084382
   2594.01   .084372
   2595.31   .084443
   2596.61   .084562
   2597.91   .084576
   2599.21   .084558
   2600.52   .084587
   2601.82   .084663
   2603.13   .084724
   2604.44   .084731
   2605.74   .084777
   2607.06   .084846
   2608.37   .084877
   2609.68   .084923
   2610.99   .084976
   2612.31   .085004
   2613.63   .085023
   2614.94   .085048
   2616.26   .085040
   2617.58   .085054
   2618.91   .085129
   2620.23   .085158
   2621.55   .085205
   2622.88   .085265
   2624.21   .085286
   2625.54   .085310
   2626.87   .085388
   2628.20   .085431
   2629.53   .085450
   2630.86   .085506
   2632.20   .085567
   2633.54   .085609
   2634.87   .085619
   2636.21   .085615
   2637.56   .085647
   2638.90   .085673
   2640.24   .085704
   2641.59   .085733
   2642.93   .085763
   2644.28   .085825
   2645.63   .085882
   2646.98   .085905
   2648.33   .085947
   2649.68   .086000
   2651.04   .086007
   2652.40   .086031
   2653.75   .086071
   2655.11   .086139
   2656.47   .086208
   2657.83   .086234
   2659.20   .086272
   2660.56   .086336
   2661.93   .086331
   2663.29   .086316
   2664.66   .086345
   2666.03   .086401
   2667.40   .086465
   2668.78   .086538
   2670.15   .086558
   2671.53   .086577
   2672.90   .086636
   2674.28   .086666
   2675.66   .086683
   2677.04   .086725
   2678.43   .086763
   2679.81   .086748
   2681.20   .086744
   2682.58   .086764
   2683.97   .086823
   2685.36   .086845
   2686.75   .086834
   2688.15   .086825
   2689.54   .086845
   2690.94   .086884
   2692.33   .086886
   2693.73   .086895
   2695.13   .086898
   2696.53   .086896
   2697.94   .086871
   2699.34   .086828
   2700.75   .086820
   2702.15   .086826
   2703.56   .086828
   2704.97   .086799
   2706.38   .086759
   2707.80   .086738
   2709.21   .086693
   2710.63   .086632
   2712.05   .086610
   2713.47   .086580
   2714.89   .086516
   2716.31   .086464
   2717.73   .086416
   2719.16   .086372
   2720.58   .086332
   2722.01   .086268
   2723.44   .086122
   2724.87   .086051
   2726.30   .085999
   2727.74   .085914
   2729.17   .085863
   2730.61   .085791
   2732.05   .085716
   2733.49   .085648
   2734.93   .085571
   2736.38   .085498
   2737.82   .085393
   2739.27   .085282
   2740.71   .085212
   2742.16   .085170
   2743.61   .085086
   2745.07   .084952
   2746.52   .084888
   2747.98   .084813
   2749.43   .084714
   2750.89   .084634
   2752.35   .084575
   2753.81   .084499
   2755.28   .084387
   2756.74   .084263
   2758.21   .084142
   2759.68   .084049
   2761.15   .083990
   2762.62   .083923
   2764.09   .083838
   2765.56   .083745
   2767.04   .083663
   2768.52   .083586
   2769.99   .083503
   2771.48   .083434
   2772.96   .083349
   2774.44   .083258
   2775.93   .083173
   2777.41   .083094
   2778.90   .083007
   2780.39   .082954
   2781.88   .082897
   2783.38   .082816
   2784.87   .082765
   2786.37   .082725
   2787.87   .082664
   2789.37   .082577
   2790.87   .082505
   2792.37   .082468
   2793.87   .082423
   2795.38   .082360
   2796.89   .082319
   2798.40   .082291
   2799.91   .082260
   2801.42   .082232
   2802.94   .082198
   2804.45   .082160
   2805.97   .082133
   2807.49   .082096
   2809.01   .082069
   2810.53   .082045
   2812.06   .082053
   2813.58   .082024
   2815.11   .082001
   2816.64   .081991
   2818.17   .081965
   2819.70   .081972
   2821.24   .081969
   2822.77   .081955
   2824.31   .081941
   2825.85   .081941
   2827.39   .081928
   2828.93   .081931
   2830.48   .081932
   2832.02   .081926
   2833.57   .081934
   2835.12   .081918
   2836.67   .081893
   2838.22   .081894
   2839.78   .081902
   2841.33   .081918
   2842.89   .081934
   2844.45   .081930
   2846.01   .081909
   2847.57   .081898
   2849.14   .081905
   2850.70   .081933
   2852.27   .081943
   2853.84   .081928
   2855.41   .081942
   2856.99   .081989
   2858.56   .082023
   2860.14   .082016
   2861.72   .081973
   2863.30   .081980
   2864.88   .082007
   2866.46   .082012
   2868.05   .082007
   2869.63   .082007
   2871.22   .082041
   2872.81   .082060
   2874.41   .082037
   2876.00   .082044
   2877.60   .082079
   2879.19   .082083
   2880.79   .082065
   2882.40   .082089
   2884.00   .082119
   2885.60   .082145
   2887.21   .082170
   2888.82   .082193
   2890.43   .082211
   2892.04   .082228
   2893.66   .082226
   2895.27   .082233
   2896.89   .082267
   2898.51   .082305
   2900.13   .082299
   2901.75   .082315
   2903.38   .082333
   2905.00   .082339
   2906.63   .082323
   2908.26   .082358
   2909.89   .082414
   2911.53   .082434
   2913.16   .082475
   2914.80   .082507
   2916.44   .082538
   2918.08   .082542
   2919.72   .082556
   2921.37   .082592
   2923.02   .082608
   2924.66   .082630
   2926.31   .082656
   2927.97   .082662
   2929.62   .082691
   2931.28   .082728
   2932.94   .082756
   2934.59   .082785
   2936.26   .082815
   2937.92   .082831
   2939.59   .082865
   2941.25   .082898
   2942.92   .082905
   2944.59   .082933
   2946.27   .082950
   2947.94   .082951
   2949.62   .082976
   2951.30   .083010
   2952.98   .083019
   2954.66   .083025
   2956.34   .083081
   2958.03   .083129
   2959.72   .083128
   2961.41   .083139
   2963.10   .083179
   2964.80   .083213
   2966.49   .083262
   2968.19   .083296
   2969.89   .083322
   2971.59   .083338
   2973.30   .083391
   2975.00   .083457
   2976.71   .083480
   2978.42   .083472
   2980.13   .083496
   2981.84   .083518
   2983.56   .083544
   2985.28   .083591
   2987.00   .083632
   2988.72   .083671
   2990.44   .083715
   2992.17   .083784
   2993.90   .083811
   2995.63   .083832
   2997.36   .083897
   2999.09   .083965
   3000.83   .083995
   3002.56   .084040
   3004.30   .084103
   3006.04   .084116
   3007.79   .084138
   3009.53   .084171
   3011.28   .084196
   3013.03   .084249
   3014.78   .084310
   3016.54   .084342
   3018.29   .084351
   3020.05   .084384
   3021.81   .084446
   3023.57   .084494
   3025.34   .084523
   3027.10   .084558
   3028.87   .084597
   3030.64   .084626
   3032.41   .084671
   3034.19   .084727
   3035.96   .084778
   3037.74   .084780
   3039.52   .084779
   3041.31   .084827
   3043.09   .084892
   3044.88   .084917
   3046.67   .084927
   3048.46   .084965
   3050.25   .084990
   3052.05   .085015
   3053.84   .085041
   3055.64   .085089
   3057.45   .085128
   3059.25   .085168
   3061.05   .085206
   3062.86   .085236
   3064.67   .085282
   3066.49   .085317
   3068.30   .085352
   3070.12   .085368
   3071.94   .085370
   3073.76   .085414
   3075.58   .085486
   3077.40   .085504
   3079.23   .085499
   3081.06   .085531
   3082.89   .085583
   3084.73   .085638
   3086.56   .085700
   3088.40   .085739
   3090.24   .085744
   3092.09   .085754
   3093.93   .085796
   3095.78   .085860
   3097.63   .085925
   3099.48   .085970
   3101.33   .085972
   3103.19   .086013
   3105.05   .086084
   3106.91   .086140
   3108.77   .086161
   3110.63   .086190
   3112.50   .086226
   3114.37   .086267
   3116.24   .086316
   3118.12   .086362
   3119.99   .086390
   3121.87   .086429
   3123.75   .086504
   3125.63   .086550
   3127.52   .086558
   3129.41   .086594
   3131.30   .086666
   3133.19   .086710
   3135.08   .086755
   3136.98   .086806
   3138.88   .086867
   3140.78   .086916
   3142.68   .086919
   3144.59   .086951
   3146.50   .086995
   3148.41   .087051
   3150.32   .087114
   3152.24   .087167
   3154.15   .087218
   3156.07   .087262
   3157.99   .087330
   3159.92   .087365
   3161.85   .087392
   3163.77   .087430
   3165.71   .087440
   3167.64   .087469
   3169.58   .087528
   3171.51   .087615
   3173.45   .087680
   3175.40   .087726
   3177.34   .087784
   3179.29   .087810
   3181.24   .087812
   3183.20   .087853
   3185.15   .087934
   3187.11   .088012
   3189.07   .088033
   3191.03   .088062
   3193.00   .088102
   3194.96   .088151
   3196.93   .088212
   3198.91   .088269
   3200.88   .088316
   3202.86   .088361
   3204.84   .088405
   3206.82   .088437
   3208.80   .088483
   3210.79   .088521
   3212.78   .088573
   3214.77   .088638
   3216.77   .088675
   3218.76   .088690
   3220.76   .088759
   3222.76   .088839
   3224.77   .088883
   3226.77   .088912
   3228.78   .088929
   3230.79   .088970
   3232.81   .089023
   3234.82   .089053
   3236.84   .089112
   3238.87   .089176
   3240.89   .089206
   3242.92   .089229
   3244.95   .089257
   3246.98   .089312
   3249.01   .089370
   3251.05   .089405
   3253.09   .089439
   3255.13   .089490
   3257.18   .089542
   3259.22   .089574
   3261.27   .089626
   3263.33   .089661
   3265.38   .089686
   3267.44   .089749
   3269.50   .089817
   3271.56   .089864
   3273.63   .089898
   3275.69   .089929
   3277.77   .089971
   3279.84   .090016
   3281.91   .090060
   3283.99   .090111
   3286.07   .090148
   3288.16   .090176
   3290.24   .090228
   3292.33   .090287
   3294.42   .090321
   3296.52   .090345
   3298.62   .090387
   3300.72   .090435
   3302.82   .090478
   3304.92   .090531
   3307.03   .090588
   3309.14   .090608
   3311.25   .090638
   3313.37   .090679
   3315.49   .090718
   3317.61   .090776
   3319.73   .090794
   3321.86   .090811
   3323.99   .090834
   3326.12   .090862
   3328.26   .090915
   3330.39   .090959
   3332.53   .090962
   3334.68   .090988
   3336.82   .091028
   3338.97   .091046
   3341.12   .091068
   3343.28   .091101
   3345.44   .091126
   3347.59   .091134
   3349.76   .091149
   3351.92   .091169
   3354.09   .091169
   3356.26   .091156
   3358.43   .091143
   3360.61   .091117
   3362.79   .091067
   3364.97   .091010
   3367.16   .090955
   3369.35   .090884
   3371.54   .090810
   3373.73   .090772
   3375.93   .090758
   3378.13   .090781
   3380.33   .090831
   3382.53   .090893
   3384.74   .090964
   3386.95   .091053
   3389.17   .091126
   3391.38   .091165
   3393.60   .091182
   3395.82   .091160
   3398.05   .091108
   3400.28   .091042
   3402.51   .090953
   3404.74   .090862
   3406.98   .090736
   3409.22   .090596
   3411.46   .090482
   3413.71   .090392
   3415.96   .090341
   3418.21   .090356
   3420.46   .090432
   3422.72   .090562
   3424.98   .090741
   3427.25   .090929
   3429.51   .091096
   3431.78   .091265
   3434.05   .091445
   3436.33   .091590
   3438.61   .091700
   3440.89   .091805
   3443.18   .091912
   3445.46   .092017
   3447.75   .092119
   3450.05   .092210
   3452.35   .092300
   3454.65   .092389
   3456.95   .092479
   3459.25   .092554
   3461.56   .092623
   3463.88   .092673
   3466.19   .092703
   3468.51   .092726
   3470.83   .092754
   3473.16   .092781
   3475.48   .092793
   3477.82   .092800
   3480.15   .092829
   3482.49   .092868
   3484.83   .092886
   3487.17   .092889
   3489.52   .092882
   3491.87   .092877
   3494.22   .092842
   3496.58   .092774
   3498.93   .092709
   3501.30   .092694
   3503.66   .092766
   3506.03   .092865
   3508.40   .092978
   3510.78   .093111
   3513.16   .093294
   3515.54   .093484
   3517.92   .093645
   3520.31   .093774
   3522.70   .093875
   3525.10   .093956
   3527.50   .094049
   3529.90   .094115
   3532.30   .094161
   3534.71   .094203
   3537.12   .094252
   3539.54   .094300
   3541.95   .094368
   3544.38   .094429
   3546.80   .094478
   3549.23   .094515
   3551.66   .094544
   3554.09   .094577
   3556.53   .094607
   3558.97   .094633
   3561.42   .094697
   3563.86   .094762
   3566.31   .094785
   3568.77   .094796
   3571.23   .094817
   3573.69   .094845
   3576.15   .094885
   3578.62   .094953
   3581.09   .094992
   3583.57   .095003
   3586.04   .095038
   3588.53   .095080
   3591.01   .095118
   3593.50   .095157
   3595.99   .095195
   3598.49   .095244
   3600.99   .095284
   3603.49   .095298
   3605.99   .095322
   3608.50   .095372
   3611.02   .095419
   3613.53   .095440
   3616.05   .095456
   3618.58   .095499
   3621.10   .095551
   3623.63   .095570
   3626.17   .095585
   3628.71   .095614
   3631.25   .095639
   3633.79   .095681
   3636.34   .095712
   3638.89   .095725
   3641.45   .095752
   3644.00   .095787
   3646.57   .095827
   3649.13   .095843
   3651.70   .095864
   3654.28   .095890
   3656.85   .095935
   3659.43   .095966
   3662.02   .095982
   3664.61   .096015
   3667.20   .096046
   3669.79   .096092
   3672.39   .096122
   3675.00   .096150
   3677.60   .096167
   3680.21   .096211
   3682.83   .096270
   3685.44   .096285
   3688.06   .096302
   3690.69   .096332
   3693.32   .096363
   3695.95   .096380
   3698.59   .096404
   3701.23   .096423
   3703.87   .096453
   3706.52   .096494
   3709.17   .096519
   3711.82   .096538
   3714.48   .096570
   3717.15   .096592
   3719.81   .096612
   3722.48   .096652
   3725.16   .096695
   3727.83   .096718
   3730.52   .096727
   3733.20   .096747
   3735.89   .096772
   3738.59   .096786
   3741.28   .096795
   3743.98   .096836
   3746.69   .096879
   3749.40   .096910
   3752.11   .096924
   3754.83   .096949
   3757.55   .096977
   3760.27   .097000
   3763.00   .097022
   3765.74   .097054
   3768.47   .097059
   3771.21   .097067
   3773.96   .097095
   3776.71   .097128
   3779.46   .097145
   3782.22   .097163
   3784.98   .097188
   3787.74   .097226
   3790.51   .097253
   3793.28   .097266
   3796.06   .097297
   3798.84   .097311
   3801.63   .097328
   3804.41   .097346
   3807.21   .097357
   3810.01   .097361
   3812.81   .097391
   3815.61   .097418
   3818.42   .097423
   3821.24   .097453
   3824.05   .097459
   3826.88   .097459
   3829.70   .097476
   3832.53   .097496
   3835.37   .097504
   3838.21   .097519
   3841.05   .097542
   3843.90   .097564
   3846.75   .097592
   3849.60   .097613
   3852.46   .097627
   3855.33   .097618
   3858.20   .097606
   3861.07   .097614
   3863.95   .097643
   3866.83   .097674
   3869.71   .097689
   3872.60   .097697
   3875.50   .097701
   3878.40   .097715
   3881.30   .097714
   3884.21   .097726
   3887.12   .097747
   3890.04   .097762
   3892.96   .097790
   3895.88   .097807
   3898.81   .097806
   3901.74   .097807
   3904.68   .097817
   3907.62   .097820
   3910.57   .097825
   3913.52   .097844
   3916.48   .097847
   3919.44   .097859
   3922.40   .097854
   3925.37   .097841
   3928.35   .097852
   3931.32   .097873
   3934.31   .097884
   3937.29   .097891
   3940.29   .097914
   3943.28   .097921
   3946.28   .097921
   3949.29   .097933
   3952.30   .097937
   3955.31   .097923
   3958.33   .097914
   3961.36   .097932
   3964.39   .097944
   3967.42   .097956
   3970.46   .097976
   3973.50   .097966
   3976.55   .097953
   3979.60   .097958
   3982.65   .097968
   3985.72   .097965
   3988.78   .097943
   3991.85   .097937
   3994.93   .097936
   3998.01   .097942
   4001.09   .097951
   4004.18   .097959
   4007.28   .097963
   4010.38   .097970
   4013.48   .097966
   4016.59   .097929
   4019.70   .097910
   4022.82   .097922
   4025.94   .097942
   4029.07   .097935
   4032.20   .097935
   4035.34   .097924
   4038.49   .097901
   4041.63   .097901
   4044.79   .097910
   4047.94   .097904
   4051.11   .097896
   4054.27   .097900
   4057.45   .097883
   4060.62   .097882
   4063.80   .097895
   4066.99   .097883
   4070.18   .097871
   4073.38   .097869
   4076.58   .097875
   4079.79   .097863
   4083.00   .097855
   4086.22   .097848
   4089.44   .097850
   4092.67   .097857
   4095.90   .097870
   4099.14   .097874
   4102.38   .097847
   4105.63   .097829
   4108.89   .097817
   4112.14   .097810
   4115.41   .097805
   4118.68   .097784
   4121.95   .097757
   4125.23   .097740
   4128.51   .097750
   4131.80   .097754
   4135.10   .097757
   4138.40   .097737
   4141.70   .097696
   4145.02   .097686
   4148.33   .097694
   4151.65   .097673
   4154.98   .097653
   4158.31   .097637
   4161.65   .097628
   4164.99   .097619
   4168.34   .097609
   4171.69   .097584
   4175.05   .097566
   4178.42   .097552
   4181.79   .097520
   4185.16   .097475
   4188.54   .097454
   4191.93   .097439
   4195.32   .097405
   4198.71   .097374
   4202.12   .097360
   4205.53   .097339
   4208.94   .097308
   4212.36   .097286
   4215.78   .097268
   4219.21   .097230
   4222.65   .097181
   4226.09   .097124
   4229.54   .097073
   4232.99   .097038
   4236.45   .097013
   4239.91   .096965
   4243.38   .096925
   4246.86   .096894
   4250.34   .096840
   4253.83   .096808
   4257.32   .096770
   4260.82   .096706
   4264.32   .096645
   4267.83   .096600
   4271.35   .096560
   4274.87   .096519
   4278.39   .096477
   4281.93   .096424
   4285.47   .096348
   4289.01   .096282
   4292.56   .096222
   4296.12   .096160
   4299.68   .096113
   4303.25   .096052
   4306.82   .095982
   4310.40   .095917
   4313.99   .095837
   4317.58   .095771
   4321.18   .095713
   4324.78   .095647
   4328.39   .095593
   4332.01   .095518
   4335.63   .095442
   4339.26   .095374
   4342.89   .095289
   4346.53   .095202
   4350.18   .095126
   4353.83   .095053
   4357.49   .094977
   4361.15   .094896
   4364.82   .094823
   4368.50   .094754
   4372.18   .094691
   4375.88   .094622
   4379.57   .094551
   4383.27   .094469
   4386.98   .094389
   4390.70   .094319
   4394.42   .094246
   4398.14   .094180
   4401.88   .094111
   4405.62   .094040
   4409.36   .093992
   4413.11   .093935
   4416.87   .093864
   4420.64   .093786
   4424.41   .093715
   4428.19   .093632
   4431.97   .093534
   4435.77   .093458
   4439.56   .093397
   4443.37   .093331
   4447.18   .093263
   4451.00   .093167
   4454.82   .093073
   4458.65   .092990
   4462.49   .092909
   4466.33   .092818
   4470.18   .092732
   4474.04   .092630
   4477.90   .092517
   4481.77   .092406
   4485.65   .092310
   4489.53   .092219
   4493.42   .092119
   4497.32   .092001
   4501.22   .091897
   4505.13   .091786
   4509.05   .091659
   4512.98   .091534
   4516.91   .091400
   4520.84   .091257
   4524.79   .091122
   4528.74   .090986
   4532.70   .090849
   4536.67   .090704
   4540.64   .090559
   4544.62   .090403
   4548.60   .090249
   4552.60   .090082
   4556.60   .089893
   4560.61   .089727
   4564.62   .089572
   4568.64   .089396
   4572.67   .089218
   4576.71   .089028
   4580.75   .088819
   4584.80   .088617
   4588.86   .088416
   4592.92   .088208
   4596.99   .087999
   4601.07   .087788
   4605.16   .087558
   4609.25   .087341
   4613.35   .087122
   4617.46   .086881
   4621.58   .086627
   4625.70   .086398
   4629.83   .086174
   4633.96   .085935
   4638.11   .085692
   4642.26   .085442
   4646.42   .085183
   4650.59   .084923
   4654.76   .084666
   4658.95   .084420
   4663.14   .084166
   4667.33   .083889
   4671.54   .083636
   4675.75   .083381
   4679.97   .083113
   4684.20   .082847
   4688.43   .082588
   4692.68   .082321
   4696.93   .082052
   4701.18   .081781
   4705.45   .081520
   4709.72   .081277
   4714.01   .081020
   4718.30   .080747
   4722.59   .080490
   4726.90   .080248
   4731.21   .079994
   4735.53   .079729
   4739.86   .079475
   4744.20   .079225
   4748.54   .079000
   4752.89   .078770
   4757.25   .078529
   4761.62   .078289
   4766.00   .078051
   4770.38   .077811
   4774.77   .077569
   4779.17   .077327
   4783.58   .077076
   4788.00   .076816
   4792.43   .076573
   4796.86   .076333
   4801.30   .076092
   4805.75   .075829
   4810.21   .075561
   4814.67   .075286
   4819.15   .075018
   4823.63   .074755
   4828.12   .074490
   4832.62   .074214
   4837.13   .073948
   4841.65   .073687
   4846.17   .073436
   4850.71   .073159
   4855.25   .072873
   4859.80   .072602
   4864.36   .072341
   4868.93   .072085
   4873.50   .071813
   4878.09   .071538
   4882.68   .071304
   4887.28   .071061
   4891.89   .070778
   4896.51   .070501
   4901.14   .070231
   4905.77   .069967
   4910.42   .069697
   4915.07   .069411
   4919.74   .069128
   4924.41   .068821
   4929.09   .068511
   4933.78   .068221
   4938.48   .067919
   4943.19   .067620
   4947.90   .067327
   4952.63   .067030
   4957.36   .066709
   4962.11   .066383
   4966.86   .066096
   4971.62   .065808
   4976.39   .065511
   4981.18   .065223
   4985.96   .064945
   4990.76   .064659
   4995.57   .064389
   5000.39   .064100
   5005.22   .063805
   5010.05   .063538
   5014.90   .063276
   5019.75   .063015
   5024.62   .062763
   5029.49   .062505
   5034.37   .062244
   5039.26   .061968
   5044.16   .061698
   5049.08   .061447
   5054.00   .061214
   5058.93   .060974
   5063.87   .060702
   5068.82   .060443
   5073.78   .060182
   5078.75   .059921
   5083.73   .059674
   5088.72   .059417
   5093.71   .059148
   5098.72   .058881
   5103.74   .058612
   5108.77   .058347
   5113.81   .058101
   5118.86   .057853
   5123.91   .057588
   5128.98   .057298
   5134.06   .056997
   5139.15   .056741
   5144.25   .056502
   5149.36   .056235
   5154.47   .055961
   5159.60   .055701
   5164.74   .055446
   5169.89   .055197
   5175.05   .054960
   5180.22   .054738
   5185.40   .054525
   5190.59   .054325
   5195.79   .054123
   5201.00   .053925
   5206.22   .053742
   5211.46   .053545
   5216.70   .053358
   5221.95   .053198
   5227.22   .053038
   5232.49   .052851
   5237.78   .052671
   5243.07   .052519
   5248.38   .052358
   5253.70   .052190
   5259.03   .052036
   5264.36   .051886
   5269.71   .051746
   5275.08   .051601
   5280.45   .051473
   5285.83   .051367
   5291.22   .051269
   5296.63   .051171
   5302.04   .051059
   5307.47   .050958
   5312.91   .050870
   5318.36   .050784
   5323.82   .050714
   5329.29   .050627
   5334.77   .050549
   5340.27   .050469
   5345.77   .050377
   5351.29   .050279
   5356.81   .050179
   5362.35   .050082
   5367.91   .049987
   5373.47   .049889
   5379.04   .049785
   5384.63   .049666
   5390.23   .049541
   5395.83   .049441
   5401.46   .049367
   5407.09   .049279
   5412.73   .049176
   5418.39   .049074
   5424.06   .048975
   5429.74   .048890
   5435.43   .048813
   5441.13   .048740
   5446.85   .048666
   5452.57   .048594
   5458.31   .048521
   5464.06   .048467
   5469.83   .048411
   5475.60   .048352
   5481.39   .048320
   5487.19   .048282
   5493.01   .048229
   5498.83   .048191
   5504.67   .048158
   5510.52   .048111
   5516.38   .048073
   5522.25   .048028
   5528.14   .047989
   5534.04   .047937
   5539.95   .047861
   5545.88   .047789
   5551.81   .047697
   5557.77   .047595
   5563.73   .047504
   5569.70   .047397
   5575.69   .047266
   5581.70   .047136
   5587.71   .047000
   5593.74   .046873
   5599.78   .046748
   5605.83   .046604
   5611.90   .046437
   5617.98   .046282
   5624.07   .046158
   5630.18   .046033
   5636.30   .045898
   5642.43   .045779
   5648.58   .045677
   5654.74   .045569
   5660.91   .045464
   5667.10   .045373
   5673.30   .045289
   5679.51   .045196
   5685.74   .045140
   5691.98   .045075
   5698.24   .044992
   5704.50   .044916
   5710.78   .044865
   5717.08   .044814
   5723.39   .044733
   5729.72   .044637
   5736.05   .044552
   5742.41   .044469
   5748.77   .044359
   5755.15   .044244
   5761.55   .044123
   5767.96   .044000
   5774.38   .043850
   5780.82   .043689
   5787.27   .043522
   5793.73   .043349
   5800.22   .043186
   5806.71   .043027
   5813.22   .042859
   5819.75   .042666
   5826.28   .042481
   5832.84   .042316
   5839.41   .042142
   5845.99   .041970
   5852.59   .041789
   5859.20   .041604
   5865.83   .041436
   5872.47   .041258
   5879.13   .041074
   5885.80   .040899
   5892.49   .040702
   5899.19   .040517
   5905.91   .040339
   5912.65   .040155
   5919.39   .039971
   5926.16   .039774
   5932.94   .039576
   5939.74   .039371
   5946.55   .039173
   5953.38   .038971
   5960.22   .038768
   5967.08   .038571
   5973.95   .038405
   5980.84   .038238
   5987.75   .038065
   5994.67   .037915
   6001.61   .037768
   6008.56   .037620
   6015.53   .037500
   6022.52   .037406
   6029.52   .037306
   6036.54   .037209
   6043.58   .037111
   6050.63   .037030
   6057.70   .036978
   6064.78   .036922
   6071.89   .036858
   6079.00   .036787
   6086.14   .036731
   6093.29   .036673
   6100.46   .036602
   6107.64   .036523
   6114.84   .036468
   6122.06   .036396
   6129.30   .036315
   6136.55   .036234
   6143.82   .036146
   6151.11   .036055
   6158.42   .035987
   6165.74   .035900
   6173.08   .035814
   6180.44   .035756
   6187.81   .035710
   6195.21   .035650
   6202.62   .035590
   6210.04   .035545
   6217.49   .035503
   6224.95   .035469
   6232.44   .035446
   6239.94   .035423
   6247.45   .035395
   6254.99   .035383
   6262.54   .035380
   6270.12   .035372
   6277.71   .035355
   6285.32   .035343
   6292.95   .035314
   6300.59   .035287
   6308.26   .035282
   6315.94   .035288
   6323.64   .035299
   6331.36   .035310
   6339.10   .035315
   6346.86   .035333
   6354.64   .035352
   6362.43   .035366
   6370.25   .035398
   6378.09   .035434
   6385.94   .035448
   6393.82   .035450
   6401.71   .035452
   6409.62   .035437
   6417.55   .035421
   6425.51   .035405
   6433.48   .035387
   6441.47   .035381
   6449.48   .035361
   6457.51   .035327
   6465.57   .035288
   6473.64   .035246
   6481.73   .035190
   6489.84   .035135
   6497.98   .035105
   6506.13   .035076
   6514.30   .035019
   6522.50   .034955
   6530.71   .034903
   6538.95   .034852
   6547.20   .034790
   6555.48   .034726
   6563.78   .034664
   6572.09   .034602
   6580.43   .034536
   6588.79   .034476
   6597.18   .034409
   6605.58   .034335
   6614.01   .034260
   6622.45   .034216
   6630.92   .034184
   6639.41   .034153
   6647.92   .034115
   6656.46   .034097
   6665.01   .034077
   6673.59   .034028
   6682.19   .033968
   6690.81   .033905
   6699.46   .033864
   6708.13   .033840
   6716.81   .033790
   6725.53   .033708
   6734.26   .033627
   6743.02   .033538
   6751.80   .033466
   6760.60   .033377
   6769.43   .033273
   6778.28   .033172
   6787.15   .033055
   6796.04   .032948
   6804.96   .032836
   6813.90   .032717
   6822.87   .032603
   6831.85   .032475
   6840.87   .032376
   6849.90   .032284
   6858.96   .032166
   6868.05   .032045
   6877.16   .031917
   6886.29   .031787
   6895.45   .031683
   6904.63   .031576
   6913.84   .031455
   6923.07   .031313
   6932.32   .031189
   6941.60   .031072
   6950.91   .030951
   6960.24   .030810
   6969.59   .030650
   6978.97   .030503
   6988.38   .030374
   6997.81   .030202
   7007.27   .030037
   7016.75   .029862
   7026.26   .029693
   7035.79   .029546
   7045.35   .029384
   7054.94   .029200
   7064.55   .029029
   7074.18   .028860
   7083.85   .028700
   7093.54   .028531
   7103.26   .028352
   7113.00   .028189
   7122.77   .028027
   7132.57   .027848
   7142.39   .027680
   7152.24   .027505
   7162.12   .027329
   7172.03   .027159
   7181.96   .026983
   7191.92   .026816
   7201.91   .026615
   7211.92   .026411
   7221.97   .026226
   7232.04   .026037
   7242.14   .025835
   7252.27   .025625
   7262.43   .025418
   7272.61   .025214
   7282.83   .025025
   7293.07   .024831
   7303.34   .024623
   7313.64   .024385
   7323.97   .024168
   7334.33   .023942
   7344.72   .023697
   7355.14   .023489
   7365.59   .023271
   7376.06   .023029
   7386.57   .022793
   7397.11   .022563
   7407.68   .022313
   7418.27   .022053
   7428.90   .021818
   7439.56   .021578
   7450.25   .021320
   7460.97   .021059
   7471.72   .020806
   7482.50   .020551
   7493.31   .020285
   7504.15   .020018
   7515.03   .019753
   7525.94   .019485
   7536.87   .019233
   7547.85   .018962
   7558.85   .018672
   7569.88   .018382
   7580.95   .018124
   7592.05   .017882
   7603.18   .017627
   7614.35   .017362
   7625.54   .017090
   7636.77   .016809
   7648.04   .016548
   7659.33   .016276
   7670.67   .015979
   7682.03   .015689
   7693.43   .015428
   7704.86   .015156
   7716.32   .014855
   7727.82   .014546
   7739.36   .014248
   7750.93   .013955
   7762.53   .013683
   7774.17   .013402
   7785.84   .013104
   7797.55   .012782
   7809.29   .012466
   7821.06   .012191
   7832.88   .011915
   7844.73   .011613
   7856.61   .011322
   7868.54   .011004
   7880.49   .010687
   7892.49   .010400
   7904.52   .010104
   7916.59   .009807
   7928.70   .009516
   7940.84   .009207
   7953.02   .008892
   7965.23   .008589
   7977.49   .008302
   7989.78   .008031
   8002.11   .007759
   8014.47   .007497
   8026.88   .007264
   8039.33   .007039
   8051.81   .006819
   8064.33   .006592
   8076.89   .006388
   8089.49   .006227
   8102.13   .006098
   8114.81   .005968
   8127.53   .005839
   8140.29   .005753
   8153.08   .005708
   8165.92   .005676
   8178.80   .005691
   8191.72   .005746
   8204.68   .005818
   8217.69   .005897
   8230.73   .006013
   8243.82   .006177
   8256.95   .006357
   8270.12   .006552
   8283.33   .006778
   8296.58   .007026
   8309.88   .007299
   8323.21   .007573
   8336.59   .007847
   8350.02   .008117
   8363.49   .008376
   8377.00   .008643
   8390.55   .008911
   8404.15   .009172
   8417.79   .009445
   8431.48   .009714
   8445.21   .009982
   8458.99   .010244
   8472.81   .010498
   8486.67   .010713
   8500.59   .010929
   8514.54   .011148
   8528.55   .011379
   8542.60   .011604
   8556.70   .011824
   8570.84   .012030
   8585.03   .012263
   8599.27   .012492
   8613.55   .012717
   8627.88   .012929
   8642.26   .013104
   8656.69   .013308
   8671.17   .013531
   8685.69   .013730
   8700.26   .013930
   8714.89   .014156
   8729.56   .014399
   8744.28   .014625
   8759.05   .014834
   8773.87   .015045
   8788.73   .015274
   8803.66   .015496
   8818.63   .015690
   8833.65   .015891
   8848.72   .016108
   8863.85   .016342
   8879.03   .016577
   8894.26   .016829
   8909.54   .017076
   8924.87   .017287
   8940.26   .017461
   8955.70   .017648
   8971.20   .017827
   8986.75   .017987
   9002.35   .018153
   9018.00   .018320
   9033.71   .018468
   9049.48   .018617
   9065.30   .018752
   9081.18   .018853
   9097.11   .018937
   9113.10   .019048
   9129.14   .019169
   9145.24   .019249
   9161.40   .019342
   9177.61   .019430
   9193.89   .019515
   9210.21   .019649
   9226.60   .019808
   9243.05   .019981
   9259.55   .020184
   9276.11   .020343
   9292.74   .020515
   9309.42   .020736
   9326.16   .020972
   9342.97   .021217
   9359.83   .021473
   9376.76   .021735
   9393.74   .022006
   9410.79   .022286
   9427.90   .022564
   9445.07   .022827
   9462.31   .023059
   9479.61   .023309
   9496.97   .023535
   9514.40   .023671
   9531.88   .023793
   9549.44   .023886
   9567.06   .023934
   9584.74   .023966
   9602.49   .023980
   9620.31   .023998
   9638.19   .023983
   9656.14   .023935
   9674.15   .023905
   9692.23   .023894
   9710.38   .023902
   9728.60   .023876
   9746.89   .023869
   9765.24   .023866
   9783.67   .023842
   9802.16   .023843
   9820.73   .023881
   9839.36   .023884
   9858.07   .023904
   9876.85   .023979
   9895.69   .024102
   9914.61   .024220
   9933.61   .024343
   9952.67   .024515
   9971.81   .024701
   9991.03   .024935
  10010.31   .025180
  10029.68   .025454
  10049.11   .025717
  10068.63   .025995
  10088.22   .026262
  10107.88   .026538
  10127.62   .026812
  10147.44   .027121
  10167.34   .027453
  10187.31   .027789
  10207.37   .028171
  10227.50   .028575
  10247.71   .028997
  10268.00   .029423
  10288.38   .029777
  10308.83   .030072
  10329.37   .030318
  10349.98   .030436
  10370.69   .030496
  10391.48   .030585
  10412.34   .030653
  10433.29   .030764
  10454.33   .030921
  10475.45   .031111
  10496.65   .031297
  10517.94   .031524
  10539.32   .031889
  10560.79   .032403
  10582.34   .032979
  10603.98   .033546
  10625.71   .034071
  10647.53   .034542
  10669.44   .034907
  10691.44   .035205
  10713.53   .035457
  10735.71   .035642
  10757.98   .035774
  10780.34   .035874
  10802.80   .035933
  10825.36   .035989
  10848.00   .035998
  10870.75   .035881
  10893.58   .035738
  10916.52   .035612
  10939.55   .035471
  10962.68   .035295
  10985.90   .035121
  11009.23   .034933
  11032.65   .034755
  11056.17   .034586
  11079.80   .034439
  11103.52   .034349
  11127.35   .034216
  11151.28   .034057
  11175.32   .033892
  11199.46   .033695
  11223.70   .033434
  11248.05   .033100
  11272.50   .032775
  11297.06   .032418
  11321.72   .032033
  11346.50   .031623
  11371.38   .031165
  11396.37   .030682
  11421.48   .030212
  11446.69   .029731
  11472.01   .029217
  11497.45   .028704
  11523.00   .028168
  11548.66   .027630
  11574.44   .027086
  11600.34   .026585
  11626.34   .026122
  11652.47   .025657
  11678.71   .025269
  11705.08   .024858
  11731.56   .024484
  11758.16   .024161
  11784.88   .023788
  11811.73   .023437
  11838.70   .023088
  11865.79   .022686
  11893.00   .022387
  11920.34   .022240
  11947.81   .022157
  11975.40   .022061
  12003.12   .021887
  12030.97   .021653
  12058.95   .021404
  12087.06   .021097
  12115.31   .020771
  12143.69   .020431
  12172.19   .020113
  12200.83   .019853
  12229.61   .019576
  12258.52   .019297
  12287.57   .019038
  12316.76   .018776
  12346.08   .018534
  12375.55   .018288
  12405.15   .018001
  12434.90   .017768
  12464.79   .017579
  12494.83   .017352
  12525.01   .017137
  12555.34   .016928
  12585.81   .016726
  12616.43   .016558
  12647.20   .016365
  12678.13   .016167
  12709.20   .015966
  12740.43   .015803
  12771.81   .015649
  12803.34   .015477
  12835.03   .015376
  12866.88   .015346
  12898.89   .015311
  12931.06   .015238
  12963.38   .015144
  12995.87   .015063
  13028.52   .015048
  13061.34   .014976
  13094.33   .014898
  13127.48   .014868
  13160.79   .014827
  13194.28   .014805
  13227.96   .014782
  13261.79   .014777
  13295.79   .014720
  13329.97   .014651
  13364.33   .014571
  13398.86   .014463
  13433.57   .014366
  13468.46   .014270
  13503.54   .014193
  13538.80   .014145
  13574.24   .014081
  13609.87   .014076
  13645.68   .014070
  13681.69   .014055
  13717.88   .014092
  13754.27   .014135
  13790.85   .014125
  13827.63   .014083
  13864.59   .014001
  13901.76   .013934
  13939.14   .013872
  13976.71   .013794
  14014.48   .013724
  14052.46   .013652
  14090.65   .013506
  14129.04   .013404
  14167.65   .013374
  14206.46   .013323
  14245.49   .013222
  14284.74   .013080
  14324.19   .013004
  14363.87   .012957
  14403.77   .012966
  14443.89   .012910
  14484.24   .012820
  14524.81   .012748
  14565.63   .012768
  14606.66   .012814
  14647.92   .012842
  14689.42   .012834
  14731.15   .012722
  14773.12   .012617
  14815.33   .012576
  14857.78   .012563
  14900.47   .012551
  14943.42   .012519
  14986.61   .012451
  15030.05   .012392
  15073.73   .012327
  15117.68   .012281
  15161.89   .012165
  15206.35   .012004
  15251.07   .011918
  15296.06   .011893
  15341.31   .011862
  15386.84   .011903
  15432.63   .012084
  15478.70   .012261
  15525.04   .012464
  15571.67   .012733
  15618.57   .013016
  15665.75   .013309
  15713.23   .013592
  15760.99   .013943
  15809.04   .014310
  15857.39   .014605
  15906.02   .014811
  15954.97   .015114
  16004.21   .015408
  16053.76   .015590
  16103.62   .015591
  16153.78   .015576
  16204.29   .015622
  16255.08   .015641
  16306.20   .015663
  16357.64   .015823
  16409.41   .016007
  16461.50   .016149
  16513.92   .016334
  16566.68   .016495
  16619.78   .016559
  16673.22   .016662
  16727.01   .016834
  16781.14   .016919
  16835.62   .016935
  16890.46   .017020
  16945.66   .017090
  17001.22   .017126
  17057.15   .017215
  17113.44   .017240
  17170.10   .017306
  17227.15   .017347
  17284.57   .017448
  17342.38   .017603
  17400.58   .017810
  17459.17   .018129
  17518.15   .018545
  17577.53   .018972
  17637.32   .019401
  17697.52   .019791
  17758.13   .020185
  17819.15   .020551
  17880.59   .020890
  17942.46   .021391
  18004.76   .021982
  18067.50   .022591
  18130.67   .023243
  18194.29   .023923
  18258.38   .024571
  18322.90   .025206
  18387.88   .025963
  18453.31   .026642
  18519.22   .027088
  18585.60   .027266
  18652.45   .027248
  18719.79   .027159
  18787.61   .027213
  18855.93   .027150
  18924.75   .026958
  18994.07   .026880
  19063.90   .026953
  19134.25   .027186
  19205.12   .027454
  19276.51   .027624
  19348.44   .027662
  19420.91   .027700
  19493.92   .027861
  19567.48   .027781
  19641.60   .027564
  19716.28   .027529
  19791.54   .027484
  19867.37   .027385
  19943.78   .027397
  20020.78   .027527
  20098.38   .027566
  20176.59   .027690
  20255.40   .027656
  20334.83   .027713
  20414.89   .027841
  20495.58   .027976
  20576.91   .028023
  20658.89   .027828
  20741.53   .027367
  20824.83   .027048
  20908.80   .026803
  20993.45   .026508
  21078.79   .026133
  21164.83   .025864
  21251.57   .026013
  21339.02   .026297
  21427.20   .026342
  21516.11   .026307
  21605.76   .026066
  21696.16   .025808
  21787.32   .025521
  21879.25   .025216
  21971.96   .024888
  22065.46   .024610
  22159.76   .024360
  22254.86   .024226
  22350.79   .024059
  22447.54   .023992
  22545.14   .024161
  22643.60   .024276
  22742.91   .024481
  22843.10   .024889
  22944.17   .025639
  23046.15   .026383
  23149.01   .026971
  23252.81   .027403
  23357.56   .027734
  23463.25   .028031
  23569.90   .028516
  23677.52   .029067
  23786.13   .029383
  23895.75   .029852
  24006.38   .030372
  24118.03   .030748
  24230.73   .031097
  24344.49   .031353
  24459.33   .031794
  24575.25   .032149
  24692.27   .032130
  24810.42   .032118
  24929.70   .032112
  25050.13   .032070
  25171.73   .032266
  25294.52   .032361
  25418.52   .032136
  25543.73   .031841
  25670.18   .031551
  25797.90   .031282
  25926.88   .030835
  26057.17   .030372
  26188.78   .030361
  26321.71   .030481
  26456.01   .030014
  26591.68   .029790
  26728.75   .029378
  26867.24   .028985
  27007.17   .029036
  27148.57   .029148
  27291.46   .029150
  27435.86   .029079
  27581.79   .029115
  27729.29   .029434
  27878.37   .029923
  28029.07   .030257
  28181.40   .030408
  28335.39   .030873
  28491.08   .031506
  28648.50   .031497
  28807.65   .031325
  28968.59   .031243
  29131.33   .031061
  29295.92   .031234
  29462.37   .031454
  29630.73   .031185
  29801.02   .031144
  29973.28   .031296
  30147.54   .031064
  30323.84   .031002
  30502.22   .030926
  30682.71   .030199
  30865.34   .029974
  31050.17   .029775
  31237.21   .029704
  31426.53   .029550
  31618.15   .028957
  31812.13   .029046
  32008.50   .029650
  32207.31   .029274
  32408.61   .028676
  32612.44   .028818
  32818.84   .029159
  33027.88   .028760
  33239.60   .028470
  33454.05   .028567
  33671.28   .027954
  33891.36   .028191
  34114.32   .028989
  34340.25   .029116
  34569.18   .028373
  34801.19   .027887
  35036.33   .028337
  35274.68   .028581
  35516.28   .028271
  35761.23   .028140
  36009.57   .028030
  36261.38   .027886
  36516.74   .027476
  36775.73   .027136
  37038.41   .027338
  37304.88   .027470
  37575.20   .027395
  37849.47   .027141
  38127.77   .026536
  38410.20   .026454
  38696.84   .026910
  38987.80   .026380
  39283.16   .026437
  39583.03   .027283
  39887.52   .027423
  40196.72   .027347
  40510.76   .027164
  40829.75   .027359
  41153.79   .027531
  41483.02   .028796
  41817.56   .029835
  42157.54   .030036
  42503.09   .029392
  42854.36   .028878
  43211.48   .029110
  43574.60   .029212
  43943.88   .028773
  44319.46   .028132
  44701.53   .028616
  45090.24   .028993
  45485.77   .029611
  45888.30   .029701
  46298.01   .029803
  46715.11   .028541
  47139.79   .028974
  47572.27   .029978
  48012.75   .030890
  48461.47   .031103
  48918.66   .030479
  49384.55   .030253
  49859.40   .031250



 BIR1LS146.ASC           

 LS-BWD-146
 14259 bulk 125-250 um
 Connected at 23.1 um
 
 Date: 13-Mar-19, Time: 13:30:17
