      3527
   1428.42   .048293
   1428.82   .048315
   1429.21   .047756
   1429.60   .047519
   1430.00   .048192
   1430.39   .048899
   1430.79   .048716
   1431.18   .048921
   1431.58   .048785
   1431.97   .048254
   1432.37   .047793
   1432.77   .048075
   1433.16   .048858
   1433.56   .048891
   1433.95   .048275
   1434.35   .047671
   1434.75   .047765
   1435.14   .048261
   1435.54   .048590
   1435.94   .049145
   1436.34   .048424
   1436.74   .047821
   1437.13   .048565
   1437.53   .048859
   1437.93   .048605
   1438.33   .048875
   1438.73   .049010
   1439.13   .048585
   1439.53   .048673
   1439.93   .048745
   1440.33   .048415
   1440.73   .048626
   1441.13   .048850
   1441.53   .048351
   1441.93   .047994
   1442.33   .048098
   1442.73   .048090
   1443.13   .048278
   1443.54   .048386
   1443.94   .048567
   1444.34   .048730
   1444.74   .048441
   1445.15   .048355
   1445.55   .048590
   1445.95   .048882
   1446.35   .048937
   1446.76   .048629
   1447.16   .048890
   1447.57   .049079
   1447.97   .048621
   1448.37   .048981
   1448.78   .049287
   1449.18   .048851
   1449.59   .048765
   1449.99   .048614
   1450.40   .048869
   1450.81   .048934
   1451.21   .048890
   1451.62   .048978
   1452.03   .049125
   1452.43   .049000
   1452.84   .049224
   1453.25   .049451
   1453.65   .049196
   1454.06   .049143
   1454.47   .048661
   1454.88   .048700
   1455.29   .048690
   1455.69   .048336
   1456.10   .048820
   1456.51   .049166
   1456.92   .049290
   1457.33   .048943
   1457.74   .048953
   1458.15   .049325
   1458.56   .048994
   1458.97   .048728
   1459.38   .048845
   1459.79   .048771
   1460.20   .048642
   1460.62   .048536
   1461.03   .048886
   1461.44   .049063
   1461.85   .048754
   1462.26   .049147
   1462.68   .049442
   1463.09   .049144
   1463.50   .049256
   1463.91   .049345
   1464.33   .049319
   1464.74   .049257
   1465.16   .048923
   1465.57   .049089
   1465.98   .049063
   1466.40   .048673
   1466.81   .048583
   1467.23   .049173
   1467.64   .049375
   1468.06   .049127
   1468.48   .049414
   1468.89   .049366
   1469.31   .049222
   1469.72   .049391
   1470.14   .049168
   1470.56   .049046
   1470.97   .049597
   1471.39   .049837
   1471.81   .049564
   1472.23   .049441
   1472.65   .049480
   1473.06   .049511
   1473.48   .049571
   1473.90   .049235
   1474.32   .048473
   1474.74   .048790
   1475.16   .049562
   1475.58   .049362
   1476.00   .049073
   1476.42   .049074
   1476.84   .049159
   1477.26   .049505
   1477.68   .049659
   1478.10   .049496
   1478.53   .050222
   1478.95   .050565
   1479.37   .049858
   1479.79   .049344
   1480.21   .049186
   1480.64   .049489
   1481.06   .049428
   1481.48   .048820
   1481.91   .048573
   1482.33   .048828
   1482.75   .049309
   1483.18   .049394
   1483.60   .049389
   1484.03   .049629
   1484.45   .049742
   1484.88   .049602
   1485.30   .049233
   1485.73   .049252
   1486.15   .049502
   1486.58   .049670
   1487.01   .049753
   1487.43   .049600
   1487.86   .049690
   1488.29   .049819
   1488.71   .049567
   1489.14   .049227
   1489.57   .049269
   1490.00   .049811
   1490.43   .049642
   1490.85   .049499
   1491.28   .049423
   1491.71   .049255
   1492.14   .049596
   1492.57   .050132
   1493.00   .049838
   1493.43   .049733
   1493.86   .049606
   1494.29   .049574
   1494.72   .049782
   1495.15   .050025
   1495.58   .049819
   1496.02   .049682
   1496.45   .049832
   1496.88   .049910
   1497.31   .049662
   1497.75   .049703
   1498.18   .049879
   1498.61   .050331
   1499.04   .050691
   1499.48   .050355
   1499.91   .049929
   1500.35   .049641
   1500.78   .049647
   1501.21   .049977
   1501.65   .050620
   1502.08   .050478
   1502.52   .049897
   1502.96   .049589
   1503.39   .049796
   1503.83   .049531
   1504.26   .049387
   1504.70   .049927
   1505.14   .050168
   1505.57   .050404
   1506.01   .050333
   1506.45   .050126
   1506.89   .049945
   1507.32   .049914
   1507.76   .050073
   1508.20   .050372
   1508.64   .050701
   1509.08   .050654
   1509.52   .050276
   1509.96   .050066
   1510.40   .049703
   1510.84   .049770
   1511.28   .050425
   1511.72   .050469
   1512.16   .050106
   1512.60   .050236
   1513.04   .050475
   1513.48   .050129
   1513.93   .049651
   1514.37   .049572
   1514.81   .049967
   1515.25   .050216
   1515.70   .049848
   1516.14   .049958
   1516.58   .050254
   1517.03   .050119
   1517.47   .049695
   1517.92   .049721
   1518.36   .050024
   1518.80   .050226
   1519.25   .050449
   1519.69   .050652
   1520.14   .050648
   1520.59   .050364
   1521.03   .050153
   1521.48   .049995
   1521.93   .050072
   1522.37   .050775
   1522.82   .050776
   1523.27   .049964
   1523.71   .049622
   1524.16   .050269
   1524.61   .050594
   1525.06   .050552
   1525.51   .050399
   1525.96   .050360
   1526.41   .050507
   1526.86   .050277
   1527.31   .050108
   1527.76   .050295
   1528.21   .050526
   1528.66   .050433
   1529.11   .050563
   1529.56   .050578
   1530.01   .050547
   1530.46   .050794
   1530.91   .050765
   1531.37   .050651
   1531.82   .050747
   1532.27   .051012
   1532.72   .051282
   1533.18   .050908
   1533.63   .050468
   1534.08   .050736
   1534.54   .050986
   1534.99   .051141
   1535.45   .051100
   1535.90   .050839
   1536.36   .050520
   1536.81   .050592
   1537.27   .050757
   1537.72   .050751
   1538.18   .050522
   1538.64   .050531
   1539.09   .050830
   1539.55   .050831
   1540.01   .050777
   1540.46   .050653
   1540.92   .050613
   1541.38   .050851
   1541.84   .051155
   1542.30   .050947
   1542.76   .050798
   1543.22   .050903
   1543.68   .051186
   1544.14   .051278
   1544.59   .051230
   1545.06   .051122
   1545.52   .050733
   1545.98   .050315
   1546.44   .050594
   1546.90   .050982
   1547.36   .051453
   1547.82   .051157
   1548.29   .050705
   1548.75   .050761
   1549.21   .050945
   1549.67   .051082
   1550.14   .051349
   1550.60   .051450
   1551.06   .051400
   1551.53   .051282
   1551.99   .051252
   1552.46   .051300
   1552.92   .051106
   1553.39   .051015
   1553.85   .050706
   1554.32   .050795
   1554.79   .050958
   1555.25   .051144
   1555.72   .051455
   1556.19   .051276
   1556.65   .051431
   1557.12   .051363
   1557.59   .051369
   1558.06   .051175
   1558.52   .051111
   1558.99   .051041
   1559.46   .051178
   1559.93   .051428
   1560.40   .051163
   1560.87   .051178
   1561.34   .051516
   1561.81   .051543
   1562.28   .051790
   1562.75   .051640
   1563.22   .051273
   1563.69   .051173
   1564.17   .051384
   1564.64   .051641
   1565.11   .051901
   1565.58   .051794
   1566.06   .051535
   1566.53   .051355
   1567.00   .051263
   1567.48   .051305
   1567.95   .051454
   1568.42   .051595
   1568.90   .051466
   1569.37   .051132
   1569.85   .050999
   1570.32   .051216
   1570.80   .051239
   1571.28   .051361
   1571.75   .051547
   1572.23   .051415
   1572.71   .051379
   1573.18   .051563
   1573.66   .051660
   1574.14   .051590
   1574.62   .051591
   1575.10   .051619
   1575.57   .051462
   1576.05   .051460
   1576.53   .051630
   1577.01   .051393
   1577.49   .051347
   1577.97   .051521
   1578.45   .051394
   1578.93   .051533
   1579.41   .051720
   1579.89   .051539
   1580.38   .051560
   1580.86   .051752
   1581.34   .051789
   1581.82   .051652
   1582.31   .051559
   1582.79   .051505
   1583.27   .051514
   1583.76   .051661
   1584.24   .051558
   1584.72   .051407
   1585.21   .051624
   1585.69   .051587
   1586.18   .051508
   1586.66   .051605
   1587.15   .051805
   1587.64   .051616
   1588.12   .051477
   1588.61   .051795
   1589.09   .052119
   1589.58   .052107
   1590.07   .051788
   1590.56   .051549
   1591.05   .051549
   1591.53   .051646
   1592.02   .051693
   1592.51   .051669
   1593.00   .051706
   1593.49   .051886
   1593.98   .051769
   1594.47   .051547
   1594.96   .051793
   1595.45   .051871
   1595.94   .051949
   1596.43   .052059
   1596.93   .051821
   1597.42   .051794
   1597.91   .051722
   1598.40   .051719
   1598.90   .051812
   1599.39   .051727
   1599.88   .051680
   1600.38   .051931
   1600.87   .051957
   1601.36   .051696
   1601.86   .051760
   1602.35   .051974
   1602.85   .052095
   1603.35   .051891
   1603.84   .051866
   1604.34   .051777
   1604.83   .051666
   1605.33   .051610
   1605.83   .051565
   1606.33   .051844
   1606.82   .051756
   1607.32   .051660
   1607.82   .051947
   1608.32   .051886
   1608.82   .051839
   1609.32   .052042
   1609.82   .051915
   1610.32   .051819
   1610.82   .051824
   1611.32   .051675
   1611.82   .051712
   1612.32   .051839
   1612.82   .051931
   1613.32   .052045
   1613.83   .051928
   1614.33   .051760
   1614.83   .051634
   1615.33   .051637
   1615.84   .051861
   1616.34   .052000
   1616.85   .051906
   1617.35   .051767
   1617.85   .051738
   1618.36   .051991
   1618.87   .051962
   1619.37   .051714
   1619.88   .051922
   1620.38   .051896
   1620.89   .051551
   1621.40   .051777
   1621.90   .051991
   1622.41   .051864
   1622.92   .051741
   1623.43   .051775
   1623.94   .052006
   1624.44   .052071
   1624.95   .051889
   1625.46   .051799
   1625.97   .051859
   1626.48   .052005
   1626.99   .051838
   1627.50   .051801
   1628.01   .051822
   1628.53   .051800
   1629.04   .051810
   1629.55   .051822
   1630.06   .051986
   1630.57   .052179
   1631.09   .051999
   1631.60   .051741
   1632.11   .051701
   1632.63   .051797
   1633.14   .051941
   1633.66   .051834
   1634.17   .051774
   1634.69   .051930
   1635.20   .052058
   1635.72   .051954
   1636.24   .051647
   1636.75   .051816
   1637.27   .051947
   1637.79   .051855
   1638.30   .051984
   1638.82   .051946
   1639.34   .051798
   1639.86   .052034
   1640.38   .052028
   1640.90   .051849
   1641.42   .051886
   1641.94   .051912
   1642.46   .051871
   1642.98   .051953
   1643.50   .052041
   1644.02   .051973
   1644.54   .052091
   1645.06   .052123
   1645.58   .051951
   1646.11   .051982
   1646.63   .051998
   1647.15   .051868
   1647.67   .051963
   1648.20   .052055
   1648.72   .052100
   1649.25   .052009
   1649.77   .051904
   1650.30   .052096
   1650.82   .052065
   1651.35   .051952
   1651.87   .051925
   1652.40   .051984
   1652.93   .052090
   1653.45   .052055
   1653.98   .051888
   1654.51   .051774
   1655.04   .051699
   1655.57   .051667
   1656.10   .051967
   1656.62   .051988
   1657.15   .051744
   1657.68   .051872
   1658.21   .051920
   1658.74   .052017
   1659.28   .051907
   1659.81   .051894
   1660.34   .051747
   1660.87   .051778
   1661.40   .051869
   1661.93   .051988
   1662.47   .052066
   1663.00   .052091
   1663.53   .051829
   1664.07   .051736
   1664.60   .052034
   1665.14   .052010
   1665.67   .051765
   1666.21   .051683
   1666.74   .051811
   1667.28   .051704
   1667.82   .051916
   1668.35   .052078
   1668.89   .051752
   1669.43   .051684
   1669.96   .051755
   1670.50   .051656
   1671.04   .051705
   1671.58   .051893
   1672.12   .051957
   1672.66   .051851
   1673.20   .051737
   1673.74   .051827
   1674.28   .052012
   1674.82   .051809
   1675.36   .051812
   1675.90   .051884
   1676.44   .051707
   1676.99   .051742
   1677.53   .051943
   1678.07   .051817
   1678.61   .051590
   1679.16   .051681
   1679.70   .051702
   1680.25   .051747
   1680.79   .052020
   1681.34   .051971
   1681.88   .051673
   1682.43   .051561
   1682.97   .051584
   1683.52   .051803
   1684.07   .052008
   1684.61   .051951
   1685.16   .051792
   1685.71   .051677
   1686.26   .051722
   1686.81   .052001
   1687.35   .052125
   1687.90   .051905
   1688.45   .051779
   1689.00   .051740
   1689.55   .051800
   1690.11   .051838
   1690.66   .051730
   1691.21   .051825
   1691.76   .051967
   1692.31   .051882
   1692.86   .051802
   1693.42   .051935
   1693.97   .051827
   1694.52   .051518
   1695.08   .051541
   1695.63   .051801
   1696.19   .051730
   1696.74   .051720
   1697.30   .051887
   1697.85   .051842
   1698.41   .051824
   1698.97   .051911
   1699.52   .051831
   1700.08   .051705
   1700.64   .051726
   1701.20   .051695
   1701.75   .051594
   1702.31   .051717
   1702.87   .051644
   1703.43   .051491
   1703.99   .051631
   1704.55   .051670
   1705.11   .051615
   1705.67   .051577
   1706.23   .051690
   1706.80   .051770
   1707.36   .051821
   1707.92   .051679
   1708.48   .051495
   1709.05   .051572
   1709.61   .051755
   1710.17   .051760
   1710.74   .051598
   1711.30   .051605
   1711.87   .051518
   1712.43   .051638
   1713.00   .051819
   1713.57   .051644
   1714.13   .051637
   1714.70   .051663
   1715.27   .051586
   1715.83   .051628
   1716.40   .051573
   1716.97   .051543
   1717.54   .051619
   1718.11   .051523
   1718.68   .051486
   1719.25   .051481
   1719.82   .051529
   1720.39   .051726
   1720.96   .051938
   1721.53   .051750
   1722.10   .051575
   1722.67   .051565
   1723.25   .051580
   1723.82   .051669
   1724.39   .051638
   1724.97   .051603
   1725.54   .051703
   1726.12   .051700
   1726.69   .051546
   1727.27   .051399
   1727.84   .051440
   1728.42   .051640
   1728.99   .051559
   1729.57   .051406
   1730.15   .051528
   1730.73   .051682
   1731.30   .051564
   1731.88   .051453
   1732.46   .051498
   1733.04   .051574
   1733.62   .051573
   1734.20   .051535
   1734.78   .051636
   1735.36   .051674
   1735.94   .051669
   1736.52   .051689
   1737.10   .051434
   1737.69   .051366
   1738.27   .051466
   1738.85   .051459
   1739.43   .051549
   1740.02   .051549
   1740.60   .051387
   1741.19   .051411
   1741.77   .051570
   1742.36   .051402
   1742.94   .051387
   1743.53   .051545
   1744.12   .051514
   1744.70   .051455
   1745.29   .051583
   1745.88   .051788
   1746.47   .051669
   1747.05   .051592
   1747.64   .051577
   1748.23   .051499
   1748.82   .051402
   1749.41   .051403
   1750.00   .051439
   1750.59   .051395
   1751.18   .051298
   1751.78   .051289
   1752.37   .051479
   1752.96   .051474
   1753.55   .051397
   1754.15   .051534
   1754.74   .051626
   1755.34   .051546
   1755.93   .051419
   1756.52   .051354
   1757.12   .051316
   1757.72   .051278
   1758.31   .051307
   1758.91   .051323
   1759.50   .051325
   1760.10   .051331
   1760.70   .051363
   1761.30   .051367
   1761.90   .051290
   1762.50   .051251
   1763.09   .051328
   1763.69   .051450
   1764.29   .051462
   1764.90   .051478
   1765.50   .051519
   1766.10   .051650
   1766.70   .051566
   1767.30   .051379
   1767.90   .051352
   1768.51   .051405
   1769.11   .051467
   1769.71   .051481
   1770.32   .051499
   1770.92   .051500
   1771.53   .051476
   1772.13   .051381
   1772.74   .051259
   1773.35   .051197
   1773.95   .051250
   1774.56   .051237
   1775.17   .051171
   1775.78   .051339
   1776.38   .051421
   1776.99   .051348
   1777.60   .051461
   1778.21   .051532
   1778.82   .051409
   1779.43   .051356
   1780.04   .051383
   1780.65   .051331
   1781.27   .051352
   1781.88   .051421
   1782.49   .051318
   1783.10   .051231
   1783.72   .051312
   1784.33   .051422
   1784.95   .051401
   1785.56   .051372
   1786.18   .051347
   1786.79   .051382
   1787.41   .051456
   1788.02   .051538
   1788.64   .051439
   1789.26   .051328
   1789.88   .051265
   1790.49   .051266
   1791.11   .051127
   1791.73   .051058
   1792.35   .051222
   1792.97   .051296
   1793.59   .051249
   1794.21   .051226
   1794.83   .051275
   1795.45   .051319
   1796.08   .051336
   1796.70   .051334
   1797.32   .051332
   1797.94   .051281
   1798.57   .051289
   1799.19   .051381
   1799.82   .051204
   1800.44   .051225
   1801.07   .051358
   1801.69   .051298
   1802.32   .051259
   1802.95   .051182
   1803.57   .051128
   1804.20   .051279
   1804.83   .051168
   1805.46   .051053
   1806.09   .051174
   1806.71   .051192
   1807.34   .051192
   1807.98   .051234
   1808.61   .051224
   1809.24   .051301
   1809.87   .051306
   1810.50   .051279
   1811.13   .051273
   1811.77   .051292
   1812.40   .051205
   1813.03   .051083
   1813.67   .051123
   1814.30   .051215
   1814.94   .051188
   1815.57   .051152
   1816.21   .051208
   1816.84   .051116
   1817.48   .051083
   1818.12   .051144
   1818.76   .051203
   1819.40   .051293
   1820.03   .051304
   1820.67   .051272
   1821.31   .051274
   1821.95   .051264
   1822.59   .051269
   1823.23   .051329
   1823.88   .051304
   1824.52   .051255
   1825.16   .051298
   1825.80   .051297
   1826.45   .051206
   1827.09   .051200
   1827.73   .051167
   1828.38   .051103
   1829.02   .051193
   1829.67   .051271
   1830.31   .051227
   1830.96   .051149
   1831.61   .051112
   1832.25   .051122
   1832.90   .051135
   1833.55   .051195
   1834.20   .051171
   1834.85   .051132
   1835.50   .051175
   1836.15   .051213
   1836.80   .051160
   1837.45   .051110
   1838.10   .051084
   1838.75   .051154
   1839.40   .051210
   1840.06   .051244
   1840.71   .051205
   1841.36   .051244
   1842.02   .051400
   1842.67   .051435
   1843.33   .051414
   1843.98   .051361
   1844.64   .051352
   1845.30   .051293
   1845.95   .051204
   1846.61   .051248
   1847.27   .051261
   1847.93   .051265
   1848.59   .051344
   1849.24   .051294
   1849.90   .051222
   1850.57   .051197
   1851.23   .051202
   1851.89   .051182
   1852.55   .051149
   1853.21   .051241
   1853.87   .051246
   1854.54   .051273
   1855.20   .051314
   1855.86   .051211
   1856.53   .051123
   1857.19   .051179
   1857.86   .051283
   1858.53   .051361
   1859.19   .051306
   1859.86   .051383
   1860.53   .051453
   1861.19   .051288
   1861.86   .051153
   1862.53   .051198
   1863.20   .051235
   1863.87   .051269
   1864.54   .051324
   1865.21   .051291
   1865.88   .051244
   1866.55   .051190
   1867.23   .051195
   1867.90   .051221
   1868.57   .051227
   1869.25   .051237
   1869.92   .051224
   1870.59   .051175
   1871.27   .051233
   1871.95   .051336
   1872.62   .051426
   1873.30   .051438
   1873.98   .051290
   1874.65   .051181
   1875.33   .051143
   1876.01   .051217
   1876.69   .051327
   1877.37   .051229
   1878.05   .051145
   1878.73   .051274
   1879.41   .051330
   1880.09   .051264
   1880.77   .051315
   1881.46   .051321
   1882.14   .051257
   1882.82   .051246
   1883.51   .051231
   1884.19   .051318
   1884.88   .051338
   1885.56   .051240
   1886.25   .051230
   1886.93   .051219
   1887.62   .051201
   1888.31   .051255
   1889.00   .051355
   1889.68   .051333
   1890.37   .051151
   1891.06   .051090
   1891.75   .051242
   1892.44   .051281
   1893.13   .051207
   1893.83   .051282
   1894.52   .051369
   1895.21   .051239
   1895.90   .051151
   1896.60   .051261
   1897.29   .051426
   1897.99   .051414
   1898.68   .051281
   1899.38   .051225
   1900.07   .051182
   1900.77   .051203
   1901.47   .051236
   1902.16   .051219
   1902.86   .051245
   1903.56   .051180
   1904.26   .051201
   1904.96   .051343
   1905.66   .051365
   1906.36   .051250
   1907.06   .051185
   1907.76   .051379
   1908.46   .051432
   1909.17   .051441
   1909.87   .051411
   1910.57   .051379
   1911.28   .051324
   1911.98   .051282
   1912.69   .051270
   1913.40   .051278
   1914.10   .051215
   1914.81   .051179
   1915.52   .051290
   1916.22   .051328
   1916.93   .051354
   1917.64   .051421
   1918.35   .051411
   1919.06   .051410
   1919.77   .051369
   1920.48   .051365
   1921.19   .051401
   1921.91   .051409
   1922.62   .051361
   1923.33   .051421
   1924.05   .051526
   1924.76   .051439
   1925.47   .051295
   1926.19   .051313
   1926.91   .051350
   1927.62   .051328
   1928.34   .051267
   1929.06   .051228
   1929.77   .051322
   1930.49   .051384
   1931.21   .051398
   1931.93   .051522
   1932.65   .051577
   1933.37   .051554
   1934.09   .051482
   1934.82   .051406
   1935.54   .051388
   1936.26   .051446
   1936.98   .051463
   1937.71   .051447
   1938.43   .051454
   1939.16   .051480
   1939.88   .051424
   1940.61   .051381
   1941.34   .051427
   1942.06   .051429
   1942.79   .051368
   1943.52   .051436
   1944.25   .051475
   1944.98   .051424
   1945.71   .051397
   1946.44   .051391
   1947.17   .051383
   1947.90   .051402
   1948.63   .051430
   1949.36   .051470
   1950.10   .051565
   1950.83   .051584
   1951.57   .051512
   1952.30   .051453
   1953.04   .051500
   1953.77   .051525
   1954.51   .051623
   1955.25   .051683
   1955.98   .051574
   1956.72   .051485
   1957.46   .051469
   1958.20   .051490
   1958.94   .051505
   1959.68   .051558
   1960.42   .051576
   1961.16   .051523
   1961.90   .051501
   1962.65   .051535
   1963.39   .051604
   1964.13   .051636
   1964.88   .051554
   1965.62   .051541
   1966.37   .051532
   1967.11   .051599
   1967.86   .051678
   1968.61   .051712
   1969.36   .051729
   1970.10   .051656
   1970.85   .051547
   1971.60   .051677
   1972.35   .051738
   1973.10   .051610
   1973.85   .051609
   1974.61   .051621
   1975.36   .051603
   1976.11   .051634
   1976.86   .051571
   1977.62   .051693
   1978.37   .051866
   1979.13   .051864
   1979.88   .051793
   1980.64   .051727
   1981.40   .051732
   1982.16   .051755
   1982.91   .051687
   1983.67   .051682
   1984.43   .051691
   1985.19   .051619
   1985.95   .051650
   1986.71   .051748
   1987.47   .051769
   1988.24   .051773
   1989.00   .051875
   1989.76   .051827
   1990.53   .051742
   1991.29   .051781
   1992.06   .051802
   1992.82   .051776
   1993.59   .051748
   1994.35   .051725
   1995.12   .051783
   1995.89   .051851
   1996.66   .051884
   1997.43   .051901
   1998.20   .051858
   1998.97   .051812
   1999.74   .051865
   2000.51   .051894
   2001.28   .051869
   2002.06   .051896
   2002.83   .051839
   2003.60   .051767
   2004.38   .051706
   2005.15   .051760
   2005.93   .051842
   2006.70   .051904
   2007.48   .051880
   2008.26   .051885
   2009.04   .051847
   2009.82   .051806
   2010.60   .051845
   2011.37   .051914
   2012.16   .051947
   2012.94   .051933
   2013.72   .051913
   2014.50   .051869
   2015.28   .051947
   2016.07   .051944
   2016.85   .051994
   2017.64   .052068
   2018.42   .051941
   2019.21   .051834
   2020.00   .051851
   2020.78   .051892
   2021.57   .051962
   2022.36   .051984
   2023.15   .051989
   2023.94   .051956
   2024.73   .051968
   2025.52   .051987
   2026.31   .051971
   2027.10   .052005
   2027.90   .052035
   2028.69   .051939
   2029.48   .051943
   2030.28   .051985
   2031.07   .051991
   2031.87   .052048
   2032.67   .052162
   2033.46   .052160
   2034.26   .052084
   2035.06   .052041
   2035.86   .052117
   2036.66   .052149
   2037.46   .052155
   2038.26   .052167
   2039.06   .052129
   2039.86   .052176
   2040.67   .052210
   2041.47   .052173
   2042.27   .052145
   2043.08   .052096
   2043.88   .052138
   2044.69   .052203
   2045.50   .052224
   2046.30   .052201
   2047.11   .052233
   2047.92   .052197
   2048.73   .052165
   2049.54   .052237
   2050.35   .052227
   2051.16   .052172
   2051.97   .052208
   2052.79   .052292
   2053.60   .052296
   2054.41   .052213
   2055.23   .052189
   2056.04   .052252
   2056.86   .052304
   2057.67   .052281
   2058.49   .052324
   2059.31   .052339
   2060.13   .052292
   2060.95   .052259
   2061.76   .052280
   2062.58   .052350
   2063.41   .052341
   2064.23   .052271
   2065.05   .052336
   2065.87   .052402
   2066.70   .052416
   2067.52   .052413
   2068.34   .052423
   2069.17   .052446
   2070.00   .052443
   2070.82   .052470
   2071.65   .052478
   2072.48   .052476
   2073.31   .052434
   2074.14   .052487
   2074.97   .052597
   2075.80   .052642
   2076.63   .052621
   2077.46   .052514
   2078.29   .052511
   2079.13   .052592
   2079.96   .052620
   2080.80   .052622
   2081.63   .052540
   2082.47   .052497
   2083.30   .052459
   2084.14   .052470
   2084.98   .052598
   2085.82   .052644
   2086.66   .052609
   2087.50   .052633
   2088.34   .052599
   2089.18   .052612
   2090.02   .052710
   2090.87   .052733
   2091.71   .052652
   2092.55   .052638
   2093.40   .052642
   2094.24   .052672
   2095.09   .052765
   2095.94   .052787
   2096.78   .052747
   2097.63   .052787
   2098.48   .052820
   2099.33   .052754
   2100.18   .052753
   2101.03   .052866
   2101.88   .052883
   2102.74   .052779
   2103.59   .052802
   2104.44   .052766
   2105.30   .052755
   2106.15   .052849
   2107.01   .052936
   2107.87   .052939
   2108.72   .052893
   2109.58   .052821
   2110.44   .052821
   2111.30   .052870
   2112.16   .052924
   2113.02   .052973
   2113.88   .052925
   2114.74   .052882
   2115.61   .052942
   2116.47   .052924
   2117.33   .052893
   2118.20   .052892
   2119.07   .052951
   2119.93   .052930
   2120.80   .052876
   2121.67   .052951
   2122.53   .053050
   2123.40   .053054
   2124.27   .053028
   2125.15   .053102
   2126.02   .053156
   2126.89   .053122
   2127.76   .053083
   2128.64   .053103
   2129.51   .053090
   2130.38   .053110
   2131.26   .053157
   2132.14   .053194
   2133.01   .053183
   2133.89   .053134
   2134.77   .053234
   2135.65   .053336
   2136.53   .053282
   2137.41   .053275
   2138.29   .053314
   2139.17   .053289
   2140.06   .053270
   2140.94   .053271
   2141.82   .053272
   2142.71   .053326
   2143.60   .053387
   2144.48   .053427
   2145.37   .053451
   2146.26   .053425
   2147.15   .053403
   2148.04   .053375
   2148.93   .053353
   2149.82   .053427
   2150.71   .053507
   2151.60   .053520
   2152.50   .053526
   2153.39   .053545
   2154.28   .053541
   2155.18   .053539
   2156.08   .053487
   2156.97   .053509
   2157.87   .053534
   2158.77   .053530
   2159.67   .053562
   2160.57   .053622
   2161.47   .053639
   2162.37   .053627
   2163.27   .053645
   2164.18   .053679
   2165.08   .053723
   2165.98   .053679
   2166.89   .053634
   2167.79   .053658
   2168.70   .053740
   2169.61   .053863
   2170.52   .053874
   2171.43   .053831
   2172.34   .053802
   2173.25   .053767
   2174.16   .053782
   2175.07   .053773
   2175.98   .053757
   2176.90   .053802
   2177.81   .053835
   2178.73   .053850
   2179.64   .053893
   2180.56   .053947
   2181.48   .053919
   2182.39   .053919
   2183.31   .053987
   2184.23   .053950
   2185.15   .053939
   2186.07   .054011
   2187.00   .054013
   2187.92   .054053
   2188.84   .054048
   2189.77   .054040
   2190.69   .054077
   2191.62   .054074
   2192.55   .054066
   2193.47   .054131
   2194.40   .054149
   2195.33   .054144
   2196.26   .054137
   2197.19   .054145
   2198.12   .054193
   2199.06   .054225
   2199.99   .054238
   2200.92   .054230
   2201.86   .054250
   2202.79   .054281
   2203.73   .054277
   2204.67   .054313
   2205.60   .054346
   2206.54   .054345
   2207.48   .054315
   2208.42   .054288
   2209.36   .054333
   2210.31   .054346
   2211.25   .054371
   2212.19   .054455
   2213.14   .054485
   2214.08   .054516
   2215.03   .054499
   2215.97   .054533
   2216.92   .054544
   2217.87   .054564
   2218.82   .054558
   2219.77   .054535
   2220.72   .054561
   2221.67   .054624
   2222.62   .054663
   2223.58   .054650
   2224.53   .054648
   2225.48   .054688
   2226.44   .054720
   2227.40   .054716
   2228.35   .054727
   2229.31   .054730
   2230.27   .054755
   2231.23   .054832
   2232.19   .054787
   2233.15   .054726
   2234.12   .054777
   2235.08   .054803
   2236.04   .054833
   2237.01   .054886
   2237.97   .054883
   2238.94   .054921
   2239.91   .054952
   2240.87   .054968
   2241.84   .055030
   2242.81   .055064
   2243.78   .055084
   2244.76   .055061
   2245.73   .055006
   2246.70   .055026
   2247.67   .055105
   2248.65   .055139
   2249.63   .055143
   2250.60   .055170
   2251.58   .055181
   2252.56   .055221
   2253.54   .055297
   2254.52   .055317
   2255.50   .055264
   2256.48   .055260
   2257.46   .055233
   2258.44   .055226
   2259.43   .055321
   2260.41   .055374
   2261.40   .055357
   2262.39   .055374
   2263.37   .055391
   2264.36   .055404
   2265.35   .055408
   2266.34   .055407
   2267.33   .055459
   2268.32   .055576
   2269.32   .055633
   2270.31   .055586
   2271.31   .055534
   2272.30   .055573
   2273.30   .055633
   2274.29   .055663
   2275.29   .055649
   2276.29   .055653
   2277.29   .055700
   2278.29   .055762
   2279.29   .055789
   2280.30   .055767
   2281.30   .055859
   2282.30   .055936
   2283.31   .055901
   2284.31   .055914
   2285.32   .055890
   2286.33   .055891
   2287.34   .055948
   2288.35   .056014
   2289.36   .056034
   2290.37   .056021
   2291.38   .056020
   2292.39   .056041
   2293.41   .056070
   2294.42   .056128
   2295.44   .056138
   2296.46   .056122
   2297.47   .056161
   2298.49   .056209
   2299.51   .056296
   2300.53   .056307
   2301.55   .056304
   2302.58   .056290
   2303.60   .056279
   2304.62   .056331
   2305.65   .056344
   2306.67   .056337
   2307.70   .056355
   2308.73   .056455
   2309.76   .056512
   2310.78   .056557
   2311.82   .056550
   2312.85   .056552
   2313.88   .056518
   2314.91   .056578
   2315.95   .056662
   2316.98   .056702
   2318.02   .056740
   2319.05   .056790
   2320.09   .056788
   2321.13   .056762
   2322.17   .056750
   2323.21   .056795
   2324.25   .056900
   2325.29   .056955
   2326.34   .056943
   2327.38   .056945
   2328.43   .056988
   2329.47   .057046
   2330.52   .057098
   2331.57   .057125
   2332.62   .057047
   2333.67   .057029
   2334.72   .057046
   2335.77   .057124
   2336.82   .057217
   2337.88   .057240
   2338.93   .057171
   2339.99   .057232
   2341.04   .057360
   2342.10   .057407
   2343.16   .057404
   2344.22   .057380
   2345.28   .057360
   2346.34   .057397
   2347.40   .057449
   2348.47   .057494
   2349.53   .057518
   2350.59   .057590
   2351.66   .057642
   2352.73   .057668
   2353.80   .057692
   2354.86   .057720
   2355.94   .057753
   2357.01   .057749
   2358.08   .057760
   2359.15   .057784
   2360.22   .057775
   2361.30   .057814
   2362.38   .057927
   2363.45   .057964
   2364.53   .057957
   2365.61   .058011
   2366.69   .058044
   2367.77   .058057
   2368.85   .058096
   2369.93   .058128
   2371.02   .058155
   2372.10   .058150
   2373.19   .058167
   2374.28   .058226
   2375.36   .058285
   2376.45   .058323
   2377.54   .058366
   2378.63   .058430
   2379.72   .058461
   2380.82   .058451
   2381.91   .058426
   2383.01   .058458
   2384.10   .058543
   2385.20   .058618
   2386.30   .058657
   2387.39   .058685
   2388.49   .058704
   2389.59   .058740
   2390.70   .058817
   2391.80   .058868
   2392.90   .058915
   2394.01   .058950
   2395.11   .058909
   2396.22   .058960
   2397.33   .059039
   2398.44   .059051
   2399.55   .059083
   2400.66   .059101
   2401.77   .059154
   2402.88   .059232
   2404.00   .059261
   2405.11   .059250
   2406.23   .059307
   2407.35   .059377
   2408.47   .059415
   2409.58   .059446
   2410.71   .059493
   2411.83   .059529
   2412.95   .059610
   2414.07   .059690
   2415.20   .059753
   2416.32   .059760
   2417.45   .059716
   2418.58   .059747
   2419.71   .059812
   2420.84   .059859
   2421.97   .059883
   2423.10   .059932
   2424.23   .060003
   2425.37   .060065
   2426.50   .060122
   2427.64   .060135
   2428.77   .060171
   2429.91   .060220
   2431.05   .060233
   2432.19   .060286
   2433.33   .060377
   2434.48   .060442
   2435.62   .060455
   2436.76   .060492
   2437.91   .060549
   2439.06   .060619
   2440.20   .060691
   2441.35   .060743
   2442.50   .060738
   2443.65   .060719
   2444.81   .060780
   2445.96   .060873
   2447.11   .060921
   2448.27   .060971
   2449.43   .061046
   2450.58   .061103
   2451.74   .061142
   2452.90   .061234
   2454.06   .061275
   2455.22   .061263
   2456.39   .061294
   2457.55   .061359
   2458.72   .061381
   2459.88   .061433
   2461.05   .061481
   2462.22   .061538
   2463.39   .061571
   2464.56   .061590
   2465.73   .061686
   2466.91   .061743
   2468.08   .061746
   2469.26   .061787
   2470.43   .061840
   2471.61   .061935
   2472.79   .062036
   2473.97   .062115
   2475.15   .062148
   2476.33   .062170
   2477.51   .062216
   2478.70   .062266
   2479.88   .062282
   2481.07   .062334
   2482.26   .062407
   2483.45   .062477
   2484.64   .062521
   2485.83   .062573
   2487.02   .062613
   2488.21   .062664
   2489.41   .062768
   2490.60   .062815
   2491.80   .062808
   2493.00   .062868
   2494.20   .062966
   2495.40   .062990
   2496.60   .063011
   2497.80   .063087
   2499.00   .063166
   2500.21   .063210
   2501.42   .063272
   2502.62   .063339
   2503.83   .063406
   2505.04   .063473
   2506.25   .063488
   2507.46   .063532
   2508.68   .063624
   2509.89   .063659
   2511.11   .063703
   2512.32   .063787
   2513.54   .063862
   2514.76   .063919
   2515.98   .063951
   2517.20   .064005
   2518.42   .064063
   2519.65   .064112
   2520.87   .064152
   2522.10   .064184
   2523.33   .064251
   2524.55   .064310
   2525.78   .064386
   2527.01   .064424
   2528.25   .064496
   2529.48   .064584
   2530.71   .064613
   2531.95   .064669
   2533.19   .064758
   2534.43   .064812
   2535.66   .064896
   2536.91   .064957
   2538.15   .064979
   2539.39   .065008
   2540.63   .065075
   2541.88   .065132
   2543.13   .065198
   2544.37   .065297
   2545.62   .065373
   2546.87   .065425
   2548.12   .065465
   2549.38   .065512
   2550.63   .065602
   2551.89   .065651
   2553.14   .065678
   2554.40   .065771
   2555.66   .065810
   2556.92   .065857
   2558.18   .065975
   2559.44   .066021
   2560.71   .066074
   2561.97   .066164
   2563.24   .066199
   2564.51   .066253
   2565.78   .066292
   2567.05   .066337
   2568.32   .066420
   2569.59   .066470
   2570.86   .066530
   2572.14   .066608
   2573.42   .066658
   2574.69   .066701
   2575.97   .066728
   2577.25   .066796
   2578.54   .066858
   2579.82   .066931
   2581.10   .067012
   2582.39   .067056
   2583.67   .067062
   2584.96   .067138
   2586.25   .067212
   2587.54   .067250
   2588.83   .067336
   2590.13   .067433
   2591.42   .067505
   2592.72   .067567
   2594.01   .067584
   2595.31   .067586
   2596.61   .067668
   2597.91   .067784
   2599.21   .067884
   2600.52   .067928
   2601.82   .067917
   2603.13   .067961
   2604.44   .068048
   2605.75   .068087
   2607.06   .068136
   2608.37   .068218
   2609.68   .068278
   2610.99   .068340
   2612.31   .068396
   2613.63   .068456
   2614.94   .068543
   2616.26   .068601
   2617.58   .068649
   2618.91   .068721
   2620.23   .068808
   2621.55   .068869
   2622.88   .068917
   2624.21   .068943
   2625.54   .068984
   2626.87   .069028
   2628.20   .069121
   2629.53   .069239
   2630.86   .069263
   2632.20   .069259
   2633.54   .069315
   2634.87   .069375
   2636.21   .069419
   2637.55   .069461
   2638.90   .069544
   2640.24   .069593
   2641.59   .069638
   2642.93   .069715
   2644.28   .069780
   2645.63   .069829
   2646.98   .069898
   2648.33   .069969
   2649.68   .070005
   2651.04   .070036
   2652.40   .070101
   2653.75   .070176
   2655.11   .070238
   2656.47   .070321
   2657.83   .070351
   2659.20   .070372
   2660.56   .070434
   2661.93   .070509
   2663.29   .070582
   2664.66   .070627
   2666.03   .070639
   2667.40   .070687
   2668.78   .070728
   2670.15   .070764
   2671.53   .070872
   2672.90   .070960
   2674.28   .070959
   2675.66   .070989
   2677.04   .071067
   2678.43   .071126
   2679.81   .071179
   2681.20   .071240
   2682.58   .071269
   2683.97   .071271
   2685.36   .071312
   2686.75   .071356
   2688.15   .071380
   2689.54   .071423
   2690.94   .071481
   2692.33   .071531
   2693.73   .071564
   2695.13   .071593
   2696.53   .071607
   2697.94   .071606
   2699.34   .071659
   2700.75   .071743
   2702.15   .071787
   2703.56   .071827
   2704.97   .071886
   2706.38   .071956
   2707.80   .071989
   2709.21   .071968
   2710.63   .071955
   2712.05   .071994
   2713.46   .072073
   2714.89   .072107
   2716.31   .072176
   2717.73   .072238
   2719.16   .072243
   2720.58   .072269
   2722.01   .072345
   2723.44   .072417
   2724.87   .072427
   2726.30   .072445
   2727.74   .072514
   2729.17   .072566
   2730.61   .072576
   2732.05   .072609
   2733.49   .072678
   2734.93   .072682
   2736.38   .072730
   2737.82   .072773
   2739.27   .072735
   2740.71   .072714
   2742.16   .072745
   2743.61   .072729
   2745.07   .072726
   2746.52   .072767
   2747.98   .072760
   2749.43   .072766
   2750.89   .072746
   2752.35   .072745
   2753.81   .072710
   2755.28   .072662
   2756.74   .072635
   2758.21   .072634
   2759.68   .072648
   2761.15   .072608
   2762.62   .072624
   2764.09   .072620
   2765.56   .072572
   2767.04   .072567
   2768.52   .072569
   2770.00   .072512
   2771.48   .072464
   2772.96   .072490
   2774.44   .072481
   2775.93   .072467
   2777.41   .072476
   2778.90   .072486
   2780.39   .072461
   2781.88   .072387
   2783.38   .072324
   2784.87   .072297
   2786.37   .072286
   2787.87   .072291
   2789.37   .072295
   2790.87   .072307
   2792.37   .072284
   2793.87   .072290
   2795.38   .072259
   2796.89   .072220
   2798.40   .072241
   2799.91   .072240
   2801.42   .072231
   2802.94   .072262
   2804.45   .072262
   2805.97   .072241
   2807.49   .072235
   2809.01   .072215
   2810.53   .072203
   2812.06   .072239
   2813.58   .072241
   2815.11   .072218
   2816.64   .072229
   2818.17   .072229
   2819.70   .072237
   2821.24   .072279
   2822.77   .072276
   2824.31   .072278
   2825.85   .072272
   2827.39   .072259
   2828.93   .072267
   2830.48   .072295
   2832.02   .072321
   2833.57   .072324
   2835.12   .072283
   2836.67   .072299
   2838.22   .072336
   2839.78   .072384
   2841.33   .072421
   2842.89   .072386
   2844.45   .072392
   2846.01   .072439
   2847.57   .072448
   2849.14   .072420
   2850.70   .072414
   2852.27   .072456
   2853.84   .072486
   2855.41   .072528
   2856.99   .072536
   2858.56   .072496
   2860.14   .072511
   2861.72   .072533
   2863.30   .072524
   2864.88   .072532
   2866.46   .072545
   2868.05   .072572
   2869.63   .072605
   2871.22   .072644
   2872.81   .072661
   2874.41   .072666
   2876.00   .072647
   2877.60   .072665
   2879.20   .072674
   2880.79   .072674
   2882.40   .072681
   2884.00   .072722
   2885.60   .072737
   2887.21   .072736
   2888.82   .072780
   2890.43   .072813
   2892.04   .072806
   2893.65   .072817
   2895.27   .072825
   2896.89   .072817
   2898.51   .072833
   2900.13   .072879
   2901.75   .072878
   2903.38   .072902
   2905.00   .072950
   2906.63   .072920
   2908.26   .072920
   2909.89   .072947
   2911.53   .072980
   2913.16   .073001
   2914.80   .073017
   2916.44   .073035
   2918.08   .073033
   2919.72   .073061
   2921.37   .073112
   2923.02   .073118
   2924.66   .073131
   2926.31   .073161
   2927.97   .073184
   2929.62   .073170
   2931.28   .073153
   2932.93   .073173
   2934.59   .073204
   2936.26   .073232
   2937.92   .073268
   2939.59   .073280
   2941.25   .073304
   2942.92   .073322
   2944.59   .073292
   2946.27   .073295
   2947.94   .073330
   2949.62   .073344
   2951.30   .073357
   2952.98   .073348
   2954.66   .073331
   2956.34   .073375
   2958.03   .073425
   2959.72   .073453
   2961.41   .073481
   2963.10   .073499
   2964.80   .073483
   2966.49   .073510
   2968.19   .073520
   2969.89   .073531
   2971.59   .073535
   2973.30   .073568
   2975.00   .073588
   2976.71   .073596
   2978.42   .073630
   2980.13   .073675
   2981.85   .073696
   2983.56   .073712
   2985.28   .073723
   2987.00   .073737
   2988.72   .073779
   2990.44   .073802
   2992.17   .073805
   2993.90   .073825
   2995.63   .073854
   2997.36   .073848
   2999.09   .073877
   3000.83   .073898
   3002.56   .073940
   3004.30   .073970
   3006.05   .073996
   3007.79   .074020
   3009.53   .074020
   3011.28   .074031
   3013.03   .074051
   3014.78   .074069
   3016.54   .074094
   3018.29   .074098
   3020.05   .074135
   3021.81   .074179
   3023.57   .074189
   3025.34   .074212
   3027.10   .074225
   3028.87   .074219
   3030.64   .074215
   3032.41   .074231
   3034.19   .074280
   3035.96   .074307
   3037.74   .074310
   3039.52   .074324
   3041.31   .074374
   3043.09   .074396
   3044.88   .074395
   3046.67   .074383
   3048.46   .074414
   3050.25   .074448
   3052.05   .074456
   3053.84   .074453
   3055.64   .074442
   3057.45   .074462
   3059.25   .074500
   3061.06   .074528
   3062.86   .074552
   3064.67   .074576
   3066.49   .074567
   3068.30   .074568
   3070.12   .074593
   3071.94   .074611
   3073.76   .074644
   3075.58   .074658
   3077.41   .074649
   3079.23   .074659
   3081.06   .074663
   3082.89   .074657
   3084.73   .074662
   3086.56   .074680
   3088.40   .074702
   3090.24   .074716
   3092.08   .074755
   3093.93   .074766
   3095.78   .074786
   3097.63   .074799
   3099.48   .074825
   3101.33   .074867
   3103.19   .074887
   3105.05   .074909
   3106.91   .074899
   3108.77   .074905
   3110.63   .074947
   3112.50   .074971
   3114.37   .074962
   3116.24   .074967
   3118.12   .074993
   3119.99   .075009
   3121.87   .075023
   3123.75   .075028
   3125.63   .075053
   3127.52   .075078
   3129.41   .075101
   3131.30   .075133
   3133.19   .075150
   3135.08   .075155
   3136.98   .075150
   3138.88   .075170
   3140.78   .075197
   3142.68   .075217
   3144.59   .075236
   3146.50   .075259
   3148.41   .075262
   3150.32   .075276
   3152.23   .075314
   3154.15   .075341
   3156.07   .075351
   3157.99   .075364
   3159.92   .075397
   3161.84   .075415
   3163.77   .075417
   3165.71   .075429
   3167.64   .075448
   3169.58   .075465
   3171.51   .075454
   3173.46   .075476
   3175.40   .075535
   3177.34   .075556
   3179.29   .075573
   3181.24   .075586
   3183.20   .075600
   3185.15   .075634
   3187.11   .075639
   3189.07   .075634
   3191.03   .075673
   3193.00   .075691
   3194.96   .075692
   3196.93   .075719
   3198.91   .075755
   3200.88   .075790
   3202.86   .075816
   3204.84   .075795
   3206.82   .075796
   3208.80   .075830
   3210.79   .075848
   3212.78   .075870
   3214.77   .075890
   3216.76   .075902
   3218.76   .075924
   3220.76   .075950
   3222.76   .075958
   3224.77   .075970
   3226.77   .075970
   3228.78   .075963
   3230.79   .075995
   3232.81   .076011
   3234.83   .076025
   3236.84   .076039
   3238.87   .076056
   3240.89   .076092
   3242.92   .076101
   3244.95   .076096
   3246.98   .076112
   3249.01   .076133
   3251.05   .076150
   3253.09   .076158
   3255.13   .076179
   3257.18   .076201
   3259.22   .076227
   3261.27   .076245
   3263.33   .076246
   3265.38   .076261
   3267.44   .076294
   3269.50   .076306
   3271.56   .076293
   3273.63   .076310
   3275.69   .076307
   3277.76   .076315
   3279.84   .076374
   3281.91   .076394
   3283.99   .076378
   3286.07   .076390
   3288.16   .076407
   3290.24   .076443
   3292.33   .076436
   3294.42   .076438
   3296.52   .076477
   3298.62   .076521
   3300.72   .076510
   3302.82   .076486
   3304.92   .076495
   3307.03   .076530
   3309.14   .076548
   3311.25   .076529
   3313.37   .076543
   3315.49   .076563
   3317.61   .076566
   3319.73   .076569
   3321.86   .076561
   3323.99   .076587
   3326.12   .076626
   3328.26   .076624
   3330.39   .076606
   3332.53   .076606
   3334.68   .076596
   3336.82   .076584
   3338.97   .076586
   3341.12   .076588
   3343.28   .076599
   3345.43   .076598
   3347.59   .076588
   3349.76   .076576
   3351.92   .076567
   3354.09   .076543
   3356.26   .076508
   3358.44   .076486
   3360.61   .076449
   3362.79   .076431
   3364.97   .076390
   3367.16   .076307
   3369.35   .076243
   3371.54   .076170
   3373.73   .076099
   3375.93   .076087
   3378.13   .076087
   3380.33   .076120
   3382.53   .076175
   3384.74   .076205
   3386.95   .076255
   3389.17   .076278
   3391.38   .076282
   3393.60   .076271
   3395.82   .076198
   3398.05   .076137
   3400.28   .076069
   3402.51   .075972
   3404.74   .075838
   3406.98   .075711
   3409.22   .075576
   3411.46   .075441
   3413.71   .075353
   3415.96   .075299
   3418.21   .075289
   3420.46   .075353
   3422.72   .075478
   3424.98   .075624
   3427.25   .075768
   3429.51   .075887
   3431.78   .076006
   3434.05   .076132
   3436.33   .076228
   3438.61   .076308
   3440.89   .076377
   3443.18   .076433
   3445.46   .076482
   3447.75   .076528
   3450.05   .076577
   3452.35   .076638
   3454.65   .076682
   3456.95   .076727
   3459.25   .076755
   3461.56   .076781
   3463.88   .076817
   3466.19   .076830
   3468.51   .076828
   3470.83   .076824
   3473.16   .076816
   3475.48   .076804
   3477.81   .076824
   3480.15   .076835
   3482.49   .076808
   3484.83   .076796
   3487.17   .076789
   3489.52   .076738
   3491.87   .076687
   3494.22   .076624
   3496.58   .076550
   3498.94   .076487
   3501.30   .076468
   3503.66   .076496
   3506.03   .076559
   3508.40   .076659
   3510.78   .076780
   3513.16   .076903
   3515.54   .077041
   3517.93   .077142
   3520.31   .077201
   3522.71   .077259
   3525.10   .077309
   3527.50   .077377
   3529.90   .077408
   3532.30   .077417
   3534.71   .077433
   3537.12   .077440
   3539.54   .077444
   3541.95   .077456
   3544.37   .077481
   3546.80   .077492
   3549.23   .077490
   3551.66   .077505
   3554.09   .077538
   3556.53   .077565
   3558.97   .077566
   3561.42   .077573
   3563.86   .077598
   3566.31   .077632
   3568.77   .077640
   3571.23   .077647
   3573.69   .077681
   3576.15   .077714
   3578.62   .077718
   3581.09   .077716
   3583.57   .077723
   3586.04   .077724
   3588.53   .077741
   3591.01   .077730
   3593.50   .077723
   3595.99   .077746
   3598.49   .077740
   3600.99   .077733
   3603.49   .077774
   3605.99   .077818
   3608.50   .077821
   3611.02   .077844
   3613.53   .077867
   3616.05   .077887
   3618.58   .077898
   3621.10   .077896
   3623.63   .077907
   3626.17   .077928
   3628.71   .077945
   3631.25   .077939
   3633.79   .077942
   3636.34   .077960
   3638.89   .077976
   3641.45   .077988
   3644.01   .077986
   3646.57   .077981
   3649.13   .077995
   3651.70   .078022
   3654.28   .078024
   3656.85   .078011
   3659.44   .078018
   3662.02   .078034
   3664.61   .078044
   3667.20   .078061
   3669.80   .078083
   3672.39   .078097
   3675.00   .078088
   3677.60   .078105
   3680.21   .078117
   3682.83   .078112
   3685.44   .078114
   3688.06   .078129
   3690.69   .078138
   3693.32   .078134
   3695.95   .078135
   3698.59   .078147
   3701.23   .078171
   3703.87   .078186
   3706.52   .078180
   3709.17   .078187
   3711.82   .078201
   3714.48   .078202
   3717.15   .078205
   3719.81   .078210
   3722.48   .078226
   3725.16   .078234
   3727.84   .078216
   3730.52   .078220
   3733.20   .078246
   3735.89   .078283
   3738.59   .078294
   3741.28   .078298
   3743.98   .078316
   3746.69   .078319
   3749.40   .078328
   3752.11   .078349
   3754.83   .078352
   3757.55   .078340
   3760.28   .078344
   3763.00   .078341
   3765.74   .078338
   3768.47   .078365
   3771.21   .078383
   3773.96   .078389
   3776.71   .078380
   3779.46   .078380
   3782.22   .078387
   3784.98   .078397
   3787.74   .078410
   3790.51   .078435
   3793.28   .078434
   3796.06   .078424
   3798.84   .078441
   3801.63   .078461
   3804.42   .078465
   3807.21   .078459
   3810.01   .078467
   3812.81   .078463
   3815.61   .078439
   3818.42   .078431
   3821.24   .078448
   3824.05   .078472
   3826.88   .078481
   3829.70   .078472
   3832.53   .078480
   3835.37   .078487
   3838.21   .078465
   3841.05   .078461
   3843.90   .078478
   3846.75   .078480
   3849.60   .078474
   3852.46   .078483
   3855.33   .078500
   3858.20   .078500
   3861.07   .078508
   3863.95   .078509
   3866.83   .078499
   3869.71   .078500
   3872.60   .078493
   3875.50   .078501
   3878.40   .078521
   3881.30   .078532
   3884.21   .078534
   3887.12   .078531
   3890.04   .078530
   3892.96   .078520
   3895.88   .078503
   3898.81   .078507
   3901.74   .078515
   3904.68   .078515
   3907.62   .078518
   3910.57   .078520
   3913.52   .078510
   3916.48   .078505
   3919.44   .078501
   3922.40   .078505
   3925.37   .078514
   3928.35   .078516
   3931.32   .078523
   3934.31   .078530
   3937.29   .078524
   3940.29   .078526
   3943.28   .078519
   3946.28   .078519
   3949.29   .078516
   3952.30   .078507
   3955.31   .078486
   3958.33   .078478
   3961.36   .078483
   3964.38   .078477
   3967.42   .078461
   3970.46   .078462
   3973.50   .078466
   3976.55   .078466
   3979.60   .078471
   3982.65   .078469
   3985.72   .078465
   3988.78   .078454
   3991.85   .078443
   3994.93   .078432
   3998.01   .078407
   4001.09   .078393
   4004.18   .078396
   4007.28   .078388
   4010.38   .078382
   4013.48   .078390
   4016.59   .078396
   4019.70   .078384
   4022.82   .078363
   4025.94   .078355
   4029.07   .078355
   4032.20   .078342
   4035.34   .078332
   4038.48   .078332
   4041.63   .078327
   4044.78   .078325
   4047.94   .078309
   4051.10   .078291
   4054.27   .078297
   4057.44   .078298
   4060.62   .078286
   4063.80   .078266
   4066.99   .078262
   4070.18   .078274
   4073.38   .078257
   4076.58   .078226
   4079.79   .078217
   4083.00   .078220
   4086.22   .078213
   4089.44   .078208
   4092.67   .078208
   4095.90   .078200
   4099.14   .078193
   4102.38   .078181
   4105.63   .078154
   4108.89   .078131
   4112.14   .078106
   4115.41   .078092
   4118.68   .078093
   4121.95   .078087
   4125.23   .078048
   4128.51   .078034
   4131.80   .078041
   4135.10   .078026
   4138.40   .078002
   4141.70   .077986
   4145.01   .077976
   4148.33   .077966
   4151.65   .077955
   4154.98   .077936
   4158.31   .077914
   4161.65   .077904
   4164.99   .077893
   4168.34   .077865
   4171.69   .077826
   4175.05   .077796
   4178.42   .077779
   4181.79   .077775
   4185.16   .077759
   4188.54   .077734
   4191.93   .077712
   4195.32   .077704
   4198.72   .077699
   4202.12   .077673
   4205.53   .077634
   4208.94   .077610
   4212.36   .077598
   4215.78   .077575
   4219.21   .077553
   4222.65   .077540
   4226.09   .077525
   4229.54   .077498
   4232.99   .077457
   4236.45   .077439
   4239.91   .077405
   4243.38   .077380
   4246.86   .077340
   4250.34   .077287
   4253.82   .077249
   4257.32   .077233
   4260.81   .077196
   4264.32   .077154
   4267.83   .077105
   4271.34   .077066
   4274.87   .077027
   4278.39   .076991
   4281.93   .076952
   4285.46   .076917
   4289.01   .076879
   4292.56   .076834
   4296.12   .076779
   4299.68   .076722
   4303.25   .076668
   4306.82   .076598
   4310.40   .076552
   4313.99   .076514
   4317.58   .076454
   4321.18   .076412
   4324.78   .076370
   4328.39   .076294
   4332.00   .076231
   4335.63   .076198
   4339.26   .076149
   4342.89   .076084
   4346.53   .076031
   4350.18   .075987
   4353.83   .075946
   4357.49   .075899
   4361.15   .075848
   4364.82   .075806
   4368.50   .075746
   4372.18   .075689
   4375.87   .075654
   4379.57   .075600
   4383.27   .075537
   4386.98   .075487
   4390.69   .075443
   4394.42   .075387
   4398.14   .075333
   4401.88   .075284
   4405.62   .075229
   4409.36   .075200
   4413.12   .075160
   4416.87   .075115
   4420.64   .075070
   4424.41   .075014
   4428.19   .074973
   4431.97   .074935
   4435.77   .074882
   4439.56   .074833
   4443.37   .074802
   4447.18   .074763
   4450.99   .074701
   4454.82   .074648
   4458.65   .074592
   4462.49   .074543
   4466.33   .074483
   4470.18   .074415
   4474.04   .074361
   4477.90   .074292
   4481.77   .074221
   4485.65   .074165
   4489.53   .074092
   4493.42   .074008
   4497.32   .073931
   4501.22   .073867
   4505.13   .073774
   4509.05   .073669
   4512.98   .073573
   4516.91   .073505
   4520.85   .073417
   4524.79   .073295
   4528.74   .073181
   4532.70   .073080
   4536.67   .072951
   4540.64   .072817
   4544.62   .072677
   4548.60   .072538
   4552.60   .072404
   4556.60   .072253
   4560.60   .072098
   4564.62   .071937
   4568.64   .071767
   4572.67   .071600
   4576.71   .071416
   4580.75   .071231
   4584.80   .071066
   4588.86   .070905
   4592.92   .070711
   4596.99   .070491
   4601.07   .070286
   4605.16   .070082
   4609.25   .069859
   4613.35   .069638
   4617.46   .069438
   4621.58   .069233
   4625.70   .069015
   4629.83   .068788
   4633.97   .068555
   4638.11   .068326
   4642.26   .068097
   4646.42   .067872
   4650.59   .067628
   4654.76   .067398
   4658.95   .067195
   4663.14   .066975
   4667.33   .066726
   4671.54   .066481
   4675.75   .066242
   4679.97   .066010
   4684.20   .065766
   4688.43   .065521
   4692.67   .065275
   4696.93   .065035
   4701.18   .064789
   4705.45   .064556
   4709.72   .064305
   4714.01   .064046
   4718.29   .063793
   4722.59   .063534
   4726.90   .063277
   4731.21   .063027
   4735.53   .062770
   4739.86   .062530
   4744.20   .062284
   4748.54   .062034
   4752.89   .061796
   4757.25   .061561
   4761.62   .061315
   4766.00   .061086
   4770.38   .060875
   4774.78   .060665
   4779.18   .060460
   4783.58   .060255
   4788.00   .060043
   4792.43   .059825
   4796.86   .059604
   4801.30   .059388
   4805.75   .059173
   4810.21   .058963
   4814.67   .058749
   4819.15   .058541
   4823.63   .058320
   4828.12   .058094
   4832.62   .057866
   4837.13   .057633
   4841.65   .057394
   4846.17   .057155
   4850.71   .056936
   4855.25   .056718
   4859.80   .056476
   4864.36   .056239
   4868.92   .056006
   4873.50   .055780
   4878.08   .055545
   4882.68   .055320
   4887.28   .055083
   4891.89   .054844
   4896.51   .054622
   4901.14   .054410
   4905.77   .054175
   4910.42   .053921
   4915.07   .053662
   4919.74   .053419
   4924.41   .053184
   4929.09   .052941
   4933.78   .052691
   4938.48   .052454
   4943.19   .052236
   4947.91   .051994
   4952.63   .051738
   4957.37   .051499
   4962.11   .051271
   4966.86   .051050
   4971.62   .050823
   4976.39   .050609
   4981.17   .050390
   4985.96   .050154
   4990.76   .049941
   4995.57   .049743
   5000.39   .049537
   5005.21   .049318
   5010.05   .049092
   5014.90   .048870
   5019.75   .048663
   5024.61   .048459
   5029.49   .048230
   5034.37   .048012
   5039.26   .047810
   5044.17   .047615
   5049.08   .047422
   5054.00   .047226
   5058.93   .047032
   5063.87   .046846
   5068.82   .046673
   5073.78   .046516
   5078.75   .046378
   5083.73   .046248
   5088.72   .046105
   5093.72   .045953
   5098.72   .045821
   5103.74   .045696
   5108.77   .045573
   5113.81   .045454
   5118.86   .045329
   5123.91   .045209
   5128.98   .045085
   5134.06   .044952
   5139.15   .044813
   5144.25   .044680
   5149.35   .044553
   5154.47   .044425
   5159.60   .044294
   5164.74   .044176
   5169.89   .044054
   5175.05   .043926
   5180.22   .043803
   5185.40   .043698
   5190.59   .043576
   5195.79   .043439
   5201.00   .043320
   5206.23   .043221
   5211.46   .043100
   5216.70   .042968
   5221.95   .042845
   5227.22   .042723
   5232.49   .042594
   5237.78   .042478
   5243.07   .042352
   5248.38   .042227
   5253.70   .042105
   5259.03   .041987
   5264.37   .041887
   5269.72   .041790
   5275.08   .041681
   5280.45   .041579
   5285.83   .041504
   5291.22   .041437
   5296.63   .041376
   5302.04   .041330
   5307.47   .041304
   5312.91   .041285
   5318.36   .041273
   5323.82   .041273
   5329.29   .041289
   5334.77   .041298
   5340.27   .041295
   5345.77   .041296
   5351.29   .041305
   5356.82   .041322
   5362.36   .041358
   5367.91   .041394
   5373.47   .041428
   5379.04   .041458
   5384.63   .041499
   5390.23   .041528
   5395.84   .041553
   5401.46   .041580
   5407.09   .041592
   5412.73   .041616
   5418.39   .041637
   5424.06   .041656
   5429.74   .041681
   5435.43   .041703
   5441.13   .041717
   5446.84   .041755
   5452.57   .041805
   5458.31   .041833
   5464.06   .041856
   5469.83   .041905
   5475.60   .041960
   5481.39   .041986
   5487.19   .042030
   5493.00   .042083
   5498.83   .042108
   5504.67   .042131
   5510.52   .042171
   5516.38   .042186
   5522.25   .042184
   5528.14   .042190
   5534.04   .042197
   5539.95   .042191
   5545.88   .042157
   5551.82   .042112
   5557.77   .042052
   5563.73   .041996
   5569.71   .041932
   5575.69   .041845
   5581.70   .041732
   5587.71   .041616
   5593.74   .041505
   5599.78   .041364
   5605.83   .041235
   5611.90   .041108
   5617.98   .040964
   5624.07   .040839
   5630.18   .040706
   5636.30   .040580
   5642.43   .040470
   5648.58   .040366
   5654.74   .040270
   5660.91   .040199
   5667.10   .040112
   5673.30   .040040
   5679.51   .039975
   5685.74   .039922
   5691.98   .039879
   5698.24   .039825
   5704.50   .039761
   5710.79   .039696
   5717.08   .039634
   5723.39   .039572
   5729.72   .039483
   5736.06   .039384
   5742.41   .039320
   5748.77   .039235
   5755.15   .039108
   5761.55   .038970
   5767.96   .038844
   5774.38   .038714
   5780.82   .038547
   5787.27   .038387
   5793.74   .038226
   5800.22   .038059
   5806.71   .037895
   5813.22   .037732
   5819.74   .037570
   5826.28   .037417
   5832.84   .037265
   5839.40   .037124
   5845.99   .036986
   5852.59   .036830
   5859.20   .036681
   5865.83   .036547
   5872.47   .036415
   5879.13   .036271
   5885.80   .036109
   5892.49   .035931
   5899.19   .035775
   5905.91   .035618
   5912.65   .035447
   5919.40   .035294
   5926.16   .035132
   5932.94   .034946
   5939.74   .034771
   5946.55   .034599
   5953.38   .034424
   5960.22   .034264
   5967.08   .034089
   5973.95   .033898
   5980.84   .033725
   5987.75   .033576
   5994.67   .033440
   6001.61   .033316
   6008.56   .033205
   6015.53   .033100
   6022.52   .032991
   6029.52   .032893
   6036.54   .032806
   6043.58   .032731
   6050.63   .032685
   6057.70   .032657
   6064.78   .032607
   6071.88   .032567
   6079.00   .032556
   6086.14   .032536
   6093.29   .032484
   6100.46   .032441
   6107.64   .032399
   6114.85   .032361
   6122.06   .032333
   6129.30   .032300
   6136.55   .032246
   6143.83   .032189
   6151.11   .032120
   6158.42   .032064
   6165.74   .032009
   6173.08   .031950
   6180.44   .031886
   6187.81   .031836
   6195.21   .031785
   6202.62   .031722
   6210.05   .031666
   6217.49   .031635
   6224.96   .031595
   6232.44   .031545
   6239.94   .031503
   6247.45   .031465
   6254.99   .031407
   6262.54   .031352
   6270.12   .031326
   6277.71   .031302
   6285.32   .031273
   6292.94   .031260
   6300.59   .031234
   6308.25   .031200
   6315.94   .031181
   6323.64   .031159
   6331.36   .031135
   6339.10   .031092
   6346.86   .031072
   6354.64   .031079
   6362.44   .031039
   6370.25   .031012
   6378.09   .030997
   6385.94   .030969
   6393.82   .030931
   6401.71   .030888
   6409.62   .030837
   6417.56   .030795
   6425.51   .030772
   6433.48   .030742
   6441.47   .030715
   6449.48   .030689
   6457.52   .030659
   6465.56   .030626
   6473.64   .030586
   6481.73   .030563
   6489.84   .030549
   6497.97   .030563
   6506.13   .030574
   6514.30   .030546
   6522.49   .030524
   6530.71   .030525
   6538.94   .030540
   6547.20   .030549
   6555.48   .030547
   6563.78   .030542
   6572.09   .030526
   6580.44   .030525
   6588.80   .030527
   6597.18   .030518
   6605.58   .030487
   6614.01   .030464
   6622.46   .030475
   6630.92   .030481
   6639.41   .030459
   6647.93   .030456
   6656.46   .030470
   6665.02   .030482
   6673.59   .030484
   6682.19   .030487
   6690.82   .030512
   6699.46   .030526
   6708.13   .030516
   6716.81   .030509
   6725.52   .030519
   6734.26   .030530
   6743.02   .030516
   6751.80   .030503
   6760.60   .030478
   6769.42   .030446
   6778.27   .030404
   6787.15   .030351
   6796.04   .030286
   6804.96   .030206
   6813.90   .030140
   6822.87   .030085
   6831.86   .030017
   6840.87   .029953
   6849.91   .029877
   6858.97   .029799
   6868.05   .029726
   6877.16   .029648
   6886.29   .029553
   6895.45   .029463
   6904.63   .029394
   6913.84   .029306
   6923.07   .029203
   6932.33   .029105
   6941.61   .028990
   6950.91   .028857
   6960.24   .028727
   6969.60   .028628
   6978.98   .028496
   6988.38   .028382
   6997.81   .028282
   7007.26   .028151
   7016.75   .028002
   7026.25   .027879
   7035.79   .027771
   7045.35   .027657
   7054.93   .027519
   7064.54   .027375
   7074.18   .027237
   7083.85   .027115
   7093.54   .026987
   7103.25   .026855
   7113.00   .026735
   7122.77   .026618
   7132.57   .026492
   7142.39   .026364
   7152.24   .026237
   7162.12   .026109
   7172.03   .025969
   7181.96   .025828
   7191.92   .025699
   7201.91   .025560
   7211.93   .025422
   7221.97   .025308
   7232.04   .025160
   7242.15   .025003
   7252.27   .024853
   7262.43   .024711
   7272.62   .024557
   7282.83   .024411
   7293.07   .024277
   7303.34   .024128
   7313.64   .023985
   7323.97   .023837
   7334.33   .023683
   7344.72   .023543
   7355.14   .023381
   7365.58   .023201
   7376.06   .023036
   7386.57   .022883
   7397.11   .022708
   7407.67   .022528
   7418.27   .022371
   7428.90   .022182
   7439.56   .021986
   7450.25   .021829
   7460.97   .021657
   7471.72   .021475
   7482.50   .021277
   7493.31   .021083
   7504.16   .020904
   7515.03   .020718
   7525.94   .020534
   7536.88   .020332
   7547.85   .020159
   7558.85   .019967
   7569.89   .019761
   7580.95   .019588
   7592.05   .019400
   7603.18   .019214
   7614.34   .019035
   7625.54   .018865
   7636.77   .018667
   7648.03   .018482
   7659.33   .018313
   7670.66   .018144
   7682.03   .017956
   7693.42   .017758
   7704.85   .017568
   7716.32   .017376
   7727.82   .017183
   7739.36   .016991
   7750.92   .016781
   7762.53   .016596
   7774.16   .016406
   7785.84   .016198
   7797.54   .015990
   7809.29   .015791
   7821.07   .015566
   7832.88   .015346
   7844.73   .015151
   7856.62   .014944
   7868.54   .014722
   7880.50   .014485
   7892.49   .014239
   7904.52   .014021
   7916.59   .013785
   7928.70   .013533
   7940.84   .013294
   7953.01   .013051
   7965.23   .012787
   7977.48   .012535
   7989.77   .012281
   8002.10   .012009
   8014.47   .011764
   8026.88   .011543
   8039.32   .011322
   8051.81   .011116
   8064.33   .010905
   8076.89   .010703
   8089.49   .010545
   8102.13   .010417
   8114.81   .010264
   8127.53   .010131
   8140.29   .010031
   8153.09   .009950
   8165.93   .009900
   8178.81   .009886
   8191.73   .009883
   8204.69   .009906
   8217.69   .009939
   8230.73   .009973
   8243.82   .010033
   8256.95   .010090
   8270.12   .010167
   8283.33   .010258
   8296.58   .010338
   8309.88   .010425
   8323.21   .010535
   8336.59   .010621
   8350.02   .010702
   8363.48   .010794
   8376.99   .010914
   8390.55   .011066
   8404.15   .011232
   8417.79   .011408
   8431.48   .011597
   8445.21   .011778
   8458.99   .011948
   8472.81   .012122
   8486.67   .012286
   8500.59   .012444
   8514.54   .012618
   8528.55   .012787
   8542.60   .012963
   8556.70   .013137
   8570.84   .013348
   8585.03   .013592
   8599.27   .013853
   8613.55   .014153
   8627.88   .014465
   8642.26   .014796
   8656.69   .015138
   8671.17   .015514
   8685.69   .015948
   8700.26   .016418
   8714.89   .016921
   8729.56   .017456
   8744.28   .018028
   8759.05   .018608
   8773.87   .019213
   8788.73   .019861
   8803.66   .020546
   8818.63   .021238
   8833.65   .021945
   8848.72   .022673
   8863.85   .023383
   8879.03   .024083
   8894.26   .024794
   8909.54   .025496
   8924.87   .026172
   8940.26   .026826
   8955.70   .027428
   8971.20   .028025
   8986.75   .028588
   9002.35   .029102
   9018.00   .029551
   9033.71   .029944
   9049.48   .030302
   9065.30   .030611
   9081.18   .030838
   9097.11   .031040
   9113.10   .031214
   9129.14   .031309
   9145.24   .031350
   9161.40   .031391
   9177.61   .031435
   9193.89   .031424
   9210.21   .031429
   9226.60   .031479
   9243.05   .031511
   9259.55   .031539
   9276.11   .031578
   9292.74   .031614
   9309.42   .031646
   9326.16   .031688
   9342.97   .031685
   9359.83   .031651
   9376.76   .031592
   9393.74   .031496
   9410.79   .031382
   9427.90   .031256
   9445.07   .031174
   9462.31   .031118
   9479.61   .031080
   9496.97   .031064
   9514.40   .031068
   9531.88   .031133
   9549.44   .031224
   9567.06   .031329
   9584.74   .031434
   9602.49   .031542
   9620.31   .031689
   9638.19   .031823
   9656.14   .031966
   9674.15   .032123
   9692.23   .032246
   9710.38   .032349
   9728.60   .032465
   9746.89   .032586
   9765.24   .032665
   9783.67   .032705
   9802.16   .032731
   9820.73   .032737
   9839.36   .032759
   9858.07   .032827
   9876.85   .032906
   9895.69   .032946
   9914.61   .032971
   9933.61   .033029
   9952.67   .033075
   9971.81   .033124
   9991.03   .033159
  10010.31   .033209
  10029.68   .033242
  10049.11   .033265
  10068.63   .033305
  10088.22   .033301
  10107.88   .033269
  10127.62   .033271
  10147.44   .033270
  10167.34   .033298
  10187.31   .033361
  10207.37   .033541
  10227.50   .033817
  10247.71   .034155
  10268.00   .034571
  10288.38   .034998
  10308.83   .035414
  10329.37   .035865
  10349.98   .036306
  10370.69   .036688
  10391.48   .036993
  10412.34   .037183
  10433.29   .037323
  10454.33   .037395
  10475.45   .037387
  10496.65   .037401
  10517.94   .037446
  10539.32   .037479
  10560.79   .037568
  10582.34   .037722
  10603.98   .037864
  10625.71   .038056
  10647.53   .038223
  10669.44   .038312
  10691.44   .038376
  10713.53   .038474
  10735.71   .038541
  10757.98   .038562
  10780.34   .038604
  10802.80   .038597
  10825.36   .038539
  10848.00   .038435
  10870.75   .038298
  10893.58   .038169
  10916.52   .038008
  10939.55   .037807
  10962.68   .037612
  10985.90   .037423
  11009.23   .037271
  11032.65   .037175
  11056.17   .037041
  11079.80   .036904
  11103.52   .036791
  11127.35   .036713
  11151.28   .036585
  11175.32   .036442
  11199.46   .036287
  11223.70   .036054
  11248.05   .035812
  11272.50   .035588
  11297.06   .035354
  11321.72   .035118
  11346.50   .034861
  11371.38   .034534
  11396.37   .034224
  11421.48   .033936
  11446.69   .033610
  11472.01   .033263
  11497.45   .032855
  11523.00   .032420
  11548.66   .031973
  11574.44   .031460
  11600.34   .030895
  11626.34   .030354
  11652.47   .029861
  11678.71   .029357
  11705.08   .028813
  11731.56   .028346
  11758.16   .027926
  11784.88   .027445
  11811.73   .026937
  11838.70   .026460
  11865.79   .026027
  11893.00   .025614
  11920.34   .025259
  11947.81   .024975
  11975.40   .024684
  12003.12   .024352
  12030.97   .024045
  12058.95   .023754
  12087.06   .023415
  12115.31   .023109
  12143.69   .022774
  12172.19   .022427
  12200.83   .022109
  12229.61   .021835
  12258.52   .021531
  12287.57   .021167
  12316.76   .020832
  12346.08   .020572
  12375.55   .020347
  12405.15   .020067
  12434.90   .019773
  12464.79   .019536
  12494.83   .019320
  12525.01   .019092
  12555.34   .018845
  12585.81   .018647
  12616.43   .018447
  12647.20   .018244
  12678.13   .018051
  12709.20   .017864
  12740.43   .017681
  12771.81   .017573
  12803.34   .017533
  12835.03   .017461
  12866.88   .017378
  12898.89   .017356
  12931.06   .017348
  12963.38   .017371
  12995.87   .017418
  13028.52   .017447
  13061.34   .017509
  13094.33   .017597
  13127.48   .017727
  13160.79   .017871
  13194.28   .017999
  13227.96   .018129
  13261.79   .018225
  13295.79   .018318
  13329.97   .018399
  13364.33   .018440
  13398.86   .018458
  13433.57   .018463
  13468.46   .018508
  13503.54   .018581
  13538.80   .018643
  13574.24   .018733
  13609.87   .018873
  13645.68   .019056
  13681.69   .019270
  13717.88   .019485
  13754.27   .019646
  13790.85   .019766
  13827.63   .019885
  13864.59   .019902
  13901.76   .019897
  13939.14   .019931
  13976.71   .019953
  14014.48   .019945
  14052.46   .019857
  14090.65   .019772
  14129.04   .019714
  14167.65   .019662
  14206.46   .019627
  14245.49   .019556
  14284.74   .019530
  14324.19   .019519
  14363.87   .019466
  14403.77   .019374
  14443.89   .019293
  14484.24   .019288
  14524.81   .019278
  14565.63   .019274
  14606.66   .019316
  14647.92   .019329
  14689.42   .019292
  14731.15   .019207
  14773.12   .019135
  14815.33   .019136
  14857.78   .019133
  14900.47   .019095
  14943.42   .019110
  14986.61   .019150
  15030.05   .019125
  15073.73   .019121
  15117.68   .019107
  15161.89   .019013
  15206.35   .018874
  15251.07   .018797
  15296.06   .018812
  15341.31   .018953
  15386.84   .019218
  15432.63   .019670
  15478.70   .020197
  15525.04   .020667
  15571.67   .021193
  15618.57   .021753
  15665.75   .022201
  15713.23   .022615
  15760.99   .022954
  15809.04   .023165
  15857.39   .023410
  15906.02   .023686
  15954.97   .023844
  16004.21   .023868
  16053.76   .023819
  16103.62   .023810
  16153.78   .023728
  16204.29   .023642
  16255.08   .023595
  16306.20   .023564
  16357.64   .023692
  16409.41   .023994
  16461.50   .024292
  16513.92   .024596
  16566.68   .025029
  16619.78   .025469
  16673.22   .025995
  16727.01   .026661
  16781.14   .027349
  16835.62   .028042
  16890.46   .028793
  16945.66   .029547
  17001.22   .030141
  17057.15   .030678
  17113.44   .031173
  17170.10   .031533
  17227.15   .031937
  17284.57   .032417
  17342.38   .033005
  17400.58   .033665
  17459.17   .034432
  17518.15   .035267
  17577.53   .036114
  17637.32   .036899
  17697.52   .037522
  17758.13   .037943
  17819.15   .038277
  17880.59   .038628
  17942.46   .039071
  18004.76   .039520
  18067.50   .039925
  18130.67   .040395
  18194.29   .041054
  18258.38   .041840
  18322.90   .042680
  18387.88   .043484
  18453.31   .044116
  18519.22   .044514
  18585.60   .044761
  18652.45   .044957
  18719.79   .045069
  18787.61   .045179
  18855.93   .045249
  18924.75   .045474
  18994.07   .045761
  19063.90   .045921
  19134.25   .046263
  19205.12   .046606
  19276.51   .046784
  19348.44   .047035
  19420.91   .047230
  19493.92   .047339
  19567.48   .047395
  19641.60   .047276
  19716.28   .047151
  19791.54   .047043
  19867.37   .046843
  19943.78   .046630
  20020.78   .046314
  20098.38   .046014
  20176.59   .045726
  20255.40   .045461
  20334.83   .045228
  20414.89   .045202
  20495.58   .045315
  20576.91   .045410
  20658.89   .045504
  20741.53   .045557
  20824.83   .045360
  20908.80   .045089
  20993.45   .044931
  21078.79   .044706
  21164.83   .044292
  21251.57   .044047
  21339.02   .043842
  21427.20   .043505
  21516.11   .043013
  21605.76   .042495
  21696.16   .042027
  21787.32   .041349
  21879.25   .040639
  21971.96   .040013
  22065.46   .039477
  22159.76   .039033
  22254.86   .038487
  22350.79   .037911
  22447.54   .037433
  22545.14   .037359
  22643.60   .037182
  22742.91   .036979
  22843.10   .037111
  22944.17   .037543
  23046.12   .037716
  23149.01   .038082
  23252.81   .038676
  23357.56   .038977
  23463.25   .039164
  23569.90   .039431
  23677.52   .039762
  23786.13   .040000
  23895.75   .040101
  24006.38   .040145
  24118.03   .040255
  24230.73   .040541
  24344.49   .040885
  24459.33   .041277
  24575.25   .041384
  24692.27   .041396
  24810.42   .041527
  24929.70   .041593
  25050.13   .041471
  25171.73   .041420
  25294.52   .041858
  25418.52   .042247
  25543.73   .042340
  25670.18   .041947
  25797.90   .041685
  25926.88   .041701
  26057.17   .041560
  26188.78   .041393
  26321.71   .041394
  26456.01   .040978
  26591.68   .040533
  26728.75   .040152
  26867.24   .039902
  27007.17   .039679
  27148.57   .039163
  27291.46   .038796
  27435.86   .038546
  27581.79   .037818
  27729.29   .037336
  27878.37   .036943
  28029.07   .036973
  28181.40   .037283
  28335.39   .037431
  28491.08   .037673
  28648.50   .037907
  28807.65   .038146
  28968.59   .038347
  29131.33   .038661
  29295.92   .039070
  29462.37   .039284
  29630.73   .039216
  29801.02   .039080
  29973.28   .039504
  30147.54   .039788
  30323.84   .039842
  30502.22   .039498
  30682.71   .039346
  30865.34   .039678
  31050.17   .039858
  31237.21   .039734
  31426.53   .039340
  31618.15   .039257
  31812.13   .039426
  32008.50   .039706
  32207.31   .040525
  32408.61   .040921
  32612.44   .041109
  32818.84   .041694
  33027.88   .041905
  33239.60   .041006
  33454.05   .040808
  33671.28   .040698
  33891.36   .040821
  34114.32   .041456
  34340.25   .041639
  34569.18   .041401
  34801.19   .041385
  35036.33   .041424
  35274.68   .041038
  35516.28   .040603
  35761.23   .041131
  36009.57   .040686
  36261.38   .039938
  36516.74   .039687
  36775.73   .039193
  37038.41   .039310
  37304.88   .039647
  37575.20   .040170
  37849.47   .039725
  38127.77   .039045
  38410.20   .039264
  38696.84   .039041
  38987.80   .038624
  39283.16   .039114
  39583.03   .039358
  39887.52   .038890
  40196.72   .038970
  40510.76   .039711
  40829.75   .041114
  41153.79   .041755
  41483.02   .041826
  41817.56   .042448
  42157.54   .042394
  42503.09   .041787
  42854.36   .042217
  43211.48   .042191
  43574.60   .041092
  43943.88   .040534
  44319.46   .040728
  44701.53   .039931
  45090.24   .039036
  45485.77   .039593
  45888.30   .038459
  46298.01   .037277
  46715.11   .039132
  47139.79   .040816
  47572.27   .041311
  48012.75   .041624
  48461.47   .043054
  48918.66   .041758
  49384.55   .038940
  49859.40   .039207



 BIR1LS157.ASC           

 LS-BWD-157
 79221 low-agglutinate remnant 125-250 um
 Connected at 23 um
 
 Date: 05-Nov-21, Time: 14:26:11
