  3008
   1666.7   0.17269
   1667.3   0.17246
   1667.8   0.17233
   1668.3   0.17222
   1668.9   0.17214
   1669.4   0.17206
   1670.0   0.17201
   1670.5   0.17191
   1671.0   0.17192
   1671.6   0.17191
   1672.1   0.17186
   1672.7   0.17165
   1673.2   0.17148
   1673.7   0.17144
   1674.3   0.17149
   1674.8   0.17134
   1675.4   0.17120
   1675.9   0.17105
   1676.4   0.17102
   1677.0   0.17096
   1677.5   0.17084
   1678.1   0.17059
   1678.6   0.17059
   1679.2   0.17070
   1679.7   0.17057
   1680.3   0.17030
   1680.8   0.17011
   1681.3   0.17004
   1681.9   0.17000
   1682.4   0.16989
   1683.0   0.16977
   1683.5   0.16963
   1684.1   0.16962
   1684.6   0.16957
   1685.2   0.16943
   1685.7   0.16925
   1686.3   0.16915
   1686.8   0.16908
   1687.3   0.16900
   1687.9   0.16885
   1688.4   0.16882
   1689.0   0.16876
   1689.6   0.16859
   1690.1   0.16847
   1690.7   0.16838
   1691.2   0.16821
   1691.8   0.16811
   1692.3   0.16810
   1692.9   0.16807
   1693.4   0.16792
   1694.0   0.16786
   1694.5   0.16776
   1695.1   0.16763
   1695.6   0.16745
   1696.2   0.16742
   1696.7   0.16740
   1697.3   0.16724
   1697.8   0.16708
   1698.4   0.16702
   1699.0   0.16699
   1699.5   0.16686
   1700.1   0.16677
   1700.6   0.16669
   1701.2   0.16652
   1701.8   0.16651
   1702.3   0.16641
   1702.9   0.16631
   1703.4   0.16625
   1704.0   0.16607
   1704.6   0.16585
   1705.1   0.16573
   1705.7   0.16563
   1706.2   0.16550
   1706.8   0.16543
   1707.4   0.16542
   1707.9   0.16526
   1708.5   0.16504
   1709.1   0.16495
   1709.6   0.16499
   1710.2   0.16499
   1710.7   0.16478
   1711.3   0.16454
   1711.9   0.16454
   1712.4   0.16447
   1713.0   0.16447
   1713.6   0.16446
   1714.1   0.16437
   1714.7   0.16420
   1715.3   0.16410
   1715.8   0.16397
   1716.4   0.16379
   1717.0   0.16375
   1717.5   0.16368
   1718.1   0.16358
   1718.7   0.16352
   1719.3   0.16348
   1719.8   0.16345
   1720.4   0.16330
   1721.0   0.16305
   1721.5   0.16296
   1722.1   0.16288
   1722.7   0.16274
   1723.3   0.16259
   1723.8   0.16256
   1724.4   0.16256
   1725.0   0.16244
   1725.5   0.16233
   1726.1   0.16221
   1726.7   0.16209
   1727.3   0.16199
   1727.8   0.16194
   1728.4   0.16184
   1729.0   0.16172
   1729.6   0.16159
   1730.2   0.16148
   1730.7   0.16131
   1731.3   0.16126
   1731.9   0.16121
   1732.5   0.16108
   1733.0   0.16101
   1733.6   0.16094
   1734.2   0.16085
   1734.8   0.16080
   1735.4   0.16071
   1735.9   0.16058
   1736.5   0.16050
   1737.1   0.16041
   1737.7   0.16028
   1738.3   0.16022
   1738.8   0.16018
   1739.4   0.16009
   1740.0   0.15989
   1740.6   0.15973
   1741.2   0.15963
   1741.8   0.15955
   1742.4   0.15944
   1742.9   0.15935
   1743.5   0.15926
   1744.1   0.15907
   1744.7   0.15884
   1745.3   0.15886
   1745.9   0.15890
   1746.5   0.15872
   1747.1   0.15854
   1747.6   0.15845
   1748.2   0.15836
   1748.8   0.15829
   1749.4   0.15810
   1750.0   0.15793
   1750.6   0.15791
   1751.2   0.15787
   1751.8   0.15770
   1752.4   0.15759
   1753.0   0.15747
   1753.6   0.15739
   1754.2   0.15730
   1754.7   0.15728
   1755.3   0.15719
   1755.9   0.15713
   1756.5   0.15702
   1757.1   0.15688
   1757.7   0.15685
   1758.3   0.15678
   1758.9   0.15654
   1759.5   0.15647
   1760.1   0.15643
   1760.7   0.15625
   1761.3   0.15618
   1761.9   0.15611
   1762.5   0.15595
   1763.1   0.15582
   1763.7   0.15581
   1764.3   0.15576
   1764.9   0.15562
   1765.5   0.15552
   1766.1   0.15537
   1766.7   0.15529
   1767.3   0.15521
   1767.9   0.15510
   1768.5   0.15496
   1769.1   0.15483
   1769.7   0.15476
   1770.3   0.15469
   1770.9   0.15460
   1771.5   0.15456
   1772.1   0.15445
   1772.7   0.15429
   1773.3   0.15425
   1773.9   0.15418
   1774.6   0.15397
   1775.2   0.15384
   1775.8   0.15380
   1776.4   0.15373
   1777.0   0.15353
   1777.6   0.15346
   1778.2   0.15338
   1778.8   0.15330
   1779.4   0.15325
   1780.0   0.15319
   1780.7   0.15304
   1781.3   0.15289
   1781.9   0.15279
   1782.5   0.15268
   1783.1   0.15258
   1783.7   0.15250
   1784.3   0.15236
   1784.9   0.15222
   1785.6   0.15212
   1786.2   0.15200
   1786.8   0.15198
   1787.4   0.15191
   1788.0   0.15183
   1788.6   0.15178
   1789.3   0.15169
   1789.9   0.15165
   1790.5   0.15151
   1791.1   0.15136
   1791.7   0.15125
   1792.3   0.15108
   1793.0   0.15095
   1793.6   0.15091
   1794.2   0.15079
   1794.8   0.15065
   1795.4   0.15051
   1796.1   0.15044
   1796.7   0.15040
   1797.3   0.15024
   1797.9   0.15008
   1798.6   0.15004
   1799.2   0.15003
   1799.8   0.15000
   1800.4   0.14987
   1801.1   0.14981
   1801.7   0.14968
   1802.3   0.14953
   1802.9   0.14943
   1803.6   0.14932
   1804.2   0.14931
   1804.8   0.14923
   1805.5   0.14904
   1806.1   0.14895
   1806.7   0.14885
   1807.3   0.14877
   1808.0   0.14865
   1808.6   0.14853
   1809.2   0.14850
   1809.9   0.14844
   1810.5   0.14836
   1811.1   0.14828
   1811.8   0.14812
   1812.4   0.14799
   1813.0   0.14793
   1813.7   0.14787
   1814.3   0.14772
   1814.9   0.14761
   1815.6   0.14749
   1816.2   0.14740
   1816.8   0.14733
   1817.5   0.14726
   1818.1   0.14719
   1818.8   0.14714
   1819.4   0.14699
   1820.0   0.14690
   1820.7   0.14679
   1821.3   0.14662
   1821.9   0.14657
   1822.6   0.14649
   1823.2   0.14642
   1823.9   0.14633
   1824.5   0.14624
   1825.2   0.14610
   1825.8   0.14596
   1826.4   0.14587
   1827.1   0.14578
   1827.7   0.14566
   1828.4   0.14556
   1829.0   0.14551
   1829.7   0.14543
   1830.3   0.14532
   1831.0   0.14526
   1831.6   0.14514
   1832.3   0.14507
   1832.9   0.14502
   1833.6   0.14488
   1834.2   0.14480
   1834.8   0.14474
   1835.5   0.14467
   1836.2   0.14455
   1836.8   0.14447
   1837.4   0.14436
   1838.1   0.14423
   1838.8   0.14408
   1839.4   0.14405
   1840.1   0.14400
   1840.7   0.14393
   1841.4   0.14384
   1842.0   0.14373
   1842.7   0.14364
   1843.3   0.14363
   1844.0   0.14352
   1844.6   0.14337
   1845.3   0.14319
   1845.9   0.14306
   1846.6   0.14302
   1847.3   0.14297
   1847.9   0.14287
   1848.6   0.14284
   1849.2   0.14275
   1849.9   0.14263
   1850.6   0.14262
   1851.2   0.14259
   1851.9   0.14237
   1852.6   0.14219
   1853.2   0.14213
   1853.9   0.14217
   1854.5   0.14208
   1855.2   0.14195
   1855.9   0.14184
   1856.5   0.14180
   1857.2   0.14164
   1857.9   0.14155
   1858.5   0.14153
   1859.2   0.14147
   1859.9   0.14137
   1860.5   0.14135
   1861.2   0.14121
   1861.9   0.14105
   1862.5   0.14096
   1863.2   0.14088
   1863.9   0.14082
   1864.5   0.14076
   1865.2   0.14066
   1865.9   0.14063
   1866.6   0.14060
   1867.2   0.14046
   1867.9   0.14039
   1868.6   0.14027
   1869.3   0.14013
   1869.9   0.14013
   1870.6   0.14012
   1871.3   0.13996
   1871.9   0.13981
   1872.6   0.13973
   1873.3   0.13960
   1874.0   0.13959
   1874.7   0.13954
   1875.3   0.13948
   1876.0   0.13940
   1876.7   0.13928
   1877.4   0.13917
   1878.1   0.13913
   1878.7   0.13906
   1879.4   0.13899
   1880.1   0.13885
   1880.8   0.13878
   1881.5   0.13878
   1882.1   0.13877
   1882.8   0.13864
   1883.5   0.13857
   1884.2   0.13848
   1884.9   0.13837
   1885.6   0.13828
   1886.3   0.13817
   1886.9   0.13806
   1887.6   0.13802
   1888.3   0.13791
   1889.0   0.13786
   1889.7   0.13784
   1890.4   0.13769
   1891.1   0.13757
   1891.8   0.13753
   1892.4   0.13746
   1893.1   0.13744
   1893.8   0.13737
   1894.5   0.13728
   1895.2   0.13719
   1895.9   0.13709
   1896.6   0.13699
   1897.3   0.13691
   1898.0   0.13684
   1898.7   0.13686
   1899.4   0.13682
   1900.1   0.13660
   1900.8   0.13648
   1901.5   0.13651
   1902.2   0.13645
   1902.9   0.13636
   1903.6   0.13628
   1904.3   0.13629
   1905.0   0.13618
   1905.7   0.13605
   1906.4   0.13595
   1907.1   0.13588
   1907.8   0.13575
   1908.5   0.13572
   1909.2   0.13573
   1909.9   0.13569
   1910.6   0.13558
   1911.3   0.13553
   1912.0   0.13546
   1912.7   0.13536
   1913.4   0.13525
   1914.1   0.13514
   1914.8   0.13512
   1915.5   0.13504
   1916.2   0.13497
   1916.9   0.13492
   1917.6   0.13484
   1918.3   0.13481
   1919.1   0.13478
   1919.8   0.13475
   1920.5   0.13465
   1921.2   0.13448
   1921.9   0.13444
   1922.6   0.13443
   1923.3   0.13435
   1924.1   0.13426
   1924.8   0.13419
   1925.5   0.13418
   1926.2   0.13409
   1926.9   0.13399
   1927.6   0.13394
   1928.3   0.13389
   1929.1   0.13385
   1929.8   0.13377
   1930.5   0.13370
   1931.2   0.13364
   1931.9   0.13357
   1932.7   0.13343
   1933.4   0.13340
   1934.1   0.13347
   1934.8   0.13340
   1935.5   0.13330
   1936.3   0.13323
   1937.0   0.13316
   1937.7   0.13306
   1938.4   0.13300
   1939.2   0.13295
   1939.9   0.13294
   1940.6   0.13291
   1941.3   0.13286
   1942.1   0.13273
   1942.8   0.13264
   1943.5   0.13255
   1944.3   0.13250
   1945.0   0.13247
   1945.7   0.13242
   1946.4   0.13233
   1947.2   0.13224
   1947.9   0.13220
   1948.6   0.13221
   1949.4   0.13220
   1950.1   0.13213
   1950.8   0.13205
   1951.6   0.13201
   1952.3   0.13189
   1953.0   0.13178
   1953.8   0.13180
   1954.5   0.13180
   1955.3   0.13175
   1956.0   0.13168
   1956.7   0.13157
   1957.5   0.13144
   1958.2   0.13145
   1958.9   0.13143
   1959.7   0.13135
   1960.4   0.13130
   1961.2   0.13125
   1961.9   0.13121
   1962.7   0.13114
   1963.4   0.13105
   1964.1   0.13098
   1964.9   0.13095
   1965.6   0.13095
   1966.4   0.13093
   1967.1   0.13086
   1967.9   0.13080
   1968.6   0.13077
   1969.4   0.13074
   1970.1   0.13064
   1970.8   0.13060
   1971.6   0.13056
   1972.3   0.13047
   1973.1   0.13039
   1973.8   0.13037
   1974.6   0.13035
   1975.4   0.13031
   1976.1   0.13025
   1976.9   0.13017
   1977.6   0.13016
   1978.4   0.13013
   1979.1   0.13006
   1979.9   0.13004
   1980.6   0.13001
   1981.4   0.12996
   1982.2   0.12988
   1982.9   0.12979
   1983.7   0.12976
   1984.4   0.12977
   1985.2   0.12972
   1985.9   0.12967
   1986.7   0.12964
   1987.5   0.12955
   1988.2   0.12950
   1989.0   0.12949
   1989.8   0.12945
   1990.5   0.12943
   1991.3   0.12944
   1992.1   0.12939
   1992.8   0.12927
   1993.6   0.12920
   1994.3   0.12915
   1995.1   0.12912
   1995.9   0.12906
   1996.7   0.12900
   1997.4   0.12898
   1998.2   0.12894
   1999.0   0.12890
   1999.7   0.12890
   2000.5   0.12889
   2001.3   0.12889
   2002.1   0.12886
   2002.8   0.12880
   2003.6   0.12874
   2004.4   0.12871
   2005.2   0.12868
   2005.9   0.12866
   2006.7   0.12858
   2007.5   0.12854
   2008.3   0.12853
   2009.0   0.12851
   2009.8   0.12846
   2010.6   0.12841
   2011.4   0.12837
   2012.2   0.12832
   2012.9   0.12827
   2013.7   0.12829
   2014.5   0.12833
   2015.3   0.12830
   2016.1   0.12822
   2016.8   0.12812
   2017.6   0.12810
   2018.4   0.12812
   2019.2   0.12807
   2020.0   0.12797
   2020.8   0.12796
   2021.6   0.12796
   2022.4   0.12790
   2023.2   0.12789
   2023.9   0.12788
   2024.7   0.12784
   2025.5   0.12778
   2026.3   0.12774
   2027.1   0.12775
   2027.9   0.12779
   2028.7   0.12773
   2029.5   0.12766
   2030.3   0.12760
   2031.1   0.12758
   2031.9   0.12761
   2032.7   0.12761
   2033.5   0.12753
   2034.3   0.12748
   2035.1   0.12745
   2035.9   0.12741
   2036.7   0.12739
   2037.5   0.12738
   2038.3   0.12737
   2039.1   0.12738
   2039.9   0.12736
   2040.7   0.12737
   2041.5   0.12735
   2042.3   0.12732
   2043.1   0.12725
   2043.9   0.12717
   2044.7   0.12715
   2045.5   0.12716
   2046.3   0.12720
   2047.1   0.12718
   2047.9   0.12713
   2048.7   0.12714
   2049.5   0.12713
   2050.4   0.12711
   2051.2   0.12710
   2052.0   0.12708
   2052.8   0.12705
   2053.6   0.12706
   2054.4   0.12703
   2055.2   0.12695
   2056.0   0.12693
   2056.9   0.12696
   2057.7   0.12696
   2058.5   0.12695
   2059.3   0.12691
   2060.1   0.12691
   2060.9   0.12693
   2061.8   0.12688
   2062.6   0.12686
   2063.4   0.12686
   2064.2   0.12683
   2065.1   0.12679
   2065.9   0.12674
   2066.7   0.12675
   2067.5   0.12680
   2068.3   0.12684
   2069.2   0.12681
   2070.0   0.12676
   2070.8   0.12671
   2071.6   0.12671
   2072.5   0.12677
   2073.3   0.12675
   2074.1   0.12666
   2075.0   0.12664
   2075.8   0.12666
   2076.6   0.12667
   2077.5   0.12667
   2078.3   0.12667
   2079.1   0.12668
   2080.0   0.12670
   2080.8   0.12666
   2081.6   0.12665
   2082.5   0.12667
   2083.3   0.12668
   2084.1   0.12668
   2085.0   0.12665
   2085.8   0.12660
   2086.7   0.12659
   2087.5   0.12656
   2088.3   0.12649
   2089.2   0.12654
   2090.0   0.12658
   2090.9   0.12655
   2091.7   0.12659
   2092.6   0.12666
   2093.4   0.12664
   2094.2   0.12666
   2095.1   0.12667
   2095.9   0.12660
   2096.8   0.12655
   2097.6   0.12654
   2098.5   0.12657
   2099.3   0.12662
   2100.2   0.12662
   2101.0   0.12660
   2101.9   0.12659
   2102.7   0.12660
   2103.6   0.12662
   2104.4   0.12661
   2105.3   0.12653
   2106.1   0.12652
   2107.0   0.12661
   2107.9   0.12667
   2108.7   0.12670
   2109.6   0.12669
   2110.4   0.12665
   2111.3   0.12665
   2112.2   0.12670
   2113.0   0.12675
   2113.9   0.12670
   2114.7   0.12666
   2115.6   0.12673
   2116.5   0.12675
   2117.3   0.12676
   2118.2   0.12677
   2119.1   0.12677
   2119.9   0.12674
   2120.8   0.12675
   2121.7   0.12677
   2122.5   0.12682
   2123.4   0.12687
   2124.3   0.12687
   2125.1   0.12686
   2126.0   0.12688
   2126.9   0.12691
   2127.8   0.12696
   2128.6   0.12693
   2129.5   0.12691
   2130.4   0.12692
   2131.3   0.12701
   2132.1   0.12702
   2133.0   0.12701
   2133.9   0.12706
   2134.8   0.12709
   2135.6   0.12706
   2136.5   0.12708
   2137.4   0.12710
   2138.3   0.12712
   2139.2   0.12713
   2140.1   0.12715
   2140.9   0.12722
   2141.8   0.12731
   2142.7   0.12732
   2143.6   0.12733
   2144.5   0.12735
   2145.4   0.12739
   2146.3   0.12736
   2147.1   0.12739
   2148.0   0.12744
   2148.9   0.12742
   2149.8   0.12743
   2150.7   0.12751
   2151.6   0.12756
   2152.5   0.12754
   2153.4   0.12760
   2154.3   0.12761
   2155.2   0.12760
   2156.1   0.12763
   2157.0   0.12769
   2157.9   0.12777
   2158.8   0.12780
   2159.7   0.12778
   2160.6   0.12780
   2161.5   0.12784
   2162.4   0.12787
   2163.3   0.12790
   2164.2   0.12794
   2165.1   0.12797
   2166.0   0.12797
   2166.9   0.12801
   2167.8   0.12810
   2168.7   0.12818
   2169.6   0.12822
   2170.5   0.12825
   2171.4   0.12822
   2172.3   0.12820
   2173.3   0.12825
   2174.2   0.12829
   2175.1   0.12832
   2176.0   0.12840
   2176.9   0.12847
   2177.8   0.12849
   2178.7   0.12850
   2179.6   0.12857
   2180.6   0.12863
   2181.5   0.12869
   2182.4   0.12868
   2183.3   0.12870
   2184.2   0.12878
   2185.1   0.12882
   2186.1   0.12886
   2187.0   0.12891
   2187.9   0.12892
   2188.8   0.12895
   2189.8   0.12900
   2190.7   0.12908
   2191.6   0.12916
   2192.6   0.12920
   2193.5   0.12923
   2194.4   0.12929
   2195.3   0.12936
   2196.3   0.12946
   2197.2   0.12946
   2198.1   0.12945
   2199.1   0.12948
   2200.0   0.12954
   2200.9   0.12960
   2201.9   0.12965
   2202.8   0.12969
   2203.7   0.12975
   2204.7   0.12980
   2205.6   0.12986
   2206.5   0.12992
   2207.5   0.12999
   2208.4   0.13006
   2209.4   0.13011
   2210.3   0.13013
   2211.3   0.13018
   2212.2   0.13024
   2213.1   0.13031
   2214.1   0.13033
   2215.0   0.13039
   2216.0   0.13045
   2216.9   0.13052
   2217.9   0.13060
   2218.8   0.13066
   2219.8   0.13072
   2220.7   0.13077
   2221.7   0.13081
   2222.6   0.13087
   2223.6   0.13093
   2224.5   0.13098
   2225.5   0.13103
   2226.4   0.13111
   2227.4   0.13119
   2228.4   0.13125
   2229.3   0.13130
   2230.3   0.13132
   2231.2   0.13140
   2232.2   0.13151
   2233.1   0.13156
   2234.1   0.13160
   2235.1   0.13170
   2236.0   0.13177
   2237.0   0.13182
   2238.0   0.13189
   2238.9   0.13200
   2239.9   0.13208
   2240.9   0.13210
   2241.8   0.13214
   2242.8   0.13220
   2243.8   0.13226
   2244.8   0.13233
   2245.7   0.13242
   2246.7   0.13250
   2247.7   0.13257
   2248.6   0.13263
   2249.6   0.13271
   2250.6   0.13279
   2251.6   0.13290
   2252.6   0.13297
   2253.5   0.13304
   2254.5   0.13311
   2255.5   0.13318
   2256.5   0.13323
   2257.5   0.13330
   2258.4   0.13336
   2259.4   0.13344
   2260.4   0.13355
   2261.4   0.13361
   2262.4   0.13368
   2263.4   0.13377
   2264.4   0.13386
   2265.4   0.13397
   2266.3   0.13405
   2267.3   0.13412
   2268.3   0.13420
   2269.3   0.13429
   2270.3   0.13435
   2271.3   0.13440
   2272.3   0.13452
   2273.3   0.13463
   2274.3   0.13468
   2275.3   0.13474
   2276.3   0.13483
   2277.3   0.13492
   2278.3   0.13503
   2279.3   0.13514
   2280.3   0.13523
   2281.3   0.13531
   2282.3   0.13542
   2283.3   0.13554
   2284.3   0.13561
   2285.3   0.13567
   2286.3   0.13576
   2287.3   0.13586
   2288.4   0.13597
   2289.4   0.13609
   2290.4   0.13616
   2291.4   0.13625
   2292.4   0.13629
   2293.4   0.13639
   2294.4   0.13651
   2295.4   0.13660
   2296.5   0.13670
   2297.5   0.13679
   2298.5   0.13685
   2299.5   0.13697
   2300.5   0.13710
   2301.6   0.13722
   2302.6   0.13730
   2303.6   0.13740
   2304.6   0.13749
   2305.6   0.13762
   2306.7   0.13772
   2307.7   0.13781
   2308.7   0.13793
   2309.8   0.13803
   2310.8   0.13814
   2311.8   0.13828
   2312.9   0.13838
   2313.9   0.13849
   2314.9   0.13859
   2315.9   0.13868
   2317.0   0.13879
   2318.0   0.13891
   2319.1   0.13901
   2320.1   0.13912
   2321.1   0.13925
   2322.2   0.13941
   2323.2   0.13956
   2324.3   0.13964
   2325.3   0.13970
   2326.3   0.13981
   2327.4   0.13993
   2328.4   0.14007
   2329.5   0.14019
   2330.5   0.14033
   2331.6   0.14045
   2332.6   0.14054
   2333.7   0.14068
   2334.7   0.14081
   2335.8   0.14095
   2336.8   0.14110
   2337.9   0.14120
   2338.9   0.14133
   2340.0   0.14144
   2341.0   0.14152
   2342.1   0.14164
   2343.2   0.14181
   2344.2   0.14195
   2345.3   0.14209
   2346.3   0.14225
   2347.4   0.14238
   2348.5   0.14250
   2349.5   0.14264
   2350.6   0.14276
   2351.7   0.14290
   2352.7   0.14305
   2353.8   0.14318
   2354.9   0.14330
   2355.9   0.14343
   2357.0   0.14355
   2358.1   0.14373
   2359.1   0.14386
   2360.2   0.14401
   2361.3   0.14416
   2362.4   0.14431
   2363.4   0.14447
   2364.5   0.14463
   2365.6   0.14478
   2366.7   0.14491
   2367.8   0.14504
   2368.9   0.14519
   2369.9   0.14533
   2371.0   0.14548
   2372.1   0.14561
   2373.2   0.14579
   2374.3   0.14594
   2375.4   0.14610
   2376.4   0.14626
   2377.5   0.14641
   2378.6   0.14654
   2379.7   0.14670
   2380.8   0.14688
   2381.9   0.14706
   2383.0   0.14720
   2384.1   0.14736
   2385.2   0.14751
   2386.3   0.14770
   2387.4   0.14787
   2388.5   0.14803
   2389.6   0.14820
   2390.7   0.14836
   2391.8   0.14849
   2392.9   0.14866
   2394.0   0.14883
   2395.1   0.14903
   2396.2   0.14923
   2397.3   0.14942
   2398.4   0.14956
   2399.6   0.14971
   2400.7   0.14985
   2401.8   0.15003
   2402.9   0.15023
   2404.0   0.15044
   2405.1   0.15062
   2406.2   0.15078
   2407.4   0.15096
   2408.5   0.15114
   2409.6   0.15129
   2410.7   0.15148
   2411.8   0.15169
   2412.9   0.15187
   2414.1   0.15208
   2415.2   0.15229
   2416.3   0.15246
   2417.4   0.15264
   2418.6   0.15281
   2419.7   0.15300
   2420.8   0.15317
   2422.0   0.15336
   2423.1   0.15357
   2424.2   0.15376
   2425.4   0.15393
   2426.5   0.15412
   2427.6   0.15432
   2428.8   0.15452
   2429.9   0.15471
   2431.1   0.15492
   2432.2   0.15514
   2433.3   0.15533
   2434.5   0.15553
   2435.6   0.15576
   2436.8   0.15594
   2437.9   0.15615
   2439.1   0.15639
   2440.2   0.15659
   2441.4   0.15676
   2442.5   0.15697
   2443.6   0.15719
   2444.8   0.15740
   2446.0   0.15757
   2447.1   0.15777
   2448.3   0.15796
   2449.4   0.15820
   2450.6   0.15838
   2451.7   0.15857
   2452.9   0.15879
   2454.1   0.15903
   2455.2   0.15926
   2456.4   0.15952
   2457.6   0.15973
   2458.7   0.15992
   2459.9   0.16011
   2461.1   0.16032
   2462.2   0.16050
   2463.4   0.16072
   2464.6   0.16096
   2465.7   0.16120
   2466.9   0.16140
   2468.1   0.16161
   2469.3   0.16186
   2470.4   0.16211
   2471.6   0.16231
   2472.8   0.16252
   2474.0   0.16276
   2475.1   0.16303
   2476.3   0.16326
   2477.5   0.16349
   2478.7   0.16368
   2479.9   0.16387
   2481.1   0.16408
   2482.3   0.16432
   2483.4   0.16457
   2484.6   0.16480
   2485.8   0.16504
   2487.0   0.16528
   2488.2   0.16550
   2489.4   0.16574
   2490.6   0.16596
   2491.8   0.16616
   2493.0   0.16637
   2494.2   0.16664
   2495.4   0.16686
   2496.6   0.16708
   2497.8   0.16734
   2499.0   0.16758
   2500.2   0.16779
   2501.4   0.16803
   2502.6   0.16827
   2503.8   0.16853
   2505.0   0.16877
   2506.3   0.16901
   2507.5   0.16923
   2508.7   0.16945
   2509.9   0.16967
   2511.1   0.16990
   2512.3   0.17016
   2513.5   0.17044
   2514.8   0.17066
   2516.0   0.17086
   2517.2   0.17109
   2518.4   0.17134
   2519.6   0.17156
   2520.9   0.17179
   2522.1   0.17204
   2523.3   0.17230
   2524.6   0.17252
   2525.8   0.17278
   2527.0   0.17300
   2528.3   0.17325
   2529.5   0.17348
   2530.7   0.17369
   2531.9   0.17391
   2533.2   0.17414
   2534.4   0.17438
   2535.7   0.17463
   2536.9   0.17488
   2538.1   0.17511
   2539.4   0.17533
   2540.6   0.17557
   2541.9   0.17579
   2543.1   0.17604
   2544.4   0.17628
   2545.6   0.17653
   2546.9   0.17681
   2548.1   0.17706
   2549.4   0.17725
   2550.6   0.17746
   2551.9   0.17769
   2553.1   0.17794
   2554.4   0.17815
   2555.7   0.17842
   2556.9   0.17868
   2558.2   0.17891
   2559.4   0.17914
   2560.7   0.17937
   2562.0   0.17953
   2563.2   0.17975
   2564.5   0.17997
   2565.8   0.18022
   2567.1   0.18053
   2568.3   0.18080
   2569.6   0.18100
   2570.9   0.18116
   2572.1   0.18143
   2573.4   0.18170
   2574.7   0.18186
   2576.0   0.18212
   2577.3   0.18236
   2578.5   0.18259
   2579.8   0.18286
   2581.1   0.18308
   2582.4   0.18329
   2583.7   0.18355
   2585.0   0.18369
   2586.3   0.18398
   2587.5   0.18421
   2588.8   0.18440
   2590.1   0.18464
   2591.4   0.18488
   2592.7   0.18517
   2594.0   0.18546
   2595.3   0.18547
   2596.6   0.18557
   2597.9   0.18589
   2599.2   0.18619
   2600.5   0.18643
   2601.8   0.18666
   2603.1   0.18688
   2604.4   0.18711
   2605.8   0.18725
   2607.1   0.18739
   2608.4   0.18765
   2609.7   0.18792
   2611.0   0.18814
   2612.3   0.18836
   2613.6   0.18857
   2614.9   0.18880
   2616.3   0.18904
   2617.6   0.18916
   2618.9   0.18938
   2620.2   0.18965
   2621.6   0.18977
   2622.9   0.19002
   2624.2   0.19028
   2625.5   0.19051
   2626.9   0.19068
   2628.2   0.19082
   2629.5   0.19110
   2630.9   0.19127
   2632.2   0.19138
   2633.5   0.19164
   2634.9   0.19183
   2636.2   0.19204
   2637.6   0.19228
   2638.9   0.19247
   2640.2   0.19264
   2641.6   0.19283
   2642.9   0.19303
   2644.3   0.19324
   2645.6   0.19344
   2647.0   0.19359
   2648.3   0.19378
   2649.7   0.19400
   2651.0   0.19424
   2652.4   0.19444
   2653.8   0.19457
   2655.1   0.19475
   2656.5   0.19492
   2657.8   0.19512
   2659.2   0.19532
   2660.6   0.19546
   2661.9   0.19563
   2663.3   0.19587
   2664.7   0.19612
   2666.0   0.19625
   2667.4   0.19634
   2668.8   0.19653
   2670.1   0.19679
   2671.5   0.19678
   2672.9   0.19696
   2674.3   0.19722
   2675.7   0.19741
   2677.0   0.19750
   2678.4   0.19760
   2679.8   0.19777
   2681.2   0.19793
   2682.6   0.19815
   2684.0   0.19831
   2685.4   0.19848
   2686.8   0.19862
   2688.1   0.19874
   2689.5   0.19888
   2690.9   0.19908
   2692.3   0.19928
   2693.7   0.19943
   2695.1   0.19947
   2696.5   0.19958
   2697.9   0.19973
   2699.3   0.19992
   2700.8   0.20007
   2702.1   0.20013
   2703.6   0.20023
   2705.0   0.20036
   2706.4   0.20043
   2707.8   0.20056
   2709.2   0.20065
   2710.6   0.20065
   2712.1   0.20063
   2713.5   0.20081
   2714.9   0.20099
   2716.3   0.20105
   2717.7   0.20116
   2719.2   0.20136
   2720.6   0.20138
   2722.0   0.20120
   2723.4   0.20133
   2724.9   0.20136
   2726.3   0.20132
   2727.7   0.20142
   2729.2   0.20151
   2730.6   0.20156
   2732.1   0.20156
   2733.5   0.20163
   2734.9   0.20170
   2736.4   0.20172
   2737.8   0.20181
   2739.3   0.20186
   2740.7   0.20186
   2742.2   0.20191
   2743.6   0.20200
   2745.1   0.20209
   2746.5   0.20214
   2748.0   0.20221
   2749.4   0.20228
   2750.9   0.20233
   2752.4   0.20236
   2753.8   0.20245
   2755.3   0.20248
   2756.7   0.20232
   2758.2   0.20235
   2759.7   0.20246
   2761.1   0.20251
   2762.6   0.20251
   2764.1   0.20253
   2765.6   0.20260
   2767.0   0.20269
   2768.5   0.20272
   2770.0   0.20275
   2771.5   0.20275
   2773.0   0.20278
   2774.4   0.20283
   2775.9   0.20287
   2777.4   0.20288
   2778.9   0.20288
   2780.4   0.20293
   2781.9   0.20296
   2783.4   0.20294
   2784.9   0.20295
   2786.4   0.20299
   2787.9   0.20291
   2789.4   0.20286
   2790.9   0.20296
   2792.4   0.20303
   2793.9   0.20306
   2795.4   0.20310
   2796.9   0.20311
   2798.4   0.20311
   2799.9   0.20313
   2801.4   0.20314
   2802.9   0.20315
   2804.4   0.20312
   2806.0   0.20311
   2807.5   0.20315
   2809.0   0.20320
   2810.5   0.20321
   2812.1   0.20321
   2813.6   0.20323
   2815.1   0.20320
   2816.6   0.20319
   2818.2   0.20321
   2819.7   0.20316
   2821.2   0.20313
   2822.8   0.20317
   2824.3   0.20323
   2825.9   0.20330
   2827.4   0.20326
   2828.9   0.20325
   2830.5   0.20331
   2832.0   0.20334
   2833.6   0.20336
   2835.1   0.20338
   2836.7   0.20337
   2838.2   0.20333
   2839.8   0.20337
   2841.3   0.20342
   2842.9   0.20344
   2844.4   0.20345
   2846.0   0.20346
   2847.6   0.20350
   2849.1   0.20353
   2850.7   0.20353
   2852.3   0.20353
   2853.8   0.20349
   2855.4   0.20344
   2857.0   0.20350
   2858.6   0.20354
   2860.1   0.20356
   2861.7   0.20360
   2863.3   0.20362
   2864.9   0.20363
   2866.5   0.20362
   2868.1   0.20360
   2869.6   0.20363
   2871.2   0.20367
   2872.8   0.20365
   2874.4   0.20362
   2876.0   0.20367
   2877.6   0.20369
   2879.2   0.20370
   2880.8   0.20367
   2882.4   0.20357
   2884.0   0.20353
   2885.6   0.20362
   2887.2   0.20371
   2888.8   0.20373
   2890.4   0.20371
   2892.0   0.20373
   2893.6   0.20378
   2895.3   0.20379
   2896.9   0.20378
   2898.5   0.20378
   2900.1   0.20377
   2901.8   0.20376
   2903.4   0.20377
   2905.0   0.20379
   2906.6   0.20381
   2908.3   0.20377
   2909.9   0.20368
   2911.5   0.20364
   2913.2   0.20370
   2914.8   0.20374
   2916.4   0.20373
   2918.1   0.20379
   2919.7   0.20381
   2921.4   0.20381
   2923.0   0.20380
   2924.7   0.20381
   2926.3   0.20383
   2928.0   0.20380
   2929.6   0.20376
   2931.3   0.20379
   2932.9   0.20382
   2934.6   0.20382
   2936.3   0.20384
   2937.9   0.20382
   2939.6   0.20368
   2941.3   0.20361
   2942.9   0.20377
   2944.6   0.20388
   2946.3   0.20387
   2947.9   0.20376
   2949.6   0.20376
   2951.3   0.20392
   2953.0   0.20400
   2954.7   0.20402
   2956.3   0.20402
   2958.0   0.20401
   2959.7   0.20401
   2961.4   0.20401
   2963.1   0.20405
   2964.8   0.20409
   2966.5   0.20401
   2968.2   0.20392
   2969.9   0.20396
   2971.6   0.20407
   2973.3   0.20416
   2975.0   0.20419
   2976.7   0.20422
   2978.4   0.20425
   2980.1   0.20427
   2981.9   0.20426
   2983.6   0.20421
   2985.3   0.20420
   2987.0   0.20432
   2988.7   0.20439
   2990.4   0.20438
   2992.2   0.20437
   2993.9   0.20436
   2995.6   0.20431
   2997.4   0.20439
   2999.1   0.20450
   3000.8   0.20454
   3002.6   0.20455
   3004.3   0.20456
   3006.1   0.20454
   3007.8   0.20451
   3009.5   0.20458
   3011.3   0.20464
   3013.0   0.20467
   3014.8   0.20467
   3016.5   0.20467
   3018.3   0.20471
   3020.1   0.20473
   3021.8   0.20464
   3023.6   0.20453
   3025.3   0.20451
   3027.1   0.20463
   3028.9   0.20479
   3030.6   0.20485
   3032.4   0.20485
   3034.2   0.20484
   3036.0   0.20483
   3037.7   0.20481
   3039.5   0.20489
   3041.3   0.20498
   3043.1   0.20502
   3044.9   0.20504
   3046.7   0.20505
   3048.5   0.20505
   3050.3   0.20505
   3052.1   0.20505
   3053.8   0.20505
   3055.6   0.20501
   3057.4   0.20495
   3059.3   0.20506
   3061.1   0.20518
   3062.9   0.20522
   3064.7   0.20523
   3066.5   0.20525
   3068.3   0.20529
   3070.1   0.20530
   3071.9   0.20526
   3073.8   0.20529
   3075.6   0.20535
   3077.4   0.20535
   3079.2   0.20530
   3081.1   0.20532
   3082.9   0.20540
   3084.7   0.20544
   3086.6   0.20547
   3088.4   0.20550
   3090.2   0.20549
   3092.1   0.20541
   3093.9   0.20544
   3095.8   0.20555
   3097.6   0.20561
   3099.5   0.20565
   3101.3   0.20566
   3103.2   0.20567
   3105.1   0.20572
   3106.9   0.20575
   3108.8   0.20579
   3110.6   0.20583
   3112.5   0.20584
   3114.4   0.20587
   3116.2   0.20590
   3118.1   0.20594
   3120.0   0.20597
   3121.9   0.20599
   3123.8   0.20601
   3125.6   0.20606
   3127.5   0.20611
   3129.4   0.20615
   3131.3   0.20617
   3133.2   0.20620
   3135.1   0.20623
   3137.0   0.20625
   3138.9   0.20628
   3140.8   0.20631
   3142.7   0.20635
   3144.6   0.20639
   3146.5   0.20640
   3148.4   0.20642
   3150.3   0.20646
   3152.2   0.20649
   3154.1   0.20650
   3156.1   0.20655
   3158.0   0.20657
   3159.9   0.20660
   3161.8   0.20664
   3163.8   0.20667
   3165.7   0.20668
   3167.6   0.20669
   3169.6   0.20668
   3171.5   0.20658
   3173.5   0.20658
   3175.4   0.20672
   3177.3   0.20680
   3179.3   0.20684
   3181.2   0.20686
   3183.2   0.20684
   3185.1   0.20680
   3187.1   0.20683
   3189.1   0.20689
   3191.0   0.20691
   3193.0   0.20692
   3195.0   0.20692
   3196.9   0.20694
   3198.9   0.20700
   3200.9   0.20700
   3202.9   0.20693
   3204.8   0.20682
   3206.8   0.20679
   3208.8   0.20680
   3210.8   0.20688
   3212.8   0.20702
   3214.8   0.20705
   3216.8   0.20700
   3218.8   0.20704
   3220.8   0.20710
   3222.8   0.20708
   3224.8   0.20705
   3226.8   0.20705
   3228.8   0.20708
   3230.8   0.20711
   3232.8   0.20710
   3234.8   0.20703
   3236.8   0.20700
   3238.9   0.20703
   3240.9   0.20700
   3242.9   0.20694
   3244.9   0.20692
   3247.0   0.20687
   3249.0   0.20684
   3251.1   0.20692
   3253.1   0.20702
   3255.1   0.20705
   3257.2   0.20703
   3259.2   0.20694
   3261.3   0.20691
   3263.3   0.20696
   3265.4   0.20701
   3267.4   0.20701
   3269.5   0.20697
   3271.6   0.20694
   3273.6   0.20695
   3275.7   0.20696
   3277.8   0.20692
   3279.8   0.20693
   3281.9   0.20695
   3284.0   0.20691
   3286.1   0.20685
   3288.2   0.20681
   3290.2   0.20686
   3292.3   0.20689
   3294.4   0.20683
   3296.5   0.20677
   3298.6   0.20681
   3300.7   0.20681
   3302.8   0.20681
   3304.9   0.20675
   3307.0   0.20671
   3309.1   0.20672
   3311.3   0.20667
   3313.4   0.20658
   3315.5   0.20649
   3317.6   0.20634
   3319.7   0.20623
   3321.9   0.20621
   3324.0   0.20624
   3326.1   0.20622
   3328.3   0.20617
   3330.4   0.20611
   3332.5   0.20607
   3334.7   0.20599
   3336.8   0.20591
   3339.0   0.20586
   3341.1   0.20573
   3343.3   0.20566
   3345.4   0.20562
   3347.6   0.20549
   3349.8   0.20533
   3351.9   0.20515
   3354.1   0.20492
   3356.3   0.20467
   3358.4   0.20445
   3360.6   0.20417
   3362.8   0.20384
   3365.0   0.20346
   3367.2   0.20300
   3369.4   0.20250
   3371.5   0.20208
   3373.7   0.20171
   3375.9   0.20141
   3378.1   0.20122
   3380.3   0.20114
   3382.5   0.20117
   3384.7   0.20126
   3386.9   0.20130
   3389.2   0.20137
   3391.4   0.20134
   3393.6   0.20113
   3395.8   0.20080
   3398.1   0.20039
   3400.3   0.19993
   3402.5   0.19939
   3404.7   0.19880
   3407.0   0.19817
   3409.2   0.19751
   3411.5   0.19686
   3413.7   0.19625
   3416.0   0.19581
   3418.2   0.19554
   3420.5   0.19540
   3422.7   0.19544
   3425.0   0.19564
   3427.3   0.19598
   3429.5   0.19656
   3431.8   0.19735
   3434.1   0.19830
   3436.3   0.19917
   3438.6   0.19976
   3440.9   0.20015
   3443.2   0.20044
   3445.5   0.20069
   3447.8   0.20091
   3450.1   0.20107
   3452.4   0.20121
   3454.6   0.20136
   3456.9   0.20152
   3459.3   0.20164
   3461.6   0.20173
   3463.9   0.20178
   3466.2   0.20180
   3468.5   0.20178
   3470.8   0.20171
   3473.2   0.20160
   3475.5   0.20148
   3477.8   0.20132
   3480.1   0.20114
   3482.5   0.20109
   3484.8   0.20107
   3487.2   0.20094
   3489.5   0.20073
   3491.9   0.20044
   3494.2   0.20008
   3496.6   0.19962
   3498.9   0.19915
   3501.3   0.19877
   3503.7   0.19852
   3506.0   0.19839
   3508.4   0.19847
   3510.8   0.19896
   3513.2   0.19983
   3515.5   0.20071
   3517.9   0.20137
   3520.3   0.20180
   3522.7   0.20207
   3525.1   0.20233
   3527.5   0.20251
   3529.9   0.20261
   3532.3   0.20270
   3534.7   0.20276
   3537.1   0.20280
   3539.5   0.20280
   3541.9   0.20282
   3544.4   0.20285
   3546.8   0.20287
   3549.2   0.20286
   3551.7   0.20285
   3554.1   0.20284
   3556.5   0.20283
   3559.0   0.20281
   3561.4   0.20280
   3563.9   0.20279
   3566.3   0.20279
   3568.8   0.20278
   3571.2   0.20274
   3573.7   0.20269
   3576.1   0.20267
   3578.6   0.20265
   3581.1   0.20262
   3583.6   0.20255
   3586.0   0.20250
   3588.5   0.20251
   3591.0   0.20250
   3593.5   0.20246
   3596.0   0.20244
   3598.5   0.20241
   3601.0   0.20237
   3603.5   0.20230
   3606.0   0.20229
   3608.5   0.20228
   3611.0   0.20226
   3613.5   0.20222
   3616.1   0.20219
   3618.6   0.20215
   3621.1   0.20211
   3623.6   0.20206
   3626.2   0.20204
   3628.7   0.20201
   3631.3   0.20196
   3633.8   0.20190
   3636.3   0.20184
   3638.9   0.20178
   3641.4   0.20175
   3644.0   0.20172
   3646.6   0.20170
   3649.1   0.20166
   3651.7   0.20161
   3654.3   0.20156
   3656.9   0.20153
   3659.4   0.20148
   3662.0   0.20147
   3664.6   0.20142
   3667.2   0.20133
   3669.8   0.20126
   3672.4   0.20123
   3675.0   0.20119
   3677.6   0.20116
   3680.2   0.20110
   3682.8   0.20107
   3685.4   0.20103
   3688.1   0.20098
   3690.7   0.20090
   3693.3   0.20086
   3695.9   0.20083
   3698.6   0.20081
   3701.2   0.20076
   3703.9   0.20071
   3706.5   0.20065
   3709.2   0.20061
   3711.8   0.20055
   3714.5   0.20051
   3717.1   0.20047
   3719.8   0.20042
   3722.5   0.20036
   3725.2   0.20033
   3727.8   0.20027
   3730.5   0.20022
   3733.2   0.20017
   3735.9   0.20013
   3738.6   0.20008
   3741.3   0.20006
   3744.0   0.20005
   3746.7   0.20002
   3749.4   0.19995
   3752.1   0.19991
   3754.8   0.19988
   3757.6   0.19987
   3760.3   0.19982
   3763.0   0.19976
   3765.7   0.19971
   3768.5   0.19968
   3771.2   0.19966
   3774.0   0.19963
   3776.7   0.19958
   3779.5   0.19956
   3782.2   0.19952
   3785.0   0.19948
   3787.7   0.19943
   3790.5   0.19939
   3793.3   0.19934
   3796.1   0.19931
   3798.8   0.19927
   3801.6   0.19923
   3804.4   0.19916
   3807.2   0.19912
   3810.0   0.19909
   3812.8   0.19906
   3815.6   0.19899
   3818.4   0.19894
   3821.2   0.19889
   3824.1   0.19886
   3826.9   0.19881
   3829.7   0.19875
   3832.5   0.19868
   3835.4   0.19863
   3838.2   0.19858
   3841.1   0.19854
   3843.9   0.19846
   3846.8   0.19841
   3849.6   0.19835
   3852.5   0.19829
   3855.3   0.19823
   3858.2   0.19820
   3861.1   0.19814
   3863.9   0.19809
   3866.8   0.19804
   3869.7   0.19800
   3872.6   0.19793
   3875.5   0.19787
   3878.4   0.19781
   3881.3   0.19777
   3884.2   0.19772
   3887.1   0.19767
   3890.0   0.19761
   3893.0   0.19756
   3895.9   0.19750
   3898.8   0.19747
   3901.7   0.19740
   3904.7   0.19733
   3907.6   0.19728
   3910.6   0.19725
   3913.5   0.19717
   3916.5   0.19712
   3919.4   0.19707
   3922.4   0.19701
   3925.4   0.19695
   3928.4   0.19690
   3931.3   0.19684
   3934.3   0.19679
   3937.3   0.19674
   3940.3   0.19669
   3943.3   0.19662
   3946.3   0.19657
   3949.3   0.19650
   3952.3   0.19645
   3955.3   0.19640
   3958.3   0.19635
   3961.4   0.19629
   3964.4   0.19625
   3967.4   0.19619
   3970.5   0.19614
   3973.5   0.19606
   3976.6   0.19599
   3979.6   0.19593
   3982.6   0.19588
   3985.7   0.19581
   3988.8   0.19574
   3991.9   0.19567
   3994.9   0.19563
   3998.0   0.19557
   4001.1   0.19553
   4004.2   0.19546
   4007.3   0.19541
   4010.4   0.19534
   4013.5   0.19528
   4016.6   0.19521
   4019.7   0.19515
   4022.8   0.19508
   4025.9   0.19502
   4029.1   0.19494
   4032.2   0.19489
   4035.3   0.19481
   4038.5   0.19475
   4041.6   0.19468
   4044.8   0.19462
   4047.9   0.19455
   4051.1   0.19448
   4054.3   0.19439
   4057.4   0.19432
   4060.6   0.19423
   4063.8   0.19416
   4067.0   0.19408
   4070.2   0.19401
   4073.4   0.19392
   4076.6   0.19385
   4079.8   0.19377
   4083.0   0.19369
   4086.2   0.19361
   4089.4   0.19355
   4092.7   0.19346
   4095.9   0.19338
   4099.1   0.19329
   4102.4   0.19320
   4105.6   0.19313
   4108.9   0.19305
   4112.1   0.19295
   4115.4   0.19289
   4118.7   0.19280
   4122.0   0.19271
   4125.2   0.19261
   4128.5   0.19254
   4131.8   0.19245
   4135.1   0.19236
   4138.4   0.19226
   4141.7   0.19219
   4145.0   0.19210
   4148.3   0.19203
   4151.6   0.19195
   4155.0   0.19189
   4158.3   0.19179
   4161.6   0.19171
   4165.0   0.19165
   4168.3   0.19159
   4171.7   0.19148
   4175.0   0.19140
   4178.4   0.19132
   4181.8   0.19124
   4185.2   0.19115
   4188.5   0.19108
   4191.9   0.19099
   4195.3   0.19089
   4198.7   0.19076
   4202.1   0.19066
   4205.5   0.19052
   4208.9   0.19038
   4212.4   0.19020
   4215.8   0.19004
   4219.2   0.18988
   4222.6   0.18971
   4226.1   0.18952
   4229.5   0.18940
   4233.0   0.18927
   4236.5   0.18916
   4239.9   0.18901
   4243.4   0.18892
   4246.9   0.18883
   4250.3   0.18878
   4253.8   0.18873
   4257.3   0.18870
   4260.8   0.18853
   4264.3   0.18832
   4267.8   0.18808
   4271.3   0.18788
   4274.9   0.18768
   4278.4   0.18752
   4281.9   0.18732
   4285.5   0.18716
   4289.0   0.18697
   4292.6   0.18681
   4296.1   0.18661
   4299.7   0.18644
   4303.3   0.18624
   4306.8   0.18608
   4310.4   0.18590
   4314.0   0.18574
   4317.6   0.18556
   4321.2   0.18538
   4324.8   0.18518
   4328.4   0.18502
   4332.0   0.18485
   4335.6   0.18468
   4339.3   0.18448
   4342.9   0.18431
   4346.5   0.18411
   4350.2   0.18395
   4353.8   0.18376
   4357.5   0.18359
   4361.1   0.18341
   4364.8   0.18327
   4368.5   0.18311
   4372.2   0.18295
   4375.9   0.18278
   4379.6   0.18265
   4383.3   0.18251
   4387.0   0.18238
   4390.7   0.18224
   4394.4   0.18213
   4398.1   0.18200
   4401.9   0.18191
   4405.6   0.18181
   4409.4   0.18174
   4413.1   0.18166
   4416.9   0.18161
   4420.6   0.18155
   4424.4   0.18149
   4428.2   0.18142
   4432.0   0.18138
   4435.8   0.18132
   4439.6   0.18129
   4443.4   0.18122
   4447.2   0.18116
   4451.0   0.18108
   4454.8   0.18101
   4458.6   0.18091
   4462.5   0.18084
   4466.3   0.18075
   4470.2   0.18067
   4474.0   0.18053
   4477.9   0.18042
   4481.8   0.18030
   4485.6   0.18019
   4489.5   0.18006
   4493.4   0.17991
   4497.3   0.17970
   4501.2   0.17954
   4505.1   0.17935
   4509.0   0.17918
   4513.0   0.17897
   4516.9   0.17875
   4520.9   0.17852
   4524.8   0.17829
   4528.7   0.17801
   4532.7   0.17775
   4536.7   0.17745
   4540.6   0.17715
   4544.6   0.17679
   4548.6   0.17645
   4552.6   0.17608
   4556.6   0.17571
   4560.6   0.17531
   4564.6   0.17492
   4568.6   0.17446
   4572.7   0.17402
   4576.7   0.17356
   4580.8   0.17310
   4584.8   0.17262
   4588.9   0.17214
   4592.9   0.17162
   4597.0   0.17112
   4601.1   0.17058
   4605.2   0.17006
   4609.3   0.16952
   4613.4   0.16898
   4617.5   0.16841
   4621.6   0.16786
   4625.7   0.16726
   4629.8   0.16667
   4634.0   0.16606
   4638.1   0.16547
   4642.3   0.16486
   4646.4   0.16426
   4650.6   0.16363
   4654.8   0.16302
   4659.0   0.16238
   4663.1   0.16177
   4667.3   0.16111
   4671.5   0.16047
   4675.8   0.15980
   4680.0   0.15913
   4684.2   0.15845
   4688.4   0.15780
   4692.7   0.15709
   4696.9   0.15639
   4701.2   0.15566
   4705.5   0.15495
   4709.7   0.15420
   4714.0   0.15344
   4718.3   0.15265
   4722.6   0.15188
   4726.9   0.15109
   4731.2   0.15032
   4735.5   0.14950
   4739.9   0.14870
   4744.2   0.14788
   4748.5   0.14712
   4752.9   0.14637
   4757.3   0.14564
   4761.6   0.14491
   4766.0   0.14423
   4770.4   0.14353
   4774.8   0.14289
   4779.2   0.14225
   4783.6   0.14163
   4788.0   0.14098
   4792.4   0.14038
   4796.9   0.13978
   4801.3   0.13921
   4805.8   0.13859
   4810.2   0.13798
   4814.7   0.13734
   4819.1   0.13670
   4823.6   0.13604
   4828.1   0.13536
   4832.6   0.13464
   4837.1   0.13393
   4841.6   0.13317
   4846.2   0.13244
   4850.7   0.13167
   4855.3   0.13090
   4859.8   0.13012
   4864.4   0.12934
   4868.9   0.12854
   4873.5   0.12778
   4878.1   0.12700
   4882.7   0.12622
   4887.3   0.12544
   4891.9   0.12470
   4896.5   0.12395
   4901.1   0.12322
   4905.8   0.12247
   4910.4   0.12174
   4915.1   0.12100
   4919.7   0.12032
   4924.4   0.11963
   4929.1   0.11894
   4933.8   0.11825
   4938.5   0.11758
   4943.2   0.11691
   4947.9   0.11629
   4952.6   0.11567
   4957.4   0.11507
   4962.1   0.11445
   4966.9   0.11387
   4971.6   0.11327
   4976.4   0.11269
   4981.2   0.11209
   4986.0   0.11151
   4990.8   0.11091
   4995.6   0.11033
   5000.4   0.10971
   5005.2   0.10912
   5010.0   0.10853
   5014.9   0.10797
   5019.8   0.10740
   5024.6   0.10685
   5029.5   0.10630
   5034.4   0.10579
   5039.3   0.10528
   5044.2   0.10481
   5049.1   0.10436
   5054.0   0.10395
   5058.9   0.10354
   5063.9   0.10317
   5068.8   0.10283
   5073.8   0.10253
   5078.8   0.10222
   5083.7   0.10196
   5088.7   0.10170
   5093.7   0.10146
   5098.7   0.10120
   5103.7   0.10095
   5108.8   0.10070
   5113.8   0.10046
   5118.9   0.10018
   5123.9   0.09991
   5129.0   0.09962
   5134.1   0.09933
   5139.1   0.09904
   5144.3   0.09874
   5149.4   0.09842
   5154.5   0.09810
   5159.6   0.09774
   5164.7   0.09739
   5169.9   0.09703
   5175.0   0.09666
   5180.2   0.09625
   5185.4   0.09583
   5190.6   0.09538
   5195.8   0.09496
   5201.0   0.09448
   5206.2   0.09399
   5211.5   0.09348
   5216.7   0.09296
   5222.0   0.09247
   5227.2   0.09196
   5232.5   0.09141
   5237.8   0.09089
   5243.1   0.09037
   5248.4   0.08988
   5253.7   0.08939
   5259.0   0.08894
   5264.4   0.08851
   5269.7   0.08812
   5275.1   0.08774
   5280.5   0.08745
   5285.8   0.08720
   5291.2   0.08702
   5296.6   0.08687
   5302.0   0.08678
   5307.5   0.08675
   5312.9   0.08681
   5318.4   0.08690
   5323.8   0.08706
   5329.3   0.08725
   5334.8   0.08750
   5340.3   0.08779
   5345.8   0.08814
   5351.3   0.08853
   5356.8   0.08896
   5362.4   0.08943
   5367.9   0.08994
   5373.5   0.09043
   5379.0   0.09094
   5384.6   0.09144
   5390.2   0.09195
   5395.8   0.09241
   5401.5   0.09287
   5407.1   0.09331
   5412.7   0.09375
   5418.4   0.09414
   5424.1   0.09455
   5429.7   0.09493
   5435.4   0.09536
   5441.1   0.09577
   5446.8   0.09620
   5452.6   0.09660
   5458.3   0.09704
   5464.1   0.09744
   5469.8   0.09788
   5475.6   0.09828
   5481.4   0.09870
   5487.2   0.09910
   5493.0   0.09947
   5498.8   0.09976
   5504.7   0.10007
   5510.5   0.10033
   5516.4   0.10057
   5522.3   0.10073
   5528.1   0.10087
   5534.0   0.10095
   5540.0   0.10101
   5545.9   0.10096
   5551.8   0.10088
   5557.8   0.10072
   5563.7   0.10056
   5569.7   0.10032
   5575.7   0.10008
   5581.7   0.09974
   5587.7   0.09943
   5593.7   0.09907
   5599.8   0.09875
   5605.8   0.09836
   5611.9   0.09802
   5618.0   0.09763
   5624.1   0.09730
   5630.2   0.09698
   5636.3   0.09669
   5642.4   0.09633
   5648.6   0.09605
   5654.7   0.09580
   5660.9   0.09557
   5667.1   0.09534
   5673.3   0.09514
   5679.5   0.09486
   5685.7   0.09467
   5692.0   0.09444
   5698.2   0.09422
   5704.5   0.09398
   5710.8   0.09374
   5717.1   0.09342
   5723.4   0.09313
   5729.7   0.09280
   5736.0   0.09248
   5742.4   0.09209
   5748.8   0.09166
   5755.1   0.09116
   5761.5   0.09077
   5768.0   0.09015
   5774.4   0.08962
   5780.8   0.08912
   5787.3   0.08858
   5793.7   0.08799
   5800.2   0.08745
   5806.7   0.08687
   5813.2   0.08639
   5819.8   0.08584
   5826.3   0.08527
   5832.8   0.08473
   5839.4   0.08425
   5846.0   0.08374
   5852.6   0.08326
   5859.2   0.08269
   5865.8   0.08210
   5872.5   0.08151
   5879.1   0.08090
   5885.8   0.08006
   5892.5   0.07947
   5899.2   0.07864
   5905.9   0.07786
   5912.6   0.07708
   5919.4   0.07625
   5926.2   0.07543
   5932.9   0.07466
   5939.7   0.07365
   5946.5   0.07291
   5953.4   0.07218
   5960.2   0.07148
   5967.1   0.07078
   5974.0   0.07011
   5980.8   0.06954
   5987.8   0.06901
   5994.7   0.06843
   6001.6   0.06800
   6008.6   0.06758
   6015.5   0.06719
   6022.5   0.06682
   6029.5   0.06655
   6036.5   0.06625
   6043.6   0.06600
   6050.6   0.06563
   6057.7   0.06540
   6064.8   0.06521
   6071.9   0.06494
   6079.0   0.06461
   6086.1   0.06436
   6093.3   0.06408
   6100.5   0.06381
   6107.6   0.06352
   6114.8   0.06320
   6122.1   0.06290
   6129.3   0.06268
   6136.5   0.06243
   6143.8   0.06223
   6151.1   0.06201
   6158.4   0.06181
   6165.7   0.06163
   6173.1   0.06152
   6180.4   0.06143
   6187.8   0.06135
   6195.2   0.06129
   6202.6   0.06130
   6210.0   0.06130
   6217.5   0.06134
   6225.0   0.06138
   6232.4   0.06143
   6239.9   0.06147
   6247.5   0.06154
   6255.0   0.06160
   6262.5   0.06169
   6270.1   0.06176
   6277.7   0.06186
   6285.3   0.06195
   6292.9   0.06204
   6300.6   0.06214
   6308.3   0.06227
   6315.9   0.06239
   6323.6   0.06251
   6331.4   0.06261
   6339.1   0.06274
   6346.9   0.06287
   6354.6   0.06304
   6362.4   0.06322
   6370.3   0.06338
   6378.1   0.06350
   6385.9   0.06360
   6393.8   0.06365
   6401.7   0.06369
   6409.6   0.06370
   6417.6   0.06364
   6425.5   0.06360
   6433.5   0.06358
   6441.5   0.06351
   6449.5   0.06343
   6457.5   0.06334
   6465.6   0.06325
   6473.6   0.06314
   6481.7   0.06302
   6489.8   0.06289
   6498.0   0.06279
   6506.1   0.06280
   6514.3   0.06289
   6522.5   0.06292
   6530.7   0.06296
   6539.0   0.06301
   6547.2   0.06307
   6555.5   0.06312
   6563.8   0.06320
   6572.1   0.06328
   6580.4   0.06339
   6588.8   0.06352
   6597.2   0.06364
   6605.6   0.06375
   6614.0   0.06386
   6622.5   0.06398
   6630.9   0.06407
   6639.4   0.06418
   6647.9   0.06433
   6656.5   0.06448
   6665.0   0.06463
   6673.6   0.06480
   6682.2   0.06498
   6690.8   0.06518
   6699.5   0.06540
   6708.1   0.06563
   6716.8   0.06585
   6725.5   0.06604
   6734.3   0.06624
   6743.0   0.06641
   6751.8   0.06654
   6760.6   0.06663
   6769.4   0.06670
   6778.3   0.06673
   6787.1   0.06674
   6796.0   0.06671
   6805.0   0.06669
   6813.9   0.06666
   6822.9   0.06663
   6831.9   0.06659
   6840.9   0.06656
   6849.9   0.06652
   6859.0   0.06647
   6868.0   0.06637
   6877.2   0.06632
   6886.3   0.06625
   6895.5   0.06613
   6904.6   0.06600
   6913.8   0.06585
   6923.1   0.06568
   6932.3   0.06549
   6941.6   0.06529
   6950.9   0.06510
   6960.2   0.06485
   6969.6   0.06460
   6979.0   0.06439
   6988.4   0.06419
   6997.8   0.06393
   7007.3   0.06368
   7016.8   0.06344
   7026.3   0.06319
   7035.8   0.06291
   7045.4   0.06262
   7054.9   0.06231
   7064.5   0.06203
   7074.2   0.06175
   7083.9   0.06148
   7093.5   0.06117
   7103.3   0.06088
   7113.0   0.06058
   7122.8   0.06029
   7132.6   0.06001
   7142.4   0.05975
   7152.2   0.05945
   7162.1   0.05916
   7172.0   0.05884
   7182.0   0.05854
   7191.9   0.05821
   7201.9   0.05790
   7211.9   0.05757
   7222.0   0.05726
   7232.0   0.05692
   7242.1   0.05657
   7252.3   0.05622
   7262.4   0.05590
   7272.6   0.05556
   7282.8   0.05524
   7293.1   0.05488
   7303.3   0.05453
   7313.6   0.05416
   7324.0   0.05381
   7334.3   0.05342
   7344.7   0.05304
   7355.1   0.05265
   7365.6   0.05226
   7376.1   0.05182
   7386.6   0.05141
   7397.1   0.05096
   7407.7   0.05051
   7418.3   0.05005
   7428.9   0.04961
   7439.6   0.04915
   7450.2   0.04870
   7461.0   0.04821
   7471.7   0.04777
   7482.5   0.04734
   7493.3   0.04694
   7504.1   0.04648
   7515.0   0.04607
   7525.9   0.04563
   7536.9   0.04523
   7547.9   0.04479
   7558.9   0.04437
   7569.9   0.04395
   7581.0   0.04358
   7592.0   0.04318
   7603.2   0.04281
   7614.4   0.04242
   7625.5   0.04207
   7636.8   0.04170
   7648.0   0.04134
   7659.3   0.04094
   7670.7   0.04056
   7682.0   0.04017
   7693.4   0.03980
   7704.9   0.03942
   7716.3   0.03905
   7727.8   0.03865
   7739.4   0.03828
   7750.9   0.03788
   7762.5   0.03751
   7774.2   0.03711
   7785.8   0.03674
   7797.5   0.03634
   7809.3   0.03595
   7821.1   0.03555
   7832.9   0.03518
   7844.7   0.03476
   7856.6   0.03435
   7868.5   0.03390
   7880.5   0.03346
   7892.5   0.03297
   7904.5   0.03248
   7916.6   0.03194
   7928.7   0.03142
   7940.8   0.03084
   7953.0   0.03029
   7965.2   0.02970
   7977.5   0.02916
   7989.8   0.02862
   8002.1   0.02811
   8014.5   0.02758
   8026.9   0.02711
   8039.3   0.02663
   8051.8   0.02622
   8064.3   0.02581
   8076.9   0.02546
   8089.5   0.02512
   8102.1   0.02485
   8114.8   0.02461
   8127.5   0.02444
   8140.3   0.02429
   8153.1   0.02426
   8165.9   0.02428
   8178.8   0.02441
   8191.7   0.02455
   8204.7   0.02478
   8217.7   0.02502
   8230.7   0.02530
   8243.8   0.02558
   8257.0   0.02587
   8270.1   0.02610
   8283.3   0.02631
   8296.6   0.02646
   8309.9   0.02658
   8323.2   0.02665
   8336.6   0.02674
   8350.0   0.02678
   8363.5   0.02685
   8377.0   0.02696
   8390.5   0.02716
   8404.2   0.02740
   8417.8   0.02775
   8431.5   0.02809
   8445.2   0.02840
   8459.0   0.02864
   8472.8   0.02887
   8486.7   0.02905
   8500.6   0.02922
   8514.5   0.02937
   8528.5   0.02956
   8542.6   0.02975
   8556.7   0.03000
   8570.8   0.03026
   8585.0   0.03059
   8599.3   0.03094
   8613.5   0.03135
   8627.9   0.03179
   8642.3   0.03231
   8656.7   0.03285
   8671.2   0.03347
   8685.7   0.03414
   8700.3   0.03492
   8714.9   0.03578
   8729.5   0.03676
   8744.3   0.03779
   8759.0   0.03894
   8773.9   0.04017
   8788.7   0.04145
   8803.7   0.04274
   8818.6   0.04406
   8833.7   0.04530
   8848.7   0.04646
   8863.8   0.04748
   8879.0   0.04846
   8894.3   0.04940
   8909.5   0.05031
   8924.9   0.05118
   8940.3   0.05202
   8955.7   0.05280
   8971.2   0.05352
   8986.8   0.05411
   9002.3   0.05459
   9018.0   0.05495
   9033.7   0.05520
   9049.5   0.05531
   9065.3   0.05525
   9081.2   0.05506
   9097.1   0.05481
   9113.1   0.05449
   9129.1   0.05416
   9145.2   0.05379
   9161.4   0.05339
   9177.6   0.05299
   9193.9   0.05260
   9210.2   0.05214
   9226.6   0.05160
   9243.0   0.05102
   9259.5   0.05049
   9276.1   0.04998
   9292.7   0.04949
   9309.4   0.04899
   9326.2   0.04852
   9343.0   0.04804
   9359.8   0.04761
   9376.8   0.04718
   9393.8   0.04679
   9410.8   0.04644
   9427.9   0.04616
   9445.1   0.04591
   9462.3   0.04576
   9479.6   0.04573
   9497.0   0.04581
   9514.4   0.04601
   9531.9   0.04632
   9549.4   0.04665
   9567.0   0.04701
   9584.7   0.04739
   9602.5   0.04778
   9620.3   0.04811
   9638.2   0.04840
   9656.1   0.04865
   9674.2   0.04885
   9692.2   0.04900
   9710.4   0.04912
   9728.6   0.04915
   9746.9   0.04911
   9765.2   0.04900
   9783.7   0.04890
   9802.2   0.04876
   9820.7   0.04861
   9839.4   0.04846
   9858.1   0.04836
   9876.8   0.04824
   9895.7   0.04811
   9914.6   0.04791
   9933.6   0.04769
   9952.7   0.04740
   9971.8   0.04713
   9991.0   0.04685
  10010.3   0.04656
  10029.7   0.04625
  10049.1   0.04589
  10068.6   0.04549
  10088.2   0.04507
  10107.9   0.04457
  10127.6   0.04400
  10147.5   0.04347
  10167.3   0.04304
  10187.3   0.04268
  10207.4   0.04249
  10227.5   0.04260
  10247.7   0.04297
  10268.0   0.04355
  10288.4   0.04435
  10308.8   0.04530
  10329.4   0.04631
  10350.0   0.04724
  10370.7   0.04807
  10391.5   0.04877
  10412.3   0.04927
  10433.3   0.04958
  10454.3   0.04974
  10475.4   0.04972
  10496.7   0.04967
  10517.9   0.04968
  10539.3   0.04985
  10560.8   0.05018
  10582.3   0.05064
  10604.0   0.05119
  10625.7   0.05177
  10647.5   0.05229
  10669.4   0.05268
  10691.4   0.05290
  10713.5   0.05297
  10735.7   0.05293
  10758.0   0.05274
  10780.3   0.05245
  10802.8   0.05205
  10825.4   0.05149
  10848.0   0.05085
  10870.8   0.05009
  10893.6   0.04928
  10916.5   0.04847
  10939.5   0.04780
  10962.7   0.04730
  10985.9   0.04706
  11009.2   0.04705
  11032.7   0.04724
  11056.2   0.04753
  11079.8   0.04785
  11103.5   0.04813
  11127.4   0.04832
  11151.3   0.04839
  11175.3   0.04835
  11199.5   0.04819
  11223.7   0.04795
  11248.0   0.04761
  11272.5   0.04720
  11297.1   0.04675
  11321.7   0.04627
  11346.5   0.04575
  11371.4   0.04520
  11396.4   0.04458
  11421.5   0.04391
  11446.7   0.04315
  11472.0   0.04236
  11497.5   0.04152
  11523.0   0.04061
  11548.7   0.03965
  11574.4   0.03872
  11600.3   0.03782
  11626.3   0.03691
  11652.5   0.03601
  11678.7   0.03516
  11705.1   0.03436
  11731.6   0.03363
  11758.2   0.03289
  11784.9   0.03221
  11811.7   0.03158
  11838.7   0.03100
  11865.8   0.03045
  11893.0   0.03002
  11920.3   0.02966
  11947.8   0.02931
  11975.4   0.02898
  12003.1   0.02871
  12031.0   0.02839
  12059.0   0.02809
  12087.1   0.02782
  12115.3   0.02754
  12143.7   0.02724
  12172.2   0.02692
  12200.8   0.02659
  12229.6   0.02630
  12258.5   0.02595
  12287.6   0.02560
  12316.8   0.02523
  12346.1   0.02488
  12375.5   0.02451
  12405.2   0.02419
  12434.9   0.02381
  12464.8   0.02341
  12494.8   0.02304
  12525.0   0.02266
  12555.3   0.02227
  12585.8   0.02190
  12616.4   0.02155
  12647.2   0.02131
  12678.1   0.02099
  12709.2   0.02063
  12740.4   0.02036
  12771.8   0.02018
  12803.3   0.02001
  12835.0   0.01988
  12866.9   0.01978
  12898.9   0.01980
  12931.1   0.01979
  12963.4   0.01980
  12995.9   0.01973
  13028.5   0.01967
  13061.3   0.01967
  13094.3   0.01976
  13127.5   0.01988
  13160.8   0.02001
  13194.3   0.02008
  13228.0   0.02015
  13261.8   0.02011
  13295.8   0.02005
  13330.0   0.01990
  13364.3   0.01974
  13398.8   0.01960
  13433.6   0.01953
  13468.5   0.01943
  13503.5   0.01926
  13538.8   0.01916
  13574.2   0.01920
  13609.9   0.01931
  13645.7   0.01956
  13681.7   0.01978
  13717.9   0.01998
  13754.3   0.02013
  13790.8   0.02023
  13827.6   0.02022
  13864.6   0.02017
  13901.8   0.02005
  13939.2   0.01995
  13976.7   0.01982
  14014.5   0.01969
  14052.5   0.01953
  14090.7   0.01937
  14129.0   0.01921
  14167.6   0.01912
  14206.5   0.01896
  14245.5   0.01886
  14284.7   0.01876
  14324.2   0.01861
  14363.9   0.01840
  14403.8   0.01818
  14443.9   0.01798
  14484.3   0.01784
  14524.8   0.01764
  14565.6   0.01751
  14606.7   0.01735
  14647.9   0.01718
  14689.4   0.01708
  14731.2   0.01710
  14773.1   0.01707
  14815.3   0.01712
  14857.8   0.01723
  14900.5   0.01741
  14943.4   0.01748
  14986.6   0.01753
  15030.0   0.01759
  15073.7   0.01768
  15117.7   0.01766
  15161.9   0.01771
  15206.3   0.01785
  15251.1   0.01828
  15296.1   0.01900
  15341.3   0.01997
  15386.8   0.02119
  15432.6   0.02257
  15478.7   0.02401
  15525.0   0.02542
  15571.7   0.02665
  15618.6   0.02768
  15665.8   0.02845
  15713.2   0.02898
  15761.0   0.02928
  15809.0   0.02953
  15857.4   0.02964
  15906.0   0.02972
  15955.0   0.02964
  16004.2   0.02945
  16053.8   0.02929
  16103.6   0.02902
  16153.8   0.02862
  16204.3   0.02843
  16255.1   0.02855
  16306.2   0.02905
  16357.6   0.02992
  16409.4   0.03106
  16461.5   0.03211
  16513.9   0.03322
  16566.7   0.03428
  16619.8   0.03525
  16673.2   0.03605
  16727.0   0.03679
  16781.1   0.03751
  16835.6   0.03827
  16890.5   0.03907
  16945.7   0.03989
  17001.2   0.04078
  17057.2   0.04159
  17113.4   0.04240
  17170.1   0.04322
  17227.2   0.04393
  17284.6   0.04460
  17342.4   0.04543
  17400.6   0.04648
  17459.2   0.04764
  17518.2   0.04885
  17577.5   0.04994
  17637.3   0.05092
  17697.5   0.05176
  17758.1   0.05227
  17819.2   0.05255
  17880.6   0.05302
  17942.5   0.05359
  18004.8   0.05411
  18067.5   0.05464
  18130.7   0.05530
  18194.3   0.05599
  18258.4   0.05681
  18322.9   0.05768
  18387.9   0.05829
  18453.3   0.05862
  18519.2   0.05871
  18585.6   0.05853
  18652.4   0.05834
  18719.8   0.05817
  18787.6   0.05837
  18855.9   0.05885
  18924.7   0.05939
  18994.1   0.05991
  19063.9   0.06060
  19134.2   0.06135
  19205.1   0.06193
  19276.5   0.06227
  19348.4   0.06248
  19420.9   0.06263
  19493.9   0.06277
  19567.5   0.06263
  19641.6   0.06222
  19716.3   0.06195
  19791.6   0.06170
  19867.4   0.06114
  19943.8   0.06047
  20020.8   0.05975
  20098.4   0.05920
  20176.6   0.05869
  20255.4   0.05813
  20334.8   0.05772
  20414.9   0.05778
  20495.6   0.05799
  20576.9   0.05803
  20658.9   0.05785
  20741.6   0.05731
  20824.8   0.05641
  20908.8   0.05542
  20993.5   0.05439
  21078.8   0.05350
  21164.8   0.05235
  21251.6   0.05117
  21339.1   0.05040
  21427.2   0.04952
  21516.1   0.04837
  21605.8   0.04709
  21696.2   0.04565
  21787.3   0.04422
  21879.3   0.04285
  21972.0   0.04171
  22065.4   0.04066
  22159.7   0.03969
  22254.8   0.03883
  22350.8   0.03799
  22447.5   0.03724
  22545.1   0.03665
  22643.6   0.03646
  22742.9   0.03657
  22843.1   0.03675
  22944.2   0.03715
  23046.1   0.03754
  23149.0   0.03794
  23252.8   0.03853
  23357.6   0.03913
  23463.3   0.03945
  23569.9   0.03934
  23677.5   0.03923
  23786.1   0.03936
  23895.8   0.03923
  24006.4   0.03920
  24118.0   0.03916
  24230.7   0.03932
  24344.5   0.03971
  24459.3   0.04011
  24575.3   0.04072
  24692.3   0.04131
  24810.4   0.04182
  24929.7   0.04258
  25050.1   0.04361
  25171.7   0.04445
  25294.5   0.04531
  25418.5   0.04647
  25543.7   0.04706
  25670.2   0.04711
  25797.9   0.04745
  25926.9   0.04796
  26057.2   0.04802
  26188.8   0.04782
  26321.7   0.04733
  26456.0   0.04687
  26591.7   0.04618
  26728.8   0.04525
  26867.2   0.04444
  27007.2   0.04382
  27148.6   0.04311
  27291.5   0.04251
  27435.9   0.04187
  27581.8   0.04098
  27729.3   0.04011
  27878.4   0.03962
  28029.1   0.03940
  28181.4   0.03944
  28335.4   0.03947
  28491.1   0.03975
  28648.5   0.04004
  28807.7   0.04060
  28968.6   0.04118
  29131.3   0.04144
  29295.9   0.04193
  29462.4   0.04245
  29630.7   0.04262
  29801.0   0.04251
  29973.3   0.04258
  30147.5   0.04270
  30323.8   0.04278
  30502.2   0.04247
  30682.7   0.04211
  30865.3   0.04217
  31050.2   0.04179
  31237.2   0.04151
  31426.5   0.04130
  31618.2   0.04084
  31812.1   0.04076
  32008.5   0.04086
  32207.3   0.04116
  32408.6   0.04169
  32612.4   0.04180
  32818.8   0.04171
  33027.9   0.04175
  33239.6   0.04173
  33454.1   0.04130
  33671.3   0.04138
  33891.4   0.04154
  34114.3   0.04124
  34340.3   0.04053
  34569.2   0.04034
  34801.2   0.04013
  35036.3   0.03975
  35274.7   0.03968
  35516.3   0.03991
  35761.2   0.03957
  36009.6   0.03921
  36261.4   0.03864
  36516.7   0.03833
  36775.7   0.03785
  37038.4   0.03737
  37304.9   0.03707
  37575.2   0.03679
  37849.5   0.03594
  38127.8   0.03535
  38410.2   0.03531
  38696.8   0.03536
  38987.8   0.03568
  39283.2   0.03621
  39583.0   0.03658
  39887.5   0.03727
  40196.7   0.03812
  40510.8   0.03889
  40829.8   0.03971
  41153.8   0.04051
  41483.0   0.04137
  41817.6   0.04217
  42157.5   0.04250
  42503.1   0.04282
  42854.4   0.04298
  43211.5   0.04337
  43574.6   0.04302
  43943.9   0.04273
  44319.5   0.04246
  44701.5   0.04164
  45090.2   0.04189
  45485.8   0.04193
  45888.3   0.04169
  46298.0   0.04224
  46715.1   0.04281
  47139.8   0.04232
  47572.3   0.04170
  48012.8   0.04200
  48461.5   0.04243
  48918.7   0.04141
  49384.6   0.04086
  49859.4   0.04122



 BIR1DD036   .ASC                        

 DD-MDD-036                                                              
 12021,258 ~50 um                                                        
 Connected at 19.4 um                                                    

 Source Ang: 30.00   Detect Ang:  0.00  Volt: 1.222
 Date: 12-MAY-04   Time: 10:40:09
