  3527
   1428.4   0.08768
   1428.8   0.08736
   1429.2   0.08733
   1429.6   0.08737
   1430.0   0.08720
   1430.4   0.08705
   1430.8   0.08745
   1431.2   0.08809
   1431.6   0.08854
   1432.0   0.08845
   1432.4   0.08776
   1432.8   0.08751
   1433.2   0.08796
   1433.6   0.08768
   1433.9   0.08723
   1434.3   0.08711
   1434.8   0.08707
   1435.1   0.08752
   1435.5   0.08803
   1435.9   0.08868
   1436.3   0.08860
   1436.7   0.08828
   1437.1   0.08818
   1437.5   0.08832
   1437.9   0.08823
   1438.3   0.08780
   1438.7   0.08815
   1439.1   0.08886
   1439.5   0.08898
   1439.9   0.08848
   1440.3   0.08831
   1440.7   0.08835
   1441.1   0.08873
   1441.5   0.08905
   1441.9   0.08898
   1442.3   0.08903
   1442.7   0.08900
   1443.1   0.08867
   1443.5   0.08848
   1443.9   0.08914
   1444.3   0.08943
   1444.7   0.08874
   1445.1   0.08782
   1445.6   0.08754
   1445.9   0.08856
   1446.3   0.08928
   1446.8   0.08908
   1447.2   0.08872
   1447.6   0.08854
   1448.0   0.08882
   1448.4   0.08897
   1448.8   0.08831
   1449.2   0.08831
   1449.6   0.08868
   1450.0   0.08888
   1450.4   0.08928
   1450.8   0.08898
   1451.2   0.08878
   1451.6   0.08946
   1452.0   0.08963
   1452.4   0.08900
   1452.8   0.08861
   1453.3   0.08905
   1453.7   0.08903
   1454.1   0.08861
   1454.5   0.08852
   1454.9   0.08884
   1455.3   0.08923
   1455.7   0.08955
   1456.1   0.08982
   1456.5   0.08967
   1456.9   0.08965
   1457.3   0.09004
   1457.7   0.08970
   1458.2   0.08920
   1458.6   0.08939
   1459.0   0.08922
   1459.4   0.08898
   1459.8   0.08942
   1460.2   0.09013
   1460.6   0.09039
   1461.0   0.09029
   1461.4   0.08968
   1461.8   0.08971
   1462.3   0.08996
   1462.7   0.09003
   1463.1   0.09006
   1463.5   0.09013
   1463.9   0.09034
   1464.3   0.09070
   1464.7   0.09044
   1465.2   0.08988
   1465.6   0.09001
   1466.0   0.08989
   1466.4   0.08998
   1466.8   0.09042
   1467.2   0.09037
   1467.6   0.09038
   1468.1   0.09043
   1468.5   0.09083
   1468.9   0.09117
   1469.3   0.09111
   1469.7   0.09040
   1470.1   0.09000
   1470.6   0.08997
   1471.0   0.08982
   1471.4   0.09025
   1471.8   0.09059
   1472.2   0.09052
   1472.7   0.09108
   1473.1   0.09127
   1473.5   0.09099
   1473.9   0.09121
   1474.3   0.09110
   1474.7   0.09059
   1475.2   0.09029
   1475.6   0.09046
   1476.0   0.09078
   1476.4   0.09116
   1476.8   0.09091
   1477.3   0.09071
   1477.7   0.09117
   1478.1   0.09171
   1478.5   0.09120
   1478.9   0.09096
   1479.4   0.09119
   1479.8   0.09130
   1480.2   0.09115
   1480.6   0.09076
   1481.1   0.09054
   1481.5   0.09060
   1481.9   0.09100
   1482.3   0.09120
   1482.8   0.09107
   1483.2   0.09134
   1483.6   0.09141
   1484.0   0.09115
   1484.4   0.09087
   1484.9   0.09113
   1485.3   0.09130
   1485.7   0.09120
   1486.2   0.09118
   1486.6   0.09158
   1487.0   0.09169
   1487.4   0.09159
   1487.9   0.09147
   1488.3   0.09147
   1488.7   0.09182
   1489.1   0.09180
   1489.6   0.09168
   1490.0   0.09196
   1490.4   0.09224
   1490.8   0.09197
   1491.3   0.09152
   1491.7   0.09149
   1492.1   0.09160
   1492.6   0.09194
   1493.0   0.09217
   1493.4   0.09174
   1493.9   0.09128
   1494.3   0.09174
   1494.7   0.09257
   1495.2   0.09249
   1495.6   0.09232
   1496.0   0.09269
   1496.4   0.09256
   1496.9   0.09206
   1497.3   0.09206
   1497.8   0.09223
   1498.2   0.09216
   1498.6   0.09166
   1499.0   0.09186
   1499.5   0.09224
   1499.9   0.09229
   1500.3   0.09245
   1500.8   0.09265
   1501.2   0.09261
   1501.7   0.09284
   1502.1   0.09266
   1502.5   0.09215
   1502.9   0.09194
   1503.4   0.09221
   1503.8   0.09272
   1504.3   0.09298
   1504.7   0.09315
   1505.1   0.09308
   1505.6   0.09242
   1506.0   0.09243
   1506.4   0.09264
   1506.9   0.09291
   1507.3   0.09301
   1507.8   0.09246
   1508.2   0.09248
   1508.6   0.09278
   1509.1   0.09271
   1509.5   0.09275
   1510.0   0.09250
   1510.4   0.09239
   1510.8   0.09254
   1511.3   0.09273
   1511.7   0.09266
   1512.2   0.09271
   1512.6   0.09264
   1513.0   0.09289
   1513.5   0.09323
   1513.9   0.09333
   1514.4   0.09336
   1514.8   0.09315
   1515.3   0.09312
   1515.7   0.09327
   1516.1   0.09300
   1516.6   0.09262
   1517.0   0.09308
   1517.5   0.09331
   1517.9   0.09328
   1518.4   0.09340
   1518.8   0.09318
   1519.3   0.09309
   1519.7   0.09325
   1520.1   0.09367
   1520.6   0.09387
   1521.0   0.09353
   1521.5   0.09325
   1521.9   0.09329
   1522.4   0.09351
   1522.8   0.09347
   1523.3   0.09352
   1523.7   0.09363
   1524.2   0.09360
   1524.6   0.09356
   1525.1   0.09351
   1525.5   0.09360
   1526.0   0.09407
   1526.4   0.09403
   1526.9   0.09345
   1527.3   0.09339
   1527.8   0.09347
   1528.2   0.09337
   1528.7   0.09351
   1529.1   0.09368
   1529.6   0.09386
   1530.0   0.09380
   1530.5   0.09384
   1530.9   0.09376
   1531.4   0.09378
   1531.8   0.09406
   1532.3   0.09416
   1532.7   0.09412
   1533.2   0.09421
   1533.6   0.09424
   1534.1   0.09430
   1534.5   0.09433
   1535.0   0.09431
   1535.4   0.09456
   1535.9   0.09465
   1536.4   0.09442
   1536.8   0.09426
   1537.3   0.09451
   1537.7   0.09468
   1538.2   0.09478
   1538.6   0.09484
   1539.1   0.09488
   1539.6   0.09468
   1540.0   0.09428
   1540.5   0.09429
   1540.9   0.09437
   1541.4   0.09430
   1541.8   0.09428
   1542.3   0.09410
   1542.8   0.09423
   1543.2   0.09433
   1543.7   0.09455
   1544.1   0.09492
   1544.6   0.09496
   1545.1   0.09459
   1545.5   0.09454
   1546.0   0.09473
   1546.4   0.09482
   1546.9   0.09503
   1547.4   0.09510
   1547.8   0.09506
   1548.3   0.09496
   1548.8   0.09513
   1549.2   0.09549
   1549.7   0.09520
   1550.1   0.09468
   1550.6   0.09474
   1551.1   0.09487
   1551.5   0.09495
   1552.0   0.09476
   1552.5   0.09485
   1552.9   0.09518
   1553.4   0.09545
   1553.8   0.09546
   1554.3   0.09528
   1554.8   0.09541
   1555.3   0.09528
   1555.7   0.09492
   1556.2   0.09499
   1556.7   0.09546
   1557.1   0.09555
   1557.6   0.09530
   1558.1   0.09528
   1558.5   0.09540
   1559.0   0.09565
   1559.5   0.09580
   1559.9   0.09579
   1560.4   0.09562
   1560.9   0.09554
   1561.3   0.09555
   1561.8   0.09533
   1562.3   0.09535
   1562.8   0.09546
   1563.2   0.09550
   1563.7   0.09575
   1564.2   0.09560
   1564.6   0.09544
   1565.1   0.09558
   1565.6   0.09569
   1566.1   0.09566
   1566.5   0.09561
   1567.0   0.09575
   1567.5   0.09592
   1567.9   0.09580
   1568.4   0.09580
   1568.9   0.09589
   1569.4   0.09584
   1569.8   0.09576
   1570.3   0.09576
   1570.8   0.09609
   1571.3   0.09633
   1571.8   0.09627
   1572.2   0.09603
   1572.7   0.09596
   1573.2   0.09602
   1573.7   0.09595
   1574.1   0.09596
   1574.6   0.09590
   1575.1   0.09606
   1575.6   0.09618
   1576.1   0.09613
   1576.5   0.09618
   1577.0   0.09618
   1577.5   0.09619
   1578.0   0.09652
   1578.4   0.09645
   1578.9   0.09614
   1579.4   0.09610
   1579.9   0.09637
   1580.4   0.09632
   1580.9   0.09599
   1581.3   0.09625
   1581.8   0.09654
   1582.3   0.09637
   1582.8   0.09625
   1583.3   0.09636
   1583.8   0.09649
   1584.2   0.09645
   1584.7   0.09613
   1585.2   0.09609
   1585.7   0.09646
   1586.2   0.09659
   1586.7   0.09659
   1587.2   0.09673
   1587.6   0.09668
   1588.1   0.09671
   1588.6   0.09689
   1589.1   0.09673
   1589.6   0.09681
   1590.1   0.09692
   1590.6   0.09682
   1591.1   0.09660
   1591.5   0.09630
   1592.0   0.09630
   1592.5   0.09649
   1593.0   0.09682
   1593.5   0.09666
   1594.0   0.09666
   1594.5   0.09703
   1595.0   0.09715
   1595.4   0.09713
   1595.9   0.09697
   1596.4   0.09699
   1596.9   0.09713
   1597.4   0.09722
   1597.9   0.09724
   1598.4   0.09720
   1598.9   0.09710
   1599.4   0.09680
   1599.9   0.09685
   1600.4   0.09715
   1600.9   0.09719
   1601.4   0.09703
   1601.9   0.09700
   1602.3   0.09706
   1602.8   0.09701
   1603.3   0.09719
   1603.8   0.09741
   1604.3   0.09732
   1604.8   0.09727
   1605.3   0.09732
   1605.8   0.09736
   1606.3   0.09755
   1606.8   0.09748
   1607.3   0.09746
   1607.8   0.09751
   1608.3   0.09742
   1608.8   0.09738
   1609.3   0.09741
   1609.8   0.09728
   1610.3   0.09736
   1610.8   0.09779
   1611.3   0.09785
   1611.8   0.09756
   1612.3   0.09744
   1612.8   0.09749
   1613.3   0.09758
   1613.8   0.09751
   1614.3   0.09765
   1614.8   0.09771
   1615.3   0.09765
   1615.8   0.09769
   1616.3   0.09762
   1616.8   0.09758
   1617.3   0.09767
   1617.8   0.09787
   1618.4   0.09811
   1618.9   0.09808
   1619.4   0.09767
   1619.9   0.09759
   1620.4   0.09785
   1620.9   0.09800
   1621.4   0.09804
   1621.9   0.09797
   1622.4   0.09791
   1622.9   0.09791
   1623.4   0.09801
   1623.9   0.09800
   1624.4   0.09788
   1624.9   0.09796
   1625.5   0.09822
   1626.0   0.09835
   1626.5   0.09820
   1627.0   0.09804
   1627.5   0.09791
   1628.0   0.09805
   1628.5   0.09806
   1629.0   0.09806
   1629.6   0.09810
   1630.1   0.09809
   1630.6   0.09807
   1631.1   0.09805
   1631.6   0.09807
   1632.1   0.09840
   1632.6   0.09845
   1633.1   0.09826
   1633.7   0.09820
   1634.2   0.09821
   1634.7   0.09829
   1635.2   0.09844
   1635.7   0.09857
   1636.2   0.09851
   1636.8   0.09848
   1637.3   0.09835
   1637.8   0.09827
   1638.3   0.09839
   1638.8   0.09843
   1639.3   0.09861
   1639.9   0.09887
   1640.4   0.09867
   1640.9   0.09841
   1641.4   0.09844
   1641.9   0.09847
   1642.5   0.09861
   1643.0   0.09854
   1643.5   0.09835
   1644.0   0.09832
   1644.5   0.09833
   1645.1   0.09839
   1645.6   0.09855
   1646.1   0.09862
   1646.6   0.09887
   1647.2   0.09902
   1647.7   0.09893
   1648.2   0.09887
   1648.7   0.09894
   1649.3   0.09889
   1649.8   0.09885
   1650.3   0.09880
   1650.8   0.09874
   1651.3   0.09857
   1651.9   0.09870
   1652.4   0.09890
   1652.9   0.09873
   1653.4   0.09889
   1654.0   0.09898
   1654.5   0.09892
   1655.0   0.09887
   1655.6   0.09890
   1656.1   0.09902
   1656.6   0.09897
   1657.2   0.09894
   1657.7   0.09888
   1658.2   0.09900
   1658.7   0.09921
   1659.3   0.09915
   1659.8   0.09924
   1660.3   0.09931
   1660.9   0.09907
   1661.4   0.09904
   1661.9   0.09916
   1662.5   0.09920
   1663.0   0.09920
   1663.5   0.09915
   1664.1   0.09904
   1664.6   0.09916
   1665.1   0.09924
   1665.7   0.09913
   1666.2   0.09920
   1666.7   0.09917
   1667.3   0.09913
   1667.8   0.09925
   1668.3   0.09919
   1668.9   0.09916
   1669.4   0.09889
   1670.0   0.09894
   1670.5   0.09924
   1671.0   0.09952
   1671.6   0.09946
   1672.1   0.09940
   1672.7   0.09941
   1673.2   0.09940
   1673.7   0.09938
   1674.3   0.09935
   1674.8   0.09930
   1675.4   0.09919
   1675.9   0.09932
   1676.4   0.09944
   1677.0   0.09952
   1677.5   0.09960
   1678.1   0.09961
   1678.6   0.09950
   1679.2   0.09942
   1679.7   0.09946
   1680.3   0.09952
   1680.8   0.09937
   1681.3   0.09933
   1681.9   0.09952
   1682.4   0.09969
   1683.0   0.09959
   1683.5   0.09961
   1684.1   0.09976
   1684.6   0.09977
   1685.2   0.09952
   1685.7   0.09942
   1686.3   0.09958
   1686.8   0.09977
   1687.3   0.09974
   1687.9   0.09968
   1688.4   0.09977
   1689.0   0.09968
   1689.6   0.09962
   1690.1   0.09961
   1690.7   0.09957
   1691.2   0.09970
   1691.8   0.09999
   1692.3   0.09993
   1692.9   0.09971
   1693.4   0.09972
   1694.0   0.09960
   1694.5   0.09945
   1695.1   0.09970
   1695.6   0.09985
   1696.2   0.10008
   1696.7   0.10022
   1697.3   0.09993
   1697.8   0.09975
   1698.4   0.09984
   1699.0   0.09986
   1699.5   0.09995
   1700.1   0.09982
   1700.6   0.09981
   1701.2   0.09995
   1701.8   0.09994
   1702.3   0.10002
   1702.9   0.10004
   1703.4   0.10021
   1704.0   0.10034
   1704.6   0.10037
   1705.1   0.10033
   1705.7   0.10037
   1706.2   0.10028
   1706.8   0.10016
   1707.4   0.10007
   1707.9   0.10022
   1708.5   0.10036
   1709.1   0.10020
   1709.6   0.10025
   1710.2   0.10032
   1710.7   0.10030
   1711.3   0.10037
   1711.9   0.10025
   1712.4   0.10016
   1713.0   0.10013
   1713.6   0.10030
   1714.1   0.10043
   1714.7   0.10028
   1715.3   0.10024
   1715.8   0.10018
   1716.4   0.10018
   1717.0   0.10018
   1717.5   0.10033
   1718.1   0.10052
   1718.7   0.10040
   1719.3   0.10037
   1719.8   0.10031
   1720.4   0.10030
   1721.0   0.10053
   1721.5   0.10072
   1722.1   0.10051
   1722.7   0.10044
   1723.3   0.10060
   1723.8   0.10083
   1724.4   0.10094
   1725.0   0.10078
   1725.5   0.10063
   1726.1   0.10060
   1726.7   0.10063
   1727.3   0.10060
   1727.8   0.10066
   1728.4   0.10055
   1729.0   0.10050
   1729.6   0.10066
   1730.2   0.10060
   1730.7   0.10047
   1731.3   0.10055
   1731.9   0.10071
   1732.5   0.10087
   1733.0   0.10104
   1733.6   0.10104
   1734.2   0.10075
   1734.8   0.10079
   1735.4   0.10087
   1735.9   0.10091
   1736.5   0.10105
   1737.1   0.10100
   1737.7   0.10097
   1738.3   0.10107
   1738.8   0.10103
   1739.4   0.10095
   1740.0   0.10096
   1740.6   0.10090
   1741.2   0.10096
   1741.8   0.10101
   1742.4   0.10090
   1742.9   0.10078
   1743.5   0.10075
   1744.1   0.10088
   1744.7   0.10101
   1745.3   0.10103
   1745.9   0.10110
   1746.5   0.10108
   1747.1   0.10098
   1747.6   0.10100
   1748.2   0.10112
   1748.8   0.10113
   1749.4   0.10117
   1750.0   0.10127
   1750.6   0.10116
   1751.2   0.10105
   1751.8   0.10106
   1752.4   0.10130
   1753.0   0.10141
   1753.6   0.10122
   1754.2   0.10113
   1754.7   0.10115
   1755.3   0.10117
   1755.9   0.10126
   1756.5   0.10148
   1757.1   0.10144
   1757.7   0.10131
   1758.3   0.10134
   1758.9   0.10132
   1759.5   0.10121
   1760.1   0.10134
   1760.7   0.10159
   1761.3   0.10156
   1761.9   0.10141
   1762.5   0.10149
   1763.1   0.10168
   1763.7   0.10156
   1764.3   0.10149
   1764.9   0.10157
   1765.5   0.10158
   1766.1   0.10151
   1766.7   0.10160
   1767.3   0.10158
   1767.9   0.10151
   1768.5   0.10148
   1769.1   0.10165
   1769.7   0.10178
   1770.3   0.10171
   1770.9   0.10165
   1771.5   0.10173
   1772.1   0.10159
   1772.7   0.10165
   1773.3   0.10192
   1773.9   0.10188
   1774.6   0.10184
   1775.2   0.10186
   1775.8   0.10186
   1776.4   0.10175
   1777.0   0.10183
   1777.6   0.10195
   1778.2   0.10206
   1778.8   0.10196
   1779.4   0.10180
   1780.0   0.10179
   1780.7   0.10183
   1781.3   0.10197
   1781.9   0.10196
   1782.5   0.10189
   1783.1   0.10194
   1783.7   0.10199
   1784.3   0.10207
   1784.9   0.10209
   1785.6   0.10209
   1786.2   0.10202
   1786.8   0.10201
   1787.4   0.10216
   1788.0   0.10212
   1788.6   0.10216
   1789.3   0.10227
   1789.9   0.10222
   1790.5   0.10215
   1791.1   0.10219
   1791.7   0.10222
   1792.3   0.10219
   1793.0   0.10223
   1793.6   0.10228
   1794.2   0.10232
   1794.8   0.10230
   1795.4   0.10232
   1796.1   0.10255
   1796.7   0.10258
   1797.3   0.10240
   1797.9   0.10225
   1798.6   0.10233
   1799.2   0.10256
   1799.8   0.10254
   1800.4   0.10243
   1801.1   0.10240
   1801.7   0.10237
   1802.3   0.10227
   1802.9   0.10237
   1803.6   0.10257
   1804.2   0.10264
   1804.8   0.10263
   1805.5   0.10250
   1806.1   0.10247
   1806.7   0.10254
   1807.3   0.10252
   1808.0   0.10244
   1808.6   0.10243
   1809.2   0.10263
   1809.9   0.10270
   1810.5   0.10260
   1811.1   0.10252
   1811.8   0.10255
   1812.4   0.10262
   1813.0   0.10262
   1813.7   0.10266
   1814.3   0.10260
   1814.9   0.10265
   1815.6   0.10278
   1816.2   0.10290
   1816.8   0.10298
   1817.5   0.10277
   1818.1   0.10265
   1818.8   0.10279
   1819.4   0.10282
   1820.0   0.10272
   1820.7   0.10275
   1821.3   0.10286
   1821.9   0.10291
   1822.6   0.10291
   1823.2   0.10297
   1823.9   0.10295
   1824.5   0.10295
   1825.2   0.10312
   1825.8   0.10321
   1826.4   0.10307
   1827.1   0.10309
   1827.7   0.10313
   1828.4   0.10307
   1829.0   0.10308
   1829.7   0.10311
   1830.3   0.10313
   1831.0   0.10319
   1831.6   0.10326
   1832.3   0.10331
   1832.9   0.10318
   1833.6   0.10313
   1834.2   0.10318
   1834.8   0.10332
   1835.5   0.10337
   1836.2   0.10344
   1836.8   0.10336
   1837.4   0.10321
   1838.1   0.10319
   1838.8   0.10326
   1839.4   0.10339
   1840.1   0.10338
   1840.7   0.10343
   1841.4   0.10353
   1842.0   0.10337
   1842.7   0.10334
   1843.3   0.10341
   1844.0   0.10345
   1844.6   0.10350
   1845.3   0.10346
   1845.9   0.10346
   1846.6   0.10347
   1847.3   0.10351
   1847.9   0.10357
   1848.6   0.10374
   1849.3   0.10368
   1849.9   0.10356
   1850.6   0.10364
   1851.2   0.10373
   1851.9   0.10362
   1852.6   0.10357
   1853.2   0.10366
   1853.9   0.10363
   1854.5   0.10367
   1855.2   0.10377
   1855.9   0.10371
   1856.5   0.10367
   1857.2   0.10371
   1857.9   0.10367
   1858.5   0.10367
   1859.2   0.10371
   1859.9   0.10376
   1860.5   0.10392
   1861.2   0.10402
   1861.9   0.10391
   1862.5   0.10391
   1863.2   0.10381
   1863.9   0.10374
   1864.5   0.10379
   1865.2   0.10397
   1865.9   0.10410
   1866.6   0.10418
   1867.2   0.10417
   1867.9   0.10405
   1868.6   0.10397
   1869.3   0.10398
   1869.9   0.10408
   1870.6   0.10403
   1871.3   0.10412
   1871.9   0.10432
   1872.6   0.10434
   1873.3   0.10421
   1874.0   0.10419
   1874.7   0.10429
   1875.3   0.10423
   1876.0   0.10412
   1876.7   0.10421
   1877.4   0.10428
   1878.1   0.10435
   1878.7   0.10436
   1879.4   0.10435
   1880.1   0.10447
   1880.8   0.10452
   1881.5   0.10445
   1882.1   0.10453
   1882.8   0.10456
   1883.5   0.10446
   1884.2   0.10447
   1884.9   0.10451
   1885.6   0.10459
   1886.3   0.10464
   1886.9   0.10463
   1887.6   0.10470
   1888.3   0.10459
   1889.0   0.10455
   1889.7   0.10460
   1890.4   0.10463
   1891.1   0.10469
   1891.8   0.10466
   1892.4   0.10459
   1893.1   0.10466
   1893.8   0.10475
   1894.5   0.10477
   1895.2   0.10479
   1895.9   0.10493
   1896.6   0.10485
   1897.3   0.10480
   1898.0   0.10487
   1898.7   0.10492
   1899.4   0.10502
   1900.1   0.10504
   1900.8   0.10496
   1901.5   0.10496
   1902.2   0.10495
   1902.9   0.10494
   1903.6   0.10499
   1904.3   0.10505
   1905.0   0.10505
   1905.7   0.10507
   1906.4   0.10514
   1907.1   0.10516
   1907.8   0.10527
   1908.5   0.10527
   1909.2   0.10519
   1909.9   0.10521
   1910.6   0.10517
   1911.3   0.10522
   1912.0   0.10527
   1912.7   0.10518
   1913.4   0.10519
   1914.1   0.10524
   1914.8   0.10532
   1915.5   0.10541
   1916.2   0.10543
   1916.9   0.10546
   1917.6   0.10546
   1918.3   0.10547
   1919.1   0.10549
   1919.8   0.10547
   1920.5   0.10540
   1921.2   0.10536
   1921.9   0.10530
   1922.6   0.10537
   1923.3   0.10547
   1924.1   0.10550
   1924.8   0.10555
   1925.5   0.10568
   1926.2   0.10581
   1926.9   0.10576
   1927.6   0.10572
   1928.3   0.10581
   1929.1   0.10583
   1929.8   0.10580
   1930.5   0.10572
   1931.2   0.10572
   1931.9   0.10578
   1932.7   0.10585
   1933.4   0.10595
   1934.1   0.10598
   1934.8   0.10593
   1935.5   0.10589
   1936.3   0.10590
   1937.0   0.10594
   1937.7   0.10604
   1938.4   0.10621
   1939.2   0.10629
   1939.9   0.10624
   1940.6   0.10606
   1941.3   0.10598
   1942.1   0.10603
   1942.8   0.10610
   1943.5   0.10608
   1944.3   0.10618
   1945.0   0.10624
   1945.7   0.10620
   1946.4   0.10627
   1947.2   0.10647
   1947.9   0.10644
   1948.6   0.10634
   1949.4   0.10623
   1950.1   0.10620
   1950.8   0.10625
   1951.6   0.10630
   1952.3   0.10643
   1953.0   0.10654
   1953.8   0.10659
   1954.5   0.10668
   1955.3   0.10662
   1956.0   0.10646
   1956.7   0.10645
   1957.5   0.10648
   1958.2   0.10652
   1958.9   0.10667
   1959.7   0.10671
   1960.4   0.10663
   1961.2   0.10661
   1961.9   0.10675
   1962.7   0.10683
   1963.4   0.10688
   1964.1   0.10686
   1964.9   0.10688
   1965.6   0.10692
   1966.4   0.10689
   1967.1   0.10684
   1967.9   0.10686
   1968.6   0.10690
   1969.4   0.10687
   1970.1   0.10690
   1970.8   0.10699
   1971.6   0.10707
   1972.3   0.10710
   1973.1   0.10706
   1973.8   0.10709
   1974.6   0.10719
   1975.4   0.10723
   1976.1   0.10728
   1976.9   0.10734
   1977.6   0.10728
   1978.4   0.10729
   1979.1   0.10736
   1979.9   0.10740
   1980.6   0.10733
   1981.4   0.10742
   1982.2   0.10757
   1982.9   0.10756
   1983.7   0.10753
   1984.4   0.10763
   1985.2   0.10764
   1985.9   0.10755
   1986.7   0.10757
   1987.5   0.10768
   1988.2   0.10767
   1989.0   0.10764
   1989.8   0.10761
   1990.5   0.10765
   1991.3   0.10772
   1992.1   0.10777
   1992.8   0.10783
   1993.6   0.10782
   1994.3   0.10785
   1995.1   0.10793
   1995.9   0.10785
   1996.7   0.10775
   1997.4   0.10778
   1998.2   0.10789
   1999.0   0.10801
   1999.7   0.10810
   2000.5   0.10818
   2001.3   0.10825
   2002.1   0.10825
   2002.8   0.10819
   2003.6   0.10810
   2004.4   0.10811
   2005.2   0.10813
   2005.9   0.10812
   2006.7   0.10817
   2007.5   0.10825
   2008.3   0.10828
   2009.0   0.10836
   2009.8   0.10843
   2010.6   0.10858
   2011.4   0.10860
   2012.2   0.10852
   2012.9   0.10853
   2013.7   0.10856
   2014.5   0.10861
   2015.3   0.10869
   2016.1   0.10872
   2016.8   0.10870
   2017.6   0.10856
   2018.4   0.10861
   2019.2   0.10885
   2020.0   0.10887
   2020.8   0.10883
   2021.6   0.10890
   2022.4   0.10896
   2023.2   0.10891
   2023.9   0.10891
   2024.7   0.10891
   2025.5   0.10892
   2026.3   0.10893
   2027.1   0.10901
   2027.9   0.10903
   2028.7   0.10903
   2029.5   0.10910
   2030.3   0.10910
   2031.1   0.10909
   2031.9   0.10910
   2032.7   0.10911
   2033.5   0.10911
   2034.3   0.10915
   2035.1   0.10922
   2035.9   0.10926
   2036.7   0.10937
   2037.5   0.10939
   2038.3   0.10932
   2039.1   0.10937
   2039.9   0.10942
   2040.7   0.10945
   2041.5   0.10953
   2042.3   0.10954
   2043.1   0.10955
   2043.9   0.10963
   2044.7   0.10965
   2045.5   0.10966
   2046.3   0.10966
   2047.1   0.10966
   2047.9   0.10974
   2048.7   0.10979
   2049.5   0.10982
   2050.4   0.10997
   2051.2   0.11002
   2052.0   0.10997
   2052.8   0.10992
   2053.6   0.10991
   2054.4   0.11000
   2055.2   0.11004
   2056.0   0.11004
   2056.9   0.11010
   2057.7   0.11014
   2058.5   0.11011
   2059.3   0.11011
   2060.1   0.11017
   2060.9   0.11021
   2061.8   0.11025
   2062.6   0.11033
   2063.4   0.11044
   2064.2   0.11047
   2065.1   0.11050
   2065.9   0.11045
   2066.7   0.11049
   2067.5   0.11057
   2068.3   0.11062
   2069.2   0.11066
   2070.0   0.11064
   2070.8   0.11063
   2071.6   0.11067
   2072.5   0.11071
   2073.3   0.11076
   2074.1   0.11079
   2075.0   0.11080
   2075.8   0.11092
   2076.6   0.11096
   2077.5   0.11096
   2078.3   0.11104
   2079.1   0.11105
   2080.0   0.11103
   2080.8   0.11103
   2081.6   0.11106
   2082.5   0.11115
   2083.3   0.11126
   2084.1   0.11127
   2085.0   0.11129
   2085.8   0.11131
   2086.7   0.11135
   2087.5   0.11140
   2088.3   0.11146
   2089.2   0.11145
   2090.0   0.11142
   2090.9   0.11149
   2091.7   0.11163
   2092.6   0.11166
   2093.4   0.11159
   2094.2   0.11168
   2095.1   0.11171
   2095.9   0.11167
   2096.8   0.11177
   2097.6   0.11188
   2098.5   0.11196
   2099.3   0.11201
   2100.2   0.11197
   2101.0   0.11201
   2101.9   0.11200
   2102.7   0.11191
   2103.6   0.11199
   2104.4   0.11209
   2105.3   0.11213
   2106.1   0.11221
   2107.0   0.11225
   2107.9   0.11223
   2108.7   0.11228
   2109.6   0.11232
   2110.4   0.11234
   2111.3   0.11236
   2112.2   0.11231
   2113.0   0.11232
   2113.9   0.11247
   2114.7   0.11264
   2115.6   0.11270
   2116.5   0.11262
   2117.3   0.11260
   2118.2   0.11266
   2119.1   0.11265
   2119.9   0.11269
   2120.8   0.11286
   2121.7   0.11294
   2122.5   0.11290
   2123.4   0.11282
   2124.3   0.11284
   2125.1   0.11294
   2126.0   0.11307
   2126.9   0.11318
   2127.8   0.11315
   2128.6   0.11308
   2129.5   0.11307
   2130.4   0.11314
   2131.3   0.11329
   2132.1   0.11333
   2133.0   0.11332
   2133.9   0.11337
   2134.8   0.11341
   2135.6   0.11342
   2136.5   0.11350
   2137.4   0.11351
   2138.3   0.11351
   2139.2   0.11357
   2140.1   0.11363
   2140.9   0.11368
   2141.8   0.11368
   2142.7   0.11371
   2143.6   0.11378
   2144.5   0.11388
   2145.4   0.11387
   2146.3   0.11388
   2147.1   0.11397
   2148.0   0.11408
   2148.9   0.11415
   2149.8   0.11418
   2150.7   0.11422
   2151.6   0.11425
   2152.5   0.11428
   2153.4   0.11431
   2154.3   0.11431
   2155.2   0.11430
   2156.1   0.11431
   2157.0   0.11442
   2157.9   0.11455
   2158.8   0.11460
   2159.7   0.11466
   2160.6   0.11471
   2161.5   0.11470
   2162.4   0.11472
   2163.3   0.11484
   2164.2   0.11488
   2165.1   0.11487
   2166.0   0.11487
   2166.9   0.11483
   2167.8   0.11487
   2168.7   0.11499
   2169.6   0.11504
   2170.5   0.11514
   2171.4   0.11517
   2172.3   0.11516
   2173.3   0.11520
   2174.2   0.11520
   2175.1   0.11527
   2176.0   0.11530
   2176.9   0.11535
   2177.8   0.11550
   2178.7   0.11558
   2179.6   0.11565
   2180.6   0.11575
   2181.5   0.11577
   2182.4   0.11571
   2183.3   0.11574
   2184.2   0.11584
   2185.1   0.11582
   2186.1   0.11579
   2187.0   0.11584
   2187.9   0.11595
   2188.8   0.11604
   2189.8   0.11610
   2190.7   0.11607
   2191.6   0.11606
   2192.6   0.11615
   2193.5   0.11628
   2194.4   0.11633
   2195.3   0.11635
   2196.3   0.11641
   2197.2   0.11644
   2198.1   0.11650
   2199.1   0.11660
   2200.0   0.11668
   2200.9   0.11664
   2201.9   0.11656
   2202.8   0.11661
   2203.7   0.11672
   2204.7   0.11678
   2205.6   0.11679
   2206.5   0.11687
   2207.5   0.11692
   2208.4   0.11694
   2209.4   0.11696
   2210.3   0.11697
   2211.3   0.11704
   2212.2   0.11721
   2213.1   0.11732
   2214.1   0.11731
   2215.0   0.11725
   2216.0   0.11722
   2216.9   0.11734
   2217.9   0.11748
   2218.8   0.11755
   2219.8   0.11759
   2220.7   0.11764
   2221.7   0.11761
   2222.6   0.11770
   2223.6   0.11779
   2224.5   0.11787
   2225.5   0.11791
   2226.4   0.11791
   2227.4   0.11794
   2228.4   0.11801
   2229.3   0.11811
   2230.3   0.11817
   2231.2   0.11818
   2232.2   0.11825
   2233.1   0.11829
   2234.1   0.11836
   2235.1   0.11841
   2236.0   0.11839
   2237.0   0.11845
   2238.0   0.11860
   2238.9   0.11865
   2239.9   0.11865
   2240.9   0.11868
   2241.8   0.11868
   2242.8   0.11877
   2243.8   0.11885
   2244.8   0.11892
   2245.7   0.11899
   2246.7   0.11902
   2247.7   0.11905
   2248.6   0.11908
   2249.6   0.11909
   2250.6   0.11912
   2251.6   0.11920
   2252.6   0.11932
   2253.5   0.11944
   2254.5   0.11949
   2255.5   0.11945
   2256.5   0.11943
   2257.5   0.11950
   2258.4   0.11960
   2259.4   0.11968
   2260.4   0.11975
   2261.4   0.11978
   2262.4   0.11983
   2263.4   0.11994
   2264.4   0.12001
   2265.4   0.12004
   2266.3   0.12007
   2267.3   0.12011
   2268.3   0.12012
   2269.3   0.12019
   2270.3   0.12029
   2271.3   0.12036
   2272.3   0.12040
   2273.3   0.12046
   2274.3   0.12056
   2275.3   0.12063
   2276.3   0.12063
   2277.3   0.12066
   2278.3   0.12074
   2279.3   0.12082
   2280.3   0.12090
   2281.3   0.12089
   2282.3   0.12092
   2283.3   0.12101
   2284.3   0.12111
   2285.3   0.12119
   2286.3   0.12130
   2287.3   0.12133
   2288.4   0.12129
   2289.4   0.12138
   2290.4   0.12147
   2291.4   0.12154
   2292.4   0.12156
   2293.4   0.12161
   2294.4   0.12172
   2295.4   0.12178
   2296.5   0.12182
   2297.5   0.12190
   2298.5   0.12198
   2299.5   0.12204
   2300.5   0.12207
   2301.6   0.12211
   2302.6   0.12222
   2303.6   0.12224
   2304.6   0.12222
   2305.6   0.12229
   2306.7   0.12240
   2307.7   0.12252
   2308.7   0.12261
   2309.8   0.12267
   2310.8   0.12270
   2311.8   0.12271
   2312.9   0.12272
   2313.9   0.12282
   2314.9   0.12288
   2315.9   0.12292
   2317.0   0.12300
   2318.0   0.12309
   2319.1   0.12315
   2320.1   0.12315
   2321.1   0.12320
   2322.2   0.12329
   2323.2   0.12339
   2324.3   0.12339
   2325.3   0.12341
   2326.3   0.12353
   2327.4   0.12367
   2328.4   0.12368
   2329.5   0.12371
   2330.5   0.12385
   2331.6   0.12398
   2332.6   0.12407
   2333.7   0.12410
   2334.7   0.12414
   2335.8   0.12423
   2336.8   0.12431
   2337.9   0.12440
   2338.9   0.12439
   2340.0   0.12444
   2341.0   0.12454
   2342.1   0.12457
   2343.2   0.12462
   2344.2   0.12471
   2345.3   0.12478
   2346.3   0.12481
   2347.4   0.12487
   2348.5   0.12495
   2349.5   0.12500
   2350.6   0.12506
   2351.7   0.12517
   2352.7   0.12524
   2353.8   0.12528
   2354.9   0.12536
   2355.9   0.12539
   2357.0   0.12541
   2358.1   0.12552
   2359.1   0.12562
   2360.2   0.12568
   2361.3   0.12577
   2362.4   0.12580
   2363.4   0.12586
   2364.5   0.12591
   2365.6   0.12599
   2366.7   0.12608
   2367.8   0.12614
   2368.9   0.12622
   2369.9   0.12629
   2371.0   0.12637
   2372.1   0.12639
   2373.2   0.12644
   2374.3   0.12652
   2375.4   0.12661
   2376.4   0.12668
   2377.5   0.12676
   2378.6   0.12686
   2379.7   0.12693
   2380.8   0.12694
   2381.9   0.12701
   2383.0   0.12710
   2384.1   0.12717
   2385.2   0.12722
   2386.3   0.12726
   2387.4   0.12735
   2388.5   0.12742
   2389.6   0.12750
   2390.7   0.12760
   2391.8   0.12769
   2392.9   0.12771
   2394.0   0.12776
   2395.1   0.12791
   2396.2   0.12799
   2397.3   0.12802
   2398.4   0.12808
   2399.6   0.12814
   2400.7   0.12818
   2401.8   0.12835
   2402.9   0.12849
   2404.0   0.12849
   2405.1   0.12852
   2406.2   0.12862
   2407.4   0.12874
   2408.5   0.12881
   2409.6   0.12889
   2410.7   0.12896
   2411.8   0.12900
   2412.9   0.12907
   2414.1   0.12912
   2415.2   0.12913
   2416.3   0.12923
   2417.4   0.12937
   2418.6   0.12945
   2419.7   0.12948
   2420.8   0.12955
   2422.0   0.12963
   2423.1   0.12970
   2424.2   0.12978
   2425.4   0.12986
   2426.5   0.12994
   2427.6   0.13002
   2428.8   0.13009
   2429.9   0.13017
   2431.1   0.13022
   2432.2   0.13031
   2433.3   0.13040
   2434.5   0.13051
   2435.6   0.13058
   2436.8   0.13059
   2437.9   0.13062
   2439.1   0.13074
   2440.2   0.13084
   2441.4   0.13093
   2442.5   0.13102
   2443.6   0.13110
   2444.8   0.13117
   2446.0   0.13125
   2447.1   0.13133
   2448.3   0.13143
   2449.4   0.13154
   2450.6   0.13163
   2451.7   0.13168
   2452.9   0.13175
   2454.1   0.13187
   2455.2   0.13194
   2456.4   0.13195
   2457.6   0.13201
   2458.7   0.13212
   2459.9   0.13218
   2461.1   0.13223
   2462.2   0.13235
   2463.4   0.13242
   2464.6   0.13248
   2465.7   0.13263
   2466.9   0.13271
   2468.1   0.13277
   2469.3   0.13287
   2470.4   0.13293
   2471.6   0.13299
   2472.8   0.13308
   2474.0   0.13319
   2475.1   0.13326
   2476.3   0.13333
   2477.5   0.13337
   2478.7   0.13342
   2479.9   0.13352
   2481.1   0.13362
   2482.3   0.13368
   2483.4   0.13379
   2484.6   0.13390
   2485.8   0.13395
   2487.0   0.13402
   2488.2   0.13410
   2489.4   0.13416
   2490.6   0.13427
   2491.8   0.13436
   2493.0   0.13444
   2494.2   0.13452
   2495.4   0.13461
   2496.6   0.13465
   2497.8   0.13469
   2499.0   0.13480
   2500.2   0.13488
   2501.4   0.13492
   2502.6   0.13502
   2503.8   0.13516
   2505.0   0.13524
   2506.3   0.13531
   2507.5   0.13536
   2508.7   0.13543
   2509.9   0.13553
   2511.1   0.13563
   2512.3   0.13572
   2513.5   0.13576
   2514.8   0.13586
   2516.0   0.13599
   2517.2   0.13603
   2518.4   0.13603
   2519.6   0.13611
   2520.9   0.13621
   2522.1   0.13629
   2523.3   0.13640
   2524.6   0.13647
   2525.8   0.13656
   2527.0   0.13666
   2528.3   0.13673
   2529.5   0.13679
   2530.7   0.13690
   2531.9   0.13697
   2533.2   0.13701
   2534.4   0.13711
   2535.7   0.13723
   2536.9   0.13730
   2538.1   0.13737
   2539.4   0.13747
   2540.6   0.13755
   2541.9   0.13762
   2543.1   0.13771
   2544.4   0.13780
   2545.6   0.13789
   2546.9   0.13795
   2548.1   0.13802
   2549.4   0.13810
   2550.6   0.13819
   2551.9   0.13828
   2553.1   0.13832
   2554.4   0.13838
   2555.7   0.13851
   2556.9   0.13862
   2558.2   0.13874
   2559.4   0.13883
   2560.7   0.13886
   2562.0   0.13892
   2563.2   0.13903
   2564.5   0.13910
   2565.8   0.13916
   2567.1   0.13925
   2568.3   0.13934
   2569.6   0.13941
   2570.9   0.13945
   2572.1   0.13951
   2573.4   0.13959
   2574.7   0.13966
   2576.0   0.13979
   2577.3   0.13991
   2578.5   0.13998
   2579.8   0.14007
   2581.1   0.14010
   2582.4   0.14016
   2583.7   0.14032
   2585.0   0.14041
   2586.3   0.14047
   2587.5   0.14053
   2588.8   0.14058
   2590.1   0.14065
   2591.4   0.14075
   2592.7   0.14087
   2594.0   0.14100
   2595.3   0.14105
   2596.6   0.14111
   2597.9   0.14121
   2599.2   0.14128
   2600.5   0.14134
   2601.8   0.14144
   2603.1   0.14153
   2604.4   0.14161
   2605.8   0.14168
   2607.1   0.14175
   2608.4   0.14184
   2609.7   0.14190
   2611.0   0.14196
   2612.3   0.14205
   2613.6   0.14216
   2614.9   0.14227
   2616.3   0.14235
   2617.6   0.14233
   2618.9   0.14241
   2620.2   0.14257
   2621.6   0.14260
   2622.9   0.14263
   2624.2   0.14275
   2625.5   0.14287
   2626.9   0.14294
   2628.2   0.14301
   2629.5   0.14311
   2630.9   0.14315
   2632.2   0.14320
   2633.5   0.14329
   2634.9   0.14334
   2636.2   0.14338
   2637.6   0.14350
   2638.9   0.14365
   2640.2   0.14374
   2641.6   0.14380
   2642.9   0.14388
   2644.3   0.14396
   2645.6   0.14400
   2647.0   0.14405
   2648.3   0.14416
   2649.7   0.14424
   2651.0   0.14432
   2652.4   0.14438
   2653.8   0.14445
   2655.1   0.14455
   2656.5   0.14463
   2657.8   0.14474
   2659.2   0.14483
   2660.6   0.14485
   2661.9   0.14489
   2663.3   0.14499
   2664.7   0.14508
   2666.0   0.14513
   2667.4   0.14518
   2668.8   0.14522
   2670.1   0.14531
   2671.5   0.14530
   2672.9   0.14537
   2674.3   0.14542
   2675.7   0.14549
   2677.0   0.14556
   2678.4   0.14559
   2679.8   0.14563
   2681.2   0.14571
   2682.6   0.14579
   2684.0   0.14586
   2685.4   0.14590
   2686.8   0.14592
   2688.1   0.14597
   2689.5   0.14596
   2690.9   0.14595
   2692.3   0.14603
   2693.7   0.14610
   2695.1   0.14612
   2696.5   0.14617
   2697.9   0.14622
   2699.3   0.14622
   2700.8   0.14617
   2702.1   0.14616
   2703.6   0.14618
   2705.0   0.14622
   2706.4   0.14624
   2707.8   0.14621
   2709.2   0.14620
   2710.6   0.14614
   2712.1   0.14606
   2713.5   0.14605
   2714.9   0.14605
   2716.3   0.14602
   2717.7   0.14603
   2719.2   0.14622
   2720.6   0.14626
   2722.0   0.14600
   2723.4   0.14582
   2724.9   0.14566
   2726.3   0.14555
   2727.7   0.14552
   2729.2   0.14545
   2730.6   0.14538
   2732.1   0.14531
   2733.5   0.14523
   2734.9   0.14519
   2736.4   0.14507
   2737.8   0.14500
   2739.3   0.14493
   2740.7   0.14483
   2742.2   0.14467
   2743.6   0.14460
   2745.1   0.14454
   2746.5   0.14440
   2748.0   0.14429
   2749.4   0.14422
   2750.9   0.14414
   2752.4   0.14403
   2753.8   0.14392
   2755.3   0.14386
   2756.7   0.14371
   2758.2   0.14358
   2759.7   0.14348
   2761.1   0.14339
   2762.6   0.14327
   2764.1   0.14319
   2765.6   0.14311
   2767.0   0.14301
   2768.5   0.14293
   2770.0   0.14283
   2771.5   0.14272
   2773.0   0.14265
   2774.4   0.14259
   2775.9   0.14249
   2777.4   0.14238
   2778.9   0.14230
   2780.4   0.14226
   2781.9   0.14218
   2783.4   0.14210
   2784.9   0.14204
   2786.4   0.14196
   2787.9   0.14186
   2789.4   0.14177
   2790.9   0.14172
   2792.4   0.14166
   2793.9   0.14160
   2795.4   0.14157
   2796.9   0.14150
   2798.4   0.14144
   2799.9   0.14140
   2801.4   0.14136
   2802.9   0.14132
   2804.4   0.14128
   2806.0   0.14125
   2807.5   0.14122
   2809.0   0.14120
   2810.5   0.14122
   2812.1   0.14122
   2813.6   0.14116
   2815.1   0.14113
   2816.6   0.14115
   2818.2   0.14118
   2819.7   0.14114
   2821.2   0.14108
   2822.8   0.14109
   2824.3   0.14112
   2825.9   0.14111
   2827.4   0.14112
   2828.9   0.14114
   2830.5   0.14116
   2832.0   0.14118
   2833.6   0.14117
   2835.1   0.14119
   2836.7   0.14120
   2838.2   0.14125
   2839.8   0.14128
   2841.3   0.14128
   2842.9   0.14131
   2844.4   0.14136
   2846.0   0.14136
   2847.6   0.14137
   2849.1   0.14140
   2850.7   0.14140
   2852.3   0.14143
   2853.8   0.14147
   2855.4   0.14149
   2857.0   0.14150
   2858.6   0.14156
   2860.1   0.14160
   2861.7   0.14160
   2863.3   0.14161
   2864.9   0.14164
   2866.5   0.14167
   2868.1   0.14171
   2869.6   0.14175
   2871.2   0.14177
   2872.8   0.14181
   2874.4   0.14185
   2876.0   0.14187
   2877.6   0.14190
   2879.2   0.14195
   2880.8   0.14201
   2882.4   0.14202
   2884.0   0.14203
   2885.6   0.14207
   2887.2   0.14213
   2888.8   0.14218
   2890.4   0.14223
   2892.0   0.14222
   2893.7   0.14225
   2895.3   0.14233
   2896.9   0.14238
   2898.5   0.14239
   2900.1   0.14243
   2901.8   0.14250
   2903.4   0.14252
   2905.0   0.14252
   2906.6   0.14256
   2908.3   0.14264
   2909.9   0.14267
   2911.5   0.14268
   2913.2   0.14274
   2914.8   0.14279
   2916.4   0.14279
   2918.1   0.14281
   2919.7   0.14288
   2921.4   0.14296
   2923.0   0.14300
   2924.7   0.14306
   2926.3   0.14310
   2928.0   0.14312
   2929.6   0.14315
   2931.3   0.14318
   2932.9   0.14320
   2934.6   0.14323
   2936.3   0.14329
   2937.9   0.14334
   2939.6   0.14338
   2941.3   0.14338
   2942.9   0.14342
   2944.6   0.14347
   2946.3   0.14353
   2947.9   0.14354
   2949.6   0.14356
   2951.3   0.14363
   2953.0   0.14368
   2954.7   0.14373
   2956.4   0.14377
   2958.0   0.14379
   2959.7   0.14383
   2961.4   0.14386
   2963.1   0.14388
   2964.8   0.14394
   2966.5   0.14398
   2968.2   0.14397
   2969.9   0.14405
   2971.6   0.14410
   2973.3   0.14415
   2975.0   0.14418
   2976.7   0.14422
   2978.4   0.14425
   2980.1   0.14429
   2981.8   0.14433
   2983.6   0.14437
   2985.3   0.14441
   2987.0   0.14449
   2988.7   0.14454
   2990.4   0.14461
   2992.2   0.14467
   2993.9   0.14471
   2995.6   0.14478
   2997.4   0.14486
   2999.1   0.14493
   3000.8   0.14497
   3002.6   0.14506
   3004.3   0.14515
   3006.1   0.14522
   3007.8   0.14526
   3009.5   0.14532
   3011.3   0.14537
   3013.0   0.14544
   3014.8   0.14553
   3016.5   0.14561
   3018.3   0.14570
   3020.1   0.14575
   3021.8   0.14580
   3023.6   0.14585
   3025.3   0.14591
   3027.1   0.14602
   3028.9   0.14612
   3030.6   0.14620
   3032.4   0.14631
   3034.2   0.14641
   3036.0   0.14652
   3037.7   0.14661
   3039.5   0.14672
   3041.3   0.14683
   3043.1   0.14693
   3044.9   0.14702
   3046.7   0.14710
   3048.5   0.14719
   3050.3   0.14729
   3052.1   0.14740
   3053.8   0.14751
   3055.6   0.14759
   3057.4   0.14769
   3059.3   0.14778
   3061.1   0.14789
   3062.9   0.14800
   3064.7   0.14812
   3066.5   0.14826
   3068.3   0.14837
   3070.1   0.14845
   3071.9   0.14853
   3073.8   0.14864
   3075.6   0.14878
   3077.4   0.14888
   3079.2   0.14896
   3081.1   0.14906
   3082.9   0.14917
   3084.7   0.14925
   3086.6   0.14936
   3088.4   0.14949
   3090.2   0.14957
   3092.1   0.14966
   3093.9   0.14977
   3095.8   0.14988
   3097.6   0.14996
   3099.5   0.15007
   3101.3   0.15019
   3103.2   0.15030
   3105.1   0.15038
   3106.9   0.15047
   3108.8   0.15058
   3110.6   0.15068
   3112.5   0.15075
   3114.4   0.15083
   3116.2   0.15094
   3118.1   0.15104
   3120.0   0.15113
   3121.9   0.15125
   3123.8   0.15136
   3125.6   0.15146
   3127.5   0.15155
   3129.4   0.15167
   3131.3   0.15177
   3133.2   0.15186
   3135.1   0.15197
   3137.0   0.15207
   3138.9   0.15218
   3140.8   0.15230
   3142.7   0.15241
   3144.6   0.15249
   3146.5   0.15259
   3148.4   0.15270
   3150.3   0.15280
   3152.2   0.15290
   3154.1   0.15303
   3156.1   0.15318
   3158.0   0.15330
   3159.9   0.15339
   3161.9   0.15348
   3163.8   0.15359
   3165.7   0.15369
   3167.6   0.15381
   3169.6   0.15392
   3171.5   0.15397
   3173.5   0.15407
   3175.4   0.15423
   3177.3   0.15437
   3179.3   0.15446
   3181.2   0.15457
   3183.2   0.15466
   3185.1   0.15474
   3187.1   0.15484
   3189.1   0.15495
   3191.0   0.15506
   3193.0   0.15517
   3195.0   0.15528
   3196.9   0.15540
   3198.9   0.15548
   3200.9   0.15556
   3202.9   0.15564
   3204.8   0.15574
   3206.8   0.15586
   3208.8   0.15594
   3210.8   0.15603
   3212.8   0.15613
   3214.8   0.15620
   3216.8   0.15629
   3218.8   0.15641
   3220.8   0.15650
   3222.8   0.15658
   3224.8   0.15666
   3226.8   0.15675
   3228.8   0.15685
   3230.8   0.15695
   3232.8   0.15704
   3234.8   0.15713
   3236.8   0.15721
   3238.9   0.15729
   3240.9   0.15736
   3242.9   0.15743
   3244.9   0.15755
   3247.0   0.15766
   3249.0   0.15773
   3251.1   0.15783
   3253.1   0.15793
   3255.1   0.15800
   3257.2   0.15809
   3259.2   0.15817
   3261.3   0.15827
   3263.3   0.15840
   3265.4   0.15849
   3267.4   0.15857
   3269.5   0.15866
   3271.6   0.15876
   3273.6   0.15889
   3275.7   0.15899
   3277.8   0.15906
   3279.8   0.15915
   3281.9   0.15926
   3284.0   0.15938
   3286.1   0.15945
   3288.2   0.15952
   3290.2   0.15965
   3292.3   0.15975
   3294.4   0.15979
   3296.5   0.15989
   3298.6   0.16000
   3300.7   0.16009
   3302.8   0.16020
   3304.9   0.16028
   3307.0   0.16036
   3309.1   0.16046
   3311.3   0.16055
   3313.4   0.16065
   3315.5   0.16077
   3317.6   0.16086
   3319.7   0.16093
   3321.9   0.16102
   3324.0   0.16113
   3326.1   0.16120
   3328.3   0.16127
   3330.4   0.16135
   3332.5   0.16141
   3334.7   0.16145
   3336.8   0.16150
   3339.0   0.16155
   3341.1   0.16160
   3343.3   0.16162
   3345.4   0.16164
   3347.6   0.16165
   3349.8   0.16165
   3351.9   0.16165
   3354.1   0.16164
   3356.3   0.16162
   3358.4   0.16157
   3360.6   0.16150
   3362.8   0.16140
   3365.0   0.16123
   3367.2   0.16105
   3369.4   0.16087
   3371.5   0.16075
   3373.7   0.16067
   3375.9   0.16068
   3378.1   0.16074
   3380.3   0.16086
   3382.5   0.16103
   3384.7   0.16121
   3386.9   0.16138
   3389.2   0.16152
   3391.4   0.16160
   3393.6   0.16156
   3395.8   0.16142
   3398.1   0.16125
   3400.3   0.16104
   3402.5   0.16081
   3404.7   0.16057
   3407.0   0.16032
   3409.2   0.16009
   3411.5   0.15988
   3413.7   0.15970
   3416.0   0.15961
   3418.2   0.15970
   3420.5   0.16000
   3422.7   0.16044
   3425.0   0.16097
   3427.3   0.16151
   3429.5   0.16202
   3431.8   0.16242
   3434.1   0.16278
   3436.3   0.16315
   3438.6   0.16346
   3440.9   0.16371
   3443.2   0.16393
   3445.5   0.16416
   3447.8   0.16440
   3450.1   0.16462
   3452.3   0.16483
   3454.6   0.16503
   3456.9   0.16523
   3459.3   0.16542
   3461.6   0.16556
   3463.9   0.16567
   3466.2   0.16578
   3468.5   0.16584
   3470.8   0.16589
   3473.2   0.16593
   3475.5   0.16598
   3477.8   0.16603
   3480.1   0.16608
   3482.5   0.16614
   3484.8   0.16622
   3487.2   0.16623
   3489.5   0.16620
   3491.9   0.16614
   3494.2   0.16608
   3496.6   0.16599
   3498.9   0.16593
   3501.3   0.16596
   3503.7   0.16615
   3506.0   0.16651
   3508.4   0.16697
   3510.8   0.16741
   3513.2   0.16781
   3515.5   0.16819
   3517.9   0.16854
   3520.3   0.16879
   3522.7   0.16901
   3525.1   0.16923
   3527.5   0.16945
   3529.9   0.16962
   3532.3   0.16975
   3534.7   0.16988
   3537.1   0.17002
   3539.5   0.17013
   3541.9   0.17023
   3544.4   0.17033
   3546.8   0.17046
   3549.2   0.17056
   3551.7   0.17066
   3554.1   0.17076
   3556.5   0.17088
   3559.0   0.17100
   3561.4   0.17111
   3563.9   0.17119
   3566.3   0.17129
   3568.8   0.17141
   3571.2   0.17152
   3573.7   0.17161
   3576.1   0.17172
   3578.6   0.17181
   3581.1   0.17191
   3583.6   0.17201
   3586.0   0.17210
   3588.5   0.17221
   3591.0   0.17232
   3593.5   0.17242
   3596.0   0.17251
   3598.5   0.17259
   3601.0   0.17268
   3603.5   0.17276
   3606.0   0.17288
   3608.5   0.17300
   3611.0   0.17308
   3613.5   0.17317
   3616.1   0.17327
   3618.6   0.17337
   3621.1   0.17349
   3623.6   0.17357
   3626.2   0.17364
   3628.7   0.17373
   3631.3   0.17383
   3633.8   0.17390
   3636.3   0.17398
   3638.9   0.17408
   3641.4   0.17419
   3644.0   0.17428
   3646.6   0.17439
   3649.1   0.17449
   3651.7   0.17458
   3654.3   0.17465
   3656.9   0.17473
   3659.4   0.17482
   3662.0   0.17493
   3664.6   0.17501
   3667.2   0.17510
   3669.8   0.17521
   3672.4   0.17533
   3675.0   0.17545
   3677.6   0.17552
   3680.2   0.17560
   3682.8   0.17572
   3685.4   0.17581
   3688.1   0.17590
   3690.7   0.17600
   3693.3   0.17608
   3695.9   0.17616
   3698.6   0.17624
   3701.2   0.17634
   3703.9   0.17642
   3706.5   0.17650
   3709.2   0.17661
   3711.8   0.17671
   3714.5   0.17681
   3717.1   0.17689
   3719.8   0.17696
   3722.5   0.17705
   3725.2   0.17716
   3727.8   0.17725
   3730.5   0.17733
   3733.2   0.17741
   3735.9   0.17750
   3738.6   0.17759
   3741.3   0.17767
   3744.0   0.17774
   3746.7   0.17784
   3749.4   0.17793
   3752.1   0.17802
   3754.8   0.17809
   3757.6   0.17817
   3760.3   0.17827
   3763.0   0.17835
   3765.7   0.17844
   3768.5   0.17855
   3771.2   0.17863
   3774.0   0.17870
   3776.7   0.17881
   3779.5   0.17890
   3782.2   0.17896
   3785.0   0.17902
   3787.7   0.17910
   3790.5   0.17921
   3793.3   0.17930
   3796.1   0.17939
   3798.8   0.17945
   3801.6   0.17951
   3804.4   0.17960
   3807.2   0.17968
   3810.0   0.17975
   3812.8   0.17984
   3815.6   0.17992
   3818.4   0.17999
   3821.2   0.18004
   3824.1   0.18012
   3826.9   0.18022
   3829.7   0.18029
   3832.5   0.18039
   3835.4   0.18047
   3838.2   0.18052
   3841.1   0.18061
   3843.9   0.18069
   3846.8   0.18077
   3849.6   0.18084
   3852.5   0.18090
   3855.3   0.18098
   3858.2   0.18105
   3861.1   0.18112
   3863.9   0.18121
   3866.8   0.18130
   3869.7   0.18136
   3872.6   0.18144
   3875.5   0.18152
   3878.4   0.18159
   3881.3   0.18168
   3884.2   0.18175
   3887.1   0.18182
   3890.0   0.18191
   3892.9   0.18198
   3895.9   0.18204
   3898.8   0.18212
   3901.7   0.18219
   3904.7   0.18227
   3907.6   0.18232
   3910.6   0.18240
   3913.5   0.18249
   3916.5   0.18257
   3919.4   0.18264
   3922.4   0.18269
   3925.4   0.18277
   3928.4   0.18286
   3931.3   0.18293
   3934.3   0.18298
   3937.3   0.18302
   3940.3   0.18308
   3943.3   0.18316
   3946.3   0.18323
   3949.3   0.18329
   3952.3   0.18335
   3955.3   0.18342
   3958.3   0.18348
   3961.4   0.18353
   3964.4   0.18360
   3967.4   0.18368
   3970.5   0.18374
   3973.5   0.18379
   3976.6   0.18385
   3979.6   0.18393
   3982.6   0.18399
   3985.7   0.18402
   3988.8   0.18409
   3991.9   0.18417
   3994.9   0.18422
   3998.0   0.18428
   4001.1   0.18434
   4004.2   0.18439
   4007.3   0.18445
   4010.4   0.18453
   4013.5   0.18460
   4016.6   0.18463
   4019.7   0.18468
   4022.8   0.18475
   4025.9   0.18480
   4029.1   0.18487
   4032.2   0.18495
   4035.3   0.18499
   4038.5   0.18504
   4041.6   0.18508
   4044.8   0.18513
   4047.9   0.18520
   4051.1   0.18527
   4054.3   0.18532
   4057.4   0.18537
   4060.6   0.18542
   4063.8   0.18547
   4067.0   0.18553
   4070.2   0.18559
   4073.4   0.18566
   4076.6   0.18574
   4079.8   0.18580
   4083.0   0.18586
   4086.2   0.18589
   4089.4   0.18592
   4092.7   0.18595
   4095.9   0.18601
   4099.1   0.18608
   4102.4   0.18612
   4105.6   0.18616
   4108.9   0.18620
   4112.1   0.18625
   4115.4   0.18632
   4118.7   0.18637
   4122.0   0.18642
   4125.2   0.18646
   4128.5   0.18652
   4131.8   0.18658
   4135.1   0.18662
   4138.4   0.18666
   4141.7   0.18671
   4145.0   0.18676
   4148.3   0.18680
   4151.6   0.18686
   4155.0   0.18692
   4158.3   0.18696
   4161.6   0.18702
   4165.0   0.18706
   4168.3   0.18713
   4171.7   0.18717
   4175.0   0.18723
   4178.4   0.18729
   4181.8   0.18733
   4185.2   0.18738
   4188.5   0.18744
   4191.9   0.18748
   4195.3   0.18752
   4198.7   0.18755
   4202.1   0.18759
   4205.5   0.18764
   4208.9   0.18767
   4212.4   0.18770
   4215.8   0.18772
   4219.2   0.18775
   4222.6   0.18779
   4226.1   0.18779
   4229.5   0.18780
   4233.0   0.18782
   4236.5   0.18785
   4239.9   0.18791
   4243.4   0.18797
   4246.9   0.18803
   4250.3   0.18810
   4253.8   0.18818
   4257.3   0.18825
   4260.8   0.18828
   4264.3   0.18828
   4267.8   0.18827
   4271.3   0.18830
   4274.9   0.18834
   4278.4   0.18838
   4281.9   0.18840
   4285.5   0.18842
   4289.0   0.18847
   4292.6   0.18853
   4296.1   0.18856
   4299.7   0.18859
   4303.3   0.18863
   4306.8   0.18866
   4310.4   0.18866
   4314.0   0.18870
   4317.6   0.18873
   4321.2   0.18875
   4324.8   0.18877
   4328.4   0.18880
   4332.0   0.18880
   4335.6   0.18881
   4339.3   0.18885
   4342.9   0.18889
   4346.5   0.18891
   4350.2   0.18892
   4353.8   0.18895
   4357.5   0.18896
   4361.1   0.18896
   4364.8   0.18900
   4368.5   0.18902
   4372.2   0.18904
   4375.9   0.18904
   4379.6   0.18905
   4383.3   0.18908
   4387.0   0.18908
   4390.7   0.18909
   4394.4   0.18913
   4398.1   0.18912
   4401.9   0.18912
   4405.6   0.18914
   4409.4   0.18915
   4413.1   0.18915
   4416.9   0.18915
   4420.6   0.18916
   4424.4   0.18917
   4428.2   0.18917
   4432.0   0.18920
   4435.8   0.18922
   4439.6   0.18922
   4443.4   0.18923
   4447.2   0.18926
   4451.0   0.18926
   4454.8   0.18929
   4458.6   0.18931
   4462.5   0.18933
   4466.3   0.18933
   4470.2   0.18932
   4474.0   0.18932
   4477.9   0.18933
   4481.8   0.18932
   4485.6   0.18931
   4489.5   0.18929
   4493.4   0.18930
   4497.3   0.18930
   4501.2   0.18928
   4505.1   0.18927
   4509.0   0.18926
   4513.0   0.18922
   4516.9   0.18920
   4520.8   0.18917
   4524.8   0.18914
   4528.7   0.18910
   4532.7   0.18909
   4536.7   0.18905
   4540.6   0.18900
   4544.6   0.18893
   4548.6   0.18887
   4552.6   0.18881
   4556.6   0.18877
   4560.6   0.18870
   4564.6   0.18864
   4568.6   0.18857
   4572.7   0.18850
   4576.7   0.18842
   4580.8   0.18833
   4584.8   0.18824
   4588.9   0.18815
   4592.9   0.18804
   4597.0   0.18795
   4601.1   0.18786
   4605.2   0.18775
   4609.3   0.18763
   4613.4   0.18750
   4617.5   0.18736
   4621.6   0.18724
   4625.7   0.18711
   4629.8   0.18700
   4634.0   0.18687
   4638.1   0.18672
   4642.3   0.18658
   4646.4   0.18643
   4650.6   0.18627
   4654.8   0.18612
   4659.0   0.18594
   4663.1   0.18578
   4667.3   0.18561
   4671.5   0.18542
   4675.8   0.18524
   4680.0   0.18506
   4684.2   0.18487
   4688.4   0.18468
   4692.7   0.18447
   4696.9   0.18429
   4701.2   0.18410
   4705.5   0.18391
   4709.7   0.18370
   4714.0   0.18350
   4718.3   0.18329
   4722.6   0.18308
   4726.9   0.18287
   4731.2   0.18266
   4735.5   0.18245
   4739.9   0.18224
   4744.2   0.18202
   4748.5   0.18181
   4752.9   0.18160
   4757.3   0.18140
   4761.6   0.18119
   4766.0   0.18099
   4770.4   0.18079
   4774.8   0.18059
   4779.2   0.18039
   4783.6   0.18016
   4788.0   0.17994
   4792.4   0.17972
   4796.9   0.17949
   4801.3   0.17930
   4805.8   0.17908
   4810.2   0.17886
   4814.7   0.17863
   4819.1   0.17839
   4823.6   0.17816
   4828.1   0.17794
   4832.6   0.17771
   4837.1   0.17746
   4841.6   0.17719
   4846.2   0.17693
   4850.7   0.17666
   4855.3   0.17640
   4859.8   0.17614
   4864.4   0.17588
   4868.9   0.17559
   4873.5   0.17530
   4878.1   0.17502
   4882.7   0.17473
   4887.3   0.17444
   4891.9   0.17416
   4896.5   0.17386
   4901.1   0.17354
   4905.8   0.17321
   4910.4   0.17289
   4915.1   0.17256
   4919.7   0.17225
   4924.4   0.17192
   4929.1   0.17158
   4933.8   0.17121
   4938.5   0.17085
   4943.2   0.17050
   4947.9   0.17017
   4952.6   0.16982
   4957.4   0.16946
   4962.1   0.16910
   4966.9   0.16876
   4971.6   0.16843
   4976.4   0.16809
   4981.2   0.16774
   4986.0   0.16740
   4990.8   0.16706
   4995.6   0.16674
   5000.4   0.16640
   5005.2   0.16607
   5010.0   0.16573
   5014.9   0.16542
   5019.8   0.16511
   5024.6   0.16480
   5029.5   0.16448
   5034.4   0.16418
   5039.3   0.16389
   5044.2   0.16360
   5049.1   0.16330
   5054.0   0.16301
   5058.9   0.16272
   5063.9   0.16245
   5068.8   0.16216
   5073.8   0.16188
   5078.8   0.16163
   5083.7   0.16139
   5088.7   0.16113
   5093.7   0.16087
   5098.7   0.16061
   5103.7   0.16035
   5108.8   0.16008
   5113.8   0.15982
   5118.9   0.15956
   5123.9   0.15928
   5129.0   0.15901
   5134.1   0.15877
   5139.1   0.15850
   5144.3   0.15822
   5149.4   0.15793
   5154.5   0.15766
   5159.6   0.15738
   5164.7   0.15710
   5169.9   0.15681
   5175.0   0.15653
   5180.2   0.15625
   5185.4   0.15599
   5190.6   0.15574
   5195.8   0.15550
   5201.0   0.15523
   5206.2   0.15496
   5211.5   0.15470
   5216.7   0.15443
   5222.0   0.15416
   5227.2   0.15389
   5232.5   0.15361
   5237.8   0.15334
   5243.1   0.15305
   5248.4   0.15278
   5253.7   0.15250
   5259.0   0.15224
   5264.4   0.15199
   5269.7   0.15174
   5275.1   0.15151
   5280.5   0.15133
   5285.8   0.15116
   5291.2   0.15099
   5296.6   0.15084
   5302.0   0.15074
   5307.5   0.15065
   5312.9   0.15057
   5318.4   0.15051
   5323.8   0.15048
   5329.3   0.15048
   5334.8   0.15049
   5340.3   0.15053
   5345.8   0.15058
   5351.3   0.15061
   5356.8   0.15068
   5362.4   0.15075
   5367.9   0.15084
   5373.5   0.15094
   5379.0   0.15104
   5384.6   0.15112
   5390.2   0.15123
   5395.8   0.15132
   5401.5   0.15139
   5407.1   0.15145
   5412.7   0.15152
   5418.4   0.15158
   5424.1   0.15162
   5429.7   0.15163
   5435.4   0.15165
   5441.1   0.15169
   5446.9   0.15173
   5452.6   0.15176
   5458.3   0.15180
   5464.1   0.15183
   5469.8   0.15186
   5475.6   0.15190
   5481.4   0.15194
   5487.2   0.15196
   5493.0   0.15199
   5498.8   0.15199
   5504.7   0.15198
   5510.5   0.15199
   5516.4   0.15200
   5522.3   0.15197
   5528.1   0.15194
   5534.0   0.15189
   5540.0   0.15183
   5545.9   0.15175
   5551.8   0.15168
   5557.8   0.15158
   5563.7   0.15144
   5569.7   0.15128
   5575.7   0.15112
   5581.7   0.15092
   5587.7   0.15071
   5593.7   0.15049
   5599.8   0.15027
   5605.8   0.15003
   5611.9   0.14977
   5618.0   0.14951
   5624.1   0.14928
   5630.2   0.14904
   5636.3   0.14885
   5642.4   0.14864
   5648.6   0.14843
   5654.7   0.14825
   5660.9   0.14807
   5667.1   0.14790
   5673.3   0.14780
   5679.5   0.14768
   5685.7   0.14758
   5692.0   0.14751
   5698.2   0.14745
   5704.5   0.14739
   5710.8   0.14734
   5717.1   0.14727
   5723.4   0.14718
   5729.7   0.14706
   5736.0   0.14694
   5742.4   0.14679
   5748.8   0.14661
   5755.1   0.14637
   5761.5   0.14617
   5768.0   0.14589
   5774.4   0.14557
   5780.8   0.14526
   5787.3   0.14494
   5793.7   0.14460
   5800.2   0.14428
   5806.7   0.14394
   5813.2   0.14363
   5819.7   0.14331
   5826.3   0.14293
   5832.8   0.14253
   5839.4   0.14214
   5846.0   0.14170
   5852.6   0.14125
   5859.2   0.14077
   5865.8   0.14027
   5872.5   0.13976
   5879.1   0.13924
   5885.8   0.13860
   5892.5   0.13804
   5899.2   0.13741
   5905.9   0.13677
   5912.6   0.13617
   5919.4   0.13557
   5926.2   0.13499
   5932.9   0.13445
   5939.7   0.13380
   5946.5   0.13318
   5953.4   0.13261
   5960.2   0.13209
   5967.1   0.13157
   5974.0   0.13102
   5980.8   0.13052
   5987.8   0.13006
   5994.7   0.12956
   6001.6   0.12912
   6008.6   0.12874
   6015.5   0.12840
   6022.5   0.12807
   6029.5   0.12782
   6036.5   0.12765
   6043.6   0.12758
   6050.6   0.12751
   6057.7   0.12746
   6064.8   0.12751
   6071.9   0.12760
   6079.0   0.12766
   6086.1   0.12773
   6093.3   0.12782
   6100.5   0.12793
   6107.6   0.12804
   6114.9   0.12812
   6122.1   0.12817
   6129.3   0.12823
   6136.5   0.12828
   6143.8   0.12833
   6151.1   0.12836
   6158.4   0.12837
   6165.7   0.12834
   6173.1   0.12832
   6180.4   0.12831
   6187.8   0.12828
   6195.2   0.12821
   6202.6   0.12817
   6210.0   0.12816
   6217.5   0.12816
   6225.0   0.12814
   6232.4   0.12814
   6239.9   0.12814
   6247.5   0.12815
   6255.0   0.12816
   6262.5   0.12820
   6270.1   0.12823
   6277.7   0.12826
   6285.3   0.12828
   6293.0   0.12830
   6300.6   0.12832
   6308.3   0.12836
   6315.9   0.12836
   6323.6   0.12838
   6331.4   0.12842
   6339.1   0.12848
   6346.9   0.12851
   6354.6   0.12851
   6362.4   0.12851
   6370.3   0.12854
   6378.1   0.12853
   6385.9   0.12851
   6393.8   0.12848
   6401.7   0.12847
   6409.6   0.12848
   6417.5   0.12838
   6425.5   0.12824
   6433.5   0.12815
   6441.5   0.12801
   6449.5   0.12790
   6457.5   0.12780
   6465.6   0.12770
   6473.6   0.12760
   6481.7   0.12753
   6489.8   0.12747
   6498.0   0.12738
   6506.1   0.12730
   6514.3   0.12727
   6522.5   0.12724
   6530.7   0.12720
   6539.0   0.12719
   6547.2   0.12721
   6555.5   0.12723
   6563.8   0.12727
   6572.1   0.12731
   6580.4   0.12732
   6588.8   0.12735
   6597.2   0.12736
   6605.6   0.12738
   6614.0   0.12747
   6622.5   0.12759
   6630.9   0.12774
   6639.4   0.12784
   6647.9   0.12790
   6656.5   0.12800
   6665.0   0.12810
   6673.6   0.12820
   6682.2   0.12830
   6690.8   0.12836
   6699.5   0.12842
   6708.1   0.12848
   6716.8   0.12852
   6725.5   0.12852
   6734.3   0.12850
   6743.0   0.12843
   6751.8   0.12830
   6760.6   0.12811
   6769.4   0.12791
   6778.3   0.12764
   6787.1   0.12730
   6796.0   0.12686
   6805.0   0.12643
   6813.9   0.12607
   6822.9   0.12576
   6831.9   0.12546
   6840.9   0.12518
   6849.9   0.12491
   6859.0   0.12466
   6868.0   0.12436
   6877.2   0.12406
   6886.3   0.12381
   6895.5   0.12355
   6904.6   0.12328
   6913.8   0.12300
   6923.1   0.12271
   6932.3   0.12243
   6941.6   0.12215
   6950.9   0.12187
   6960.2   0.12157
   6969.6   0.12123
   6979.0   0.12087
   6988.4   0.12051
   6997.8   0.12013
   7007.3   0.11975
   7016.8   0.11935
   7026.3   0.11892
   7035.8   0.11849
   7045.4   0.11805
   7054.9   0.11758
   7064.5   0.11713
   7074.2   0.11664
   7083.9   0.11619
   7093.5   0.11576
   7103.3   0.11530
   7113.0   0.11484
   7122.8   0.11440
   7132.6   0.11395
   7142.4   0.11351
   7152.2   0.11303
   7162.1   0.11254
   7172.0   0.11202
   7182.0   0.11149
   7191.9   0.11095
   7201.9   0.11039
   7211.9   0.10980
   7222.0   0.10921
   7232.0   0.10859
   7242.1   0.10800
   7252.3   0.10740
   7262.4   0.10681
   7272.6   0.10621
   7282.8   0.10557
   7293.1   0.10492
   7303.3   0.10428
   7313.6   0.10363
   7324.0   0.10299
   7334.3   0.10233
   7344.7   0.10162
   7355.1   0.10090
   7365.6   0.10017
   7376.1   0.09940
   7386.6   0.09862
   7397.1   0.09780
   7407.7   0.09698
   7418.3   0.09614
   7428.9   0.09530
   7439.6   0.09443
   7450.2   0.09357
   7461.0   0.09268
   7471.7   0.09178
   7482.5   0.09085
   7493.3   0.08997
   7504.1   0.08905
   7515.0   0.08810
   7525.9   0.08713
   7536.9   0.08613
   7547.9   0.08510
   7558.9   0.08410
   7569.9   0.08307
   7581.0   0.08206
   7592.0   0.08103
   7603.2   0.07999
   7614.4   0.07892
   7625.5   0.07785
   7636.8   0.07676
   7648.0   0.07565
   7659.3   0.07453
   7670.7   0.07342
   7682.0   0.07225
   7693.4   0.07110
   7704.9   0.06991
   7716.3   0.06871
   7727.8   0.06748
   7739.4   0.06624
   7750.9   0.06497
   7762.5   0.06369
   7774.2   0.06237
   7785.8   0.06104
   7797.5   0.05969
   7809.3   0.05833
   7821.1   0.05693
   7832.9   0.05552
   7844.7   0.05406
   7856.6   0.05262
   7868.5   0.05112
   7880.5   0.04961
   7892.5   0.04806
   7904.5   0.04648
   7916.6   0.04486
   7928.7   0.04327
   7940.8   0.04165
   7953.0   0.04005
   7965.2   0.03844
   7977.5   0.03687
   7989.8   0.03531
   8002.1   0.03384
   8014.5   0.03236
   8026.9   0.03095
   8039.3   0.02957
   8051.8   0.02829
   8064.3   0.02703
   8076.9   0.02585
   8089.5   0.02472
   8102.1   0.02367
   8114.8   0.02264
   8127.5   0.02171
   8140.3   0.02083
   8153.1   0.02000
   8165.9   0.01919
   8178.8   0.01847
   8191.7   0.01780
   8204.7   0.01720
   8217.7   0.01660
   8230.7   0.01607
   8243.8   0.01556
   8257.0   0.01511
   8270.1   0.01467
   8283.3   0.01433
   8296.6   0.01398
   8309.9   0.01368
   8323.2   0.01338
   8336.6   0.01311
   8350.0   0.01287
   8363.5   0.01270
   8377.0   0.01253
   8390.5   0.01241
   8404.2   0.01226
   8417.8   0.01219
   8431.5   0.01212
   8445.2   0.01208
   8459.0   0.01205
   8472.8   0.01205
   8486.7   0.01199
   8500.6   0.01197
   8514.5   0.01195
   8528.5   0.01197
   8542.6   0.01196
   8556.7   0.01200
   8570.8   0.01202
   8585.0   0.01206
   8599.3   0.01209
   8613.5   0.01217
   8627.9   0.01224
   8642.3   0.01234
   8656.7   0.01241
   8671.2   0.01253
   8685.7   0.01267
   8700.3   0.01281
   8714.9   0.01294
   8729.5   0.01310
   8744.3   0.01322
   8759.0   0.01340
   8773.9   0.01359
   8788.7   0.01380
   8803.7   0.01399
   8818.6   0.01422
   8833.7   0.01442
   8848.7   0.01465
   8863.8   0.01488
   8879.0   0.01513
   8894.3   0.01539
   8909.5   0.01567
   8924.9   0.01592
   8940.3   0.01620
   8955.7   0.01644
   8971.2   0.01671
   8986.8   0.01693
   9002.3   0.01716
   9018.0   0.01736
   9033.7   0.01759
   9049.5   0.01778
   9065.3   0.01798
   9081.2   0.01812
   9097.1   0.01824
   9113.1   0.01833
   9129.1   0.01846
   9145.2   0.01855
   9161.4   0.01862
   9177.6   0.01865
   9193.9   0.01870
   9210.2   0.01872
   9226.6   0.01878
   9243.0   0.01882
   9259.5   0.01886
   9276.1   0.01887
   9292.7   0.01889
   9309.4   0.01891
   9326.2   0.01896
   9343.0   0.01896
   9359.8   0.01898
   9376.8   0.01900
   9393.8   0.01905
   9410.8   0.01905
   9427.9   0.01907
   9445.1   0.01909
   9462.3   0.01915
   9479.6   0.01917
   9497.0   0.01925
   9514.4   0.01929
   9531.9   0.01932
   9549.4   0.01934
   9567.0   0.01940
   9584.7   0.01939
   9602.5   0.01940
   9620.3   0.01939
   9638.2   0.01940
   9656.1   0.01938
   9674.2   0.01939
   9692.2   0.01939
   9710.4   0.01941
   9728.6   0.01942
   9746.9   0.01947
   9765.2   0.01947
   9783.7   0.01951
   9802.2   0.01955
   9820.7   0.01958
   9839.4   0.01956
   9858.1   0.01956
   9876.8   0.01959
   9895.7   0.01961
   9914.6   0.01961
   9933.6   0.01966
   9952.7   0.01967
   9971.8   0.01970
   9991.0   0.01972
  10010.3   0.01972
  10029.7   0.01971
  10049.1   0.01975
  10068.6   0.01978
  10088.2   0.01978
  10107.9   0.01977
  10127.6   0.01981
  10147.5   0.01980
  10167.3   0.01981
  10187.3   0.01980
  10207.4   0.01985
  10227.5   0.01994
  10247.7   0.02000
  10268.0   0.02008
  10288.4   0.02026
  10308.8   0.02043
  10329.4   0.02061
  10350.0   0.02076
  10370.7   0.02093
  10391.5   0.02107
  10412.3   0.02120
  10433.3   0.02127
  10454.3   0.02136
  10475.4   0.02141
  10496.7   0.02147
  10517.9   0.02148
  10539.3   0.02153
  10560.8   0.02162
  10582.3   0.02174
  10604.0   0.02185
  10625.7   0.02199
  10647.5   0.02211
  10669.4   0.02228
  10691.4   0.02238
  10713.5   0.02247
  10735.7   0.02253
  10758.0   0.02261
  10780.3   0.02263
  10802.8   0.02261
  10825.4   0.02253
  10848.0   0.02249
  10870.8   0.02241
  10893.6   0.02232
  10916.5   0.02218
  10939.5   0.02209
  10962.7   0.02198
  10985.9   0.02188
  11009.2   0.02180
  11032.7   0.02177
  11056.2   0.02171
  11079.8   0.02171
  11103.5   0.02174
  11127.4   0.02178
  11151.3   0.02179
  11175.3   0.02181
  11199.5   0.02182
  11223.7   0.02184
  11248.0   0.02186
  11272.5   0.02188
  11297.1   0.02183
  11321.7   0.02177
  11346.5   0.02169
  11371.4   0.02163
  11396.4   0.02156
  11421.5   0.02150
  11446.7   0.02139
  11472.0   0.02129
  11497.5   0.02113
  11523.0   0.02097
  11548.7   0.02078
  11574.4   0.02060
  11600.3   0.02043
  11626.3   0.02028
  11652.5   0.02009
  11678.7   0.01996
  11705.1   0.01982
  11731.6   0.01975
  11758.2   0.01966
  11784.9   0.01960
  11811.7   0.01953
  11838.7   0.01948
  11865.8   0.01942
  11893.0   0.01942
  11920.3   0.01943
  11947.8   0.01955
  11975.4   0.01967
  12003.1   0.01986
  12031.0   0.02007
  12059.0   0.02027
  12087.1   0.02050
  12115.3   0.02076
  12143.7   0.02096
  12172.2   0.02118
  12200.8   0.02137
  12229.6   0.02158
  12258.5   0.02171
  12287.6   0.02186
  12316.8   0.02195
  12346.1   0.02203
  12375.5   0.02204
  12405.2   0.02201
  12434.9   0.02194
  12464.8   0.02190
  12494.8   0.02179
  12525.0   0.02167
  12555.3   0.02151
  12585.8   0.02133
  12616.4   0.02113
  12647.2   0.02097
  12678.1   0.02080
  12709.2   0.02060
  12740.4   0.02027
  12771.8   0.02001
  12803.3   0.01981
  12835.0   0.01962
  12866.9   0.01941
  12898.9   0.01928
  12931.1   0.01918
  12963.4   0.01909
  12995.9   0.01897
  13028.5   0.01887
  13061.3   0.01875
  13094.3   0.01867
  13127.5   0.01856
  13160.8   0.01843
  13194.3   0.01831
  13228.0   0.01825
  13261.8   0.01814
  13295.8   0.01807
  13330.0   0.01798
  13364.3   0.01791
  13398.8   0.01784
  13433.6   0.01771
  13468.5   0.01757
  13503.5   0.01740
  13538.8   0.01714
  13574.2   0.01695
  13609.9   0.01682
  13645.7   0.01678
  13681.7   0.01673
  13717.9   0.01676
  13754.3   0.01678
  13790.8   0.01685
  13827.6   0.01697
  13864.6   0.01713
  13901.8   0.01725
  13939.2   0.01736
  13976.7   0.01742
  14014.5   0.01750
  14052.5   0.01750
  14090.7   0.01746
  14129.0   0.01733
  14167.6   0.01719
  14206.5   0.01706
  14245.5   0.01695
  14284.7   0.01675
  14324.2   0.01659
  14363.9   0.01645
  14403.8   0.01632
  14443.9   0.01611
  14484.3   0.01591
  14524.8   0.01568
  14565.6   0.01546
  14606.7   0.01524
  14647.9   0.01503
  14689.4   0.01476
  14731.2   0.01454
  14773.1   0.01436
  14815.3   0.01429
  14857.8   0.01419
  14900.5   0.01410
  14943.4   0.01406
  14986.6   0.01407
  15030.0   0.01403
  15073.7   0.01401
  15117.7   0.01397
  15161.9   0.01397
  15206.3   0.01388
  15251.1   0.01381
  15296.1   0.01372
  15341.3   0.01365
  15386.8   0.01360
  15432.6   0.01364
  15478.7   0.01367
  15525.0   0.01375
  15571.7   0.01383
  15618.6   0.01393
  15665.8   0.01402
  15713.2   0.01412
  15761.0   0.01421
  15809.0   0.01435
  15857.4   0.01446
  15906.0   0.01453
  15955.0   0.01464
  16004.2   0.01478
  16053.8   0.01481
  16103.6   0.01490
  16153.8   0.01498
  16204.3   0.01501
  16255.1   0.01501
  16306.2   0.01519
  16357.6   0.01536
  16409.4   0.01551
  16461.5   0.01568
  16513.9   0.01588
  16566.7   0.01605
  16619.8   0.01626
  16673.2   0.01647
  16727.0   0.01676
  16781.1   0.01689
  16835.6   0.01703
  16890.5   0.01719
  16945.7   0.01736
  17001.2   0.01747
  17057.2   0.01760
  17113.4   0.01772
  17170.1   0.01785
  17227.2   0.01795
  17284.6   0.01799
  17342.4   0.01793
  17400.6   0.01812
  17459.2   0.01836
  17518.2   0.01856
  17577.5   0.01867
  17637.3   0.01889
  17697.5   0.01902
  17758.1   0.01924
  17819.2   0.01939
  17880.6   0.01959
  17942.5   0.01975
  18004.8   0.01985
  18067.5   0.01986
  18130.7   0.02004
  18194.3   0.02029
  18258.4   0.02069
  18322.9   0.02111
  18387.9   0.02148
  18453.3   0.02184
  18519.2   0.02221
  18585.6   0.02249
  18652.4   0.02267
  18719.8   0.02270
  18787.6   0.02286
  18855.9   0.02320
  18924.7   0.02343
  18994.1   0.02350
  19063.9   0.02375
  19134.2   0.02397
  19205.1   0.02411
  19276.5   0.02432
  19348.4   0.02469
  19420.9   0.02486
  19493.9   0.02492
  19567.5   0.02505
  19641.6   0.02540
  19716.3   0.02553
  19791.5   0.02568
  19867.3   0.02572
  19943.8   0.02566
  20020.8   0.02568
  20098.4   0.02578
  20176.6   0.02560
  20255.4   0.02549
  20334.8   0.02531
  20414.9   0.02534
  20495.6   0.02551
  20576.9   0.02542
  20658.9   0.02523
  20741.5   0.02532
  20824.8   0.02528
  20908.8   0.02529
  20993.4   0.02516
  21078.8   0.02505
  21164.8   0.02507
  21251.6   0.02502
  21339.0   0.02455
  21427.2   0.02455
  21516.1   0.02473
  21605.8   0.02473
  21696.2   0.02471
  21787.3   0.02457
  21879.3   0.02405
  21972.0   0.02382
  22065.4   0.02363
  22159.7   0.02356
  22254.8   0.02362
  22350.8   0.02346
  22447.5   0.02315
  22545.1   0.02298
  22643.6   0.02288
  22742.9   0.02305
  22843.1   0.02306
  22944.2   0.02296
  23046.1   0.02307
  23149.0   0.02328
  23252.8   0.02319
  23357.6   0.02322
  23463.3   0.02347
  23569.9   0.02384
  23677.5   0.02380
  23786.1   0.02378
  23895.8   0.02396
  24006.4   0.02419
  24118.0   0.02419
  24230.7   0.02424
  24344.5   0.02425
  24459.3   0.02430
  24575.3   0.02440
  24692.3   0.02462
  24810.4   0.02469
  24929.7   0.02484
  25050.1   0.02518
  25171.7   0.02545
  25294.5   0.02538
  25418.5   0.02556
  25543.7   0.02571
  25670.2   0.02575
  25797.9   0.02589
  25926.9   0.02617
  26057.2   0.02621
  26188.8   0.02622
  26321.7   0.02595
  26456.0   0.02586
  26591.7   0.02592
  26728.8   0.02588
  26867.2   0.02544
  27007.2   0.02548
  27148.6   0.02590
  27291.5   0.02604
  27435.9   0.02586
  27581.8   0.02583
  27729.3   0.02584
  27878.4   0.02599
  28029.1   0.02586
  28181.4   0.02565
  28335.4   0.02569
  28491.1   0.02616
  28648.5   0.02656
  28807.7   0.02666
  28968.6   0.02675
  29131.3   0.02655
  29295.9   0.02685
  29462.4   0.02760
  29630.7   0.02767
  29801.0   0.02814
  29973.3   0.02850
  30147.5   0.02885
  30323.8   0.02897
  30502.2   0.02903
  30682.7   0.02906
  30865.3   0.02879
  31050.2   0.02845
  31237.2   0.02860
  31426.5   0.02915
  31618.2   0.02934
  31812.1   0.02900
  32008.5   0.02875
  32207.3   0.02839
  32408.6   0.02823
  32612.4   0.02908
  32818.8   0.03002
  33027.9   0.02943
  33239.6   0.02912
  33454.1   0.02940
  33671.3   0.02960
  33891.4   0.02988
  34114.3   0.03044
  34340.3   0.03031
  34569.2   0.02965
  34801.2   0.02973
  35036.3   0.03014
  35274.7   0.02997
  35516.3   0.02948
  35761.2   0.02948
  36009.6   0.03005
  36261.4   0.03005
  36516.7   0.03012
  36775.7   0.03040
  37038.4   0.03060
  37304.9   0.03045
  37575.2   0.03071
  37849.5   0.03045
  38127.8   0.02952
  38410.2   0.02909
  38696.8   0.02933
  38987.8   0.02967
  39283.2   0.03081
  39583.0   0.03047
  39887.5   0.03012
  40196.7   0.03050
  40510.8   0.03128
  40829.8   0.03093
  41153.8   0.03059
  41483.0   0.02998
  41817.6   0.03004
  42157.5   0.03105
  42503.1   0.03051
  42854.4   0.03032
  43211.5   0.03066
  43574.6   0.02956
  43943.9   0.02997
  44319.5   0.03079
  44701.5   0.03141
  45090.2   0.03178
  45485.8   0.03133
  45888.3   0.03010
  46298.0   0.02989
  46715.1   0.02996
  47139.8   0.03032
  47572.3   0.03180
  48012.8   0.03173
  48461.5   0.03203
  48918.7   0.03188
  49384.6   0.03235
  49859.4   0.03380



 BIR1LR074           .ASC                        

 LR-CMP-074                                                              
 12001,875 10-20 um                                                      
 Connected at 21.8 um                                                    

 Source Ang: 30.00   Detect Ang:  0.00  Volt: 1.222
 Date: 21-MAY-08   Time: 12:08:59
