  3786
   1351.4   0.16991
   1351.7   0.16306
   1352.1   0.15523
   1352.4   0.15359
   1352.8   0.16131
   1353.1   0.15395
   1353.5   0.16480
   1353.8   0.17266
   1354.2   0.15672
   1354.5   0.14508
   1354.9   0.17227
   1355.2   0.17463
   1355.6   0.16504
   1355.9   0.17653
   1356.3   0.16926
   1356.7   0.12991
   1357.0   0.13010
   1357.4   0.16448
   1357.7   0.18332
   1358.1   0.17307
   1358.4   0.15329
   1358.8   0.14605
   1359.2   0.16243
   1359.5   0.17320
   1359.9   0.15764
   1360.2   0.16389
   1360.6   0.16243
   1360.9   0.14500
   1361.3   0.14794
   1361.7   0.15841
   1362.0   0.15177
   1362.4   0.15759
   1362.7   0.16973
   1363.1   0.17325
   1363.4   0.16920
   1363.8   0.15158
   1364.2   0.14348
   1364.5   0.15460
   1364.9   0.16970
   1365.2   0.17576
   1365.6   0.16765
   1365.9   0.16389
   1366.3   0.16588
   1366.7   0.16188
   1367.0   0.14220
   1367.4   0.13786
   1367.8   0.15402
   1368.1   0.15684
   1368.5   0.16003
   1368.8   0.15870
   1369.2   0.14488
   1369.6   0.14599
   1369.9   0.15700
   1370.3   0.14334
   1370.7   0.14425
   1371.0   0.14016
   1371.4   0.13860
   1371.7   0.16009
   1372.1   0.15970
   1372.5   0.15415
   1372.8   0.17164
   1373.2   0.18005
   1373.6   0.16692
   1373.9   0.15925
   1374.3   0.14796
   1374.7   0.14621
   1375.0   0.14839
   1375.4   0.15716
   1375.7   0.16820
   1376.1   0.16883
   1376.5   0.15538
   1376.8   0.15448
   1377.2   0.16656
   1377.6   0.15985
   1377.9   0.16173
   1378.3   0.16606
   1378.7   0.15011
   1379.0   0.14194
   1379.4   0.14230
   1379.8   0.15503
   1380.1   0.15868
   1380.5   0.15256
   1380.9   0.14644
   1381.2   0.13677
   1381.6   0.14145
   1382.0   0.15134
   1382.3   0.16023
   1382.7   0.17003
   1383.1   0.16438
   1383.4   0.16005
   1383.8   0.16078
   1384.2   0.15880
   1384.6   0.15522
   1384.9   0.15156
   1385.3   0.15935
   1385.7   0.15998
   1386.0   0.15729
   1386.4   0.15912
   1386.8   0.15109
   1387.2   0.14211
   1387.5   0.16358
   1387.9   0.18354
   1388.3   0.17250
   1388.6   0.15903
   1389.0   0.16370
   1389.4   0.16267
   1389.8   0.15638
   1390.1   0.14127
   1390.5   0.14530
   1390.9   0.16298
   1391.2   0.16493
   1391.6   0.16247
   1392.0   0.16641
   1392.4   0.16747
   1392.7   0.16355
   1393.1   0.16007
   1393.5   0.16930
   1393.9   0.16905
   1394.2   0.16277
   1394.6   0.15939
   1395.0   0.16726
   1395.4   0.16532
   1395.7   0.15404
   1396.1   0.15581
   1396.5   0.15868
   1396.9   0.16387
   1397.2   0.16451
   1397.6   0.17331
   1398.0   0.17472
   1398.4   0.16530
   1398.8   0.15543
   1399.1   0.14964
   1399.5   0.16003
   1399.9   0.16355
   1400.3   0.15993
   1400.6   0.16397
   1401.0   0.16710
   1401.4   0.16391
   1401.8   0.15811
   1402.2   0.15944
   1402.5   0.16533
   1402.9   0.15968
   1403.3   0.15200
   1403.7   0.13967
   1404.1   0.14944
   1404.4   0.16805
   1404.8   0.17558
   1405.2   0.16799
   1405.6   0.16827
   1406.0   0.17300
   1406.3   0.17136
   1406.7   0.17092
   1407.1   0.17690
   1407.5   0.16906
   1407.9   0.16333
   1408.3   0.17329
   1408.6   0.17526
   1409.0   0.16786
   1409.4   0.16903
   1409.8   0.16816
   1410.2   0.15211
   1410.6   0.14638
   1410.9   0.15533
   1411.3   0.15708
   1411.7   0.15771
   1412.1   0.15394
   1412.5   0.16554
   1412.8   0.17183
   1413.2   0.16374
   1413.6   0.15847
   1414.0   0.15326
   1414.4   0.15044
   1414.8   0.16010
   1415.2   0.16131
   1415.6   0.14965
   1415.9   0.14201
   1416.3   0.15336
   1416.7   0.16712
   1417.1   0.17120
   1417.5   0.16902
   1417.9   0.17210
   1418.3   0.17197
   1418.7   0.16244
   1419.0   0.15308
   1419.4   0.16281
   1419.8   0.16669
   1420.2   0.16217
   1420.6   0.16219
   1421.0   0.15832
   1421.4   0.15472
   1421.8   0.16439
   1422.2   0.16622
   1422.5   0.16798
   1422.9   0.16572
   1423.3   0.16371
   1423.7   0.16391
   1424.1   0.16011
   1424.5   0.15681
   1424.9   0.15532
   1425.3   0.15927
   1425.7   0.15983
   1426.1   0.16726
   1426.5   0.16944
   1426.8   0.16054
   1427.2   0.16034
   1427.6   0.16783
   1428.0   0.15973
   1428.4   0.15510
   1428.8   0.16192
   1429.2   0.16706
   1429.6   0.16627
   1430.0   0.16187
   1430.4   0.16065
   1430.8   0.16298
   1431.2   0.15301
   1431.6   0.14910
   1432.0   0.16230
   1432.4   0.15940
   1432.8   0.15598
   1433.2   0.16434
   1433.6   0.16305
   1433.9   0.15962
   1434.3   0.15897
   1434.8   0.15946
   1435.1   0.15434
   1435.5   0.15220
   1435.9   0.16188
   1436.3   0.16691
   1436.7   0.16400
   1437.1   0.16390
   1437.5   0.16411
   1437.9   0.16264
   1438.3   0.16073
   1438.7   0.15774
   1439.1   0.16341
   1439.5   0.16068
   1439.9   0.15842
   1440.3   0.16782
   1440.7   0.16651
   1441.1   0.16055
   1441.5   0.15931
   1441.9   0.15736
   1442.3   0.16451
   1442.7   0.17284
   1443.1   0.17075
   1443.5   0.17092
   1443.9   0.16808
   1444.3   0.15759
   1444.7   0.15479
   1445.2   0.15719
   1445.6   0.15857
   1445.9   0.16869
   1446.3   0.16577
   1446.8   0.15978
   1447.2   0.15989
   1447.6   0.16035
   1448.0   0.16312
   1448.4   0.16014
   1448.8   0.15862
   1449.2   0.15977
   1449.6   0.15964
   1450.0   0.15750
   1450.4   0.16610
   1450.8   0.16382
   1451.2   0.15871
   1451.6   0.15940
   1452.0   0.16209
   1452.4   0.16521
   1452.8   0.16735
   1453.3   0.16068
   1453.7   0.15266
   1454.1   0.16075
   1454.5   0.16600
   1454.9   0.16470
   1455.3   0.16014
   1455.7   0.15864
   1456.1   0.16392
   1456.5   0.16485
   1456.9   0.16407
   1457.3   0.16171
   1457.7   0.16094
   1458.2   0.16420
   1458.6   0.16367
   1459.0   0.15869
   1459.4   0.15757
   1459.8   0.16059
   1460.2   0.16083
   1460.6   0.15753
   1461.0   0.16615
   1461.4   0.16825
   1461.8   0.15608
   1462.3   0.15442
   1462.7   0.16252
   1463.1   0.17426
   1463.5   0.17528
   1463.9   0.16447
   1464.3   0.15856
   1464.7   0.15994
   1465.2   0.16190
   1465.6   0.16181
   1466.0   0.16136
   1466.4   0.16609
   1466.8   0.16318
   1467.2   0.16119
   1467.6   0.16881
   1468.1   0.16858
   1468.5   0.16360
   1468.9   0.16731
   1469.3   0.16979
   1469.7   0.15915
   1470.1   0.15668
   1470.6   0.16175
   1471.0   0.16474
   1471.4   0.16404
   1471.8   0.15773
   1472.2   0.15081
   1472.7   0.15709
   1473.1   0.16800
   1473.5   0.17061
   1473.9   0.17474
   1474.3   0.17460
   1474.7   0.16918
   1475.2   0.16388
   1475.6   0.16321
   1476.0   0.15847
   1476.4   0.16029
   1476.8   0.15671
   1477.3   0.15872
   1477.7   0.16582
   1478.1   0.16736
   1478.5   0.15860
   1478.9   0.16058
   1479.4   0.16570
   1479.8   0.16369
   1480.2   0.15699
   1480.6   0.15433
   1481.1   0.16053
   1481.5   0.16706
   1481.9   0.16128
   1482.3   0.15755
   1482.8   0.15760
   1483.2   0.16260
   1483.6   0.16768
   1484.0   0.16917
   1484.4   0.16975
   1484.9   0.16334
   1485.3   0.16104
   1485.7   0.15941
   1486.2   0.15563
   1486.6   0.16114
   1487.0   0.16272
   1487.4   0.16231
   1487.9   0.15924
   1488.3   0.15993
   1488.7   0.16296
   1489.1   0.16982
   1489.6   0.17378
   1490.0   0.16946
   1490.4   0.16070
   1490.8   0.16074
   1491.3   0.16844
   1491.7   0.16549
   1492.1   0.16320
   1492.6   0.16137
   1493.0   0.15853
   1493.4   0.16161
   1493.9   0.16528
   1494.3   0.16709
   1494.7   0.16400
   1495.2   0.16432
   1495.6   0.16787
   1496.0   0.16730
   1496.4   0.16442
   1496.9   0.15969
   1497.3   0.15858
   1497.8   0.15432
   1498.2   0.15541
   1498.6   0.16031
   1499.0   0.16348
   1499.5   0.16850
   1499.9   0.17177
   1500.3   0.16502
   1500.8   0.15807
   1501.2   0.15623
   1501.7   0.15915
   1502.1   0.15743
   1502.5   0.15859
   1503.0   0.15995
   1503.4   0.16207
   1503.8   0.16017
   1504.3   0.15929
   1504.7   0.16064
   1505.1   0.16136
   1505.6   0.16375
   1506.0   0.15911
   1506.4   0.15981
   1506.9   0.16234
   1507.3   0.16158
   1507.8   0.15681
   1508.2   0.15965
   1508.6   0.16120
   1509.1   0.15441
   1509.5   0.14880
   1510.0   0.15759
   1510.4   0.16393
   1510.8   0.15929
   1511.3   0.15883
   1511.7   0.15894
   1512.2   0.15979
   1512.6   0.16522
   1513.0   0.16440
   1513.5   0.16403
   1513.9   0.16623
   1514.4   0.16650
   1514.8   0.16332
   1515.3   0.16411
   1515.7   0.16521
   1516.1   0.16398
   1516.6   0.16129
   1517.0   0.16248
   1517.5   0.16244
   1517.9   0.15534
   1518.4   0.15548
   1518.8   0.16132
   1519.3   0.16364
   1519.7   0.16670
   1520.1   0.16654
   1520.6   0.16655
   1521.0   0.16141
   1521.5   0.15273
   1521.9   0.15251
   1522.4   0.15472
   1522.8   0.15698
   1523.3   0.16178
   1523.7   0.16147
   1524.2   0.16049
   1524.6   0.15587
   1525.1   0.15406
   1525.5   0.15742
   1526.0   0.15831
   1526.4   0.15815
   1526.9   0.15439
   1527.3   0.15179
   1527.8   0.15614
   1528.2   0.16187
   1528.7   0.16169
   1529.1   0.15688
   1529.6   0.15526
   1530.0   0.15541
   1530.5   0.16216
   1530.9   0.16930
   1531.4   0.17155
   1531.8   0.16746
   1532.3   0.16276
   1532.7   0.15830
   1533.2   0.16105
   1533.6   0.16008
   1534.1   0.15633
   1534.5   0.15736
   1535.0   0.16008
   1535.4   0.15953
   1535.9   0.15745
   1536.4   0.15925
   1536.8   0.16218
   1537.3   0.16254
   1537.7   0.16240
   1538.2   0.16264
   1538.6   0.15734
   1539.1   0.15586
   1539.6   0.15837
   1540.0   0.16172
   1540.5   0.16757
   1540.9   0.16599
   1541.4   0.16002
   1541.8   0.15687
   1542.3   0.15779
   1542.8   0.16141
   1543.2   0.15868
   1543.7   0.15622
   1544.1   0.15809
   1544.6   0.15752
   1545.1   0.15872
   1545.5   0.15886
   1546.0   0.16022
   1546.4   0.15877
   1546.9   0.15574
   1547.4   0.15832
   1547.8   0.16049
   1548.3   0.16064
   1548.8   0.16215
   1549.2   0.16118
   1549.7   0.15799
   1550.1   0.15512
   1550.6   0.15287
   1551.1   0.15708
   1551.5   0.15793
   1552.0   0.15884
   1552.5   0.15785
   1552.9   0.15096
   1553.4   0.15008
   1553.8   0.15518
   1554.3   0.15754
   1554.8   0.15582
   1555.3   0.15261
   1555.7   0.15207
   1556.2   0.15323
   1556.7   0.15385
   1557.1   0.15008
   1557.6   0.14675
   1558.1   0.14440
   1558.5   0.14703
   1559.0   0.15509
   1559.5   0.16067
   1559.9   0.15625
   1560.4   0.15666
   1560.9   0.15660
   1561.3   0.15715
   1561.8   0.15830
   1562.3   0.15804
   1562.8   0.15724
   1563.2   0.16008
   1563.7   0.15900
   1564.2   0.15394
   1564.6   0.15081
   1565.1   0.15221
   1565.6   0.15543
   1566.1   0.15810
   1566.5   0.15728
   1567.0   0.15217
   1567.5   0.15382
   1567.9   0.15753
   1568.4   0.15752
   1568.9   0.15603
   1569.4   0.15471
   1569.8   0.15386
   1570.3   0.15018
   1570.8   0.15197
   1571.3   0.15844
   1571.8   0.15761
   1572.2   0.15039
   1572.7   0.14866
   1573.2   0.15163
   1573.7   0.15279
   1574.1   0.15560
   1574.6   0.16093
   1575.1   0.16292
   1575.6   0.15541
   1576.1   0.15199
   1576.5   0.15238
   1577.0   0.15128
   1577.5   0.15311
   1578.0   0.15658
   1578.4   0.15659
   1578.9   0.15256
   1579.4   0.15032
   1579.9   0.15211
   1580.4   0.15372
   1580.9   0.15673
   1581.3   0.15765
   1581.8   0.15463
   1582.3   0.15047
   1582.8   0.14999
   1583.3   0.15291
   1583.8   0.15611
   1584.2   0.15930
   1584.7   0.15599
   1585.2   0.15084
   1585.7   0.15006
   1586.2   0.14973
   1586.7   0.15067
   1587.2   0.15281
   1587.6   0.15399
   1588.1   0.15648
   1588.6   0.15528
   1589.1   0.15476
   1589.6   0.15732
   1590.1   0.15713
   1590.6   0.15472
   1591.1   0.15165
   1591.5   0.15096
   1592.0   0.15042
   1592.5   0.14518
   1593.0   0.14671
   1593.5   0.15187
   1594.0   0.15199
   1594.5   0.15368
   1595.0   0.15585
   1595.4   0.15324
   1595.9   0.15016
   1596.4   0.14891
   1596.9   0.14897
   1597.4   0.14917
   1597.9   0.14905
   1598.4   0.14800
   1598.9   0.14678
   1599.4   0.14906
   1599.9   0.15277
   1600.4   0.15176
   1600.9   0.15212
   1601.4   0.15407
   1601.9   0.14965
   1602.3   0.14668
   1602.8   0.14881
   1603.3   0.14798
   1603.8   0.14450
   1604.3   0.14436
   1604.8   0.14858
   1605.3   0.15009
   1605.8   0.15092
   1606.3   0.15091
   1606.8   0.14850
   1607.3   0.14958
   1607.8   0.14981
   1608.3   0.14688
   1608.8   0.14778
   1609.3   0.14874
   1609.8   0.14490
   1610.3   0.14197
   1610.8   0.14502
   1611.3   0.15211
   1611.8   0.15076
   1612.3   0.14735
   1612.8   0.14698
   1613.3   0.14393
   1613.8   0.14116
   1614.3   0.14254
   1614.8   0.14316
   1615.3   0.14050
   1615.8   0.14306
   1616.3   0.14728
   1616.8   0.14647
   1617.3   0.14340
   1617.8   0.14293
   1618.4   0.14343
   1618.9   0.14405
   1619.4   0.14610
   1619.9   0.14934
   1620.4   0.14533
   1620.9   0.14232
   1621.4   0.14312
   1621.9   0.14290
   1622.4   0.14273
   1622.9   0.14444
   1623.4   0.14385
   1623.9   0.14089
   1624.4   0.13964
   1624.9   0.14308
   1625.5   0.14545
   1626.0   0.14555
   1626.5   0.14533
   1627.0   0.14178
   1627.5   0.14171
   1628.0   0.14491
   1628.5   0.14471
   1629.0   0.14441
   1629.6   0.13896
   1630.1   0.14080
   1630.6   0.14544
   1631.1   0.14234
   1631.6   0.13877
   1632.1   0.14198
   1632.6   0.14357
   1633.1   0.14328
   1633.7   0.14184
   1634.2   0.13731
   1634.7   0.13739
   1635.2   0.14202
   1635.7   0.14240
   1636.2   0.14079
   1636.8   0.14110
   1637.3   0.14373
   1637.8   0.14359
   1638.3   0.13976
   1638.8   0.14006
   1639.3   0.14125
   1639.9   0.13759
   1640.4   0.13658
   1640.9   0.13461
   1641.4   0.13433
   1641.9   0.13746
   1642.5   0.14333
   1643.0   0.14207
   1643.5   0.13684
   1644.0   0.13921
   1644.5   0.14058
   1645.1   0.13799
   1645.6   0.13506
   1646.1   0.13646
   1646.6   0.13900
   1647.2   0.13908
   1647.7   0.13881
   1648.2   0.13826
   1648.7   0.13640
   1649.3   0.13740
   1649.8   0.13864
   1650.3   0.13795
   1650.8   0.13507
   1651.3   0.13491
   1651.9   0.13881
   1652.4   0.13902
   1652.9   0.13798
   1653.4   0.13866
   1654.0   0.14106
   1654.5   0.13990
   1655.0   0.13724
   1655.6   0.13739
   1656.1   0.14044
   1656.6   0.13942
   1657.2   0.13530
   1657.7   0.13461
   1658.2   0.13690
   1658.7   0.13756
   1659.3   0.13805
   1659.8   0.13672
   1660.3   0.13634
   1660.9   0.13851
   1661.4   0.13748
   1661.9   0.13682
   1662.5   0.13845
   1663.0   0.13883
   1663.5   0.13502
   1664.1   0.13207
   1664.6   0.13541
   1665.1   0.13594
   1665.7   0.13450
   1666.2   0.13585
   1666.7   0.13690
   1667.3   0.13576
   1667.8   0.13716
   1668.3   0.13611
   1668.9   0.13563
   1669.4   0.13532
   1670.0   0.13371
   1670.5   0.13418
   1671.0   0.13503
   1671.6   0.13334
   1672.1   0.13297
   1672.7   0.13333
   1673.2   0.13122
   1673.7   0.13144
   1674.3   0.13229
   1674.8   0.13133
   1675.4   0.13109
   1675.9   0.13125
   1676.4   0.13287
   1677.0   0.13730
   1677.5   0.13849
   1678.1   0.13319
   1678.6   0.12746
   1679.2   0.12904
   1679.7   0.13246
   1680.3   0.13247
   1680.8   0.13162
   1681.3   0.13286
   1681.9   0.13162
   1682.4   0.12921
   1683.0   0.13054
   1683.5   0.12980
   1684.1   0.12723
   1684.6   0.12779
   1685.2   0.13224
   1685.7   0.13188
   1686.3   0.13015
   1686.8   0.13225
   1687.3   0.13284
   1687.9   0.12982
   1688.4   0.13032
   1689.0   0.13384
   1689.6   0.13171
   1690.1   0.13052
   1690.7   0.12976
   1691.2   0.12547
   1691.8   0.12392
   1692.3   0.12700
   1692.9   0.12778
   1693.4   0.12401
   1694.0   0.12451
   1694.5   0.12629
   1695.1   0.12738
   1695.6   0.12680
   1696.2   0.12486
   1696.7   0.12683
   1697.3   0.12824
   1697.8   0.12831
   1698.4   0.12585
   1699.0   0.12388
   1699.5   0.12621
   1700.1   0.12560
   1700.6   0.12393
   1701.2   0.12364
   1701.8   0.12508
   1702.3   0.12744
   1702.9   0.12622
   1703.4   0.12375
   1704.0   0.12603
   1704.6   0.12530
   1705.1   0.12374
   1705.7   0.12226
   1706.2   0.12444
   1706.8   0.12785
   1707.4   0.12673
   1707.9   0.12533
   1708.5   0.12273
   1709.1   0.12137
   1709.6   0.12242
   1710.2   0.12444
   1710.7   0.12411
   1711.3   0.12178
   1711.9   0.12252
   1712.4   0.12211
   1713.0   0.12117
   1713.6   0.12083
   1714.1   0.12125
   1714.7   0.12160
   1715.3   0.12297
   1715.8   0.12534
   1716.4   0.12525
   1717.0   0.12361
   1717.5   0.12270
   1718.1   0.12071
   1718.7   0.12071
   1719.3   0.12351
   1719.8   0.12496
   1720.4   0.12361
   1721.0   0.12367
   1721.5   0.12533
   1722.1   0.12506
   1722.7   0.12429
   1723.3   0.12295
   1723.8   0.12219
   1724.4   0.12296
   1725.0   0.12155
   1725.5   0.11949
   1726.1   0.11826
   1726.7   0.11713
   1727.3   0.11875
   1727.8   0.12196
   1728.4   0.12268
   1729.0   0.12171
   1729.6   0.12076
   1730.2   0.11911
   1730.7   0.12073
   1731.3   0.12206
   1731.9   0.11915
   1732.5   0.11882
   1733.0   0.11962
   1733.6   0.12043
   1734.2   0.11961
   1734.8   0.11801
   1735.4   0.11870
   1735.9   0.11859
   1736.5   0.11963
   1737.1   0.11884
   1737.7   0.11787
   1738.3   0.11951
   1738.8   0.11888
   1739.4   0.11765
   1740.0   0.11641
   1740.6   0.11612
   1741.2   0.11915
   1741.8   0.12012
   1742.4   0.11903
   1742.9   0.11767
   1743.5   0.11632
   1744.1   0.11632
   1744.7   0.11616
   1745.3   0.11616
   1745.9   0.11588
   1746.5   0.11504
   1747.1   0.11598
   1747.6   0.11662
   1748.2   0.11540
   1748.8   0.11326
   1749.4   0.11245
   1750.0   0.11461
   1750.6   0.11473
   1751.2   0.11460
   1751.8   0.11599
   1752.4   0.11593
   1753.0   0.11517
   1753.6   0.11461
   1754.2   0.11228
   1754.7   0.11132
   1755.3   0.11365
   1755.9   0.11487
   1756.5   0.11466
   1757.1   0.11523
   1757.7   0.11534
   1758.3   0.11499
   1758.9   0.11616
   1759.5   0.11683
   1760.1   0.11381
   1760.7   0.11032
   1761.3   0.11011
   1761.9   0.11251
   1762.5   0.11436
   1763.1   0.11147
   1763.7   0.10926
   1764.3   0.11047
   1764.9   0.11270
   1765.5   0.11244
   1766.1   0.11139
   1766.7   0.11030
   1767.3   0.11191
   1767.9   0.11437
   1768.5   0.11207
   1769.1   0.11084
   1769.7   0.11107
   1770.3   0.11071
   1770.9   0.10909
   1771.5   0.11041
   1772.1   0.11211
   1772.7   0.11145
   1773.3   0.11040
   1773.9   0.10900
   1774.6   0.10797
   1775.2   0.10720
   1775.8   0.10794
   1776.4   0.10840
   1777.0   0.10888
   1777.6   0.10892
   1778.2   0.11041
   1778.8   0.11138
   1779.4   0.11029
   1780.0   0.11075
   1780.7   0.11120
   1781.3   0.11007
   1781.9   0.10926
   1782.5   0.10795
   1783.1   0.10708
   1783.7   0.10744
   1784.3   0.10817
   1784.9   0.10873
   1785.6   0.10935
   1786.2   0.11005
   1786.8   0.10882
   1787.4   0.10710
   1788.0   0.10690
   1788.6   0.10844
   1789.3   0.10898
   1789.9   0.10710
   1790.5   0.10576
   1791.1   0.10578
   1791.7   0.10518
   1792.3   0.10510
   1793.0   0.10626
   1793.6   0.10443
   1794.2   0.10591
   1794.8   0.10744
   1795.4   0.10627
   1796.1   0.10523
   1796.7   0.10595
   1797.3   0.10771
   1797.9   0.10735
   1798.6   0.10609
   1799.2   0.10459
   1799.8   0.10307
   1800.4   0.10325
   1801.1   0.10548
   1801.7   0.10686
   1802.3   0.10593
   1802.9   0.10373
   1803.6   0.10462
   1804.2   0.10457
   1804.8   0.10464
   1805.5   0.10444
   1806.1   0.10370
   1806.7   0.10264
   1807.3   0.10282
   1808.0   0.10297
   1808.6   0.10385
   1809.2   0.10651
   1809.9   0.10706
   1810.5   0.10483
   1811.1   0.10377
   1811.8   0.10571
   1812.4   0.10600
   1813.0   0.10495
   1813.7   0.10482
   1814.3   0.10342
   1814.9   0.10346
   1815.6   0.10442
   1816.2   0.10343
   1816.8   0.10178
   1817.5   0.10023
   1818.1   0.10082
   1818.8   0.10276
   1819.4   0.10388
   1820.0   0.10307
   1820.7   0.10097
   1821.3   0.09923
   1821.9   0.09888
   1822.6   0.09917
   1823.2   0.10007
   1823.9   0.10019
   1824.5   0.09913
   1825.2   0.10062
   1825.8   0.10171
   1826.4   0.09966
   1827.1   0.10031
   1827.7   0.10103
   1828.4   0.09889
   1829.0   0.09846
   1829.7   0.09988
   1830.3   0.09979
   1831.0   0.09895
   1831.6   0.09980
   1832.3   0.09965
   1832.9   0.10037
   1833.6   0.10015
   1834.2   0.09749
   1834.8   0.09709
   1835.5   0.09830
   1836.2   0.09790
   1836.8   0.09843
   1837.4   0.09878
   1838.1   0.09699
   1838.8   0.09728
   1839.4   0.09968
   1840.1   0.09892
   1840.7   0.09678
   1841.4   0.09581
   1842.0   0.09661
   1842.7   0.09728
   1843.3   0.09689
   1844.0   0.09579
   1844.6   0.09610
   1845.3   0.09613
   1845.9   0.09556
   1846.6   0.09468
   1847.3   0.09439
   1847.9   0.09606
   1848.6   0.09628
   1849.3   0.09508
   1849.9   0.09555
   1850.6   0.09789
   1851.2   0.09679
   1851.9   0.09543
   1852.6   0.09560
   1853.2   0.09727
   1853.9   0.09719
   1854.5   0.09549
   1855.2   0.09399
   1855.9   0.09430
   1856.5   0.09517
   1857.2   0.09556
   1857.9   0.09637
   1858.5   0.09656
   1859.2   0.09709
   1859.9   0.09583
   1860.5   0.09445
   1861.2   0.09452
   1861.9   0.09435
   1862.5   0.09523
   1863.2   0.09613
   1863.9   0.09610
   1864.5   0.09468
   1865.2   0.09373
   1865.9   0.09498
   1866.6   0.09619
   1867.2   0.09461
   1867.9   0.09514
   1868.6   0.09678
   1869.3   0.09709
   1869.9   0.09560
   1870.6   0.09473
   1871.3   0.09433
   1871.9   0.09416
   1872.6   0.09436
   1873.3   0.09405
   1874.0   0.09525
   1874.7   0.09540
   1875.3   0.09439
   1876.0   0.09263
   1876.7   0.09083
   1877.4   0.09168
   1878.1   0.09164
   1878.7   0.09072
   1879.4   0.09112
   1880.1   0.09130
   1880.8   0.09224
   1881.5   0.09253
   1882.1   0.09157
   1882.8   0.09053
   1883.5   0.09008
   1884.2   0.08990
   1884.9   0.09161
   1885.6   0.09138
   1886.3   0.09086
   1886.9   0.09169
   1887.6   0.09070
   1888.3   0.09033
   1889.0   0.09222
   1889.7   0.09343
   1890.4   0.09165
   1891.1   0.09110
   1891.8   0.09274
   1892.4   0.09179
   1893.1   0.08923
   1893.8   0.08891
   1894.5   0.09002
   1895.2   0.08978
   1895.9   0.08993
   1896.6   0.09060
   1897.3   0.09008
   1898.0   0.08961
   1898.7   0.09057
   1899.4   0.09031
   1900.1   0.08864
   1900.8   0.08937
   1901.5   0.09141
   1902.2   0.09065
   1902.9   0.08928
   1903.6   0.08846
   1904.3   0.08735
   1905.0   0.08814
   1905.7   0.08970
   1906.4   0.08855
   1907.1   0.08893
   1907.8   0.09126
   1908.5   0.09157
   1909.2   0.09046
   1909.9   0.08937
   1910.6   0.08946
   1911.3   0.08943
   1912.0   0.08884
   1912.7   0.08900
   1913.4   0.08903
   1914.1   0.08905
   1914.8   0.08995
   1915.5   0.08850
   1916.2   0.08627
   1916.9   0.08580
   1917.6   0.08695
   1918.3   0.08658
   1919.1   0.08597
   1919.8   0.08772
   1920.5   0.08818
   1921.2   0.08723
   1921.9   0.08735
   1922.6   0.08736
   1923.3   0.08771
   1924.1   0.08683
   1924.8   0.08646
   1925.5   0.08706
   1926.2   0.08765
   1926.9   0.08792
   1927.6   0.08765
   1928.3   0.08637
   1929.1   0.08516
   1929.8   0.08475
   1930.5   0.08711
   1931.2   0.08717
   1931.9   0.08657
   1932.7   0.08721
   1933.4   0.08758
   1934.1   0.08646
   1934.8   0.08514
   1935.5   0.08442
   1936.3   0.08360
   1937.0   0.08340
   1937.7   0.08428
   1938.4   0.08474
   1939.2   0.08516
   1939.9   0.08651
   1940.6   0.08563
   1941.3   0.08484
   1942.1   0.08441
   1942.8   0.08517
   1943.5   0.08609
   1944.3   0.08632
   1945.0   0.08572
   1945.7   0.08483
   1946.4   0.08583
   1947.2   0.08597
   1947.9   0.08443
   1948.6   0.08528
   1949.4   0.08518
   1950.1   0.08325
   1950.8   0.08279
   1951.6   0.08323
   1952.3   0.08405
   1953.0   0.08461
   1953.8   0.08491
   1954.5   0.08499
   1955.3   0.08449
   1956.0   0.08474
   1956.7   0.08577
   1957.5   0.08610
   1958.2   0.08463
   1958.9   0.08317
   1959.7   0.08294
   1960.4   0.08291
   1961.2   0.08273
   1961.9   0.08281
   1962.7   0.08408
   1963.4   0.08320
   1964.1   0.08089
   1964.9   0.08174
   1965.6   0.08423
   1966.4   0.08403
   1967.1   0.08281
   1967.9   0.08290
   1968.6   0.08240
   1969.4   0.08304
   1970.1   0.08313
   1970.8   0.08247
   1971.6   0.08210
   1972.3   0.08181
   1973.1   0.08185
   1973.8   0.08084
   1974.6   0.08192
   1975.4   0.08159
   1976.1   0.07989
   1976.9   0.08101
   1977.6   0.08188
   1978.4   0.08095
   1979.1   0.08068
   1979.9   0.08102
   1980.6   0.08161
   1981.4   0.08104
   1982.2   0.08024
   1982.9   0.08037
   1983.7   0.08067
   1984.4   0.08039
   1985.2   0.08106
   1985.9   0.08180
   1986.7   0.08160
   1987.5   0.08051
   1988.2   0.08018
   1989.0   0.08101
   1989.8   0.08179
   1990.5   0.08147
   1991.3   0.08021
   1992.1   0.07987
   1992.8   0.07966
   1993.6   0.08045
   1994.3   0.08065
   1995.1   0.08036
   1995.9   0.08106
   1996.7   0.08079
   1997.4   0.07937
   1998.2   0.08012
   1999.0   0.08002
   1999.7   0.07959
   2000.5   0.07871
   2001.3   0.07870
   2002.1   0.07914
   2002.8   0.07944
   2003.6   0.08004
   2004.4   0.07950
   2005.2   0.07859
   2005.9   0.07907
   2006.7   0.07909
   2007.5   0.07882
   2008.3   0.07931
   2009.0   0.08047
   2009.8   0.08113
   2010.6   0.07941
   2011.4   0.07829
   2012.2   0.07874
   2012.9   0.07835
   2013.7   0.07878
   2014.5   0.07911
   2015.3   0.07832
   2016.1   0.07791
   2016.8   0.07719
   2017.6   0.07664
   2018.4   0.07810
   2019.2   0.07890
   2020.0   0.07830
   2020.8   0.07711
   2021.6   0.07825
   2022.4   0.07846
   2023.2   0.07822
   2023.9   0.07936
   2024.7   0.07911
   2025.5   0.07731
   2026.3   0.07691
   2027.1   0.07696
   2027.9   0.07710
   2028.7   0.07797
   2029.5   0.07815
   2030.3   0.07852
   2031.1   0.07881
   2031.9   0.07808
   2032.7   0.07850
   2033.5   0.07894
   2034.3   0.07788
   2035.1   0.07818
   2035.9   0.07729
   2036.7   0.07589
   2037.5   0.07715
   2038.3   0.07806
   2039.1   0.07730
   2039.9   0.07755
   2040.7   0.07784
   2041.5   0.07817
   2042.3   0.07934
   2043.1   0.07792
   2043.9   0.07621
   2044.7   0.07651
   2045.5   0.07642
   2046.3   0.07533
   2047.1   0.07577
   2047.9   0.07718
   2048.7   0.07712
   2049.5   0.07742
   2050.4   0.07706
   2051.2   0.07653
   2052.0   0.07662
   2052.8   0.07592
   2053.6   0.07685
   2054.4   0.07682
   2055.2   0.07621
   2056.0   0.07546
   2056.9   0.07509
   2057.7   0.07677
   2058.5   0.07760
   2059.3   0.07785
   2060.1   0.07748
   2060.9   0.07541
   2061.8   0.07471
   2062.6   0.07547
   2063.4   0.07520
   2064.2   0.07409
   2065.1   0.07445
   2065.9   0.07561
   2066.7   0.07722
   2067.5   0.07773
   2068.3   0.07672
   2069.2   0.07563
   2070.0   0.07436
   2070.8   0.07452
   2071.6   0.07595
   2072.5   0.07470
   2073.3   0.07390
   2074.1   0.07444
   2075.0   0.07466
   2075.8   0.07569
   2076.6   0.07672
   2077.5   0.07596
   2078.3   0.07558
   2079.1   0.07609
   2080.0   0.07577
   2080.8   0.07490
   2081.6   0.07491
   2082.5   0.07551
   2083.3   0.07584
   2084.1   0.07574
   2085.0   0.07605
   2085.8   0.07626
   2086.7   0.07494
   2087.5   0.07442
   2088.3   0.07493
   2089.2   0.07485
   2090.0   0.07507
   2090.9   0.07525
   2091.7   0.07470
   2092.6   0.07439
   2093.4   0.07479
   2094.2   0.07474
   2095.1   0.07421
   2095.9   0.07458
   2096.8   0.07374
   2097.6   0.07351
   2098.5   0.07358
   2099.3   0.07305
   2100.2   0.07236
   2101.0   0.07339
   2101.9   0.07406
   2102.7   0.07288
   2103.6   0.07314
   2104.4   0.07411
   2105.3   0.07453
   2106.1   0.07491
   2107.0   0.07504
   2107.9   0.07414
   2108.7   0.07380
   2109.6   0.07399
   2110.4   0.07428
   2111.3   0.07463
   2112.2   0.07443
   2113.0   0.07443
   2113.9   0.07483
   2114.7   0.07481
   2115.6   0.07453
   2116.5   0.07434
   2117.3   0.07400
   2118.2   0.07327
   2119.1   0.07294
   2119.9   0.07320
   2120.8   0.07316
   2121.7   0.07376
   2122.5   0.07415
   2123.4   0.07354
   2124.3   0.07191
   2125.1   0.07164
   2126.0   0.07350
   2126.9   0.07420
   2127.8   0.07448
   2128.6   0.07411
   2129.5   0.07310
   2130.4   0.07314
   2131.3   0.07318
   2132.1   0.07283
   2133.0   0.07359
   2133.9   0.07416
   2134.8   0.07394
   2135.6   0.07321
   2136.5   0.07357
   2137.4   0.07380
   2138.3   0.07251
   2139.2   0.07236
   2140.1   0.07349
   2140.9   0.07400
   2141.8   0.07389
   2142.7   0.07413
   2143.6   0.07334
   2144.5   0.07327
   2145.4   0.07308
   2146.3   0.07236
   2147.1   0.07344
   2148.0   0.07373
   2148.9   0.07302
   2149.8   0.07348
   2150.7   0.07437
   2151.6   0.07378
   2152.5   0.07301
   2153.4   0.07270
   2154.3   0.07236
   2155.2   0.07373
   2156.1   0.07409
   2157.0   0.07369
   2157.9   0.07343
   2158.8   0.07340
   2159.7   0.07387
   2160.6   0.07366
   2161.5   0.07276
   2162.4   0.07250
   2163.3   0.07261
   2164.2   0.07224
   2165.1   0.07216
   2166.0   0.07261
   2166.9   0.07325
   2167.8   0.07340
   2168.7   0.07263
   2169.6   0.07308
   2170.5   0.07328
   2171.4   0.07308
   2172.3   0.07326
   2173.3   0.07277
   2174.2   0.07256
   2175.1   0.07252
   2176.0   0.07237
   2176.9   0.07292
   2177.8   0.07316
   2178.7   0.07290
   2179.6   0.07288
   2180.6   0.07328
   2181.5   0.07322
   2182.4   0.07275
   2183.3   0.07321
   2184.2   0.07327
   2185.1   0.07295
   2186.1   0.07349
   2187.0   0.07350
   2187.9   0.07292
   2188.8   0.07279
   2189.8   0.07273
   2190.7   0.07315
   2191.6   0.07292
   2192.6   0.07239
   2193.5   0.07283
   2194.4   0.07308
   2195.3   0.07300
   2196.3   0.07271
   2197.2   0.07282
   2198.1   0.07244
   2199.1   0.07260
   2200.0   0.07352
   2200.9   0.07320
   2201.9   0.07306
   2202.8   0.07349
   2203.7   0.07333
   2204.7   0.07338
   2205.6   0.07263
   2206.5   0.07259
   2207.5   0.07297
   2208.4   0.07354
   2209.4   0.07371
   2210.3   0.07349
   2211.3   0.07304
   2212.2   0.07270
   2213.1   0.07308
   2214.1   0.07268
   2215.0   0.07243
   2216.0   0.07333
   2216.9   0.07333
   2217.9   0.07271
   2218.8   0.07234
   2219.8   0.07257
   2220.7   0.07238
   2221.7   0.07265
   2222.6   0.07333
   2223.6   0.07292
   2224.5   0.07279
   2225.5   0.07275
   2226.4   0.07238
   2227.4   0.07268
   2228.4   0.07280
   2229.3   0.07197
   2230.3   0.07247
   2231.2   0.07296
   2232.2   0.07206
   2233.1   0.07123
   2234.1   0.07177
   2235.1   0.07291
   2236.0   0.07317
   2237.0   0.07362
   2238.0   0.07379
   2238.9   0.07332
   2239.9   0.07253
   2240.9   0.07334
   2241.8   0.07340
   2242.8   0.07217
   2243.8   0.07205
   2244.8   0.07320
   2245.7   0.07396
   2246.7   0.07288
   2247.7   0.07155
   2248.6   0.07126
   2249.6   0.07316
   2250.6   0.07346
   2251.6   0.07218
   2252.6   0.07214
   2253.5   0.07222
   2254.5   0.07224
   2255.5   0.07317
   2256.5   0.07329
   2257.5   0.07272
   2258.4   0.07324
   2259.4   0.07410
   2260.4   0.07384
   2261.4   0.07264
   2262.4   0.07230
   2263.4   0.07385
   2264.4   0.07401
   2265.4   0.07397
   2266.3   0.07391
   2267.3   0.07348
   2268.3   0.07367
   2269.3   0.07492
   2270.3   0.07490
   2271.3   0.07445
   2272.3   0.07449
   2273.3   0.07425
   2274.3   0.07356
   2275.3   0.07310
   2276.3   0.07362
   2277.3   0.07472
   2278.3   0.07417
   2279.3   0.07314
   2280.3   0.07386
   2281.3   0.07406
   2282.3   0.07361
   2283.3   0.07350
   2284.3   0.07322
   2285.3   0.07391
   2286.3   0.07474
   2287.3   0.07438
   2288.4   0.07462
   2289.4   0.07451
   2290.4   0.07389
   2291.4   0.07364
   2292.4   0.07356
   2293.4   0.07359
   2294.4   0.07400
   2295.4   0.07418
   2296.5   0.07457
   2297.5   0.07447
   2298.5   0.07456
   2299.5   0.07447
   2300.5   0.07403
   2301.6   0.07417
   2302.6   0.07502
   2303.6   0.07536
   2304.6   0.07486
   2305.6   0.07448
   2306.7   0.07503
   2307.7   0.07505
   2308.7   0.07467
   2309.8   0.07521
   2310.8   0.07508
   2311.8   0.07482
   2312.9   0.07527
   2313.9   0.07508
   2314.9   0.07485
   2315.9   0.07529
   2317.0   0.07509
   2318.0   0.07500
   2319.1   0.07490
   2320.1   0.07480
   2321.1   0.07480
   2322.2   0.07503
   2323.2   0.07544
   2324.3   0.07559
   2325.3   0.07476
   2326.3   0.07452
   2327.4   0.07555
   2328.4   0.07609
   2329.5   0.07577
   2330.5   0.07544
   2331.6   0.07593
   2332.6   0.07568
   2333.7   0.07569
   2334.7   0.07629
   2335.8   0.07658
   2336.8   0.07654
   2337.9   0.07674
   2338.9   0.07729
   2340.0   0.07722
   2341.0   0.07656
   2342.1   0.07698
   2343.2   0.07758
   2344.2   0.07747
   2345.3   0.07758
   2346.3   0.07763
   2347.4   0.07727
   2348.5   0.07734
   2349.5   0.07714
   2350.6   0.07674
   2351.7   0.07702
   2352.7   0.07762
   2353.8   0.07877
   2354.9   0.07839
   2355.9   0.07765
   2357.0   0.07762
   2358.1   0.07791
   2359.1   0.07830
   2360.2   0.07802
   2361.3   0.07767
   2362.4   0.07800
   2363.4   0.07910
   2364.5   0.07915
   2365.6   0.07843
   2366.7   0.07856
   2367.8   0.07899
   2368.9   0.07881
   2369.9   0.07878
   2371.0   0.07914
   2372.1   0.07944
   2373.2   0.07880
   2374.3   0.07777
   2375.4   0.07793
   2376.4   0.07901
   2377.5   0.07895
   2378.6   0.07897
   2379.7   0.07931
   2380.8   0.08022
   2381.9   0.07953
   2383.0   0.07851
   2384.1   0.07910
   2385.2   0.07974
   2386.3   0.08007
   2387.4   0.08075
   2388.5   0.08040
   2389.6   0.07995
   2390.7   0.07913
   2391.8   0.07961
   2392.9   0.08082
   2394.0   0.08091
   2395.1   0.08048
   2396.2   0.08076
   2397.3   0.08154
   2398.4   0.08209
   2399.6   0.08213
   2400.7   0.08156
   2401.8   0.08172
   2402.9   0.08208
   2404.0   0.08189
   2405.1   0.08159
   2406.2   0.08246
   2407.4   0.08266
   2408.5   0.08226
   2409.6   0.08240
   2410.7   0.08256
   2411.8   0.08252
   2412.9   0.08261
   2414.1   0.08269
   2415.2   0.08247
   2416.3   0.08236
   2417.4   0.08238
   2418.6   0.08226
   2419.7   0.08288
   2420.8   0.08330
   2422.0   0.08402
   2423.1   0.08480
   2424.2   0.08498
   2425.4   0.08434
   2426.5   0.08438
   2427.6   0.08427
   2428.8   0.08459
   2429.9   0.08446
   2431.1   0.08457
   2432.2   0.08478
   2433.3   0.08503
   2434.5   0.08579
   2435.6   0.08600
   2436.8   0.08612
   2437.9   0.08695
   2439.1   0.08709
   2440.2   0.08620
   2441.4   0.08612
   2442.5   0.08703
   2443.6   0.08741
   2444.8   0.08707
   2446.0   0.08689
   2447.1   0.08748
   2448.3   0.08820
   2449.4   0.08828
   2450.6   0.08718
   2451.7   0.08680
   2452.9   0.08723
   2454.1   0.08767
   2455.2   0.08787
   2456.4   0.08830
   2457.6   0.08850
   2458.7   0.08886
   2459.9   0.08916
   2461.1   0.08964
   2462.2   0.08960
   2463.4   0.08916
   2464.6   0.08937
   2465.7   0.09022
   2466.9   0.09041
   2468.1   0.09019
   2469.3   0.09007
   2470.4   0.09046
   2471.6   0.09119
   2472.8   0.09140
   2474.0   0.09131
   2475.1   0.09167
   2476.3   0.09185
   2477.5   0.09206
   2478.7   0.09204
   2479.9   0.09184
   2481.1   0.09201
   2482.3   0.09199
   2483.4   0.09200
   2484.6   0.09219
   2485.8   0.09303
   2487.0   0.09302
   2488.2   0.09291
   2489.4   0.09377
   2490.6   0.09393
   2491.8   0.09355
   2493.0   0.09369
   2494.2   0.09445
   2495.4   0.09507
   2496.6   0.09546
   2497.8   0.09608
   2499.0   0.09601
   2500.2   0.09544
   2501.4   0.09593
   2502.6   0.09674
   2503.8   0.09665
   2505.0   0.09659
   2506.3   0.09752
   2507.5   0.09760
   2508.7   0.09771
   2509.9   0.09830
   2511.1   0.09802
   2512.3   0.09789
   2513.5   0.09824
   2514.8   0.09834
   2516.0   0.09858
   2517.2   0.09915
   2518.4   0.09941
   2519.6   0.10001
   2520.9   0.10010
   2522.1   0.09998
   2523.3   0.10043
   2524.6   0.10059
   2525.8   0.10071
   2527.0   0.10106
   2528.3   0.10097
   2529.5   0.10132
   2530.7   0.10185
   2531.9   0.10152
   2533.2   0.10136
   2534.4   0.10130
   2535.7   0.10193
   2536.9   0.10311
   2538.1   0.10363
   2539.4   0.10340
   2540.6   0.10317
   2541.9   0.10377
   2543.1   0.10478
   2544.4   0.10467
   2545.6   0.10401
   2546.9   0.10418
   2548.1   0.10478
   2549.4   0.10533
   2550.6   0.10551
   2551.9   0.10559
   2553.1   0.10648
   2554.4   0.10702
   2555.7   0.10685
   2556.9   0.10667
   2558.2   0.10651
   2559.4   0.10656
   2560.7   0.10683
   2562.0   0.10754
   2563.2   0.10773
   2564.5   0.10820
   2565.8   0.10893
   2567.1   0.10908
   2568.3   0.10950
   2569.6   0.10968
   2570.9   0.10946
   2572.1   0.10894
   2573.4   0.10930
   2574.7   0.10955
   2576.0   0.10985
   2577.3   0.11042
   2578.5   0.11120
   2579.8   0.11129
   2581.1   0.11160
   2582.4   0.11187
   2583.7   0.11180
   2585.0   0.11228
   2586.3   0.11297
   2587.5   0.11348
   2588.8   0.11376
   2590.1   0.11379
   2591.4   0.11388
   2592.7   0.11418
   2594.0   0.11444
   2595.3   0.11520
   2596.6   0.11571
   2597.9   0.11542
   2599.2   0.11578
   2600.5   0.11636
   2601.8   0.11621
   2603.1   0.11671
   2604.4   0.11730
   2605.8   0.11695
   2607.1   0.11664
   2608.4   0.11694
   2609.7   0.11752
   2611.0   0.11776
   2612.3   0.11848
   2613.6   0.11886
   2614.9   0.11883
   2616.3   0.11896
   2617.6   0.11990
   2618.9   0.11983
   2620.2   0.11994
   2621.6   0.12059
   2622.9   0.12054
   2624.2   0.12041
   2625.5   0.12057
   2626.9   0.12065
   2628.2   0.12117
   2629.5   0.12164
   2630.9   0.12207
   2632.2   0.12258
   2633.5   0.12273
   2634.9   0.12269
   2636.2   0.12309
   2637.6   0.12350
   2638.9   0.12391
   2640.2   0.12413
   2641.6   0.12391
   2642.9   0.12406
   2644.3   0.12472
   2645.6   0.12491
   2647.0   0.12572
   2648.3   0.12619
   2649.7   0.12587
   2651.0   0.12558
   2652.4   0.12603
   2653.8   0.12695
   2655.1   0.12708
   2656.5   0.12663
   2657.8   0.12710
   2659.2   0.12756
   2660.6   0.12786
   2661.9   0.12856
   2663.3   0.12899
   2664.7   0.12902
   2666.0   0.12915
   2667.4   0.12919
   2668.8   0.12933
   2670.1   0.12927
   2671.5   0.12935
   2672.9   0.12960
   2674.3   0.13004
   2675.7   0.13046
   2677.0   0.13004
   2678.4   0.13014
   2679.8   0.13077
   2681.2   0.13126
   2682.6   0.13146
   2684.0   0.13158
   2685.4   0.13187
   2686.8   0.13217
   2688.1   0.13237
   2689.5   0.13249
   2690.9   0.13278
   2692.3   0.13302
   2693.7   0.13362
   2695.1   0.13373
   2696.5   0.13389
   2697.9   0.13355
   2699.3   0.13352
   2700.8   0.13430
   2702.1   0.13511
   2703.6   0.13545
   2705.0   0.13537
   2706.4   0.13512
   2707.8   0.13524
   2709.2   0.13552
   2710.6   0.13590
   2712.1   0.13619
   2713.5   0.13659
   2714.9   0.13650
   2716.3   0.13673
   2717.7   0.13705
   2719.2   0.13637
   2720.6   0.13619
   2722.0   0.13697
   2723.4   0.13680
   2724.9   0.13700
   2726.3   0.13821
   2727.7   0.13826
   2729.2   0.13793
   2730.6   0.13831
   2732.1   0.13855
   2733.5   0.13864
   2734.9   0.13846
   2736.4   0.13879
   2737.8   0.13898
   2739.3   0.13891
   2740.7   0.13950
   2742.2   0.14013
   2743.6   0.14057
   2745.1   0.14048
   2746.5   0.14028
   2748.0   0.14048
   2749.4   0.14058
   2750.9   0.14062
   2752.4   0.14089
   2753.8   0.14067
   2755.3   0.14033
   2756.7   0.14091
   2758.2   0.14159
   2759.7   0.14144
   2761.1   0.14117
   2762.6   0.14173
   2764.1   0.14236
   2765.6   0.14257
   2767.0   0.14252
   2768.5   0.14240
   2770.0   0.14249
   2771.5   0.14260
   2773.0   0.14256
   2774.4   0.14234
   2775.9   0.14205
   2777.4   0.14212
   2778.9   0.14282
   2780.4   0.14341
   2781.9   0.14340
   2783.4   0.14289
   2784.9   0.14271
   2786.4   0.14279
   2787.9   0.14316
   2789.4   0.14339
   2790.9   0.14365
   2792.4   0.14375
   2793.9   0.14366
   2795.4   0.14364
   2796.9   0.14368
   2798.4   0.14391
   2799.9   0.14421
   2801.4   0.14398
   2802.9   0.14390
   2804.4   0.14381
   2806.0   0.14403
   2807.5   0.14418
   2809.0   0.14414
   2810.5   0.14439
   2812.1   0.14442
   2813.6   0.14443
   2815.1   0.14488
   2816.6   0.14533
   2818.2   0.14533
   2819.7   0.14500
   2821.2   0.14509
   2822.8   0.14541
   2824.3   0.14556
   2825.9   0.14528
   2827.4   0.14563
   2828.9   0.14597
   2830.5   0.14578
   2832.0   0.14576
   2833.6   0.14604
   2835.1   0.14624
   2836.7   0.14622
   2838.2   0.14614
   2839.8   0.14620
   2841.3   0.14611
   2842.9   0.14600
   2844.4   0.14586
   2846.0   0.14615
   2847.6   0.14663
   2849.1   0.14675
   2850.7   0.14669
   2852.3   0.14640
   2853.8   0.14627
   2855.4   0.14661
   2857.0   0.14646
   2858.6   0.14656
   2860.1   0.14686
   2861.7   0.14693
   2863.3   0.14693
   2864.9   0.14647
   2866.5   0.14623
   2868.1   0.14703
   2869.6   0.14761
   2871.2   0.14756
   2872.8   0.14730
   2874.4   0.14736
   2876.0   0.14742
   2877.6   0.14747
   2879.2   0.14779
   2880.8   0.14763
   2882.4   0.14756
   2884.0   0.14755
   2885.6   0.14754
   2887.2   0.14805
   2888.8   0.14832
   2890.4   0.14830
   2892.0   0.14831
   2893.7   0.14816
   2895.3   0.14822
   2896.9   0.14855
   2898.5   0.14830
   2900.1   0.14828
   2901.8   0.14845
   2903.4   0.14820
   2905.0   0.14819
   2906.6   0.14850
   2908.3   0.14824
   2909.9   0.14795
   2911.5   0.14786
   2913.2   0.14853
   2914.8   0.14893
   2916.4   0.14849
   2918.1   0.14810
   2919.7   0.14825
   2921.4   0.14828
   2923.0   0.14824
   2924.7   0.14841
   2926.3   0.14852
   2928.0   0.14808
   2929.6   0.14807
   2931.3   0.14835
   2932.9   0.14846
   2934.6   0.14844
   2936.3   0.14840
   2937.9   0.14804
   2939.6   0.14830
   2941.3   0.14850
   2942.9   0.14809
   2944.6   0.14791
   2946.3   0.14829
   2947.9   0.14852
   2949.6   0.14879
   2951.3   0.14870
   2953.0   0.14847
   2954.7   0.14844
   2956.4   0.14847
   2958.0   0.14828
   2959.7   0.14796
   2961.4   0.14816
   2963.1   0.14876
   2964.8   0.14871
   2966.5   0.14857
   2968.2   0.14904
   2969.9   0.14910
   2971.6   0.14901
   2973.3   0.14872
   2975.0   0.14834
   2976.7   0.14829
   2978.4   0.14857
   2980.1   0.14855
   2981.8   0.14846
   2983.6   0.14856
   2985.3   0.14874
   2987.0   0.14892
   2988.7   0.14892
   2990.4   0.14891
   2992.2   0.14891
   2993.9   0.14867
   2995.6   0.14857
   2997.4   0.14883
   2999.1   0.14869
   3000.8   0.14835
   3002.6   0.14841
   3004.3   0.14860
   3006.1   0.14855
   3007.8   0.14862
   3009.5   0.14858
   3011.3   0.14866
   3013.0   0.14865
   3014.8   0.14875
   3016.5   0.14855
   3018.3   0.14839
   3020.1   0.14846
   3021.8   0.14857
   3023.6   0.14836
   3025.3   0.14831
   3027.1   0.14816
   3028.9   0.14809
   3030.6   0.14840
   3032.4   0.14860
   3034.2   0.14867
   3036.0   0.14830
   3037.7   0.14820
   3039.5   0.14827
   3041.3   0.14829
   3043.1   0.14867
   3044.9   0.14884
   3046.7   0.14840
   3048.5   0.14807
   3050.3   0.14822
   3052.1   0.14788
   3053.8   0.14749
   3055.6   0.14766
   3057.4   0.14788
   3059.3   0.14818
   3061.1   0.14813
   3062.9   0.14799
   3064.7   0.14765
   3066.5   0.14743
   3068.3   0.14773
   3070.1   0.14762
   3071.9   0.14749
   3073.8   0.14763
   3075.6   0.14772
   3077.4   0.14736
   3079.2   0.14721
   3081.1   0.14724
   3082.9   0.14745
   3084.7   0.14732
   3086.6   0.14730
   3088.4   0.14708
   3090.2   0.14681
   3092.1   0.14665
   3093.9   0.14645
   3095.8   0.14620
   3097.6   0.14589
   3099.5   0.14631
   3101.3   0.14660
   3103.2   0.14641
   3105.1   0.14653
   3106.9   0.14695
   3108.8   0.14711
   3110.6   0.14672
   3112.5   0.14601
   3114.4   0.14572
   3116.2   0.14605
   3118.1   0.14622
   3120.0   0.14619
   3121.9   0.14619
   3123.8   0.14641
   3125.6   0.14618
   3127.5   0.14568
   3129.4   0.14559
   3131.3   0.14563
   3133.2   0.14563
   3135.1   0.14568
   3137.0   0.14573
   3138.9   0.14596
   3140.8   0.14572
   3142.7   0.14527
   3144.6   0.14528
   3146.5   0.14558
   3148.4   0.14558
   3150.3   0.14530
   3152.2   0.14536
   3154.1   0.14525
   3156.1   0.14502
   3158.0   0.14488
   3159.9   0.14493
   3161.9   0.14501
   3163.8   0.14511
   3165.7   0.14522
   3167.6   0.14510
   3169.6   0.14508
   3171.5   0.14511
   3173.5   0.14492
   3175.4   0.14457
   3177.3   0.14436
   3179.3   0.14451
   3181.2   0.14447
   3183.2   0.14406
   3185.1   0.14415
   3187.1   0.14422
   3189.1   0.14427
   3191.0   0.14403
   3193.0   0.14404
   3195.0   0.14390
   3196.9   0.14373
   3198.9   0.14369
   3200.9   0.14362
   3202.9   0.14370
   3204.8   0.14377
   3206.8   0.14350
   3208.8   0.14339
   3210.8   0.14320
   3212.8   0.14326
   3214.8   0.14344
   3216.8   0.14331
   3218.8   0.14323
   3220.8   0.14310
   3222.8   0.14321
   3224.8   0.14310
   3226.8   0.14307
   3228.8   0.14308
   3230.8   0.14283
   3232.8   0.14288
   3234.8   0.14288
   3236.9   0.14244
   3238.9   0.14246
   3240.9   0.14243
   3242.9   0.14206
   3244.9   0.14219
   3247.0   0.14245
   3249.0   0.14260
   3251.1   0.14241
   3253.1   0.14226
   3255.1   0.14191
   3257.2   0.14164
   3259.2   0.14164
   3261.3   0.14166
   3263.3   0.14170
   3265.4   0.14161
   3267.4   0.14154
   3269.5   0.14179
   3271.6   0.14174
   3273.6   0.14123
   3275.7   0.14112
   3277.8   0.14107
   3279.8   0.14099
   3281.9   0.14117
   3284.0   0.14102
   3286.1   0.14072
   3288.2   0.14077
   3290.2   0.14069
   3292.3   0.14049
   3294.4   0.14028
   3296.5   0.14010
   3298.6   0.14038
   3300.7   0.14064
   3302.8   0.14051
   3304.9   0.14014
   3307.0   0.13958
   3309.1   0.13932
   3311.3   0.13934
   3313.4   0.13970
   3315.5   0.13939
   3317.6   0.13904
   3319.7   0.13902
   3321.9   0.13898
   3324.0   0.13876
   3326.1   0.13837
   3328.3   0.13849
   3330.4   0.13847
   3332.5   0.13836
   3334.7   0.13843
   3336.8   0.13825
   3339.0   0.13818
   3341.1   0.13796
   3343.3   0.13767
   3345.4   0.13735
   3347.6   0.13719
   3349.8   0.13706
   3351.9   0.13665
   3354.1   0.13628
   3356.3   0.13613
   3358.4   0.13580
   3360.6   0.13531
   3362.8   0.13461
   3365.0   0.13371
   3367.2   0.13334
   3369.4   0.13276
   3371.5   0.13163
   3373.7   0.13088
   3375.9   0.13057
   3378.1   0.13019
   3380.3   0.13003
   3382.5   0.12979
   3384.7   0.12964
   3386.9   0.12989
   3389.2   0.12993
   3391.4   0.12967
   3393.6   0.12920
   3395.8   0.12882
   3398.1   0.12842
   3400.3   0.12741
   3402.5   0.12609
   3404.7   0.12471
   3407.0   0.12365
   3409.2   0.12240
   3411.5   0.12094
   3413.7   0.11965
   3416.0   0.11894
   3418.2   0.11862
   3420.5   0.11853
   3422.7   0.11909
   3425.0   0.12002
   3427.3   0.12076
   3429.5   0.12174
   3431.8   0.12295
   3434.1   0.12422
   3436.3   0.12543
   3438.6   0.12610
   3440.9   0.12634
   3443.2   0.12659
   3445.5   0.12698
   3447.8   0.12745
   3450.1   0.12792
   3452.3   0.12855
   3454.6   0.12896
   3456.9   0.12902
   3459.3   0.12923
   3461.6   0.12957
   3463.9   0.12987
   3466.2   0.12987
   3468.5   0.12986
   3470.8   0.12992
   3473.2   0.12964
   3475.5   0.12951
   3477.8   0.12945
   3480.1   0.12916
   3482.5   0.12903
   3484.8   0.12875
   3487.2   0.12824
   3489.5   0.12799
   3491.9   0.12758
   3494.2   0.12663
   3496.6   0.12546
   3498.9   0.12457
   3501.3   0.12374
   3503.7   0.12325
   3506.0   0.12333
   3508.4   0.12368
   3510.8   0.12475
   3513.2   0.12611
   3515.5   0.12750
   3517.9   0.12887
   3520.3   0.12937
   3522.7   0.12987
   3525.1   0.13035
   3527.5   0.13047
   3529.9   0.13048
   3532.3   0.13037
   3534.7   0.13053
   3537.1   0.13073
   3539.5   0.13065
   3541.9   0.13050
   3544.4   0.13059
   3546.8   0.13058
   3549.2   0.13040
   3551.7   0.13049
   3554.1   0.13075
   3556.5   0.13058
   3559.0   0.13038
   3561.4   0.13036
   3563.9   0.13018
   3566.3   0.13006
   3568.8   0.13016
   3571.2   0.13021
   3573.7   0.13015
   3576.1   0.13003
   3578.6   0.12990
   3581.1   0.12988
   3583.6   0.12992
   3586.0   0.12986
   3588.5   0.12977
   3591.0   0.12977
   3593.5   0.12953
   3596.0   0.12944
   3598.5   0.12943
   3601.0   0.12951
   3603.5   0.12943
   3606.0   0.12913
   3608.5   0.12874
   3611.0   0.12871
   3613.5   0.12886
   3616.1   0.12891
   3618.6   0.12903
   3621.1   0.12912
   3623.6   0.12904
   3626.2   0.12886
   3628.7   0.12900
   3631.3   0.12889
   3633.8   0.12858
   3636.3   0.12831
   3638.9   0.12793
   3641.4   0.12809
   3644.0   0.12839
   3646.6   0.12818
   3649.1   0.12797
   3651.7   0.12800
   3654.3   0.12785
   3656.9   0.12814
   3659.4   0.12814
   3662.0   0.12772
   3664.6   0.12740
   3667.2   0.12719
   3669.8   0.12733
   3672.4   0.12745
   3675.0   0.12711
   3677.6   0.12710
   3680.2   0.12699
   3682.8   0.12694
   3685.4   0.12700
   3688.1   0.12681
   3690.7   0.12656
   3693.3   0.12636
   3695.9   0.12648
   3698.6   0.12678
   3701.2   0.12691
   3703.9   0.12660
   3706.5   0.12635
   3709.2   0.12620
   3711.8   0.12607
   3714.5   0.12605
   3717.1   0.12594
   3719.8   0.12587
   3722.5   0.12602
   3725.2   0.12626
   3727.8   0.12602
   3730.5   0.12569
   3733.2   0.12574
   3735.9   0.12567
   3738.6   0.12544
   3741.3   0.12540
   3744.0   0.12541
   3746.7   0.12523
   3749.4   0.12501
   3752.1   0.12501
   3754.8   0.12523
   3757.6   0.12513
   3760.3   0.12484
   3763.0   0.12472
   3765.7   0.12467
   3768.5   0.12478
   3771.2   0.12470
   3774.0   0.12463
   3776.7   0.12454
   3779.5   0.12435
   3782.2   0.12449
   3785.0   0.12457
   3787.7   0.12412
   3790.5   0.12401
   3793.3   0.12421
   3796.1   0.12429
   3798.8   0.12433
   3801.6   0.12414
   3804.4   0.12391
   3807.2   0.12381
   3810.0   0.12357
   3812.8   0.12346
   3815.6   0.12366
   3818.4   0.12360
   3821.2   0.12341
   3824.1   0.12334
   3826.9   0.12322
   3829.7   0.12323
   3832.5   0.12318
   3835.4   0.12293
   3838.2   0.12260
   3841.1   0.12261
   3843.9   0.12260
   3846.8   0.12255
   3849.6   0.12247
   3852.5   0.12264
   3855.3   0.12269
   3858.2   0.12249
   3861.1   0.12239
   3863.9   0.12241
   3866.8   0.12227
   3869.7   0.12203
   3872.6   0.12212
   3875.5   0.12217
   3878.4   0.12193
   3881.3   0.12192
   3884.2   0.12192
   3887.1   0.12179
   3890.0   0.12134
   3893.0   0.12127
   3895.9   0.12134
   3898.8   0.12125
   3901.7   0.12098
   3904.7   0.12111
   3907.6   0.12138
   3910.6   0.12141
   3913.5   0.12122
   3916.5   0.12096
   3919.4   0.12087
   3922.4   0.12073
   3925.4   0.12048
   3928.4   0.12043
   3931.3   0.12036
   3934.3   0.12024
   3937.3   0.12035
   3940.3   0.12035
   3943.3   0.12025
   3946.3   0.12006
   3949.3   0.12004
   3952.3   0.12014
   3955.3   0.12016
   3958.3   0.12005
   3961.4   0.11985
   3964.4   0.11978
   3967.4   0.11975
   3970.5   0.11973
   3973.5   0.11937
   3976.6   0.11904
   3979.6   0.11914
   3982.6   0.11941
   3985.7   0.11937
   3988.8   0.11913
   3991.9   0.11900
   3994.9   0.11895
   3998.0   0.11893
   4001.1   0.11892
   4004.2   0.11883
   4007.3   0.11892
   4010.4   0.11904
   4013.5   0.11901
   4016.6   0.11862
   4019.7   0.11831
   4022.8   0.11829
   4025.9   0.11840
   4029.1   0.11834
   4032.2   0.11814
   4035.3   0.11807
   4038.5   0.11815
   4041.6   0.11809
   4044.8   0.11798
   4047.9   0.11795
   4051.1   0.11798
   4054.3   0.11791
   4057.4   0.11767
   4060.6   0.11725
   4063.8   0.11699
   4067.0   0.11706
   4070.2   0.11734
   4073.4   0.11749
   4076.6   0.11738
   4079.8   0.11708
   4083.0   0.11700
   4086.2   0.11695
   4089.4   0.11671
   4092.7   0.11682
   4095.9   0.11690
   4099.1   0.11678
   4102.4   0.11668
   4105.6   0.11640
   4108.9   0.11617
   4112.1   0.11608
   4115.4   0.11602
   4118.7   0.11620
   4122.0   0.11624
   4125.2   0.11592
   4128.5   0.11562
   4131.8   0.11557
   4135.1   0.11576
   4138.4   0.11563
   4141.7   0.11537
   4145.0   0.11538
   4148.3   0.11531
   4151.6   0.11503
   4155.0   0.11481
   4158.3   0.11470
   4161.6   0.11465
   4165.0   0.11462
   4168.3   0.11468
   4171.7   0.11462
   4175.0   0.11461
   4178.4   0.11455
   4181.8   0.11447
   4185.2   0.11421
   4188.5   0.11416
   4191.9   0.11428
   4195.3   0.11421
   4198.7   0.11392
   4202.1   0.11398
   4205.5   0.11403
   4208.9   0.11364
   4212.4   0.11342
   4215.8   0.11352
   4219.2   0.11342
   4222.6   0.11310
   4226.1   0.11311
   4229.5   0.11327
   4233.0   0.11306
   4236.5   0.11275
   4239.9   0.11280
   4243.4   0.11283
   4246.9   0.11293
   4250.3   0.11282
   4253.8   0.11251
   4257.3   0.11239
   4260.8   0.11233
   4264.3   0.11209
   4267.8   0.11192
   4271.4   0.11202
   4274.9   0.11218
   4278.4   0.11220
   4281.9   0.11205
   4285.5   0.11189
   4289.0   0.11167
   4292.6   0.11159
   4296.1   0.11151
   4299.7   0.11143
   4303.3   0.11128
   4306.8   0.11131
   4310.4   0.11136
   4314.0   0.11118
   4317.6   0.11104
   4321.2   0.11111
   4324.8   0.11127
   4328.4   0.11135
   4332.0   0.11120
   4335.6   0.11099
   4339.3   0.11080
   4342.9   0.11076
   4346.5   0.11069
   4350.2   0.11056
   4353.8   0.11041
   4357.5   0.11061
   4361.1   0.11055
   4364.8   0.11019
   4368.5   0.11019
   4372.2   0.11028
   4375.9   0.11012
   4379.6   0.10992
   4383.3   0.11004
   4387.0   0.11005
   4390.7   0.10996
   4394.4   0.10988
   4398.1   0.10974
   4401.9   0.10968
   4405.6   0.10950
   4409.4   0.10932
   4413.1   0.10923
   4416.9   0.10911
   4420.6   0.10884
   4424.4   0.10883
   4428.2   0.10884
   4432.0   0.10874
   4435.8   0.10858
   4439.6   0.10852
   4443.4   0.10841
   4447.2   0.10851
   4451.0   0.10837
   4454.8   0.10796
   4458.6   0.10771
   4462.5   0.10793
   4466.3   0.10801
   4470.2   0.10783
   4474.0   0.10766
   4477.9   0.10748
   4481.8   0.10722
   4485.6   0.10699
   4489.5   0.10685
   4493.4   0.10684
   4497.3   0.10690
   4501.2   0.10685
   4505.1   0.10656
   4509.0   0.10644
   4513.0   0.10631
   4516.9   0.10605
   4520.8   0.10569
   4524.8   0.10535
   4528.7   0.10511
   4532.7   0.10484
   4536.7   0.10426
   4540.6   0.10382
   4544.6   0.10336
   4548.6   0.10299
   4552.6   0.10260
   4556.6   0.10214
   4560.6   0.10160
   4564.6   0.10117
   4568.6   0.10067
   4572.7   0.10032
   4576.7   0.09987
   4580.8   0.09925
   4584.8   0.09864
   4588.9   0.09813
   4592.9   0.09757
   4597.0   0.09707
   4601.1   0.09650
   4605.2   0.09576
   4609.3   0.09516
   4613.4   0.09447
   4617.5   0.09392
   4621.6   0.09342
   4625.7   0.09290
   4629.8   0.09231
   4634.0   0.09167
   4638.1   0.09111
   4642.3   0.09036
   4646.4   0.08986
   4650.6   0.08921
   4654.8   0.08822
   4659.0   0.08737
   4663.1   0.08665
   4667.3   0.08591
   4671.5   0.08531
   4675.8   0.08473
   4680.0   0.08414
   4684.2   0.08341
   4688.4   0.08267
   4692.7   0.08192
   4696.9   0.08129
   4701.2   0.08072
   4705.5   0.07989
   4709.7   0.07914
   4714.0   0.07850
   4718.3   0.07772
   4722.6   0.07687
   4726.9   0.07599
   4731.2   0.07524
   4735.5   0.07456
   4739.9   0.07394
   4744.2   0.07342
   4748.5   0.07287
   4752.9   0.07230
   4757.3   0.07173
   4761.6   0.07126
   4766.0   0.07074
   4770.4   0.07002
   4774.8   0.06953
   4779.2   0.06918
   4783.6   0.06870
   4788.0   0.06823
   4792.4   0.06778
   4796.9   0.06736
   4801.3   0.06693
   4805.8   0.06650
   4810.2   0.06629
   4814.7   0.06597
   4819.1   0.06524
   4823.6   0.06460
   4828.1   0.06401
   4832.6   0.06353
   4837.1   0.06298
   4841.6   0.06266
   4846.2   0.06245
   4850.7   0.06193
   4855.3   0.06138
   4859.8   0.06075
   4864.4   0.06012
   4868.9   0.05983
   4873.5   0.05945
   4878.1   0.05917
   4882.7   0.05901
   4887.3   0.05858
   4891.9   0.05801
   4896.5   0.05771
   4901.1   0.05752
   4905.8   0.05723
   4910.4   0.05689
   4915.1   0.05654
   4919.7   0.05613
   4924.4   0.05591
   4929.1   0.05584
   4933.8   0.05546
   4938.5   0.05496
   4943.2   0.05456
   4947.9   0.05454
   4952.6   0.05438
   4957.4   0.05398
   4962.1   0.05357
   4966.9   0.05332
   4971.6   0.05323
   4976.4   0.05282
   4981.2   0.05247
   4986.0   0.05221
   4990.8   0.05197
   4995.6   0.05168
   5000.4   0.05128
   5005.2   0.05076
   5010.0   0.05039
   5014.9   0.04985
   5019.8   0.04929
   5024.6   0.04892
   5029.5   0.04865
   5034.4   0.04842
   5039.3   0.04824
   5044.2   0.04801
   5049.1   0.04761
   5054.0   0.04720
   5058.9   0.04673
   5063.9   0.04644
   5068.8   0.04631
   5073.8   0.04633
   5078.8   0.04630
   5083.7   0.04606
   5088.7   0.04593
   5093.7   0.04592
   5098.7   0.04580
   5103.7   0.04571
   5108.8   0.04579
   5113.8   0.04575
   5118.9   0.04568
   5123.9   0.04578
   5129.0   0.04580
   5134.1   0.04578
   5139.1   0.04566
   5144.3   0.04575
   5149.4   0.04557
   5154.5   0.04549
   5159.6   0.04558
   5164.7   0.04555
   5169.9   0.04549
   5175.0   0.04546
   5180.2   0.04548
   5185.4   0.04554
   5190.6   0.04541
   5195.8   0.04549
   5201.0   0.04567
   5206.2   0.04545
   5211.5   0.04525
   5216.7   0.04535
   5222.0   0.04550
   5227.2   0.04548
   5232.5   0.04550
   5237.8   0.04563
   5243.1   0.04567
   5248.4   0.04553
   5253.7   0.04563
   5259.0   0.04575
   5264.4   0.04564
   5269.7   0.04574
   5275.1   0.04596
   5280.5   0.04600
   5285.8   0.04609
   5291.2   0.04634
   5296.6   0.04651
   5302.0   0.04675
   5307.5   0.04723
   5312.9   0.04761
   5318.4   0.04777
   5323.8   0.04803
   5329.3   0.04841
   5334.8   0.04865
   5340.3   0.04917
   5345.8   0.04958
   5351.3   0.04985
   5356.8   0.05050
   5362.4   0.05114
   5367.9   0.05152
   5373.5   0.05169
   5379.0   0.05200
   5384.6   0.05241
   5390.2   0.05274
   5395.8   0.05309
   5401.5   0.05346
   5407.1   0.05384
   5412.7   0.05425
   5418.4   0.05462
   5424.1   0.05496
   5429.7   0.05549
   5435.4   0.05615
   5441.1   0.05642
   5446.9   0.05667
   5452.6   0.05733
   5458.3   0.05797
   5464.1   0.05841
   5469.8   0.05864
   5475.6   0.05888
   5481.4   0.05941
   5487.2   0.05990
   5493.0   0.06025
   5498.8   0.06059
   5504.7   0.06085
   5510.5   0.06095
   5516.4   0.06128
   5522.3   0.06130
   5528.1   0.06151
   5534.0   0.06169
   5540.0   0.06177
   5545.9   0.06178
   5551.8   0.06157
   5557.8   0.06132
   5563.7   0.06113
   5569.7   0.06090
   5575.7   0.06078
   5581.7   0.06061
   5587.7   0.06030
   5593.7   0.05990
   5599.8   0.05972
   5605.8   0.05954
   5611.9   0.05933
   5618.0   0.05885
   5624.1   0.05846
   5630.2   0.05828
   5636.3   0.05833
   5642.4   0.05812
   5648.6   0.05768
   5654.7   0.05754
   5660.9   0.05736
   5667.1   0.05700
   5673.3   0.05672
   5679.5   0.05644
   5685.7   0.05643
   5692.0   0.05619
   5698.2   0.05593
   5704.5   0.05573
   5710.8   0.05564
   5717.1   0.05516
   5723.4   0.05452
   5729.7   0.05422
   5736.0   0.05399
   5742.4   0.05358
   5748.8   0.05305
   5755.1   0.05256
   5761.5   0.05211
   5768.0   0.05170
   5774.4   0.05133
   5780.8   0.05078
   5787.3   0.05019
   5793.7   0.04980
   5800.2   0.04938
   5806.7   0.04877
   5813.2   0.04848
   5819.7   0.04837
   5826.3   0.04800
   5832.8   0.04796
   5839.4   0.04797
   5846.0   0.04762
   5852.6   0.04727
   5859.2   0.04714
   5865.8   0.04684
   5872.5   0.04652
   5879.1   0.04629
   5885.8   0.04586
   5892.5   0.04550
   5899.2   0.04495
   5905.9   0.04439
   5912.6   0.04395
   5919.4   0.04348
   5926.2   0.04304
   5932.9   0.04262
   5939.7   0.04205
   5946.5   0.04157
   5953.4   0.04103
   5960.2   0.04080
   5967.1   0.04030
   5974.0   0.04008
   5980.8   0.04005
   5987.8   0.03965
   5994.7   0.03922
   6001.6   0.03901
   6008.6   0.03884
   6015.5   0.03878
   6022.5   0.03866
   6029.5   0.03844
   6036.5   0.03814
   6043.6   0.03802
   6050.6   0.03774
   6057.7   0.03770
   6064.8   0.03772
   6071.9   0.03764
   6079.0   0.03743
   6086.1   0.03727
   6093.3   0.03709
   6100.5   0.03692
   6107.6   0.03670
   6114.8   0.03668
   6122.1   0.03670
   6129.3   0.03656
   6136.5   0.03664
   6143.8   0.03654
   6151.1   0.03642
   6158.4   0.03636
   6165.7   0.03635
   6173.1   0.03616
   6180.4   0.03598
   6187.8   0.03600
   6195.2   0.03576
   6202.6   0.03540
   6210.0   0.03542
   6217.5   0.03548
   6225.0   0.03550
   6232.4   0.03567
   6239.9   0.03543
   6247.5   0.03500
   6255.0   0.03483
   6262.5   0.03473
   6270.1   0.03462
   6277.7   0.03456
   6285.3   0.03451
   6292.9   0.03460
   6300.6   0.03473
   6308.3   0.03449
   6315.9   0.03436
   6323.6   0.03434
   6331.4   0.03423
   6339.1   0.03419
   6346.9   0.03424
   6354.6   0.03423
   6362.4   0.03412
   6370.3   0.03405
   6378.1   0.03386
   6385.9   0.03366
   6393.8   0.03364
   6401.7   0.03357
   6409.6   0.03333
   6417.6   0.03322
   6425.5   0.03321
   6433.5   0.03323
   6441.5   0.03334
   6449.5   0.03330
   6457.5   0.03320
   6465.6   0.03321
   6473.6   0.03331
   6481.7   0.03333
   6489.8   0.03329
   6498.0   0.03342
   6506.1   0.03363
   6514.3   0.03379
   6522.5   0.03400
   6530.7   0.03427
   6538.9   0.03446
   6547.2   0.03464
   6555.5   0.03478
   6563.8   0.03513
   6572.1   0.03536
   6580.4   0.03533
   6588.8   0.03546
   6597.2   0.03568
   6605.6   0.03576
   6614.0   0.03580
   6622.5   0.03603
   6630.9   0.03599
   6639.4   0.03616
   6647.9   0.03647
   6656.5   0.03662
   6665.0   0.03670
   6673.6   0.03686
   6682.2   0.03701
   6690.8   0.03716
   6699.5   0.03746
   6708.1   0.03761
   6716.8   0.03778
   6725.5   0.03802
   6734.3   0.03812
   6743.0   0.03814
   6751.8   0.03818
   6760.6   0.03843
   6769.4   0.03871
   6778.3   0.03867
   6787.1   0.03851
   6796.0   0.03857
   6805.0   0.03849
   6813.9   0.03830
   6822.9   0.03830
   6831.9   0.03841
   6840.9   0.03850
   6849.9   0.03836
   6859.0   0.03825
   6868.0   0.03820
   6877.2   0.03807
   6886.3   0.03789
   6895.5   0.03790
   6904.6   0.03787
   6913.8   0.03777
   6923.1   0.03756
   6932.3   0.03723
   6941.6   0.03693
   6950.9   0.03681
   6960.2   0.03663
   6969.6   0.03646
   6979.0   0.03622
   6988.4   0.03585
   6997.8   0.03564
   7007.3   0.03568
   7016.8   0.03553
   7026.3   0.03535
   7035.8   0.03520
   7045.4   0.03477
   7054.9   0.03422
   7064.5   0.03404
   7074.2   0.03390
   7083.9   0.03379
   7093.5   0.03347
   7103.3   0.03312
   7113.0   0.03284
   7122.8   0.03288
   7132.6   0.03279
   7142.4   0.03239
   7152.2   0.03215
   7162.1   0.03179
   7172.0   0.03135
   7182.0   0.03122
   7191.9   0.03111
   7201.9   0.03079
   7211.9   0.03048
   7222.0   0.03040
   7232.0   0.03038
   7242.1   0.03006
   7252.3   0.02979
   7262.4   0.02968
   7272.6   0.02939
   7282.8   0.02927
   7293.1   0.02919
   7303.3   0.02906
   7313.6   0.02865
   7324.0   0.02831
   7334.3   0.02826
   7344.7   0.02806
   7355.1   0.02776
   7365.6   0.02750
   7376.1   0.02740
   7386.6   0.02750
   7397.1   0.02734
   7407.7   0.02673
   7418.3   0.02637
   7428.9   0.02612
   7439.6   0.02588
   7450.3   0.02570
   7461.0   0.02569
   7471.7   0.02543
   7482.5   0.02461
   7493.3   0.02436
   7504.1   0.02423
   7515.0   0.02401
   7525.9   0.02362
   7536.9   0.02337
   7547.9   0.02334
   7558.9   0.02309
   7569.9   0.02262
   7581.0   0.02243
   7592.0   0.02248
   7603.2   0.02219
   7614.4   0.02197
   7625.5   0.02145
   7636.8   0.02097
   7648.0   0.02097
   7659.3   0.02109
   7670.7   0.02099
   7682.0   0.02047
   7693.4   0.02026
   7704.9   0.02011
   7716.3   0.01963
   7727.8   0.01918
   7739.4   0.01905
   7750.9   0.01870
   7762.5   0.01836
   7774.2   0.01813
   7785.8   0.01806
   7797.5   0.01789
   7809.3   0.01763
   7821.1   0.01733
   7832.9   0.01702
   7844.7   0.01668
   7856.6   0.01642
   7868.5   0.01621
   7880.5   0.01611
   7892.5   0.01590
   7904.5   0.01577
   7916.6   0.01550
   7928.7   0.01526
   7940.8   0.01506
   7953.0   0.01502
   7965.2   0.01470
   7977.5   0.01409
   7989.8   0.01352
   8002.1   0.01346
   8014.5   0.01315
   8026.9   0.01270
   8039.3   0.01263
   8051.8   0.01245
   8064.3   0.01212
   8076.9   0.01188
   8089.5   0.01160
   8102.1   0.01150
   8114.8   0.01155
   8127.5   0.01133
   8140.3   0.01091
   8153.1   0.01085
   8165.9   0.01069
   8178.8   0.01044
   8191.7   0.01035
   8204.7   0.01042
   8217.7   0.01022
   8230.7   0.00978
   8243.8   0.00968
   8256.9   0.00961
   8270.1   0.00946
   8283.3   0.00940
   8296.6   0.00921
   8309.9   0.00882
   8323.2   0.00855
   8336.6   0.00849
   8350.0   0.00800
   8363.5   0.00752
   8377.0   0.00749
   8390.5   0.00754
   8404.2   0.00746
   8417.8   0.00734
   8431.5   0.00706
   8445.2   0.00682
   8459.0   0.00694
   8472.8   0.00702
   8486.7   0.00705
   8500.6   0.00696
   8514.5   0.00690
   8528.5   0.00741
   8542.6   0.00807
   8556.7   0.00879
   8570.8   0.00965
   8585.0   0.01092
   8599.3   0.01261
   8613.5   0.01455
   8627.9   0.01663
   8642.3   0.01952
   8656.7   0.02311
   8671.2   0.02646
   8685.7   0.03009
   8700.3   0.03437
   8714.9   0.03899
   8729.5   0.04381
   8744.3   0.04894
   8759.0   0.05439
   8773.9   0.06013
   8788.7   0.06592
   8803.7   0.07139
   8818.6   0.07683
   8833.7   0.08168
   8848.7   0.08613
   8863.8   0.09049
   8879.0   0.09475
   8894.3   0.09861
   8909.5   0.10255
   8924.9   0.10678
   8940.3   0.11071
   8955.7   0.11415
   8971.2   0.11692
   8986.7   0.11936
   9002.3   0.12172
   9018.0   0.12352
   9033.7   0.12463
   9049.5   0.12547
   9065.3   0.12601
   9081.2   0.12640
   9097.1   0.12668
   9113.1   0.12647
   9129.1   0.12587
   9145.2   0.12499
   9161.4   0.12414
   9177.6   0.12314
   9193.9   0.12249
   9210.2   0.12187
   9226.6   0.12078
   9243.0   0.11971
   9259.5   0.11842
   9276.1   0.11712
   9292.7   0.11584
   9309.4   0.11427
   9326.2   0.11275
   9343.0   0.11118
   9359.8   0.10944
   9376.8   0.10774
   9393.8   0.10611
   9410.8   0.10460
   9427.9   0.10334
   9445.1   0.10260
   9462.3   0.10254
   9479.6   0.10302
   9497.0   0.10384
   9514.4   0.10458
   9531.9   0.10506
   9549.4   0.10565
   9567.0   0.10619
   9584.7   0.10654
   9602.5   0.10717
   9620.3   0.10750
   9638.2   0.10739
   9656.1   0.10794
   9674.2   0.10798
   9692.2   0.10784
   9710.4   0.10801
   9728.6   0.10809
   9746.9   0.10810
   9765.2   0.10812
   9783.7   0.10813
   9802.2   0.10843
   9820.7   0.10856
   9839.4   0.10843
   9858.1   0.10840
   9876.8   0.10807
   9895.7   0.10732
   9914.6   0.10653
   9933.6   0.10569
   9952.7   0.10473
   9971.8   0.10297
   9991.0   0.10094
  10010.3   0.09926
  10029.7   0.09737
  10049.1   0.09477
  10068.6   0.09194
  10088.2   0.08940
  10107.9   0.08714
  10127.6   0.08520
  10147.5   0.08345
  10167.3   0.08239
  10187.3   0.08231
  10207.4   0.08263
  10227.5   0.08309
  10247.7   0.08427
  10268.0   0.08619
  10288.4   0.08860
  10308.8   0.09146
  10329.4   0.09429
  10350.0   0.09684
  10370.7   0.09921
  10391.5   0.10071
  10412.3   0.10097
  10433.3   0.10073
  10454.3   0.10026
  10475.5   0.09986
  10496.7   0.09989
  10517.9   0.09987
  10539.3   0.10010
  10560.8   0.10034
  10582.3   0.10086
  10604.0   0.10181
  10625.7   0.10262
  10647.5   0.10306
  10669.4   0.10360
  10691.4   0.10442
  10713.5   0.10521
  10735.7   0.10543
  10758.0   0.10542
  10780.3   0.10563
  10802.8   0.10525
  10825.4   0.10399
  10848.0   0.10261
  10870.8   0.10121
  10893.6   0.09970
  10916.5   0.09891
  10939.5   0.09788
  10962.7   0.09651
  10985.9   0.09587
  11009.2   0.09623
  11032.7   0.09717
  11056.2   0.09808
  11079.8   0.09954
  11103.5   0.10120
  11127.4   0.10224
  11151.3   0.10407
  11175.3   0.10572
  11199.5   0.10658
  11223.7   0.10784
  11248.0   0.10877
  11272.5   0.10874
  11297.0   0.10896
  11321.7   0.10937
  11346.5   0.10887
  11371.4   0.10785
  11396.4   0.10644
  11421.5   0.10528
  11446.7   0.10351
  11472.0   0.10093
  11497.5   0.09871
  11523.0   0.09629
  11548.7   0.09373
  11574.5   0.09203
  11600.3   0.08968
  11626.3   0.08649
  11652.5   0.08374
  11678.7   0.08071
  11705.1   0.07807
  11731.6   0.07575
  11758.2   0.07303
  11784.9   0.07077
  11811.7   0.06869
  11838.7   0.06635
  11865.8   0.06427
  11893.0   0.06270
  11920.3   0.06198
  11947.8   0.06101
  11975.4   0.05982
  12003.1   0.05852
  12031.0   0.05748
  12059.0   0.05675
  12087.1   0.05541
  12115.3   0.05411
  12143.7   0.05333
  12172.2   0.05304
  12200.8   0.05256
  12229.6   0.05178
  12258.5   0.05060
  12287.6   0.04989
  12316.8   0.04908
  12346.1   0.04824
  12375.5   0.04799
  12405.2   0.04718
  12434.9   0.04575
  12464.8   0.04521
  12494.8   0.04509
  12525.0   0.04424
  12555.3   0.04293
  12585.8   0.04232
  12616.4   0.04203
  12647.2   0.04115
  12678.1   0.04062
  12709.2   0.04078
  12740.4   0.04067
  12771.8   0.03994
  12803.3   0.03934
  12835.0   0.03931
  12866.9   0.03864
  12898.9   0.03800
  12931.1   0.03779
  12963.4   0.03735
  12995.9   0.03700
  13028.5   0.03652
  13061.3   0.03564
  13094.3   0.03585
  13127.5   0.03567
  13160.8   0.03551
  13194.3   0.03576
  13228.0   0.03539
  13261.8   0.03470
  13295.8   0.03434
  13330.0   0.03414
  13364.3   0.03392
  13398.8   0.03330
  13433.6   0.03322
  13468.5   0.03262
  13503.5   0.03165
  13538.8   0.03114
  13574.2   0.03131
  13609.9   0.03144
  13645.7   0.03119
  13681.7   0.03087
  13717.9   0.03088
  13754.3   0.03116
  13790.9   0.03100
  13827.6   0.03090
  13864.6   0.03066
  13901.8   0.02957
  13939.2   0.02921
  13976.7   0.02917
  14014.5   0.02878
  14052.5   0.02843
  14090.7   0.02760
  14129.0   0.02694
  14167.7   0.02708
  14206.5   0.02661
  14245.5   0.02549
  14284.7   0.02435
  14324.2   0.02447
  14363.9   0.02416
  14403.8   0.02343
  14443.9   0.02283
  14484.3   0.02238
  14524.8   0.02114
  14565.6   0.02049
  14606.7   0.02036
  14647.9   0.02016
  14689.4   0.02009
  14731.2   0.02097
  14773.1   0.02117
  14815.3   0.02112
  14857.8   0.02177
  14900.5   0.02190
  14943.4   0.02190
  14986.6   0.02135
  15030.0   0.02086
  15073.7   0.02075
  15117.7   0.01959
  15161.9   0.01927
  15206.3   0.01868
  15251.1   0.01771
  15296.1   0.01887
  15341.3   0.02063
  15386.8   0.02116
  15432.6   0.02254
  15478.7   0.02443
  15525.0   0.02604
  15571.7   0.02792
  15618.6   0.02844
  15665.8   0.02812
  15713.2   0.02763
  15761.0   0.02641
  15809.0   0.02558
  15857.4   0.02475
  15906.0   0.02430
  15955.0   0.02322
  16004.2   0.02352
  16053.8   0.02461
  16103.6   0.02536
  16153.8   0.02614
  16204.3   0.02748
  16255.1   0.02956
  16306.2   0.03239
  16357.6   0.03555
  16409.4   0.03845
  16461.5   0.04157
  16513.9   0.04553
  16566.7   0.04922
  16619.8   0.05213
  16673.2   0.05608
  16727.0   0.06023
  16781.1   0.06448
  16835.6   0.07008
  16890.4   0.07533
  16945.6   0.08094
  17001.2   0.08539
  17057.1   0.08971
  17113.4   0.09568
  17170.1   0.10211
  17227.2   0.10563
  17284.6   0.10826
  17342.4   0.11422
  17400.6   0.12027
  17459.2   0.12571
  17518.2   0.13128
  17577.5   0.13528
  17637.3   0.13778
  17697.5   0.14174
  17758.1   0.14591
  17819.2   0.14887
  17880.6   0.14995
  17942.5   0.14962
  18004.8   0.14833
  18067.5   0.14668
  18130.7   0.14570
  18194.3   0.14497
  18258.4   0.14345
  18322.9   0.14240
  18387.9   0.14180
  18453.3   0.14047
  18519.2   0.14099
  18585.6   0.14208
  18652.4   0.14334
  18719.8   0.14541
  18787.6   0.14809
  18855.9   0.14977
  18924.7   0.15124
  18994.1   0.15540
  19063.9   0.16036
  19134.2   0.16312
  19205.1   0.16293
  19276.5   0.16284
  19348.4   0.16392
  19420.9   0.16428
  19493.9   0.16431
  19567.5   0.16567
  19641.6   0.16676
  19716.3   0.16521
  19791.5   0.16324
  19867.3   0.15994
  19943.8   0.15650
  20020.8   0.15296
  20098.4   0.14876
  20176.6   0.14777
  20255.4   0.14562
  20334.8   0.14592
  20414.9   0.14530
  20495.6   0.14308
  20576.9   0.14266
  20658.9   0.14020
  20741.5   0.13885
  20824.8   0.13655
  20908.8   0.13450
  20993.4   0.13500
  21078.8   0.13250
  21164.8   0.13154
  21251.6   0.12864
  21339.0   0.12527
  21427.2   0.12277
  21516.1   0.11681
  21605.7   0.11144
  21696.1   0.11010
  21787.3   0.11120
  21879.2   0.10792
  21971.9   0.10461
  22065.5   0.10192
  22159.8   0.10004
  22254.9   0.09794
  22350.8   0.09618
  22447.5   0.09334
  22545.1   0.08947
  22643.6   0.08646
  22742.9   0.08362
  22843.1   0.08450
  22944.2   0.08289
  23046.1   0.08441
  23149.0   0.08834
  23252.8   0.08776
  23357.6   0.08632
  23463.3   0.08504
  23569.9   0.08580
  23677.6   0.08843
  23786.2   0.08648
  23895.8   0.08322
  24006.4   0.08965
  24118.1   0.09235
  24230.8   0.08976
  24344.5   0.09759
  24459.4   0.10137
  24575.3   0.09936
  24692.3   0.09431
  24810.4   0.10437
  24929.7   0.10550
  25050.1   0.10903
  25171.7   0.10169
  25294.5   0.10062
  25418.5   0.10214
  25543.8   0.10667
  25670.2   0.11008
  25797.9   0.10763
  25926.9   0.09237
  26057.2   0.09904
  26188.8   0.10409
  26321.8   0.10080
  26456.0   0.09650
  26591.7   0.09563
  26728.8   0.08539
  26867.2   0.08684
  27007.2   0.09031
  27148.6   0.09481
  27291.5   0.08544
  27435.9   0.08285
  27581.8   0.06980
  27729.3   0.06617
  27878.4   0.06739
  28029.1   0.06114
  28181.4   0.06495
  28335.4   0.07347
  28491.1   0.07569
  28648.5   0.07765
  28807.7   0.08562
  28968.6   0.10210
  29131.3   0.10809
  29295.9   0.10785
  29462.4   0.11724
  29630.8   0.12844
  29801.1   0.12069
  29973.3   0.12165
  30147.6   0.11787
  30323.9   0.11318
  30502.3   0.11788
  30682.8   0.11656
  30865.3   0.09891
  31050.2   0.09018
  31237.2   0.08574
  31426.5   0.08486
  31618.2   0.07535
  31812.1   0.08324
  32008.5   0.10683
  32207.4   0.10829
  32408.7   0.09424
  32612.5   0.10015
  32818.9   0.11263
  33027.9   0.09746
  33239.6   0.11246
  33454.1   0.15516
  33671.3   0.13588
  33891.4   0.11179
  34114.3   0.10909
  34340.3   0.09857
  34569.2   0.11131
  34801.2   0.12094
  35036.3   0.09934
  35274.7   0.09397
  35516.4   0.11484
  35761.3   0.10867
  36009.6   0.11761
  36261.4   0.08954
  36516.8   0.09521
  36775.8   0.08968
  37038.4   0.06624
  37304.9   0.07902
  37575.2   0.09418
  37849.5   0.09609
  38127.8   0.13170
  38410.2   0.15316
  38696.8   0.14026
  38987.9   0.11495
  39283.2   0.09067
  39583.1   0.09188
  39887.6   0.12077
  40196.8   0.08112
  40510.8   0.10123
  40829.8   0.13981
  41153.8   0.13343
  41483.0   0.14187
  41817.6   0.15133
  42157.5   0.15700
  42503.1   0.15074
  42854.4   0.08015
  43211.5   0.01807
  43574.7   0.02816
  43944.0   0.09383
  44319.6   0.10845
  44701.6   0.12047
  45090.3   0.08926
  45485.9   0.12622
  45888.4   0.13104
  46298.0   0.09277
  46715.1   0.09674
  47139.8   0.09077
  47572.3   0.09751
  48012.8   0.19832
  48461.5   0.14399
  48918.6   0.17614
  49384.7   0.18747
  49859.5   0.03619
  50343.6   0.05179
  50837.2   0.20699
  51340.5   0.16610
  51853.9   0.17049
  52377.7   0.21451
  52912.0   0.14657
  53457.5   0.00410
  54014.4   0.12218
  54582.9   0.24529
  55163.6   0.18206
  55756.8   0.03657
  56362.8   0.01364
  56982.3   0.09890
  57615.5   0.20335
  58262.8   0.14714
  58924.9   0.05938
  59602.2   0.14066
  60295.3   0.16166
  61004.6  -0.03530
  61730.7  -0.06369
  62474.4  -0.18276
  63236.3  -0.26531
  64017.0  -0.01099
  64817.2   0.12845
  65637.7   0.06063
  66479.2   0.32835
  67342.8   0.40097
  68228.9   0.58464
  69138.6   0.24191
  70072.9  -0.11824
  71032.8  -0.57492
  72019.4  -0.00701
  73033.8   0.14520
  74076.8   0.22723
  75150.4   0.27145
  76255.5   0.10853
  77393.7  -0.30172
  78566.3   0.18948
  79775.0   0.16810
  81021.5   0.33328
  82307.6  -0.06666
  83635.1  -0.08786
  85006.2  -0.65813
  86423.0  -0.16592
  87887.8   0.54919
  89403.0   0.61217
  90971.5  -0.02610
  92596.0  -0.26926
  94279.6   0.82449
  96025.5   0.69361
  97837.3  -0.33122
  99718.8   1.00644



 BIR1LR147           .ASC                        

 LR-CMP-147                                                              
 70035,188 dark-brown pyroxene A 125-250 um                              
 Connected at 24.1 um                                                    

 Source Ang: 30.00   Detect Ang:  0.00  Volt: 1.222
 Date: 16-SEP-08   Time: 16:28:07
