  3786
   1351.4   0.12804
   1351.7   0.12643
   1352.1   0.12654
   1352.4   0.12657
   1352.8   0.12712
   1353.1   0.12850
   1353.5   0.12720
   1353.8   0.12526
   1354.2   0.12617
   1354.5   0.12701
   1354.9   0.12482
   1355.2   0.12406
   1355.6   0.12430
   1355.9   0.12481
   1356.3   0.12464
   1356.7   0.12538
   1357.0   0.12702
   1357.4   0.12815
   1357.7   0.12763
   1358.1   0.12643
   1358.4   0.12641
   1358.8   0.12585
   1359.2   0.12723
   1359.5   0.12712
   1359.9   0.12603
   1360.2   0.12518
   1360.6   0.12518
   1360.9   0.12830
   1361.3   0.12876
   1361.7   0.12737
   1362.0   0.12860
   1362.4   0.12847
   1362.7   0.12620
   1363.1   0.12493
   1363.4   0.12547
   1363.8   0.12554
   1364.2   0.12388
   1364.5   0.12258
   1364.9   0.12411
   1365.2   0.12591
   1365.6   0.12699
   1365.9   0.12610
   1366.3   0.12512
   1366.7   0.12581
   1367.0   0.12569
   1367.4   0.12523
   1367.8   0.12792
   1368.1   0.12689
   1368.5   0.12594
   1368.8   0.12629
   1369.2   0.12742
   1369.6   0.12623
   1369.9   0.12567
   1370.3   0.12589
   1370.7   0.12670
   1371.0   0.12639
   1371.4   0.12593
   1371.7   0.12553
   1372.1   0.12535
   1372.5   0.12557
   1372.8   0.12619
   1373.2   0.12676
   1373.6   0.12649
   1373.9   0.12533
   1374.3   0.12438
   1374.7   0.12543
   1375.0   0.12510
   1375.4   0.12467
   1375.7   0.12530
   1376.1   0.12482
   1376.5   0.12581
   1376.8   0.12774
   1377.2   0.12724
   1377.6   0.12672
   1377.9   0.12561
   1378.3   0.12449
   1378.7   0.12485
   1379.0   0.12343
   1379.4   0.12344
   1379.8   0.12514
   1380.1   0.12590
   1380.5   0.12606
   1380.9   0.12641
   1381.2   0.12608
   1381.6   0.12591
   1382.0   0.12670
   1382.3   0.12660
   1382.7   0.12536
   1383.1   0.12457
   1383.4   0.12412
   1383.8   0.12524
   1384.2   0.12610
   1384.6   0.12760
   1384.9   0.12728
   1385.3   0.12665
   1385.7   0.12706
   1386.0   0.12762
   1386.4   0.12706
   1386.8   0.12648
   1387.2   0.12600
   1387.5   0.12557
   1387.9   0.12582
   1388.3   0.12616
   1388.6   0.12488
   1389.0   0.12489
   1389.4   0.12613
   1389.8   0.12657
   1390.1   0.12596
   1390.5   0.12652
   1390.9   0.12582
   1391.2   0.12546
   1391.6   0.12671
   1392.0   0.12596
   1392.4   0.12532
   1392.7   0.12611
   1393.1   0.12570
   1393.5   0.12499
   1393.9   0.12540
   1394.2   0.12531
   1394.6   0.12480
   1395.0   0.12541
   1395.4   0.12575
   1395.7   0.12567
   1396.1   0.12655
   1396.5   0.12829
   1396.9   0.12760
   1397.2   0.12614
   1397.6   0.12582
   1398.0   0.12538
   1398.4   0.12434
   1398.8   0.12382
   1399.1   0.12478
   1399.5   0.12664
   1399.9   0.12726
   1400.3   0.12627
   1400.6   0.12617
   1401.0   0.12686
   1401.4   0.12580
   1401.8   0.12462
   1402.2   0.12462
   1402.5   0.12486
   1402.9   0.12524
   1403.3   0.12534
   1403.7   0.12559
   1404.1   0.12557
   1404.4   0.12543
   1404.8   0.12529
   1405.2   0.12502
   1405.6   0.12549
   1406.0   0.12576
   1406.3   0.12460
   1406.7   0.12480
   1407.1   0.12534
   1407.5   0.12560
   1407.9   0.12589
   1408.3   0.12592
   1408.6   0.12642
   1409.0   0.12596
   1409.4   0.12525
   1409.8   0.12551
   1410.2   0.12572
   1410.6   0.12503
   1410.9   0.12537
   1411.3   0.12563
   1411.7   0.12623
   1412.1   0.12597
   1412.5   0.12420
   1412.8   0.12332
   1413.2   0.12402
   1413.6   0.12474
   1414.0   0.12513
   1414.4   0.12556
   1414.8   0.12633
   1415.2   0.12587
   1415.6   0.12524
   1415.9   0.12543
   1416.3   0.12461
   1416.7   0.12366
   1417.1   0.12365
   1417.5   0.12421
   1417.9   0.12438
   1418.3   0.12397
   1418.7   0.12304
   1419.0   0.12325
   1419.4   0.12347
   1419.8   0.12307
   1420.2   0.12369
   1420.6   0.12413
   1421.0   0.12423
   1421.4   0.12498
   1421.8   0.12498
   1422.2   0.12469
   1422.5   0.12492
   1422.9   0.12446
   1423.3   0.12451
   1423.7   0.12482
   1424.1   0.12434
   1424.5   0.12364
   1424.9   0.12311
   1425.3   0.12346
   1425.7   0.12348
   1426.1   0.12348
   1426.5   0.12297
   1426.8   0.12344
   1427.2   0.12390
   1427.6   0.12451
   1428.0   0.12489
   1428.4   0.12387
   1428.8   0.12326
   1429.2   0.12356
   1429.6   0.12264
   1430.0   0.12177
   1430.4   0.12229
   1430.8   0.12352
   1431.2   0.12370
   1431.6   0.12373
   1432.0   0.12360
   1432.4   0.12379
   1432.8   0.12430
   1433.2   0.12350
   1433.6   0.12270
   1433.9   0.12265
   1434.3   0.12284
   1434.8   0.12253
   1435.1   0.12234
   1435.5   0.12265
   1435.9   0.12347
   1436.3   0.12434
   1436.7   0.12442
   1437.1   0.12398
   1437.5   0.12311
   1437.9   0.12278
   1438.3   0.12253
   1438.7   0.12320
   1439.1   0.12367
   1439.5   0.12315
   1439.9   0.12251
   1440.3   0.12226
   1440.7   0.12180
   1441.1   0.12203
   1441.5   0.12332
   1441.9   0.12318
   1442.3   0.12280
   1442.7   0.12289
   1443.1   0.12270
   1443.5   0.12194
   1443.9   0.12185
   1444.3   0.12273
   1444.7   0.12307
   1445.1   0.12282
   1445.6   0.12266
   1445.9   0.12242
   1446.3   0.12274
   1446.8   0.12327
   1447.2   0.12336
   1447.6   0.12233
   1448.0   0.12150
   1448.4   0.12229
   1448.8   0.12278
   1449.2   0.12245
   1449.6   0.12205
   1450.0   0.12214
   1450.4   0.12286
   1450.8   0.12253
   1451.2   0.12197
   1451.6   0.12193
   1452.0   0.12158
   1452.4   0.12196
   1452.8   0.12161
   1453.3   0.12103
   1453.7   0.12149
   1454.1   0.12182
   1454.5   0.12187
   1454.9   0.12180
   1455.3   0.12168
   1455.7   0.12163
   1456.1   0.12107
   1456.5   0.12004
   1456.9   0.12070
   1457.3   0.12154
   1457.7   0.12209
   1458.2   0.12253
   1458.6   0.12221
   1459.0   0.12123
   1459.4   0.12054
   1459.8   0.12057
   1460.2   0.12122
   1460.6   0.12097
   1461.0   0.12117
   1461.4   0.12123
   1461.8   0.12056
   1462.3   0.12032
   1462.7   0.12047
   1463.1   0.12022
   1463.5   0.11980
   1463.9   0.11983
   1464.3   0.12029
   1464.7   0.12065
   1465.2   0.12027
   1465.6   0.12014
   1466.0   0.11993
   1466.4   0.12004
   1466.8   0.12030
   1467.2   0.11998
   1467.6   0.11978
   1468.1   0.11945
   1468.5   0.11948
   1468.9   0.11985
   1469.3   0.11988
   1469.7   0.11947
   1470.1   0.11896
   1470.6   0.11916
   1471.0   0.11957
   1471.4   0.11925
   1471.8   0.11828
   1472.2   0.11857
   1472.7   0.11908
   1473.1   0.11876
   1473.5   0.11921
   1473.9   0.12019
   1474.3   0.11978
   1474.7   0.11928
   1475.2   0.11941
   1475.6   0.11917
   1476.0   0.11891
   1476.4   0.11855
   1476.8   0.11815
   1477.3   0.11815
   1477.7   0.11809
   1478.1   0.11811
   1478.5   0.11813
   1478.9   0.11784
   1479.4   0.11758
   1479.8   0.11761
   1480.2   0.11751
   1480.6   0.11727
   1481.1   0.11736
   1481.5   0.11719
   1481.9   0.11695
   1482.3   0.11713
   1482.8   0.11749
   1483.2   0.11752
   1483.6   0.11757
   1484.0   0.11754
   1484.4   0.11787
   1484.9   0.11754
   1485.3   0.11685
   1485.7   0.11682
   1486.2   0.11706
   1486.6   0.11663
   1487.0   0.11597
   1487.4   0.11588
   1487.9   0.11620
   1488.3   0.11652
   1488.7   0.11671
   1489.1   0.11591
   1489.6   0.11544
   1490.0   0.11540
   1490.4   0.11587
   1490.8   0.11654
   1491.3   0.11632
   1491.7   0.11591
   1492.1   0.11588
   1492.6   0.11575
   1493.0   0.11551
   1493.4   0.11510
   1493.9   0.11515
   1494.3   0.11552
   1494.7   0.11561
   1495.2   0.11529
   1495.6   0.11528
   1496.0   0.11563
   1496.4   0.11554
   1496.9   0.11538
   1497.3   0.11494
   1497.8   0.11432
   1498.2   0.11439
   1498.6   0.11388
   1499.0   0.11324
   1499.5   0.11364
   1499.9   0.11386
   1500.3   0.11394
   1500.8   0.11463
   1501.2   0.11440
   1501.7   0.11393
   1502.1   0.11383
   1502.5   0.11434
   1502.9   0.11463
   1503.4   0.11382
   1503.8   0.11286
   1504.3   0.11338
   1504.7   0.11393
   1505.1   0.11290
   1505.6   0.11269
   1506.0   0.11296
   1506.4   0.11220
   1506.9   0.11225
   1507.3   0.11187
   1507.8   0.11159
   1508.2   0.11191
   1508.6   0.11238
   1509.1   0.11224
   1509.5   0.11168
   1510.0   0.11163
   1510.4   0.11181
   1510.8   0.11178
   1511.3   0.11169
   1511.7   0.11208
   1512.2   0.11234
   1512.6   0.11179
   1513.0   0.11132
   1513.5   0.11133
   1513.9   0.11113
   1514.4   0.11099
   1514.8   0.11151
   1515.3   0.11129
   1515.7   0.11070
   1516.1   0.11064
   1516.6   0.11071
   1517.0   0.11081
   1517.5   0.11089
   1517.9   0.11084
   1518.4   0.11036
   1518.8   0.10981
   1519.3   0.11004
   1519.7   0.11017
   1520.1   0.10953
   1520.6   0.10988
   1521.0   0.10938
   1521.5   0.10883
   1521.9   0.10892
   1522.4   0.10889
   1522.8   0.10908
   1523.3   0.10943
   1523.7   0.10932
   1524.2   0.10839
   1524.6   0.10841
   1525.1   0.10900
   1525.5   0.10880
   1526.0   0.10795
   1526.4   0.10755
   1526.9   0.10788
   1527.3   0.10802
   1527.8   0.10725
   1528.2   0.10676
   1528.7   0.10706
   1529.1   0.10746
   1529.6   0.10759
   1530.0   0.10751
   1530.5   0.10735
   1530.9   0.10716
   1531.4   0.10752
   1531.8   0.10743
   1532.3   0.10667
   1532.7   0.10641
   1533.2   0.10681
   1533.6   0.10684
   1534.1   0.10666
   1534.5   0.10641
   1535.0   0.10663
   1535.4   0.10632
   1535.9   0.10586
   1536.4   0.10588
   1536.8   0.10600
   1537.3   0.10599
   1537.7   0.10556
   1538.2   0.10543
   1538.6   0.10537
   1539.1   0.10534
   1539.6   0.10521
   1540.0   0.10458
   1540.5   0.10455
   1540.9   0.10490
   1541.4   0.10520
   1541.8   0.10504
   1542.3   0.10450
   1542.8   0.10419
   1543.2   0.10399
   1543.7   0.10425
   1544.1   0.10434
   1544.6   0.10387
   1545.1   0.10368
   1545.5   0.10361
   1546.0   0.10355
   1546.4   0.10361
   1546.9   0.10351
   1547.4   0.10360
   1547.8   0.10370
   1548.3   0.10351
   1548.8   0.10324
   1549.2   0.10267
   1549.7   0.10280
   1550.1   0.10304
   1550.6   0.10302
   1551.1   0.10273
   1551.5   0.10210
   1552.0   0.10187
   1552.5   0.10180
   1552.9   0.10147
   1553.4   0.10171
   1553.8   0.10209
   1554.3   0.10184
   1554.8   0.10140
   1555.3   0.10138
   1555.7   0.10153
   1556.2   0.10132
   1556.7   0.10045
   1557.1   0.10041
   1557.6   0.10043
   1558.1   0.09998
   1558.5   0.09990
   1559.0   0.09983
   1559.5   0.09925
   1559.9   0.09941
   1560.4   0.09989
   1560.9   0.10038
   1561.3   0.10060
   1561.8   0.09996
   1562.3   0.09928
   1562.8   0.09923
   1563.2   0.09892
   1563.7   0.09868
   1564.2   0.09891
   1564.6   0.09924
   1565.1   0.09893
   1565.6   0.09831
   1566.1   0.09806
   1566.5   0.09839
   1567.0   0.09839
   1567.5   0.09816
   1567.9   0.09800
   1568.4   0.09774
   1568.9   0.09747
   1569.4   0.09692
   1569.8   0.09636
   1570.3   0.09617
   1570.8   0.09626
   1571.3   0.09643
   1571.8   0.09664
   1572.2   0.09668
   1572.7   0.09673
   1573.2   0.09681
   1573.7   0.09673
   1574.1   0.09640
   1574.6   0.09630
   1575.1   0.09592
   1575.6   0.09573
   1576.1   0.09584
   1576.5   0.09579
   1577.0   0.09548
   1577.5   0.09510
   1578.0   0.09505
   1578.4   0.09549
   1578.9   0.09543
   1579.4   0.09473
   1579.9   0.09436
   1580.4   0.09432
   1580.9   0.09460
   1581.3   0.09413
   1581.8   0.09362
   1582.3   0.09345
   1582.8   0.09359
   1583.3   0.09395
   1583.8   0.09391
   1584.2   0.09384
   1584.7   0.09407
   1585.2   0.09375
   1585.7   0.09302
   1586.2   0.09293
   1586.7   0.09308
   1587.2   0.09273
   1587.6   0.09267
   1588.1   0.09265
   1588.6   0.09268
   1589.1   0.09289
   1589.6   0.09264
   1590.1   0.09226
   1590.6   0.09223
   1591.1   0.09200
   1591.5   0.09187
   1592.0   0.09156
   1592.5   0.09118
   1593.0   0.09127
   1593.5   0.09122
   1594.0   0.09073
   1594.5   0.09064
   1595.0   0.09069
   1595.4   0.09064
   1595.9   0.09052
   1596.4   0.09071
   1596.9   0.09074
   1597.4   0.09012
   1597.9   0.08976
   1598.4   0.08986
   1598.9   0.08968
   1599.4   0.08929
   1599.9   0.08916
   1600.4   0.08930
   1600.9   0.08903
   1601.4   0.08871
   1601.9   0.08890
   1602.3   0.08909
   1602.8   0.08893
   1603.3   0.08853
   1603.8   0.08834
   1604.3   0.08816
   1604.8   0.08760
   1605.3   0.08771
   1605.8   0.08813
   1606.3   0.08814
   1606.8   0.08774
   1607.3   0.08732
   1607.8   0.08769
   1608.3   0.08785
   1608.8   0.08758
   1609.3   0.08702
   1609.8   0.08707
   1610.3   0.08724
   1610.8   0.08689
   1611.3   0.08650
   1611.8   0.08621
   1612.3   0.08575
   1612.8   0.08587
   1613.3   0.08635
   1613.8   0.08611
   1614.3   0.08584
   1614.8   0.08553
   1615.3   0.08562
   1615.8   0.08567
   1616.3   0.08553
   1616.8   0.08555
   1617.3   0.08535
   1617.8   0.08496
   1618.4   0.08472
   1618.9   0.08462
   1619.4   0.08451
   1619.9   0.08435
   1620.4   0.08419
   1620.9   0.08402
   1621.4   0.08391
   1621.9   0.08390
   1622.4   0.08371
   1622.9   0.08368
   1623.4   0.08343
   1623.9   0.08328
   1624.4   0.08323
   1624.9   0.08334
   1625.5   0.08335
   1626.0   0.08339
   1626.5   0.08317
   1627.0   0.08295
   1627.5   0.08275
   1628.0   0.08252
   1628.5   0.08224
   1629.0   0.08224
   1629.6   0.08228
   1630.1   0.08213
   1630.6   0.08176
   1631.1   0.08176
   1631.6   0.08199
   1632.1   0.08163
   1632.6   0.08162
   1633.1   0.08157
   1633.7   0.08120
   1634.2   0.08090
   1634.7   0.08065
   1635.2   0.08039
   1635.7   0.08066
   1636.2   0.08094
   1636.8   0.08057
   1637.3   0.08030
   1637.8   0.08032
   1638.3   0.07996
   1638.8   0.07966
   1639.3   0.07949
   1639.9   0.07924
   1640.4   0.07927
   1640.9   0.07935
   1641.4   0.07916
   1641.9   0.07936
   1642.5   0.07945
   1643.0   0.07924
   1643.5   0.07876
   1644.0   0.07844
   1644.5   0.07824
   1645.1   0.07857
   1645.6   0.07858
   1646.1   0.07831
   1646.6   0.07808
   1647.2   0.07771
   1647.7   0.07758
   1648.2   0.07754
   1648.7   0.07754
   1649.3   0.07739
   1649.8   0.07719
   1650.3   0.07709
   1650.8   0.07681
   1651.3   0.07658
   1651.9   0.07651
   1652.4   0.07658
   1652.9   0.07659
   1653.4   0.07658
   1654.0   0.07636
   1654.5   0.07627
   1655.0   0.07619
   1655.6   0.07638
   1656.1   0.07592
   1656.6   0.07570
   1657.2   0.07581
   1657.7   0.07572
   1658.2   0.07550
   1658.7   0.07502
   1659.3   0.07470
   1659.8   0.07477
   1660.3   0.07498
   1660.9   0.07492
   1661.4   0.07474
   1661.9   0.07451
   1662.5   0.07434
   1663.0   0.07402
   1663.5   0.07389
   1664.1   0.07402
   1664.6   0.07397
   1665.1   0.07381
   1665.7   0.07353
   1666.2   0.07323
   1666.7   0.07322
   1667.3   0.07334
   1667.8   0.07310
   1668.3   0.07264
   1668.9   0.07257
   1669.4   0.07271
   1670.0   0.07287
   1670.5   0.07262
   1671.0   0.07259
   1671.6   0.07241
   1672.1   0.07219
   1672.7   0.07216
   1673.2   0.07226
   1673.7   0.07187
   1674.3   0.07162
   1674.8   0.07163
   1675.4   0.07150
   1675.9   0.07129
   1676.4   0.07120
   1677.0   0.07138
   1677.5   0.07145
   1678.1   0.07109
   1678.6   0.07098
   1679.2   0.07088
   1679.7   0.07057
   1680.3   0.07041
   1680.8   0.07027
   1681.3   0.07026
   1681.9   0.07004
   1682.4   0.06990
   1683.0   0.07008
   1683.5   0.07001
   1684.1   0.06978
   1684.6   0.06944
   1685.2   0.06950
   1685.7   0.06965
   1686.3   0.06939
   1686.8   0.06902
   1687.4   0.06925
   1687.9   0.06935
   1688.4   0.06919
   1689.0   0.06904
   1689.6   0.06892
   1690.1   0.06885
   1690.7   0.06863
   1691.2   0.06830
   1691.8   0.06830
   1692.3   0.06826
   1692.9   0.06817
   1693.4   0.06806
   1694.0   0.06791
   1694.5   0.06795
   1695.1   0.06781
   1695.6   0.06762
   1696.2   0.06760
   1696.7   0.06740
   1697.3   0.06719
   1697.8   0.06698
   1698.4   0.06703
   1699.0   0.06703
   1699.5   0.06698
   1700.1   0.06678
   1700.6   0.06627
   1701.2   0.06625
   1701.8   0.06642
   1702.3   0.06632
   1702.9   0.06627
   1703.4   0.06603
   1704.0   0.06562
   1704.6   0.06558
   1705.1   0.06568
   1705.7   0.06592
   1706.2   0.06573
   1706.8   0.06540
   1707.4   0.06521
   1707.9   0.06523
   1708.5   0.06522
   1709.1   0.06492
   1709.6   0.06486
   1710.2   0.06494
   1710.7   0.06492
   1711.3   0.06481
   1711.9   0.06455
   1712.4   0.06444
   1713.0   0.06430
   1713.6   0.06433
   1714.1   0.06415
   1714.7   0.06373
   1715.3   0.06374
   1715.8   0.06402
   1716.4   0.06402
   1717.0   0.06358
   1717.5   0.06337
   1718.1   0.06356
   1718.7   0.06352
   1719.3   0.06333
   1719.8   0.06330
   1720.4   0.06340
   1721.0   0.06343
   1721.5   0.06300
   1722.1   0.06284
   1722.7   0.06280
   1723.3   0.06279
   1723.8   0.06259
   1724.4   0.06211
   1725.0   0.06188
   1725.5   0.06202
   1726.1   0.06199
   1726.7   0.06184
   1727.3   0.06213
   1727.8   0.06205
   1728.4   0.06176
   1729.0   0.06182
   1729.6   0.06162
   1730.2   0.06134
   1730.7   0.06140
   1731.3   0.06142
   1731.9   0.06128
   1732.5   0.06114
   1733.0   0.06106
   1733.6   0.06094
   1734.2   0.06081
   1734.8   0.06066
   1735.4   0.06044
   1735.9   0.06024
   1736.5   0.06024
   1737.1   0.06008
   1737.7   0.06022
   1738.3   0.06027
   1738.8   0.06019
   1739.4   0.06005
   1740.0   0.05999
   1740.6   0.06006
   1741.2   0.05999
   1741.8   0.05967
   1742.4   0.05937
   1742.9   0.05941
   1743.5   0.05945
   1744.1   0.05917
   1744.7   0.05881
   1745.3   0.05872
   1745.9   0.05883
   1746.5   0.05879
   1747.1   0.05861
   1747.6   0.05869
   1748.2   0.05859
   1748.8   0.05841
   1749.4   0.05853
   1750.0   0.05844
   1750.6   0.05821
   1751.2   0.05835
   1751.8   0.05842
   1752.4   0.05797
   1753.0   0.05761
   1753.6   0.05763
   1754.2   0.05772
   1754.7   0.05769
   1755.3   0.05756
   1755.9   0.05747
   1756.5   0.05727
   1757.1   0.05716
   1757.7   0.05729
   1758.3   0.05737
   1758.9   0.05711
   1759.5   0.05696
   1760.1   0.05678
   1760.7   0.05674
   1761.3   0.05680
   1761.9   0.05688
   1762.5   0.05670
   1763.1   0.05639
   1763.7   0.05630
   1764.3   0.05640
   1764.9   0.05641
   1765.5   0.05624
   1766.1   0.05612
   1766.7   0.05617
   1767.3   0.05595
   1767.9   0.05574
   1768.5   0.05583
   1769.1   0.05584
   1769.7   0.05550
   1770.3   0.05552
   1770.9   0.05555
   1771.5   0.05529
   1772.1   0.05527
   1772.7   0.05536
   1773.3   0.05525
   1773.9   0.05506
   1774.6   0.05495
   1775.2   0.05483
   1775.8   0.05456
   1776.4   0.05454
   1777.0   0.05455
   1777.6   0.05440
   1778.2   0.05437
   1778.8   0.05450
   1779.4   0.05455
   1780.0   0.05455
   1780.7   0.05439
   1781.3   0.05443
   1781.9   0.05447
   1782.5   0.05428
   1783.1   0.05404
   1783.7   0.05384
   1784.3   0.05384
   1784.9   0.05384
   1785.6   0.05367
   1786.2   0.05351
   1786.8   0.05358
   1787.4   0.05359
   1788.0   0.05366
   1788.6   0.05358
   1789.3   0.05332
   1789.9   0.05335
   1790.5   0.05327
   1791.1   0.05320
   1791.7   0.05311
   1792.3   0.05274
   1793.0   0.05279
   1793.6   0.05306
   1794.2   0.05296
   1794.8   0.05269
   1795.4   0.05283
   1796.1   0.05289
   1796.7   0.05262
   1797.3   0.05237
   1797.9   0.05227
   1798.6   0.05235
   1799.2   0.05220
   1799.8   0.05208
   1800.4   0.05216
   1801.1   0.05223
   1801.7   0.05215
   1802.3   0.05198
   1802.9   0.05189
   1803.6   0.05192
   1804.2   0.05188
   1804.8   0.05182
   1805.5   0.05192
   1806.1   0.05185
   1806.7   0.05162
   1807.3   0.05142
   1808.0   0.05148
   1808.6   0.05143
   1809.2   0.05124
   1809.9   0.05122
   1810.5   0.05111
   1811.1   0.05106
   1811.8   0.05120
   1812.4   0.05111
   1813.0   0.05088
   1813.7   0.05079
   1814.3   0.05072
   1814.9   0.05066
   1815.6   0.05067
   1816.2   0.05051
   1816.8   0.05026
   1817.5   0.05028
   1818.1   0.05036
   1818.8   0.05017
   1819.4   0.05018
   1820.0   0.05028
   1820.7   0.05013
   1821.3   0.04996
   1821.9   0.04994
   1822.6   0.04988
   1823.2   0.04995
   1823.9   0.04994
   1824.5   0.04988
   1825.2   0.04981
   1825.8   0.04968
   1826.4   0.04964
   1827.1   0.04957
   1827.7   0.04947
   1828.4   0.04929
   1829.0   0.04911
   1829.7   0.04917
   1830.3   0.04928
   1831.0   0.04914
   1831.6   0.04911
   1832.3   0.04920
   1832.9   0.04912
   1833.6   0.04896
   1834.2   0.04889
   1834.8   0.04886
   1835.5   0.04881
   1836.2   0.04883
   1836.8   0.04871
   1837.4   0.04855
   1838.1   0.04845
   1838.8   0.04850
   1839.4   0.04861
   1840.1   0.04868
   1840.7   0.04856
   1841.4   0.04841
   1842.0   0.04832
   1842.7   0.04827
   1843.3   0.04843
   1844.0   0.04844
   1844.6   0.04816
   1845.3   0.04794
   1845.9   0.04785
   1846.6   0.04781
   1847.3   0.04799
   1847.9   0.04806
   1848.6   0.04790
   1849.3   0.04774
   1849.9   0.04770
   1850.6   0.04766
   1851.2   0.04768
   1851.9   0.04772
   1852.6   0.04773
   1853.2   0.04762
   1853.9   0.04759
   1854.5   0.04752
   1855.2   0.04739
   1855.9   0.04731
   1856.5   0.04729
   1857.2   0.04716
   1857.9   0.04710
   1858.5   0.04719
   1859.2   0.04710
   1859.9   0.04703
   1860.5   0.04714
   1861.2   0.04710
   1861.9   0.04697
   1862.5   0.04684
   1863.2   0.04683
   1863.9   0.04690
   1864.5   0.04685
   1865.2   0.04666
   1865.9   0.04653
   1866.6   0.04660
   1867.2   0.04664
   1867.9   0.04668
   1868.6   0.04649
   1869.3   0.04616
   1869.9   0.04617
   1870.6   0.04625
   1871.3   0.04622
   1871.9   0.04627
   1872.6   0.04619
   1873.3   0.04620
   1874.0   0.04614
   1874.7   0.04609
   1875.3   0.04609
   1876.0   0.04603
   1876.7   0.04609
   1877.4   0.04602
   1878.1   0.04582
   1878.7   0.04585
   1879.4   0.04592
   1880.1   0.04586
   1880.8   0.04568
   1881.5   0.04562
   1882.1   0.04564
   1882.8   0.04575
   1883.5   0.04571
   1884.2   0.04551
   1884.9   0.04548
   1885.6   0.04565
   1886.3   0.04560
   1886.9   0.04546
   1887.6   0.04533
   1888.3   0.04523
   1889.0   0.04517
   1889.7   0.04526
   1890.4   0.04534
   1891.1   0.04518
   1891.8   0.04517
   1892.4   0.04522
   1893.1   0.04519
   1893.8   0.04523
   1894.5   0.04511
   1895.2   0.04490
   1895.9   0.04479
   1896.6   0.04480
   1897.3   0.04482
   1898.0   0.04484
   1898.7   0.04492
   1899.4   0.04481
   1900.1   0.04453
   1900.8   0.04454
   1901.5   0.04454
   1902.2   0.04440
   1902.9   0.04446
   1903.6   0.04462
   1904.3   0.04467
   1905.0   0.04462
   1905.7   0.04446
   1906.4   0.04442
   1907.1   0.04444
   1907.8   0.04435
   1908.5   0.04425
   1909.2   0.04422
   1909.9   0.04405
   1910.6   0.04408
   1911.3   0.04419
   1912.0   0.04418
   1912.7   0.04420
   1913.4   0.04417
   1914.1   0.04412
   1914.8   0.04406
   1915.5   0.04399
   1916.2   0.04397
   1916.9   0.04388
   1917.6   0.04390
   1918.3   0.04391
   1919.1   0.04382
   1919.8   0.04379
   1920.5   0.04382
   1921.2   0.04382
   1921.9   0.04374
   1922.6   0.04367
   1923.3   0.04372
   1924.1   0.04361
   1924.8   0.04348
   1925.5   0.04352
   1926.2   0.04356
   1926.9   0.04356
   1927.6   0.04352
   1928.3   0.04355
   1929.1   0.04356
   1929.8   0.04351
   1930.5   0.04356
   1931.2   0.04353
   1931.9   0.04347
   1932.7   0.04338
   1933.4   0.04330
   1934.1   0.04329
   1934.8   0.04334
   1935.5   0.04332
   1936.3   0.04328
   1937.0   0.04309
   1937.7   0.04296
   1938.4   0.04304
   1939.2   0.04314
   1939.9   0.04318
   1940.6   0.04296
   1941.3   0.04282
   1942.1   0.04290
   1942.8   0.04302
   1943.5   0.04305
   1944.3   0.04297
   1945.0   0.04283
   1945.7   0.04274
   1946.4   0.04270
   1947.2   0.04273
   1947.9   0.04276
   1948.6   0.04270
   1949.4   0.04266
   1950.1   0.04273
   1950.8   0.04278
   1951.6   0.04271
   1952.3   0.04262
   1953.0   0.04263
   1953.8   0.04256
   1954.5   0.04245
   1955.3   0.04245
   1956.0   0.04257
   1956.7   0.04257
   1957.5   0.04248
   1958.2   0.04245
   1958.9   0.04243
   1959.7   0.04245
   1960.4   0.04258
   1961.2   0.04271
   1961.9   0.04263
   1962.7   0.04254
   1963.4   0.04253
   1964.1   0.04259
   1964.9   0.04245
   1965.6   0.04236
   1966.4   0.04241
   1967.1   0.04243
   1967.9   0.04240
   1968.6   0.04238
   1969.4   0.04241
   1970.1   0.04247
   1970.8   0.04242
   1971.6   0.04221
   1972.3   0.04227
   1973.1   0.04227
   1973.8   0.04217
   1974.6   0.04212
   1975.4   0.04217
   1976.1   0.04225
   1976.9   0.04223
   1977.6   0.04225
   1978.4   0.04215
   1979.1   0.04211
   1979.9   0.04202
   1980.6   0.04189
   1981.4   0.04200
   1982.2   0.04201
   1982.9   0.04197
   1983.7   0.04197
   1984.4   0.04206
   1985.2   0.04198
   1985.9   0.04199
   1986.7   0.04214
   1987.5   0.04207
   1988.2   0.04203
   1989.0   0.04199
   1989.8   0.04194
   1990.5   0.04206
   1991.3   0.04216
   1992.1   0.04198
   1992.8   0.04193
   1993.6   0.04196
   1994.3   0.04204
   1995.1   0.04209
   1995.9   0.04205
   1996.7   0.04198
   1997.4   0.04192
   1998.2   0.04194
   1999.0   0.04190
   1999.7   0.04191
   2000.5   0.04186
   2001.3   0.04182
   2002.1   0.04189
   2002.8   0.04180
   2003.6   0.04170
   2004.4   0.04182
   2005.2   0.04193
   2005.9   0.04198
   2006.7   0.04196
   2007.5   0.04196
   2008.3   0.04189
   2009.0   0.04186
   2009.8   0.04187
   2010.6   0.04186
   2011.4   0.04186
   2012.2   0.04192
   2012.9   0.04188
   2013.7   0.04182
   2014.5   0.04188
   2015.3   0.04186
   2016.1   0.04177
   2016.8   0.04177
   2017.6   0.04182
   2018.4   0.04179
   2019.2   0.04175
   2020.0   0.04159
   2020.8   0.04150
   2021.6   0.04156
   2022.4   0.04159
   2023.2   0.04176
   2023.9   0.04182
   2024.7   0.04174
   2025.5   0.04169
   2026.3   0.04171
   2027.1   0.04177
   2027.9   0.04183
   2028.7   0.04169
   2029.5   0.04161
   2030.3   0.04166
   2031.1   0.04164
   2031.9   0.04160
   2032.7   0.04166
   2033.5   0.04168
   2034.3   0.04167
   2035.1   0.04162
   2035.9   0.04155
   2036.7   0.04151
   2037.5   0.04149
   2038.3   0.04159
   2039.1   0.04157
   2039.9   0.04153
   2040.7   0.04163
   2041.5   0.04159
   2042.3   0.04156
   2043.1   0.04175
   2043.9   0.04179
   2044.7   0.04179
   2045.5   0.04182
   2046.3   0.04179
   2047.1   0.04164
   2047.9   0.04155
   2048.7   0.04162
   2049.5   0.04167
   2050.4   0.04166
   2051.2   0.04166
   2052.0   0.04169
   2052.8   0.04174
   2053.6   0.04171
   2054.4   0.04171
   2055.2   0.04171
   2056.0   0.04174
   2056.9   0.04176
   2057.7   0.04179
   2058.5   0.04193
   2059.3   0.04197
   2060.1   0.04186
   2060.9   0.04181
   2061.8   0.04185
   2062.6   0.04183
   2063.4   0.04186
   2064.2   0.04187
   2065.1   0.04173
   2065.9   0.04175
   2066.7   0.04187
   2067.5   0.04188
   2068.3   0.04180
   2069.2   0.04187
   2070.0   0.04186
   2070.8   0.04179
   2071.6   0.04185
   2072.5   0.04197
   2073.3   0.04194
   2074.1   0.04192
   2075.0   0.04199
   2075.8   0.04195
   2076.6   0.04185
   2077.5   0.04188
   2078.3   0.04193
   2079.1   0.04192
   2080.0   0.04197
   2080.8   0.04198
   2081.6   0.04190
   2082.5   0.04197
   2083.3   0.04205
   2084.1   0.04200
   2085.0   0.04196
   2085.8   0.04196
   2086.7   0.04199
   2087.5   0.04205
   2088.3   0.04215
   2089.2   0.04216
   2090.0   0.04211
   2090.9   0.04212
   2091.7   0.04213
   2092.6   0.04210
   2093.4   0.04209
   2094.2   0.04206
   2095.1   0.04204
   2095.9   0.04209
   2096.8   0.04213
   2097.6   0.04225
   2098.5   0.04229
   2099.3   0.04230
   2100.2   0.04232
   2101.0   0.04232
   2101.9   0.04229
   2102.7   0.04228
   2103.6   0.04226
   2104.4   0.04227
   2105.3   0.04236
   2106.1   0.04238
   2107.0   0.04229
   2107.9   0.04228
   2108.7   0.04228
   2109.6   0.04233
   2110.4   0.04248
   2111.3   0.04249
   2112.2   0.04250
   2113.0   0.04251
   2113.9   0.04245
   2114.7   0.04240
   2115.6   0.04239
   2116.5   0.04247
   2117.3   0.04262
   2118.2   0.04258
   2119.1   0.04248
   2119.9   0.04241
   2120.8   0.04236
   2121.7   0.04246
   2122.5   0.04259
   2123.4   0.04264
   2124.3   0.04274
   2125.1   0.04275
   2126.0   0.04264
   2126.9   0.04267
   2127.8   0.04277
   2128.6   0.04276
   2129.5   0.04276
   2130.4   0.04279
   2131.3   0.04274
   2132.1   0.04272
   2133.0   0.04275
   2133.9   0.04289
   2134.8   0.04298
   2135.6   0.04295
   2136.5   0.04292
   2137.4   0.04294
   2138.3   0.04291
   2139.2   0.04298
   2140.1   0.04306
   2140.9   0.04310
   2141.8   0.04306
   2142.7   0.04298
   2143.6   0.04295
   2144.5   0.04302
   2145.4   0.04305
   2146.3   0.04306
   2147.1   0.04314
   2148.0   0.04315
   2148.9   0.04316
   2149.8   0.04322
   2150.7   0.04322
   2151.6   0.04333
   2152.5   0.04342
   2153.4   0.04342
   2154.3   0.04340
   2155.2   0.04346
   2156.1   0.04351
   2157.0   0.04345
   2157.9   0.04344
   2158.8   0.04352
   2159.7   0.04358
   2160.6   0.04355
   2161.5   0.04354
   2162.4   0.04352
   2163.3   0.04354
   2164.2   0.04359
   2165.1   0.04361
   2166.0   0.04373
   2166.9   0.04384
   2167.8   0.04384
   2168.7   0.04378
   2169.6   0.04374
   2170.5   0.04378
   2171.4   0.04384
   2172.3   0.04391
   2173.3   0.04389
   2174.2   0.04381
   2175.1   0.04385
   2176.0   0.04400
   2176.9   0.04408
   2177.8   0.04410
   2178.7   0.04416
   2179.6   0.04417
   2180.6   0.04411
   2181.5   0.04414
   2182.4   0.04429
   2183.3   0.04439
   2184.2   0.04438
   2185.1   0.04430
   2186.1   0.04433
   2187.0   0.04443
   2187.9   0.04450
   2188.8   0.04454
   2189.8   0.04455
   2190.7   0.04457
   2191.6   0.04446
   2192.6   0.04450
   2193.5   0.04453
   2194.4   0.04450
   2195.3   0.04467
   2196.3   0.04480
   2197.2   0.04476
   2198.1   0.04473
   2199.1   0.04478
   2200.0   0.04483
   2200.9   0.04482
   2201.9   0.04481
   2202.8   0.04493
   2203.7   0.04505
   2204.7   0.04508
   2205.6   0.04511
   2206.5   0.04509
   2207.5   0.04508
   2208.4   0.04513
   2209.4   0.04522
   2210.3   0.04528
   2211.3   0.04532
   2212.2   0.04531
   2213.1   0.04530
   2214.1   0.04537
   2215.0   0.04544
   2216.0   0.04546
   2216.9   0.04549
   2217.9   0.04561
   2218.8   0.04563
   2219.8   0.04559
   2220.7   0.04558
   2221.7   0.04563
   2222.6   0.04568
   2223.6   0.04573
   2224.5   0.04569
   2225.5   0.04565
   2226.4   0.04568
   2227.4   0.04574
   2228.4   0.04584
   2229.3   0.04600
   2230.3   0.04611
   2231.2   0.04613
   2232.2   0.04608
   2233.1   0.04606
   2234.1   0.04616
   2235.1   0.04625
   2236.0   0.04632
   2237.0   0.04634
   2238.0   0.04631
   2238.9   0.04638
   2239.9   0.04643
   2240.9   0.04634
   2241.8   0.04635
   2242.8   0.04643
   2243.8   0.04654
   2244.8   0.04656
   2245.7   0.04661
   2246.7   0.04668
   2247.7   0.04673
   2248.6   0.04684
   2249.6   0.04692
   2250.6   0.04696
   2251.6   0.04697
   2252.6   0.04696
   2253.5   0.04701
   2254.5   0.04709
   2255.5   0.04714
   2256.5   0.04722
   2257.5   0.04725
   2258.4   0.04730
   2259.4   0.04744
   2260.4   0.04746
   2261.4   0.04742
   2262.4   0.04745
   2263.4   0.04748
   2264.4   0.04757
   2265.4   0.04761
   2266.3   0.04759
   2267.3   0.04768
   2268.3   0.04773
   2269.3   0.04772
   2270.3   0.04786
   2271.3   0.04791
   2272.3   0.04785
   2273.3   0.04791
   2274.3   0.04807
   2275.3   0.04814
   2276.3   0.04806
   2277.3   0.04806
   2278.3   0.04817
   2279.3   0.04818
   2280.3   0.04821
   2281.3   0.04830
   2282.3   0.04837
   2283.3   0.04838
   2284.3   0.04847
   2285.3   0.04859
   2286.3   0.04865
   2287.3   0.04866
   2288.4   0.04873
   2289.4   0.04877
   2290.4   0.04883
   2291.4   0.04890
   2292.4   0.04899
   2293.4   0.04905
   2294.4   0.04904
   2295.4   0.04911
   2296.5   0.04927
   2297.5   0.04932
   2298.5   0.04930
   2299.5   0.04933
   2300.5   0.04937
   2301.6   0.04945
   2302.6   0.04948
   2303.6   0.04957
   2304.6   0.04965
   2305.6   0.04967
   2306.7   0.04969
   2307.7   0.04970
   2308.7   0.04976
   2309.8   0.04992
   2310.8   0.05001
   2311.8   0.05006
   2312.9   0.05010
   2313.9   0.05009
   2314.9   0.05015
   2315.9   0.05033
   2317.0   0.05048
   2318.0   0.05050
   2319.1   0.05056
   2320.1   0.05067
   2321.1   0.05071
   2322.2   0.05078
   2323.2   0.05092
   2324.3   0.05095
   2325.3   0.05093
   2326.3   0.05096
   2327.4   0.05101
   2328.4   0.05097
   2329.5   0.05110
   2330.5   0.05130
   2331.6   0.05135
   2332.6   0.05138
   2333.7   0.05146
   2334.7   0.05149
   2335.8   0.05157
   2336.8   0.05178
   2337.9   0.05197
   2338.9   0.05206
   2340.0   0.05207
   2341.0   0.05210
   2342.1   0.05219
   2343.2   0.05223
   2344.2   0.05222
   2345.3   0.05234
   2346.3   0.05243
   2347.4   0.05250
   2348.5   0.05266
   2349.5   0.05273
   2350.6   0.05278
   2351.7   0.05282
   2352.7   0.05293
   2353.8   0.05304
   2354.9   0.05315
   2355.9   0.05326
   2357.0   0.05335
   2358.1   0.05336
   2359.1   0.05344
   2360.2   0.05351
   2361.3   0.05359
   2362.4   0.05371
   2363.4   0.05381
   2364.5   0.05393
   2365.6   0.05406
   2366.7   0.05414
   2367.8   0.05418
   2368.9   0.05425
   2369.9   0.05441
   2371.0   0.05453
   2372.1   0.05460
   2373.2   0.05468
   2374.3   0.05479
   2375.4   0.05486
   2376.4   0.05500
   2377.5   0.05513
   2378.6   0.05525
   2379.7   0.05536
   2380.8   0.05541
   2381.9   0.05550
   2383.0   0.05564
   2384.1   0.05571
   2385.2   0.05576
   2386.3   0.05582
   2387.4   0.05592
   2388.5   0.05610
   2389.6   0.05623
   2390.7   0.05631
   2391.8   0.05641
   2392.9   0.05650
   2394.0   0.05663
   2395.1   0.05678
   2396.2   0.05689
   2397.3   0.05692
   2398.4   0.05698
   2399.6   0.05719
   2400.7   0.05740
   2401.8   0.05745
   2402.9   0.05756
   2404.0   0.05770
   2405.1   0.05777
   2406.2   0.05790
   2407.4   0.05802
   2408.5   0.05819
   2409.6   0.05839
   2410.7   0.05851
   2411.8   0.05858
   2412.9   0.05868
   2414.1   0.05887
   2415.2   0.05904
   2416.3   0.05912
   2417.4   0.05916
   2418.6   0.05929
   2419.7   0.05949
   2420.8   0.05961
   2422.0   0.05969
   2423.1   0.05987
   2424.2   0.06011
   2425.4   0.06025
   2426.5   0.06036
   2427.6   0.06049
   2428.8   0.06056
   2429.9   0.06069
   2431.1   0.06084
   2432.2   0.06090
   2433.3   0.06104
   2434.5   0.06126
   2435.6   0.06143
   2436.8   0.06153
   2437.9   0.06166
   2439.1   0.06182
   2440.2   0.06203
   2441.4   0.06224
   2442.5   0.06240
   2443.6   0.06251
   2444.8   0.06271
   2446.0   0.06286
   2447.1   0.06301
   2448.3   0.06315
   2449.4   0.06328
   2450.6   0.06346
   2451.7   0.06370
   2452.9   0.06381
   2454.1   0.06386
   2455.2   0.06403
   2456.4   0.06428
   2457.6   0.06451
   2458.7   0.06464
   2459.9   0.06481
   2461.1   0.06503
   2462.2   0.06513
   2463.4   0.06523
   2464.6   0.06543
   2465.7   0.06563
   2466.9   0.06581
   2468.1   0.06596
   2469.3   0.06615
   2470.4   0.06639
   2471.6   0.06657
   2472.8   0.06672
   2474.0   0.06686
   2475.1   0.06702
   2476.3   0.06721
   2477.5   0.06734
   2478.7   0.06756
   2479.9   0.06774
   2481.1   0.06789
   2482.3   0.06809
   2483.4   0.06824
   2484.6   0.06844
   2485.8   0.06870
   2487.0   0.06892
   2488.2   0.06908
   2489.4   0.06927
   2490.6   0.06949
   2491.8   0.06970
   2493.0   0.06985
   2494.2   0.06999
   2495.4   0.07022
   2496.6   0.07051
   2497.8   0.07071
   2499.0   0.07083
   2500.2   0.07106
   2501.4   0.07127
   2502.6   0.07150
   2503.8   0.07174
   2505.0   0.07191
   2506.3   0.07207
   2507.5   0.07227
   2508.7   0.07246
   2509.9   0.07266
   2511.1   0.07288
   2512.3   0.07312
   2513.5   0.07329
   2514.8   0.07349
   2516.0   0.07376
   2517.2   0.07400
   2518.4   0.07424
   2519.6   0.07441
   2520.9   0.07457
   2522.1   0.07481
   2523.3   0.07505
   2524.6   0.07525
   2525.8   0.07540
   2527.0   0.07562
   2528.3   0.07584
   2529.5   0.07607
   2530.7   0.07636
   2531.9   0.07663
   2533.2   0.07679
   2534.4   0.07696
   2535.7   0.07725
   2536.9   0.07750
   2538.1   0.07767
   2539.4   0.07786
   2540.6   0.07805
   2541.9   0.07832
   2543.1   0.07862
   2544.4   0.07881
   2545.6   0.07899
   2546.9   0.07922
   2548.1   0.07948
   2549.4   0.07973
   2550.6   0.07997
   2551.9   0.08027
   2553.1   0.08052
   2554.4   0.08059
   2555.7   0.08074
   2556.9   0.08102
   2558.2   0.08122
   2559.4   0.08146
   2560.7   0.08190
   2562.0   0.08225
   2563.2   0.08240
   2564.5   0.08256
   2565.8   0.08272
   2567.1   0.08292
   2568.3   0.08317
   2569.6   0.08350
   2570.9   0.08370
   2572.1   0.08393
   2573.4   0.08437
   2574.7   0.08452
   2576.0   0.08473
   2577.3   0.08498
   2578.5   0.08506
   2579.8   0.08530
   2581.1   0.08566
   2582.4   0.08594
   2583.7   0.08629
   2585.0   0.08638
   2586.3   0.08649
   2587.5   0.08680
   2588.8   0.08699
   2590.1   0.08720
   2591.4   0.08740
   2592.7   0.08777
   2594.0   0.08845
   2595.3   0.08890
   2596.6   0.08873
   2597.9   0.08865
   2599.2   0.08875
   2600.5   0.08902
   2601.8   0.08934
   2603.1   0.08960
   2604.4   0.08995
   2605.8   0.09029
   2607.1   0.09039
   2608.4   0.09047
   2609.7   0.09064
   2611.0   0.09083
   2612.3   0.09105
   2613.6   0.09134
   2614.9   0.09159
   2616.3   0.09202
   2617.6   0.09229
   2618.9   0.09236
   2620.2   0.09267
   2621.6   0.09279
   2622.9   0.09285
   2624.2   0.09308
   2625.5   0.09339
   2626.9   0.09379
   2628.2   0.09389
   2629.5   0.09422
   2630.9   0.09456
   2632.2   0.09452
   2633.5   0.09471
   2634.9   0.09494
   2636.2   0.09506
   2637.6   0.09529
   2638.9   0.09551
   2640.2   0.09573
   2641.6   0.09596
   2642.9   0.09617
   2644.3   0.09639
   2645.6   0.09674
   2647.0   0.09692
   2648.3   0.09706
   2649.7   0.09727
   2651.0   0.09749
   2652.4   0.09774
   2653.8   0.09792
   2655.1   0.09812
   2656.5   0.09841
   2657.8   0.09853
   2659.2   0.09883
   2660.6   0.09904
   2661.9   0.09924
   2663.3   0.09951
   2664.7   0.10006
   2666.0   0.10049
   2667.4   0.10063
   2668.8   0.10072
   2670.1   0.10137
   2671.5   0.10141
   2672.9   0.10120
   2674.3   0.10150
   2675.7   0.10191
   2677.0   0.10218
   2678.4   0.10222
   2679.8   0.10220
   2681.2   0.10214
   2682.6   0.10235
   2684.0   0.10256
   2685.4   0.10264
   2686.8   0.10278
   2688.1   0.10287
   2689.5   0.10295
   2690.9   0.10317
   2692.3   0.10352
   2693.7   0.10383
   2695.1   0.10385
   2696.5   0.10386
   2697.9   0.10397
   2699.3   0.10415
   2700.8   0.10441
   2702.1   0.10461
   2703.6   0.10471
   2705.0   0.10484
   2706.4   0.10492
   2707.8   0.10511
   2709.2   0.10539
   2710.6   0.10573
   2712.1   0.10575
   2713.5   0.10561
   2714.9   0.10575
   2716.3   0.10592
   2717.7   0.10613
   2719.2   0.10654
   2720.6   0.10701
   2722.0   0.10675
   2723.4   0.10682
   2724.9   0.10712
   2726.3   0.10697
   2727.7   0.10690
   2729.2   0.10696
   2730.6   0.10710
   2732.1   0.10727
   2733.5   0.10743
   2734.9   0.10765
   2736.4   0.10762
   2737.8   0.10778
   2739.3   0.10823
   2740.7   0.10842
   2742.2   0.10829
   2743.6   0.10817
   2745.1   0.10819
   2746.5   0.10826
   2748.0   0.10838
   2749.4   0.10847
   2750.9   0.10859
   2752.4   0.10873
   2753.8   0.10896
   2755.3   0.10941
   2756.7   0.10931
   2758.2   0.10904
   2759.7   0.10908
   2761.1   0.10930
   2762.6   0.10962
   2764.1   0.10970
   2765.6   0.10960
   2767.0   0.10965
   2768.5   0.10977
   2770.0   0.10993
   2771.5   0.11003
   2773.0   0.10993
   2774.4   0.10992
   2775.9   0.11002
   2777.4   0.11008
   2778.9   0.11010
   2780.4   0.11022
   2781.9   0.11035
   2783.4   0.11040
   2784.9   0.11049
   2786.4   0.11070
   2787.9   0.11080
   2789.4   0.11071
   2790.9   0.11068
   2792.4   0.11073
   2793.9   0.11078
   2795.4   0.11084
   2796.9   0.11091
   2798.4   0.11095
   2799.9   0.11103
   2801.4   0.11119
   2802.9   0.11139
   2804.4   0.11138
   2806.0   0.11132
   2807.5   0.11133
   2809.0   0.11138
   2810.5   0.11140
   2812.1   0.11144
   2813.6   0.11150
   2815.1   0.11156
   2816.6   0.11163
   2818.2   0.11174
   2819.7   0.11179
   2821.2   0.11174
   2822.8   0.11174
   2824.3   0.11180
   2825.9   0.11186
   2827.4   0.11191
   2828.9   0.11195
   2830.5   0.11197
   2832.0   0.11201
   2833.6   0.11209
   2835.1   0.11215
   2836.7   0.11218
   2838.2   0.11218
   2839.8   0.11219
   2841.3   0.11224
   2842.9   0.11229
   2844.4   0.11233
   2846.0   0.11238
   2847.6   0.11239
   2849.1   0.11241
   2850.7   0.11242
   2852.3   0.11248
   2853.8   0.11255
   2855.4   0.11260
   2857.0   0.11256
   2858.6   0.11254
   2860.1   0.11261
   2861.7   0.11265
   2863.3   0.11264
   2864.9   0.11264
   2866.5   0.11271
   2868.1   0.11271
   2869.6   0.11270
   2871.2   0.11274
   2872.8   0.11275
   2874.4   0.11272
   2876.0   0.11273
   2877.6   0.11278
   2879.2   0.11280
   2880.8   0.11277
   2882.4   0.11279
   2884.0   0.11286
   2885.6   0.11287
   2887.2   0.11280
   2888.8   0.11275
   2890.4   0.11280
   2892.0   0.11288
   2893.6   0.11297
   2895.3   0.11297
   2896.9   0.11294
   2898.5   0.11297
   2900.1   0.11298
   2901.8   0.11293
   2903.4   0.11293
   2905.0   0.11298
   2906.6   0.11296
   2908.3   0.11293
   2909.9   0.11291
   2911.5   0.11287
   2913.2   0.11285
   2914.8   0.11286
   2916.4   0.11284
   2918.1   0.11282
   2919.7   0.11285
   2921.4   0.11287
   2923.0   0.11287
   2924.7   0.11286
   2926.3   0.11288
   2928.0   0.11288
   2929.6   0.11285
   2931.3   0.11278
   2932.9   0.11274
   2934.6   0.11273
   2936.3   0.11278
   2937.9   0.11282
   2939.6   0.11275
   2941.3   0.11274
   2942.9   0.11272
   2944.6   0.11268
   2946.3   0.11266
   2947.9   0.11261
   2949.6   0.11260
   2951.3   0.11258
   2953.0   0.11256
   2954.7   0.11256
   2956.3   0.11252
   2958.0   0.11246
   2959.7   0.11246
   2961.4   0.11244
   2963.1   0.11241
   2964.8   0.11240
   2966.5   0.11237
   2968.2   0.11230
   2969.9   0.11231
   2971.6   0.11235
   2973.3   0.11232
   2975.0   0.11226
   2976.7   0.11221
   2978.4   0.11220
   2980.1   0.11218
   2981.8   0.11217
   2983.6   0.11214
   2985.3   0.11209
   2987.0   0.11208
   2988.7   0.11207
   2990.4   0.11205
   2992.2   0.11199
   2993.9   0.11193
   2995.6   0.11189
   2997.4   0.11192
   2999.1   0.11194
   3000.8   0.11189
   3002.6   0.11180
   3004.3   0.11177
   3006.1   0.11172
   3007.8   0.11163
   3009.5   0.11157
   3011.3   0.11157
   3013.0   0.11157
   3014.8   0.11152
   3016.5   0.11145
   3018.3   0.11142
   3020.1   0.11136
   3021.8   0.11128
   3023.6   0.11124
   3025.3   0.11118
   3027.1   0.11117
   3028.9   0.11115
   3030.6   0.11109
   3032.4   0.11105
   3034.2   0.11100
   3036.0   0.11095
   3037.7   0.11088
   3039.5   0.11080
   3041.3   0.11074
   3043.1   0.11069
   3044.9   0.11063
   3046.7   0.11058
   3048.5   0.11052
   3050.3   0.11043
   3052.1   0.11036
   3053.8   0.11032
   3055.6   0.11022
   3057.4   0.11013
   3059.3   0.11008
   3061.1   0.11003
   3062.9   0.10996
   3064.7   0.10986
   3066.5   0.10976
   3068.3   0.10971
   3070.1   0.10963
   3071.9   0.10954
   3073.8   0.10947
   3075.6   0.10939
   3077.4   0.10929
   3079.2   0.10921
   3081.1   0.10914
   3082.9   0.10908
   3084.7   0.10898
   3086.6   0.10890
   3088.4   0.10881
   3090.2   0.10872
   3092.1   0.10863
   3093.9   0.10854
   3095.8   0.10850
   3097.6   0.10847
   3099.5   0.10839
   3101.3   0.10829
   3103.2   0.10820
   3105.1   0.10814
   3106.9   0.10803
   3108.8   0.10791
   3110.6   0.10781
   3112.5   0.10778
   3114.4   0.10778
   3116.2   0.10769
   3118.1   0.10758
   3120.0   0.10750
   3121.9   0.10740
   3123.8   0.10731
   3125.6   0.10726
   3127.5   0.10718
   3129.4   0.10706
   3131.3   0.10696
   3133.2   0.10689
   3135.1   0.10683
   3137.0   0.10678
   3138.9   0.10671
   3140.8   0.10659
   3142.7   0.10649
   3144.6   0.10643
   3146.5   0.10636
   3148.4   0.10625
   3150.3   0.10613
   3152.2   0.10607
   3154.1   0.10600
   3156.1   0.10588
   3158.0   0.10581
   3159.9   0.10572
   3161.8   0.10564
   3163.8   0.10554
   3165.7   0.10543
   3167.6   0.10531
   3169.6   0.10522
   3171.5   0.10518
   3173.5   0.10510
   3175.4   0.10501
   3177.3   0.10494
   3179.3   0.10485
   3181.2   0.10475
   3183.2   0.10460
   3185.1   0.10451
   3187.1   0.10443
   3189.1   0.10433
   3191.0   0.10426
   3193.0   0.10419
   3195.0   0.10408
   3196.9   0.10399
   3198.9   0.10391
   3200.9   0.10382
   3202.9   0.10369
   3204.8   0.10359
   3206.8   0.10353
   3208.8   0.10341
   3210.8   0.10335
   3212.8   0.10331
   3214.8   0.10321
   3216.8   0.10305
   3218.8   0.10293
   3220.8   0.10285
   3222.8   0.10278
   3224.8   0.10272
   3226.8   0.10264
   3228.8   0.10253
   3230.8   0.10241
   3232.8   0.10231
   3234.8   0.10218
   3236.8   0.10209
   3238.9   0.10204
   3240.9   0.10193
   3242.9   0.10181
   3244.9   0.10172
   3247.0   0.10161
   3249.0   0.10152
   3251.1   0.10146
   3253.1   0.10138
   3255.1   0.10126
   3257.2   0.10114
   3259.2   0.10103
   3261.3   0.10095
   3263.3   0.10088
   3265.4   0.10080
   3267.4   0.10067
   3269.5   0.10055
   3271.6   0.10046
   3273.6   0.10035
   3275.7   0.10021
   3277.8   0.10011
   3279.8   0.10005
   3281.9   0.09997
   3284.0   0.09984
   3286.1   0.09971
   3288.2   0.09961
   3290.2   0.09955
   3292.3   0.09944
   3294.4   0.09932
   3296.5   0.09924
   3298.6   0.09915
   3300.7   0.09903
   3302.8   0.09890
   3304.9   0.09876
   3307.0   0.09862
   3309.1   0.09851
   3311.3   0.09842
   3313.4   0.09833
   3315.5   0.09822
   3317.6   0.09809
   3319.7   0.09798
   3321.9   0.09788
   3324.0   0.09776
   3326.1   0.09765
   3328.3   0.09753
   3330.4   0.09743
   3332.5   0.09734
   3334.7   0.09724
   3336.8   0.09712
   3339.0   0.09699
   3341.1   0.09688
   3343.3   0.09679
   3345.4   0.09668
   3347.6   0.09653
   3349.8   0.09641
   3351.9   0.09628
   3354.1   0.09616
   3356.3   0.09604
   3358.4   0.09592
   3360.6   0.09579
   3362.8   0.09568
   3365.0   0.09551
   3367.2   0.09532
   3369.4   0.09515
   3371.5   0.09501
   3373.7   0.09485
   3375.9   0.09475
   3378.1   0.09468
   3380.3   0.09462
   3382.5   0.09458
   3384.7   0.09455
   3386.9   0.09448
   3389.2   0.09440
   3391.4   0.09431
   3393.6   0.09416
   3395.8   0.09400
   3398.1   0.09384
   3400.3   0.09367
   3402.5   0.09349
   3404.7   0.09333
   3407.0   0.09320
   3409.2   0.09301
   3411.5   0.09279
   3413.7   0.09261
   3416.0   0.09249
   3418.2   0.09245
   3420.5   0.09247
   3422.7   0.09247
   3425.0   0.09250
   3427.3   0.09251
   3429.5   0.09249
   3431.8   0.09247
   3434.1   0.09243
   3436.3   0.09236
   3438.6   0.09231
   3440.9   0.09223
   3443.2   0.09211
   3445.5   0.09205
   3447.8   0.09201
   3450.1   0.09193
   3452.4   0.09184
   3454.6   0.09175
   3456.9   0.09166
   3459.3   0.09155
   3461.6   0.09147
   3463.9   0.09138
   3466.2   0.09126
   3468.5   0.09115
   3470.8   0.09104
   3473.2   0.09094
   3475.5   0.09086
   3477.8   0.09076
   3480.1   0.09065
   3482.5   0.09055
   3484.8   0.09046
   3487.2   0.09036
   3489.5   0.09025
   3491.9   0.09010
   3494.2   0.08995
   3496.6   0.08979
   3498.9   0.08966
   3501.3   0.08958
   3503.7   0.08955
   3506.0   0.08955
   3508.4   0.08950
   3510.8   0.08947
   3513.2   0.08947
   3515.5   0.08940
   3517.9   0.08930
   3520.3   0.08922
   3522.7   0.08914
   3525.1   0.08906
   3527.5   0.08899
   3529.9   0.08891
   3532.3   0.08881
   3534.7   0.08871
   3537.1   0.08863
   3539.5   0.08854
   3541.9   0.08844
   3544.4   0.08836
   3546.8   0.08826
   3549.2   0.08816
   3551.7   0.08809
   3554.1   0.08801
   3556.5   0.08792
   3559.0   0.08784
   3561.4   0.08777
   3563.9   0.08767
   3566.3   0.08758
   3568.8   0.08750
   3571.2   0.08740
   3573.7   0.08731
   3576.1   0.08724
   3578.6   0.08714
   3581.1   0.08705
   3583.6   0.08699
   3586.0   0.08690
   3588.5   0.08677
   3591.0   0.08666
   3593.5   0.08660
   3596.0   0.08655
   3598.5   0.08648
   3601.0   0.08637
   3603.5   0.08625
   3606.0   0.08617
   3608.5   0.08610
   3611.0   0.08603
   3613.5   0.08591
   3616.1   0.08582
   3618.6   0.08577
   3621.1   0.08572
   3623.6   0.08563
   3626.2   0.08553
   3628.7   0.08543
   3631.3   0.08535
   3633.8   0.08528
   3636.3   0.08518
   3638.9   0.08507
   3641.4   0.08500
   3644.0   0.08492
   3646.6   0.08484
   3649.1   0.08478
   3651.7   0.08470
   3654.3   0.08461
   3656.9   0.08452
   3659.4   0.08443
   3662.0   0.08435
   3664.6   0.08426
   3667.2   0.08415
   3669.8   0.08405
   3672.4   0.08398
   3675.0   0.08390
   3677.6   0.08383
   3680.2   0.08377
   3682.8   0.08369
   3685.4   0.08360
   3688.1   0.08352
   3690.7   0.08343
   3693.3   0.08335
   3695.9   0.08325
   3698.6   0.08318
   3701.2   0.08309
   3703.9   0.08301
   3706.5   0.08292
   3709.2   0.08287
   3711.8   0.08280
   3714.5   0.08274
   3717.1   0.08265
   3719.8   0.08258
   3722.5   0.08250
   3725.2   0.08239
   3727.8   0.08229
   3730.5   0.08222
   3733.2   0.08212
   3735.9   0.08203
   3738.6   0.08196
   3741.3   0.08187
   3744.0   0.08178
   3746.7   0.08173
   3749.4   0.08166
   3752.1   0.08156
   3754.8   0.08147
   3757.6   0.08141
   3760.3   0.08132
   3763.0   0.08125
   3765.7   0.08117
   3768.5   0.08108
   3771.2   0.08098
   3774.0   0.08089
   3776.7   0.08083
   3779.5   0.08075
   3782.2   0.08065
   3785.0   0.08057
   3787.7   0.08050
   3790.5   0.08042
   3793.3   0.08032
   3796.1   0.08026
   3798.8   0.08021
   3801.6   0.08014
   3804.4   0.08003
   3807.2   0.07994
   3810.0   0.07988
   3812.8   0.07978
   3815.6   0.07967
   3818.4   0.07960
   3821.2   0.07952
   3824.1   0.07945
   3826.9   0.07938
   3829.7   0.07930
   3832.5   0.07922
   3835.4   0.07916
   3838.2   0.07908
   3841.1   0.07900
   3843.9   0.07892
   3846.8   0.07884
   3849.6   0.07876
   3852.5   0.07867
   3855.3   0.07859
   3858.2   0.07852
   3861.1   0.07843
   3863.9   0.07837
   3866.8   0.07830
   3869.7   0.07821
   3872.6   0.07811
   3875.5   0.07804
   3878.4   0.07797
   3881.3   0.07790
   3884.2   0.07782
   3887.1   0.07771
   3890.0   0.07763
   3892.9   0.07756
   3895.9   0.07746
   3898.8   0.07737
   3901.7   0.07732
   3904.7   0.07727
   3907.6   0.07718
   3910.6   0.07709
   3913.5   0.07700
   3916.5   0.07692
   3919.4   0.07686
   3922.4   0.07677
   3925.4   0.07669
   3928.4   0.07662
   3931.3   0.07656
   3934.3   0.07650
   3937.3   0.07640
   3940.3   0.07632
   3943.3   0.07625
   3946.3   0.07616
   3949.3   0.07606
   3952.3   0.07601
   3955.3   0.07594
   3958.3   0.07583
   3961.4   0.07573
   3964.4   0.07565
   3967.4   0.07558
   3970.5   0.07551
   3973.5   0.07543
   3976.5   0.07535
   3979.6   0.07527
   3982.6   0.07521
   3985.7   0.07512
   3988.8   0.07501
   3991.9   0.07494
   3994.9   0.07488
   3998.0   0.07479
   4001.1   0.07470
   4004.2   0.07461
   4007.3   0.07456
   4010.4   0.07449
   4013.5   0.07441
   4016.6   0.07432
   4019.7   0.07426
   4022.8   0.07417
   4025.9   0.07408
   4029.1   0.07399
   4032.2   0.07391
   4035.3   0.07383
   4038.5   0.07375
   4041.6   0.07367
   4044.8   0.07360
   4047.9   0.07352
   4051.1   0.07345
   4054.3   0.07339
   4057.4   0.07329
   4060.6   0.07319
   4063.8   0.07312
   4067.0   0.07305
   4070.2   0.07297
   4073.4   0.07290
   4076.6   0.07283
   4079.8   0.07274
   4083.0   0.07266
   4086.2   0.07260
   4089.4   0.07253
   4092.7   0.07243
   4095.9   0.07233
   4099.1   0.07228
   4102.4   0.07222
   4105.6   0.07213
   4108.9   0.07204
   4112.1   0.07196
   4115.4   0.07187
   4118.7   0.07178
   4122.0   0.07170
   4125.2   0.07163
   4128.5   0.07155
   4131.8   0.07146
   4135.1   0.07138
   4138.4   0.07129
   4141.7   0.07124
   4145.0   0.07118
   4148.3   0.07108
   4151.6   0.07099
   4155.0   0.07093
   4158.3   0.07084
   4161.6   0.07076
   4165.0   0.07069
   4168.3   0.07061
   4171.7   0.07054
   4175.0   0.07047
   4178.4   0.07040
   4181.8   0.07032
   4185.2   0.07023
   4188.5   0.07018
   4191.9   0.07011
   4195.3   0.07005
   4198.7   0.06997
   4202.1   0.06988
   4205.5   0.06979
   4208.9   0.06971
   4212.4   0.06962
   4215.8   0.06954
   4219.2   0.06944
   4222.6   0.06935
   4226.1   0.06926
   4229.5   0.06918
   4233.0   0.06912
   4236.5   0.06906
   4239.9   0.06900
   4243.4   0.06892
   4246.9   0.06883
   4250.3   0.06878
   4253.8   0.06871
   4257.3   0.06864
   4260.8   0.06858
   4264.3   0.06850
   4267.8   0.06839
   4271.3   0.06830
   4274.9   0.06824
   4278.4   0.06818
   4281.9   0.06810
   4285.5   0.06801
   4289.0   0.06793
   4292.6   0.06787
   4296.1   0.06781
   4299.7   0.06775
   4303.3   0.06768
   4306.8   0.06762
   4310.4   0.06753
   4314.0   0.06745
   4317.6   0.06740
   4321.2   0.06735
   4324.8   0.06728
   4328.4   0.06720
   4332.0   0.06714
   4335.6   0.06708
   4339.3   0.06699
   4342.9   0.06692
   4346.5   0.06686
   4350.2   0.06681
   4353.8   0.06674
   4357.5   0.06668
   4361.1   0.06660
   4364.8   0.06653
   4368.5   0.06645
   4372.2   0.06640
   4375.9   0.06635
   4379.6   0.06629
   4383.3   0.06621
   4387.0   0.06617
   4390.7   0.06612
   4394.4   0.06606
   4398.1   0.06597
   4401.9   0.06589
   4405.6   0.06581
   4409.4   0.06573
   4413.1   0.06566
   4416.9   0.06559
   4420.6   0.06553
   4424.4   0.06544
   4428.2   0.06534
   4432.0   0.06529
   4435.8   0.06523
   4439.6   0.06514
   4443.4   0.06505
   4447.2   0.06496
   4451.0   0.06486
   4454.8   0.06478
   4458.6   0.06472
   4462.5   0.06465
   4466.3   0.06452
   4470.2   0.06442
   4474.0   0.06431
   4477.9   0.06419
   4481.8   0.06409
   4485.6   0.06399
   4489.5   0.06385
   4493.4   0.06375
   4497.3   0.06363
   4501.2   0.06349
   4505.1   0.06335
   4509.0   0.06321
   4513.0   0.06306
   4516.9   0.06290
   4520.8   0.06270
   4524.8   0.06250
   4528.7   0.06228
   4532.7   0.06203
   4536.7   0.06175
   4540.6   0.06146
   4544.6   0.06115
   4548.6   0.06086
   4552.6   0.06055
   4556.6   0.06023
   4560.6   0.05987
   4564.6   0.05950
   4568.6   0.05912
   4572.7   0.05875
   4576.7   0.05838
   4580.8   0.05800
   4584.8   0.05760
   4588.9   0.05720
   4592.9   0.05680
   4597.0   0.05640
   4601.1   0.05597
   4605.2   0.05554
   4609.3   0.05510
   4613.4   0.05465
   4617.5   0.05418
   4621.6   0.05372
   4625.7   0.05326
   4629.8   0.05277
   4634.0   0.05226
   4638.1   0.05174
   4642.3   0.05123
   4646.4   0.05072
   4650.6   0.05021
   4654.8   0.04966
   4659.0   0.04911
   4663.1   0.04860
   4667.3   0.04807
   4671.5   0.04752
   4675.8   0.04697
   4680.0   0.04645
   4684.2   0.04590
   4688.4   0.04537
   4692.7   0.04483
   4696.9   0.04430
   4701.2   0.04377
   4705.5   0.04325
   4709.7   0.04270
   4714.0   0.04219
   4718.3   0.04167
   4722.6   0.04116
   4726.9   0.04066
   4731.2   0.04018
   4735.5   0.03973
   4739.9   0.03932
   4744.2   0.03891
   4748.5   0.03852
   4752.9   0.03815
   4757.3   0.03783
   4761.6   0.03752
   4766.0   0.03721
   4770.4   0.03691
   4774.8   0.03663
   4779.2   0.03634
   4783.6   0.03607
   4788.0   0.03580
   4792.4   0.03553
   4796.9   0.03523
   4801.3   0.03494
   4805.8   0.03464
   4810.2   0.03434
   4814.7   0.03402
   4819.1   0.03369
   4823.6   0.03335
   4828.1   0.03304
   4832.6   0.03273
   4837.1   0.03242
   4841.6   0.03212
   4846.2   0.03181
   4850.7   0.03149
   4855.3   0.03122
   4859.8   0.03094
   4864.4   0.03066
   4868.9   0.03042
   4873.5   0.03019
   4878.1   0.02996
   4882.7   0.02977
   4887.3   0.02959
   4891.9   0.02939
   4896.5   0.02920
   4901.1   0.02903
   4905.8   0.02885
   4910.4   0.02869
   4915.1   0.02852
   4919.7   0.02838
   4924.4   0.02821
   4929.1   0.02803
   4933.8   0.02788
   4938.5   0.02771
   4943.2   0.02753
   4947.9   0.02735
   4952.6   0.02719
   4957.4   0.02704
   4962.1   0.02687
   4966.9   0.02670
   4971.6   0.02654
   4976.4   0.02637
   4981.2   0.02618
   4986.0   0.02600
   4990.8   0.02582
   4995.6   0.02565
   5000.4   0.02548
   5005.2   0.02530
   5010.0   0.02513
   5014.9   0.02496
   5019.8   0.02479
   5024.6   0.02461
   5029.5   0.02443
   5034.4   0.02425
   5039.3   0.02408
   5044.2   0.02393
   5049.1   0.02377
   5054.0   0.02362
   5058.9   0.02350
   5063.9   0.02337
   5068.8   0.02327
   5073.8   0.02320
   5078.8   0.02311
   5083.7   0.02300
   5088.7   0.02290
   5093.7   0.02282
   5098.7   0.02276
   5103.7   0.02269
   5108.8   0.02263
   5113.8   0.02256
   5118.9   0.02251
   5123.9   0.02246
   5129.0   0.02238
   5134.1   0.02231
   5139.1   0.02226
   5144.3   0.02223
   5149.4   0.02220
   5154.5   0.02215
   5159.6   0.02211
   5164.7   0.02208
   5169.9   0.02205
   5175.0   0.02203
   5180.2   0.02200
   5185.4   0.02198
   5190.6   0.02199
   5195.8   0.02200
   5201.0   0.02203
   5206.2   0.02204
   5211.5   0.02207
   5216.7   0.02212
   5222.0   0.02217
   5227.2   0.02220
   5232.5   0.02225
   5237.8   0.02232
   5243.1   0.02237
   5248.4   0.02244
   5253.7   0.02251
   5259.0   0.02261
   5264.4   0.02269
   5269.7   0.02278
   5275.1   0.02292
   5280.5   0.02309
   5285.8   0.02324
   5291.2   0.02340
   5296.6   0.02357
   5302.0   0.02377
   5307.5   0.02400
   5312.9   0.02421
   5318.4   0.02444
   5323.8   0.02471
   5329.3   0.02497
   5334.8   0.02523
   5340.3   0.02550
   5345.8   0.02578
   5351.3   0.02603
   5356.8   0.02624
   5362.4   0.02645
   5367.9   0.02665
   5373.5   0.02683
   5379.0   0.02702
   5384.6   0.02719
   5390.2   0.02736
   5395.8   0.02751
   5401.5   0.02765
   5407.1   0.02778
   5412.7   0.02794
   5418.4   0.02814
   5424.1   0.02833
   5429.7   0.02846
   5435.4   0.02862
   5441.1   0.02880
   5446.9   0.02900
   5452.6   0.02921
   5458.3   0.02946
   5464.1   0.02970
   5469.8   0.02989
   5475.6   0.03009
   5481.4   0.03029
   5487.2   0.03044
   5493.0   0.03060
   5498.8   0.03075
   5504.7   0.03090
   5510.5   0.03100
   5516.4   0.03107
   5522.3   0.03111
   5528.1   0.03112
   5534.0   0.03108
   5540.0   0.03105
   5545.9   0.03098
   5551.8   0.03089
   5557.8   0.03071
   5563.7   0.03053
   5569.7   0.03036
   5575.7   0.03021
   5581.7   0.03002
   5587.7   0.02976
   5593.7   0.02949
   5599.8   0.02929
   5605.8   0.02909
   5611.9   0.02891
   5618.0   0.02872
   5624.1   0.02852
   5630.2   0.02835
   5636.3   0.02823
   5642.4   0.02812
   5648.6   0.02799
   5654.7   0.02788
   5660.9   0.02774
   5667.1   0.02761
   5673.3   0.02755
   5679.5   0.02745
   5685.7   0.02735
   5692.0   0.02724
   5698.2   0.02711
   5704.5   0.02701
   5710.8   0.02690
   5717.1   0.02674
   5723.4   0.02657
   5729.7   0.02638
   5736.1   0.02620
   5742.4   0.02602
   5748.8   0.02581
   5755.1   0.02553
   5761.5   0.02537
   5768.0   0.02519
   5774.4   0.02487
   5780.8   0.02461
   5787.3   0.02439
   5793.7   0.02419
   5800.2   0.02403
   5806.7   0.02385
   5813.2   0.02372
   5819.7   0.02363
   5826.3   0.02350
   5832.8   0.02334
   5839.4   0.02318
   5846.0   0.02302
   5852.6   0.02290
   5859.2   0.02275
   5865.8   0.02261
   5872.5   0.02244
   5879.1   0.02234
   5885.8   0.02212
   5892.5   0.02190
   5899.2   0.02166
   5905.9   0.02134
   5912.6   0.02108
   5919.4   0.02085
   5926.2   0.02062
   5932.9   0.02045
   5939.7   0.02021
   5946.5   0.01991
   5953.4   0.01965
   5960.2   0.01945
   5967.1   0.01933
   5974.0   0.01915
   5980.8   0.01899
   5987.8   0.01890
   5994.7   0.01877
   6001.6   0.01864
   6008.6   0.01858
   6015.5   0.01854
   6022.5   0.01848
   6029.5   0.01845
   6036.5   0.01845
   6043.6   0.01849
   6050.6   0.01848
   6057.7   0.01834
   6064.8   0.01826
   6071.9   0.01823
   6079.0   0.01815
   6086.1   0.01808
   6093.3   0.01800
   6100.5   0.01793
   6107.6   0.01789
   6114.9   0.01786
   6122.1   0.01775
   6129.3   0.01765
   6136.5   0.01759
   6143.8   0.01751
   6151.1   0.01742
   6158.4   0.01737
   6165.7   0.01727
   6173.1   0.01716
   6180.4   0.01711
   6187.8   0.01704
   6195.2   0.01694
   6202.6   0.01687
   6210.0   0.01680
   6217.5   0.01673
   6225.0   0.01669
   6232.4   0.01667
   6239.9   0.01664
   6247.5   0.01660
   6255.0   0.01657
   6262.5   0.01656
   6270.1   0.01654
   6277.7   0.01653
   6285.3   0.01651
   6293.0   0.01651
   6300.6   0.01653
   6308.3   0.01657
   6315.9   0.01656
   6323.6   0.01657
   6331.4   0.01662
   6339.1   0.01669
   6346.9   0.01672
   6354.6   0.01670
   6362.4   0.01671
   6370.3   0.01676
   6378.1   0.01675
   6385.9   0.01676
   6393.8   0.01679
   6401.7   0.01684
   6409.6   0.01695
   6417.5   0.01696
   6425.5   0.01691
   6433.5   0.01692
   6441.5   0.01692
   6449.5   0.01694
   6457.5   0.01697
   6465.6   0.01703
   6473.6   0.01712
   6481.7   0.01719
   6489.8   0.01730
   6498.0   0.01735
   6506.1   0.01733
   6514.3   0.01741
   6522.5   0.01751
   6530.7   0.01756
   6538.9   0.01762
   6547.2   0.01771
   6555.5   0.01780
   6563.8   0.01787
   6572.1   0.01795
   6580.4   0.01797
   6588.8   0.01800
   6597.2   0.01805
   6605.6   0.01809
   6614.0   0.01812
   6622.5   0.01815
   6630.9   0.01825
   6639.4   0.01829
   6647.9   0.01823
   6656.5   0.01821
   6665.0   0.01827
   6673.6   0.01834
   6682.2   0.01839
   6690.8   0.01841
   6699.5   0.01846
   6708.1   0.01853
   6716.8   0.01857
   6725.5   0.01858
   6734.3   0.01859
   6743.0   0.01862
   6751.8   0.01861
   6760.6   0.01859
   6769.4   0.01861
   6778.3   0.01863
   6787.1   0.01865
   6796.0   0.01861
   6805.0   0.01856
   6813.9   0.01856
   6822.9   0.01856
   6831.9   0.01850
   6840.9   0.01841
   6849.9   0.01838
   6859.0   0.01840
   6868.0   0.01833
   6877.2   0.01816
   6886.3   0.01804
   6895.5   0.01795
   6904.6   0.01787
   6913.8   0.01776
   6923.1   0.01765
   6932.3   0.01753
   6941.6   0.01741
   6950.9   0.01735
   6960.2   0.01726
   6969.6   0.01709
   6979.0   0.01695
   6988.4   0.01684
   6997.8   0.01673
   7007.3   0.01657
   7016.8   0.01645
   7026.3   0.01634
   7035.8   0.01620
   7045.4   0.01609
   7054.9   0.01594
   7064.5   0.01579
   7074.2   0.01565
   7083.9   0.01552
   7093.5   0.01538
   7103.3   0.01527
   7113.0   0.01515
   7122.8   0.01500
   7132.6   0.01487
   7142.4   0.01478
   7152.2   0.01465
   7162.1   0.01454
   7172.0   0.01444
   7182.0   0.01430
   7191.9   0.01418
   7201.9   0.01407
   7211.9   0.01395
   7222.0   0.01386
   7232.0   0.01374
   7242.1   0.01364
   7252.3   0.01353
   7262.4   0.01345
   7272.6   0.01337
   7282.8   0.01328
   7293.1   0.01316
   7303.3   0.01304
   7313.6   0.01293
   7324.0   0.01282
   7334.3   0.01271
   7344.7   0.01260
   7355.1   0.01246
   7365.6   0.01232
   7376.1   0.01218
   7386.6   0.01205
   7397.1   0.01190
   7407.7   0.01178
   7418.3   0.01167
   7428.9   0.01153
   7439.6   0.01140
   7450.3   0.01130
   7461.0   0.01117
   7471.7   0.01104
   7482.5   0.01091
   7493.3   0.01077
   7504.2   0.01063
   7515.0   0.01051
   7525.9   0.01040
   7536.9   0.01027
   7547.9   0.01013
   7558.9   0.01002
   7569.9   0.00991
   7581.0   0.00980
   7592.0   0.00967
   7603.2   0.00954
   7614.4   0.00942
   7625.5   0.00930
   7636.8   0.00918
   7648.0   0.00907
   7659.3   0.00897
   7670.7   0.00885
   7682.0   0.00871
   7693.4   0.00861
   7704.9   0.00849
   7716.3   0.00835
   7727.8   0.00824
   7739.4   0.00813
   7750.9   0.00801
   7762.5   0.00789
   7774.2   0.00779
   7785.8   0.00769
   7797.5   0.00756
   7809.3   0.00743
   7821.1   0.00732
   7832.9   0.00722
   7844.7   0.00713
   7856.6   0.00701
   7868.5   0.00690
   7880.5   0.00681
   7892.5   0.00670
   7904.5   0.00660
   7916.6   0.00649
   7928.7   0.00638
   7940.8   0.00625
   7953.0   0.00616
   7965.2   0.00606
   7977.5   0.00596
   7989.8   0.00585
   8002.1   0.00575
   8014.5   0.00563
   8026.9   0.00550
   8039.3   0.00542
   8051.8   0.00536
   8064.3   0.00526
   8076.9   0.00514
   8089.5   0.00503
   8102.1   0.00496
   8114.8   0.00489
   8127.5   0.00481
   8140.3   0.00472
   8153.1   0.00464
   8165.9   0.00456
   8178.8   0.00450
   8191.7   0.00445
   8204.7   0.00440
   8217.7   0.00435
   8230.7   0.00432
   8243.8   0.00428
   8257.0   0.00425
   8270.1   0.00421
   8283.3   0.00415
   8296.6   0.00411
   8309.9   0.00409
   8323.2   0.00405
   8336.6   0.00399
   8350.0   0.00396
   8363.5   0.00392
   8377.0   0.00386
   8390.5   0.00385
   8404.1   0.00384
   8417.8   0.00384
   8431.5   0.00387
   8445.2   0.00391
   8459.0   0.00394
   8472.8   0.00399
   8486.7   0.00407
   8500.6   0.00418
   8514.5   0.00432
   8528.5   0.00449
   8542.6   0.00473
   8556.7   0.00509
   8570.8   0.00554
   8585.0   0.00615
   8599.3   0.00695
   8613.5   0.00796
   8627.9   0.00921
   8642.3   0.01076
   8656.7   0.01260
   8671.2   0.01474
   8685.7   0.01720
   8700.3   0.02004
   8714.9   0.02317
   8729.5   0.02655
   8744.3   0.03017
   8759.0   0.03402
   8773.9   0.03803
   8788.7   0.04209
   8803.7   0.04610
   8818.6   0.05003
   8833.7   0.05384
   8848.7   0.05758
   8863.8   0.06139
   8879.0   0.06537
   8894.3   0.06965
   8909.5   0.07414
   8924.9   0.07865
   8940.3   0.08302
   8955.7   0.08709
   8971.2   0.09058
   8986.8   0.09350
   9002.3   0.09585
   9018.0   0.09770
   9033.7   0.09907
   9049.5   0.10007
   9065.3   0.10068
   9081.2   0.10095
   9097.1   0.10087
   9113.1   0.10052
   9129.1   0.09981
   9145.2   0.09886
   9161.4   0.09762
   9177.6   0.09616
   9193.9   0.09457
   9210.2   0.09297
   9226.6   0.09141
   9243.0   0.09004
   9259.6   0.08875
   9276.1   0.08743
   9292.7   0.08593
   9309.4   0.08412
   9326.2   0.08200
   9343.0   0.07972
   9359.8   0.07729
   9376.8   0.07492
   9393.8   0.07271
   9410.8   0.07078
   9427.9   0.06907
   9445.1   0.06762
   9462.3   0.06639
   9479.6   0.06535
   9497.0   0.06448
   9514.4   0.06376
   9531.9   0.06305
   9549.4   0.06240
   9567.0   0.06176
   9584.7   0.06114
   9602.5   0.06051
   9620.3   0.05988
   9638.2   0.05931
   9656.1   0.05887
   9674.2   0.05858
   9692.2   0.05840
   9710.4   0.05832
   9728.6   0.05829
   9746.9   0.05823
   9765.2   0.05817
   9783.7   0.05812
   9802.2   0.05802
   9820.7   0.05788
   9839.4   0.05775
   9858.1   0.05752
   9876.8   0.05717
   9895.7   0.05674
   9914.6   0.05621
   9933.6   0.05556
   9952.7   0.05480
   9971.8   0.05399
   9991.0   0.05316
  10010.3   0.05224
  10029.7   0.05130
  10049.1   0.05032
  10068.6   0.04927
  10088.2   0.04820
  10107.9   0.04720
  10127.6   0.04632
  10147.5   0.04565
  10167.3   0.04519
  10187.3   0.04502
  10207.4   0.04516
  10227.5   0.04569
  10247.7   0.04657
  10268.0   0.04785
  10288.4   0.04950
  10308.8   0.05141
  10329.4   0.05336
  10350.0   0.05509
  10370.7   0.05634
  10391.5   0.05702
  10412.3   0.05716
  10433.3   0.05693
  10454.3   0.05642
  10475.5   0.05576
  10496.7   0.05521
  10517.9   0.05494
  10539.3   0.05493
  10560.8   0.05519
  10582.3   0.05558
  10604.0   0.05603
  10625.7   0.05653
  10647.5   0.05706
  10669.4   0.05764
  10691.4   0.05828
  10713.5   0.05889
  10735.7   0.05936
  10758.0   0.05962
  10780.3   0.05960
  10802.8   0.05923
  10825.4   0.05859
  10848.0   0.05769
  10870.8   0.05666
  10893.6   0.05562
  10916.5   0.05463
  10939.5   0.05382
  10962.7   0.05329
  10985.9   0.05301
  11009.2   0.05300
  11032.7   0.05318
  11056.2   0.05353
  11079.8   0.05420
  11103.5   0.05517
  11127.4   0.05633
  11151.3   0.05757
  11175.3   0.05872
  11199.5   0.05977
  11223.7   0.06058
  11248.0   0.06115
  11272.5   0.06143
  11297.0   0.06141
  11321.7   0.06104
  11346.5   0.06045
  11371.4   0.05962
  11396.4   0.05861
  11421.5   0.05735
  11446.7   0.05591
  11472.0   0.05437
  11497.5   0.05283
  11523.0   0.05128
  11548.7   0.04975
  11574.4   0.04826
  11600.3   0.04683
  11626.3   0.04546
  11652.5   0.04413
  11678.7   0.04280
  11705.1   0.04160
  11731.6   0.04042
  11758.2   0.03925
  11784.9   0.03817
  11811.7   0.03718
  11838.7   0.03623
  11865.8   0.03536
  11893.0   0.03458
  11920.3   0.03392
  11947.8   0.03339
  11975.4   0.03289
  12003.1   0.03238
  12031.0   0.03185
  12059.0   0.03129
  12087.1   0.03076
  12115.3   0.03024
  12143.7   0.02981
  12172.2   0.02936
  12200.8   0.02892
  12229.6   0.02853
  12258.5   0.02803
  12287.6   0.02750
  12316.8   0.02711
  12346.1   0.02672
  12375.5   0.02629
  12405.1   0.02586
  12434.9   0.02554
  12464.8   0.02521
  12494.8   0.02477
  12525.0   0.02438
  12555.3   0.02405
  12585.8   0.02377
  12616.4   0.02352
  12647.2   0.02324
  12678.1   0.02292
  12709.2   0.02259
  12740.4   0.02233
  12771.8   0.02207
  12803.3   0.02186
  12835.0   0.02169
  12866.9   0.02143
  12898.9   0.02116
  12931.1   0.02098
  12963.4   0.02081
  12995.9   0.02057
  13028.5   0.02036
  13061.3   0.02016
  13094.3   0.01997
  13127.5   0.01982
  13160.8   0.01966
  13194.3   0.01950
  13227.9   0.01930
  13261.8   0.01906
  13295.8   0.01881
  13330.0   0.01860
  13364.3   0.01837
  13398.8   0.01811
  13433.6   0.01784
  13468.5   0.01757
  13503.5   0.01745
  13538.8   0.01744
  13574.2   0.01767
  13609.9   0.01812
  13645.7   0.01858
  13681.7   0.01879
  13717.9   0.01886
  13754.3   0.01885
  13790.9   0.01880
  13827.6   0.01876
  13864.6   0.01867
  13901.8   0.01842
  13939.2   0.01809
  13976.7   0.01772
  14014.5   0.01739
  14052.5   0.01702
  14090.7   0.01666
  14129.0   0.01639
  14167.7   0.01615
  14206.5   0.01589
  14245.5   0.01567
  14284.7   0.01538
  14324.2   0.01501
  14363.9   0.01466
  14403.8   0.01434
  14443.9   0.01402
  14484.3   0.01365
  14524.8   0.01327
  14565.6   0.01302
  14606.7   0.01287
  14647.9   0.01284
  14689.4   0.01287
  14731.2   0.01303
  14773.1   0.01328
  14815.3   0.01350
  14857.8   0.01357
  14900.5   0.01349
  14943.4   0.01332
  14986.6   0.01307
  15030.0   0.01275
  15073.7   0.01239
  15117.7   0.01204
  15161.9   0.01177
  15206.3   0.01157
  15251.1   0.01158
  15296.1   0.01189
  15341.3   0.01251
  15386.8   0.01341
  15432.6   0.01438
  15478.7   0.01531
  15525.0   0.01606
  15571.7   0.01665
  15618.6   0.01707
  15665.8   0.01716
  15713.2   0.01697
  15761.0   0.01663
  15809.0   0.01624
  15857.4   0.01587
  15906.0   0.01551
  15955.0   0.01518
  16004.2   0.01509
  16053.8   0.01510
  16103.6   0.01530
  16153.8   0.01575
  16204.3   0.01650
  16255.1   0.01764
  16306.2   0.01913
  16357.6   0.02094
  16409.4   0.02293
  16461.5   0.02459
  16513.9   0.02592
  16566.7   0.02705
  16619.8   0.02813
  16673.2   0.02933
  16727.0   0.03078
  16781.1   0.03262
  16835.6   0.03448
  16890.5   0.03660
  16945.7   0.03907
  17001.2   0.04162
  17057.2   0.04412
  17113.5   0.04656
  17170.1   0.04903
  17227.2   0.05168
  17284.6   0.05442
  17342.4   0.05724
  17400.6   0.06023
  17459.2   0.06341
  17518.2   0.06679
  17577.5   0.07013
  17637.3   0.07315
  17697.5   0.07590
  17758.1   0.07803
  17819.2   0.07939
  17880.6   0.08006
  17942.5   0.07993
  18004.8   0.07909
  18067.5   0.07753
  18130.7   0.07564
  18194.3   0.07427
  18258.4   0.07379
  18322.9   0.07444
  18387.9   0.07580
  18453.3   0.07754
  18519.2   0.07921
  18585.6   0.08077
  18652.4   0.08228
  18719.8   0.08382
  18787.6   0.08527
  18855.9   0.08697
  18924.7   0.08891
  18994.1   0.09103
  19063.9   0.09305
  19134.3   0.09509
  19205.1   0.09672
  19276.5   0.09790
  19348.4   0.09860
  19420.9   0.09898
  19493.9   0.09897
  19567.5   0.09860
  19641.6   0.09806
  19716.3   0.09714
  19791.5   0.09559
  19867.4   0.09357
  19943.8   0.09125
  20020.8   0.08889
  20098.4   0.08648
  20176.6   0.08452
  20255.4   0.08316
  20334.8   0.08239
  20414.9   0.08162
  20495.6   0.08057
  20576.9   0.07919
  20658.9   0.07793
  20741.5   0.07646
  20824.8   0.07463
  20908.8   0.07340
  20993.4   0.07241
  21078.8   0.07103
  21164.8   0.06988
  21251.6   0.06861
  21339.0   0.06667
  21427.2   0.06423
  21516.1   0.06180
  21605.8   0.05958
  21696.2   0.05723
  21787.3   0.05506
  21879.3   0.05309
  21972.0   0.05124
  22065.5   0.04982
  22159.8   0.04819
  22254.9   0.04683
  22350.8   0.04597
  22447.5   0.04517
  22545.1   0.04446
  22643.6   0.04367
  22742.9   0.04286
  22843.1   0.04247
  22944.2   0.04212
  23046.2   0.04205
  23149.0   0.04247
  23252.8   0.04279
  23357.6   0.04322
  23463.3   0.04410
  23569.9   0.04492
  23677.6   0.04571
  23786.2   0.04631
  23895.8   0.04771
  24006.4   0.04971
  24118.1   0.05197
  24230.8   0.05398
  24344.5   0.05586
  24459.4   0.05748
  24575.3   0.05850
  24692.3   0.05966
  24810.4   0.06105
  24929.7   0.06131
  25050.2   0.06144
  25171.8   0.06144
  25294.6   0.06168
  25418.6   0.06152
  25543.8   0.06067
  25670.2   0.05955
  25797.9   0.05854
  25926.9   0.05738
  26057.2   0.05605
  26188.8   0.05435
  26321.8   0.05234
  26456.0   0.05040
  26591.7   0.04899
  26728.8   0.04701
  26867.3   0.04526
  27007.2   0.04425
  27148.6   0.04381
  27291.5   0.04373
  27435.9   0.04333
  27581.8   0.04227
  27729.3   0.04169
  27878.4   0.04121
  28029.1   0.04174
  28181.4   0.04373
  28335.4   0.04606
  28491.1   0.04899
  28648.5   0.05237
  28807.7   0.05464
  28968.6   0.05681
  29131.4   0.05971
  29296.0   0.06236
  29462.4   0.06502
  29630.8   0.06697
  29801.1   0.06765
  29973.3   0.06747
  30147.6   0.06641
  30323.9   0.06560
  30502.3   0.06432
  30682.8   0.06243
  30865.4   0.06122
  31050.2   0.05990
  31237.3   0.05847
  31426.6   0.05706
  31618.2   0.05534
  31812.2   0.05488
  32008.6   0.05433
  32207.4   0.05322
  32408.7   0.05354
  32612.5   0.05429
  32818.9   0.05359
  33027.9   0.05173
  33239.6   0.05118
  33454.1   0.05146
  33671.3   0.05118
  33891.4   0.05069
  34114.4   0.04989
  34340.3   0.04836
  34569.2   0.04772
  34801.3   0.04648
  35036.4   0.04637
  35274.7   0.04773
  35516.4   0.04762
  35761.3   0.04543
  36009.6   0.04337
  36261.4   0.04357
  36516.8   0.04339
  36775.8   0.04376
  37038.5   0.04285
  37304.9   0.04094
  37575.3   0.04050
  37849.5   0.04161
  38127.9   0.04194
  38410.3   0.04159
  38696.9   0.04086
  38987.9   0.04129
  39283.2   0.04259
  39583.1   0.04395
  39887.6   0.04560
  40196.8   0.04637
  40510.8   0.04514
  40829.8   0.04702
  41153.9   0.05043
  41483.1   0.05265
  41817.6   0.05152
  42157.6   0.05072
  42503.2   0.05085
  42854.4   0.04796
  43211.6   0.04385
  43574.7   0.04229
  43944.0   0.04144
  44319.6   0.04534
  44701.6   0.04962
  45090.3   0.04822
  45485.9   0.04514
  45888.4   0.04354
  46298.1   0.04420
  46715.2   0.04761
  47139.9   0.05171
  47572.4   0.05156
  48012.9   0.04509
  48461.6   0.04678
  48918.8   0.04595
  49384.7   0.04107
  49859.5   0.04449
  50343.6   0.04936
  50837.2   0.04877
  51340.5   0.04426
  51853.9   0.04303
  52377.7   0.04850
  52912.2   0.05229
  53457.6   0.04795
  54014.5   0.04837
  54583.1   0.05292
  55163.7   0.05146
  55756.9   0.04498
  56363.0   0.04135
  56982.3   0.04031
  57615.5   0.04240
  58262.8   0.04402
  58924.9   0.04795
  59602.2   0.04759
  60295.3   0.03568
  61004.6   0.03295
  61730.9   0.03278
  62474.6   0.03295
  63236.5   0.04153
  64017.2   0.04253
  64817.4   0.03832
  65637.9   0.03668
  66479.4   0.03826
  67342.8   0.04136
  68228.9   0.03771
  69138.6   0.04277
  70072.9   0.04625
  71032.8   0.04560
  72019.4   0.05430
  73033.8   0.05266
  74077.1   0.02987
  75150.7   0.02634
  76255.8   0.03808
  77394.0   0.04312
  78566.6   0.04648
  79775.4   0.04529
  81021.9   0.05115
  82307.9   0.05039
  83635.5   0.05085
  85006.5   0.07041
  86423.3   0.06564
  87888.1   0.06275
  89403.1   0.06447
  90971.5   0.05573
  92596.0   0.04240
  94279.6  -0.00180
  96025.5   0.00735
  97837.3   0.07185
  99718.8   0.09630



 BIR1LR165           .ASC                        

 LR-CMP-165                                                              
 70017,535 light-brown pyroxene A 125-250 um                             
 Connected at 19.5 um                                                    

 Source Ang: 30.00   Detect Ang:  0.00  Volt: 1.222
 Date: 16-SEP-08   Time: 13:00:52
