      3527
   1428.42   .218478
   1428.82   .218931
   1429.21   .218958
   1429.60   .218377
   1430.00   .218454
   1430.39   .219073
   1430.79   .219713
   1431.18   .220477
   1431.58   .220338
   1431.97   .219886
   1432.37   .219617
   1432.77   .219669
   1433.16   .219883
   1433.56   .219502
   1433.95   .219269
   1434.35   .219387
   1434.75   .219732
   1435.14   .219967
   1435.54   .219557
   1435.94   .219961
   1436.34   .219921
   1436.74   .219855
   1437.13   .220483
   1437.53   .220505
   1437.93   .219913
   1438.33   .219853
   1438.73   .220484
   1439.13   .220835
   1439.53   .220449
   1439.93   .220496
   1440.33   .220617
   1440.73   .220293
   1441.13   .220507
   1441.53   .220464
   1441.93   .220405
   1442.33   .220782
   1442.73   .220976
   1443.13   .220918
   1443.54   .221335
   1443.94   .221087
   1444.34   .220938
   1444.74   .221462
   1445.14   .221786
   1445.55   .221747
   1445.95   .221716
   1446.35   .222134
   1446.76   .222461
   1447.16   .221992
   1447.57   .221801
   1447.97   .221945
   1448.37   .222145
   1448.78   .222208
   1449.18   .222475
   1449.59   .222303
   1449.99   .221772
   1450.40   .221512
   1450.81   .221961
   1451.21   .221999
   1451.62   .221725
   1452.03   .222606
   1452.43   .223541
   1452.84   .223260
   1453.25   .222566
   1453.65   .222591
   1454.06   .222807
   1454.47   .222674
   1454.88   .222226
   1455.29   .222640
   1455.69   .223077
   1456.10   .223019
   1456.51   .223924
   1456.92   .223813
   1457.33   .223247
   1457.74   .223577
   1458.15   .223907
   1458.56   .224063
   1458.97   .223948
   1459.38   .223487
   1459.79   .223212
   1460.20   .223205
   1460.62   .222926
   1461.03   .222998
   1461.44   .223892
   1461.85   .224993
   1462.26   .224687
   1462.68   .224363
   1463.09   .224013
   1463.50   .223498
   1463.91   .223786
   1464.33   .224047
   1464.74   .224320
   1465.16   .224702
   1465.57   .225086
   1465.98   .224940
   1466.40   .224617
   1466.81   .224467
   1467.23   .224277
   1467.64   .224513
   1468.06   .224904
   1468.48   .224892
   1468.89   .224871
   1469.31   .225409
   1469.72   .225865
   1470.14   .225550
   1470.56   .225586
   1470.97   .226072
   1471.39   .225770
   1471.81   .224852
   1472.23   .224868
   1472.65   .225313
   1473.06   .225553
   1473.48   .225767
   1473.90   .225933
   1474.32   .226333
   1474.74   .226252
   1475.16   .225912
   1475.58   .225954
   1476.00   .226157
   1476.42   .226020
   1476.84   .226324
   1477.26   .226564
   1477.68   .226553
   1478.10   .226495
   1478.53   .226375
   1478.95   .226293
   1479.37   .226301
   1479.79   .226490
   1480.21   .226615
   1480.64   .226341
   1481.06   .226315
   1481.48   .226593
   1481.91   .226723
   1482.33   .226767
   1482.75   .226568
   1483.18   .226694
   1483.60   .227312
   1484.03   .227492
   1484.45   .227127
   1484.88   .227400
   1485.30   .227642
   1485.73   .227528
   1486.15   .227549
   1486.58   .227251
   1487.01   .227117
   1487.43   .227054
   1487.86   .227045
   1488.29   .227128
   1488.71   .227362
   1489.14   .227340
   1489.57   .227054
   1490.00   .227245
   1490.43   .227562
   1490.85   .227376
   1491.28   .227108
   1491.71   .227701
   1492.14   .228445
   1492.57   .228499
   1493.00   .228549
   1493.43   .228609
   1493.86   .228771
   1494.29   .228597
   1494.72   .228023
   1495.15   .228080
   1495.59   .228252
   1496.02   .228292
   1496.45   .227859
   1496.88   .227720
   1497.31   .228221
   1497.75   .228292
   1498.18   .228327
   1498.61   .228569
   1499.04   .228685
   1499.48   .228874
   1499.91   .228974
   1500.35   .229264
   1500.78   .229108
   1501.21   .228865
   1501.65   .228938
   1502.08   .228911
   1502.52   .229088
   1502.95   .229017
   1503.39   .229226
   1503.83   .229190
   1504.26   .229184
   1504.70   .229609
   1505.14   .229595
   1505.57   .229204
   1506.01   .229352
   1506.45   .229673
   1506.89   .229723
   1507.32   .229627
   1507.76   .229728
   1508.20   .230060
   1508.64   .230011
   1509.08   .229776
   1509.52   .229555
   1509.96   .229615
   1510.40   .229943
   1510.84   .229933
   1511.28   .230101
   1511.72   .230320
   1512.16   .230065
   1512.60   .230065
   1513.04   .230439
   1513.48   .230772
   1513.93   .230800
   1514.37   .230909
   1514.81   .231185
   1515.25   .231137
   1515.70   .230736
   1516.14   .230681
   1516.58   .231019
   1517.03   .231206
   1517.47   .231125
   1517.92   .231319
   1518.36   .231352
   1518.80   .231146
   1519.25   .231030
   1519.69   .231170
   1520.14   .231142
   1520.59   .231257
   1521.03   .231706
   1521.48   .231660
   1521.93   .231616
   1522.37   .231773
   1522.82   .231636
   1523.27   .231436
   1523.71   .231609
   1524.16   .232109
   1524.61   .232148
   1525.06   .231947
   1525.51   .231927
   1525.96   .232073
   1526.41   .232179
   1526.86   .232289
   1527.31   .232243
   1527.76   .232142
   1528.21   .232393
   1528.66   .232424
   1529.11   .232352
   1529.56   .232385
   1530.01   .232137
   1530.46   .232310
   1530.91   .232720
   1531.36   .232785
   1531.82   .232404
   1532.27   .232198
   1532.72   .232462
   1533.18   .232635
   1533.63   .232469
   1534.08   .232161
   1534.54   .232194
   1534.99   .232654
   1535.45   .233038
   1535.90   .233178
   1536.36   .233243
   1536.81   .233336
   1537.27   .233229
   1537.72   .233324
   1538.18   .233450
   1538.64   .232963
   1539.09   .233052
   1539.55   .233583
   1540.01   .233706
   1540.46   .233641
   1540.92   .233791
   1541.38   .233644
   1541.84   .233368
   1542.30   .233548
   1542.76   .233706
   1543.22   .233930
   1543.68   .234194
   1544.13   .233732
   1544.60   .233391
   1545.06   .233447
   1545.52   .233640
   1545.98   .234034
   1546.44   .234309
   1546.90   .234304
   1547.36   .234300
   1547.82   .234342
   1548.29   .234364
   1548.75   .234209
   1549.21   .234064
   1549.67   .234034
   1550.14   .234431
   1550.60   .234671
   1551.06   .234675
   1551.53   .234500
   1551.99   .234702
   1552.46   .234885
   1552.92   .234843
   1553.39   .234904
   1553.85   .234952
   1554.32   .234792
   1554.78   .234761
   1555.25   .234655
   1555.72   .234487
   1556.19   .234669
   1556.65   .234904
   1557.12   .234986
   1557.59   .234994
   1558.06   .235182
   1558.52   .235315
   1558.99   .235532
   1559.46   .235501
   1559.93   .235406
   1560.40   .235554
   1560.87   .235437
   1561.34   .235440
   1561.81   .235337
   1562.28   .234978
   1562.75   .234912
   1563.22   .235247
   1563.69   .235509
   1564.17   .235791
   1564.64   .236034
   1565.11   .235961
   1565.58   .235609
   1566.06   .235197
   1566.53   .235175
   1567.00   .235657
   1567.48   .235885
   1567.95   .235771
   1568.42   .235794
   1568.90   .235815
   1569.37   .235822
   1569.85   .235940
   1570.32   .236316
   1570.80   .236251
   1571.28   .236298
   1571.75   .236475
   1572.23   .236528
   1572.71   .236144
   1573.18   .236132
   1573.66   .236485
   1574.14   .236535
   1574.62   .236253
   1575.10   .236280
   1575.57   .236376
   1576.05   .236436
   1576.53   .236599
   1577.01   .236729
   1577.49   .236674
   1577.97   .236515
   1578.45   .236472
   1578.93   .236872
   1579.41   .236940
   1579.89   .236824
   1580.38   .236861
   1580.86   .237107
   1581.34   .237145
   1581.82   .236962
   1582.31   .236874
   1582.79   .237000
   1583.27   .237156
   1583.76   .236994
   1584.24   .236975
   1584.72   .237244
   1585.21   .237419
   1585.69   .237405
   1586.18   .237292
   1586.66   .237386
   1587.15   .237520
   1587.64   .237500
   1588.12   .237654
   1588.61   .237755
   1589.10   .237637
   1589.58   .237518
   1590.07   .237705
   1590.56   .237647
   1591.05   .237348
   1591.53   .237493
   1592.02   .237521
   1592.51   .237442
   1593.00   .237641
   1593.49   .237598
   1593.98   .237558
   1594.47   .237780
   1594.96   .237793
   1595.45   .237916
   1595.94   .238149
   1596.43   .238013
   1596.93   .237752
   1597.42   .237681
   1597.91   .238157
   1598.40   .238413
   1598.90   .238293
   1599.39   .238308
   1599.88   .238340
   1600.38   .238264
   1600.87   .238350
   1601.37   .238380
   1601.86   .238380
   1602.35   .238602
   1602.85   .238475
   1603.35   .238308
   1603.84   .238647
   1604.34   .238804
   1604.83   .238880
   1605.33   .238917
   1605.83   .238951
   1606.33   .238677
   1606.82   .238429
   1607.32   .238657
   1607.82   .239056
   1608.32   .238974
   1608.82   .238896
   1609.32   .238842
   1609.82   .238933
   1610.32   .239073
   1610.82   .239031
   1611.32   .239059
   1611.82   .238954
   1612.32   .238827
   1612.82   .238928
   1613.32   .239121
   1613.83   .239132
   1614.33   .239163
   1614.83   .239087
   1615.33   .239011
   1615.84   .239083
   1616.34   .238932
   1616.85   .238979
   1617.35   .239125
   1617.85   .239135
   1618.36   .239248
   1618.86   .239438
   1619.37   .239411
   1619.88   .239347
   1620.38   .239199
   1620.89   .239258
   1621.40   .239545
   1621.90   .239754
   1622.41   .239832
   1622.92   .239698
   1623.43   .239640
   1623.94   .239741
   1624.44   .239643
   1624.95   .239591
   1625.46   .239946
   1625.97   .240137
   1626.48   .239896
   1626.99   .239851
   1627.50   .240003
   1628.01   .239806
   1628.53   .239734
   1629.04   .239942
   1629.55   .240370
   1630.06   .240429
   1630.57   .240173
   1631.09   .240136
   1631.60   .240091
   1632.11   .240139
   1632.63   .240255
   1633.14   .240223
   1633.66   .240114
   1634.17   .240255
   1634.69   .240297
   1635.20   .240223
   1635.72   .240181
   1636.24   .240229
   1636.75   .240469
   1637.27   .240521
   1637.79   .240397
   1638.30   .240444
   1638.82   .240669
   1639.34   .240867
   1639.86   .240853
   1640.38   .240731
   1640.90   .240730
   1641.41   .240750
   1641.93   .240551
   1642.45   .240480
   1642.98   .240448
   1643.50   .240630
   1644.02   .240833
   1644.54   .240953
   1645.06   .240993
   1645.58   .240838
   1646.11   .240772
   1646.63   .240733
   1647.15   .240658
   1647.67   .240919
   1648.20   .241004
   1648.72   .240944
   1649.25   .241169
   1649.77   .241069
   1650.30   .240914
   1650.82   .240821
   1651.35   .240899
   1651.87   .240950
   1652.40   .240942
   1652.93   .240810
   1653.45   .240742
   1653.98   .240920
   1654.51   .241262
   1655.04   .241527
   1655.57   .241418
   1656.10   .241195
   1656.62   .241205
   1657.15   .241330
   1657.68   .241427
   1658.21   .241274
   1658.74   .241176
   1659.28   .241421
   1659.81   .241506
   1660.34   .241468
   1660.87   .241475
   1661.40   .241424
   1661.93   .241456
   1662.47   .241365
   1663.00   .241349
   1663.53   .241414
   1664.07   .241370
   1664.60   .241532
   1665.14   .241811
   1665.67   .241844
   1666.21   .241658
   1666.74   .241359
   1667.28   .241552
   1667.81   .241834
   1668.35   .241864
   1668.89   .241882
   1669.43   .242008
   1669.96   .242016
   1670.50   .241862
   1671.04   .241703
   1671.58   .241761
   1672.12   .241667
   1672.66   .241742
   1673.20   .241743
   1673.74   .241579
   1674.28   .241673
   1674.82   .242021
   1675.36   .242346
   1675.90   .242135
   1676.44   .241693
   1676.99   .241878
   1677.53   .242154
   1678.07   .242057
   1678.61   .242009
   1679.16   .241914
   1679.70   .241771
   1680.25   .242011
   1680.79   .242236
   1681.34   .242228
   1681.88   .242078
   1682.43   .242076
   1682.97   .242034
   1683.52   .242049
   1684.07   .242113
   1684.61   .242131
   1685.16   .242284
   1685.71   .242308
   1686.26   .242224
   1686.81   .242237
   1687.35   .242251
   1687.90   .242450
   1688.45   .242474
   1689.00   .242350
   1689.55   .242464
   1690.11   .242394
   1690.66   .242295
   1691.21   .242248
   1691.76   .242361
   1692.31   .242592
   1692.86   .242584
   1693.42   .242484
   1693.97   .242514
   1694.52   .242536
   1695.08   .242424
   1695.63   .242416
   1696.19   .242401
   1696.74   .242461
   1697.30   .242628
   1697.85   .242694
   1698.41   .242601
   1698.97   .242678
   1699.52   .242734
   1700.08   .242679
   1700.64   .242590
   1701.20   .242497
   1701.75   .242652
   1702.31   .242842
   1702.87   .242718
   1703.43   .242501
   1703.99   .242453
   1704.55   .242441
   1705.11   .242453
   1705.67   .242464
   1706.23   .242593
   1706.80   .242787
   1707.36   .242944
   1707.92   .243088
   1708.48   .243009
   1709.05   .242796
   1709.61   .242775
   1710.17   .242899
   1710.74   .243055
   1711.30   .243125
   1711.87   .243239
   1712.43   .243364
   1713.00   .243139
   1713.57   .243042
   1714.13   .243100
   1714.70   .243153
   1715.27   .243096
   1715.83   .242988
   1716.40   .243116
   1716.97   .243314
   1717.54   .243258
   1718.11   .243148
   1718.68   .243177
   1719.25   .243408
   1719.82   .243470
   1720.39   .243327
   1720.96   .243496
   1721.53   .243684
   1722.10   .243601
   1722.67   .243548
   1723.25   .243454
   1723.82   .243444
   1724.39   .243481
   1724.97   .243360
   1725.54   .243277
   1726.12   .243383
   1726.69   .243556
   1727.27   .243808
   1727.84   .243758
   1728.42   .243578
   1728.99   .243664
   1729.57   .243959
   1730.15   .243941
   1730.73   .243647
   1731.30   .243659
   1731.88   .243824
   1732.46   .243838
   1733.04   .243889
   1733.62   .243992
   1734.20   .243948
   1734.78   .243783
   1735.36   .243705
   1735.94   .243816
   1736.52   .243913
   1737.10   .243919
   1737.69   .243894
   1738.27   .243875
   1738.85   .243932
   1739.43   .243973
   1740.02   .243962
   1740.60   .243997
   1741.19   .244067
   1741.77   .244031
   1742.36   .244072
   1742.94   .244001
   1743.53   .244037
   1744.12   .244286
   1744.70   .244198
   1745.29   .243835
   1745.88   .243901
   1746.47   .244003
   1747.05   .243975
   1747.64   .243933
   1748.23   .244006
   1748.82   .244241
   1749.41   .244291
   1750.00   .244199
   1750.59   .244234
   1751.18   .244201
   1751.78   .244208
   1752.37   .244303
   1752.96   .244200
   1753.55   .244058
   1754.15   .244174
   1754.74   .244315
   1755.33   .244457
   1755.93   .244366
   1756.52   .244340
   1757.12   .244577
   1757.72   .244624
   1758.31   .244572
   1758.91   .244650
   1759.50   .244618
   1760.10   .244622
   1760.70   .244739
   1761.30   .244784
   1761.90   .244734
   1762.50   .244740
   1763.09   .244671
   1763.69   .244636
   1764.29   .244872
   1764.90   .244927
   1765.50   .244803
   1766.10   .244661
   1766.70   .244638
   1767.30   .244920
   1767.90   .244972
   1768.51   .244797
   1769.11   .244832
   1769.71   .244969
   1770.32   .244952
   1770.92   .244992
   1771.53   .245050
   1772.13   .245077
   1772.74   .245101
   1773.35   .245064
   1773.95   .244991
   1774.56   .245065
   1775.17   .245051
   1775.78   .244992
   1776.38   .245058
   1776.99   .245099
   1777.60   .245051
   1778.21   .245060
   1778.82   .245087
   1779.43   .245160
   1780.04   .245257
   1780.65   .245337
   1781.27   .245392
   1781.88   .245478
   1782.49   .245424
   1783.10   .245378
   1783.72   .245473
   1784.33   .245451
   1784.95   .245358
   1785.56   .245422
   1786.18   .245525
   1786.79   .245499
   1787.41   .245412
   1788.02   .245355
   1788.64   .245385
   1789.26   .245496
   1789.88   .245575
   1790.49   .245484
   1791.11   .245490
   1791.73   .245491
   1792.35   .245480
   1792.97   .245614
   1793.59   .245686
   1794.21   .245692
   1794.83   .245554
   1795.45   .245487
   1796.08   .245619
   1796.70   .245824
   1797.32   .245905
   1797.94   .245831
   1798.57   .245785
   1799.19   .245914
   1799.82   .245877
   1800.44   .245768
   1801.07   .245824
   1801.69   .246047
   1802.32   .246124
   1802.95   .246026
   1803.57   .246006
   1804.20   .245989
   1804.83   .245920
   1805.46   .245883
   1806.09   .245981
   1806.72   .246058
   1807.34   .245981
   1807.98   .245992
   1808.61   .246085
   1809.24   .245929
   1809.87   .245872
   1810.50   .245952
   1811.13   .245912
   1811.77   .245962
   1812.40   .246092
   1813.03   .246169
   1813.67   .246253
   1814.30   .246219
   1814.94   .246094
   1815.57   .246098
   1816.21   .246127
   1816.84   .246130
   1817.48   .246201
   1818.12   .246278
   1818.76   .246188
   1819.40   .246055
   1820.03   .246080
   1820.67   .246251
   1821.31   .246392
   1821.95   .246458
   1822.59   .246407
   1823.23   .246402
   1823.88   .246417
   1824.52   .246483
   1825.16   .246584
   1825.80   .246549
   1826.44   .246489
   1827.09   .246601
   1827.73   .246554
   1828.38   .246482
   1829.02   .246600
   1829.67   .246726
   1830.31   .246645
   1830.96   .246610
   1831.61   .246626
   1832.25   .246673
   1832.90   .246643
   1833.55   .246625
   1834.20   .246613
   1834.85   .246596
   1835.50   .246689
   1836.15   .246758
   1836.80   .246646
   1837.45   .246630
   1838.10   .246829
   1838.75   .246837
   1839.40   .246828
   1840.06   .246896
   1840.71   .246978
   1841.36   .246978
   1842.02   .246890
   1842.67   .246912
   1843.33   .246993
   1843.98   .246886
   1844.64   .246878
   1845.30   .246901
   1845.95   .246921
   1846.61   .246936
   1847.27   .246987
   1847.93   .247078
   1848.59   .247168
   1849.25   .247148
   1849.90   .247024
   1850.57   .247033
   1851.23   .247140
   1851.89   .247176
   1852.55   .247050
   1853.21   .247050
   1853.87   .247145
   1854.54   .247144
   1855.20   .247142
   1855.86   .247240
   1856.53   .247392
   1857.19   .247390
   1857.86   .247349
   1858.53   .247432
   1859.19   .247371
   1859.86   .247126
   1860.53   .247185
   1861.19   .247438
   1861.86   .247433
   1862.53   .247503
   1863.20   .247520
   1863.87   .247427
   1864.54   .247390
   1865.21   .247333
   1865.88   .247388
   1866.55   .247498
   1867.23   .247497
   1867.90   .247515
   1868.57   .247494
   1869.25   .247524
   1869.92   .247490
   1870.59   .247524
   1871.27   .247545
   1871.95   .247600
   1872.62   .247609
   1873.30   .247675
   1873.98   .247687
   1874.65   .247582
   1875.33   .247557
   1876.01   .247639
   1876.69   .247643
   1877.37   .247669
   1878.05   .247684
   1878.73   .247763
   1879.41   .247867
   1880.09   .247906
   1880.77   .247882
   1881.46   .247980
   1882.14   .248069
   1882.82   .247960
   1883.51   .247888
   1884.19   .247959
   1884.88   .247977
   1885.56   .247961
   1886.25   .247965
   1886.93   .247975
   1887.62   .248051
   1888.31   .248084
   1889.00   .248103
   1889.68   .248078
   1890.37   .248045
   1891.06   .248076
   1891.75   .248091
   1892.44   .248075
   1893.13   .248117
   1893.83   .248188
   1894.52   .248197
   1895.21   .248141
   1895.90   .248157
   1896.60   .248178
   1897.29   .248202
   1897.99   .248269
   1898.68   .248231
   1899.38   .248214
   1900.07   .248256
   1900.77   .248313
   1901.47   .248384
   1902.16   .248431
   1902.86   .248380
   1903.56   .248280
   1904.26   .248334
   1904.96   .248447
   1905.66   .248444
   1906.36   .248470
   1907.06   .248530
   1907.76   .248501
   1908.46   .248486
   1909.17   .248564
   1909.87   .248605
   1910.57   .248515
   1911.28   .248474
   1911.98   .248569
   1912.69   .248537
   1913.39   .248564
   1914.10   .248698
   1914.81   .248691
   1915.52   .248694
   1916.22   .248768
   1916.93   .248825
   1917.64   .248859
   1918.35   .248824
   1919.06   .248762
   1919.77   .248691
   1920.48   .248742
   1921.19   .248677
   1921.91   .248658
   1922.62   .248787
   1923.33   .248888
   1924.05   .248976
   1924.76   .248952
   1925.47   .248936
   1926.19   .248928
   1926.91   .248910
   1927.62   .248929
   1928.34   .248970
   1929.06   .248987
   1929.77   .248956
   1930.49   .248979
   1931.21   .248980
   1931.93   .249034
   1932.65   .249056
   1933.37   .249119
   1934.09   .249191
   1934.82   .249156
   1935.54   .249079
   1936.26   .248984
   1936.98   .249076
   1937.71   .249198
   1938.43   .249238
   1939.16   .249315
   1939.88   .249331
   1940.61   .249364
   1941.34   .249353
   1942.06   .249403
   1942.79   .249468
   1943.52   .249399
   1944.25   .249483
   1944.98   .249562
   1945.71   .249491
   1946.44   .249387
   1947.17   .249438
   1947.90   .249512
   1948.63   .249464
   1949.36   .249550
   1950.10   .249578
   1950.83   .249506
   1951.57   .249637
   1952.30   .249713
   1953.04   .249696
   1953.77   .249689
   1954.51   .249724
   1955.25   .249818
   1955.98   .249822
   1956.72   .249827
   1957.46   .249811
   1958.20   .249787
   1958.94   .249839
   1959.68   .249936
   1960.42   .250010
   1961.16   .250106
   1961.90   .250131
   1962.65   .250154
   1963.39   .250180
   1964.13   .250106
   1964.88   .250023
   1965.62   .250021
   1966.37   .250086
   1967.11   .250147
   1967.86   .250200
   1968.61   .250156
   1969.36   .250136
   1970.10   .250216
   1970.85   .250212
   1971.60   .250195
   1972.35   .250214
   1973.10   .250323
   1973.85   .250392
   1974.61   .250443
   1975.36   .250424
   1976.11   .250334
   1976.86   .250419
   1977.62   .250612
   1978.37   .250629
   1979.13   .250546
   1979.88   .250567
   1980.64   .250641
   1981.40   .250624
   1982.15   .250581
   1982.91   .250671
   1983.67   .250727
   1984.43   .250734
   1985.19   .250775
   1985.95   .250761
   1986.71   .250769
   1987.47   .250824
   1988.24   .250772
   1989.00   .250885
   1989.76   .251014
   1990.53   .250941
   1991.29   .250915
   1992.06   .250979
   1992.82   .251047
   1993.59   .251025
   1994.35   .251017
   1995.12   .251037
   1995.89   .251084
   1996.66   .251116
   1997.43   .251137
   1998.20   .251128
   1998.97   .251166
   1999.74   .251213
   2000.51   .251309
   2001.28   .251401
   2002.05   .251370
   2002.83   .251277
   2003.60   .251353
   2004.38   .251402
   2005.15   .251408
   2005.93   .251402
   2006.70   .251433
   2007.48   .251440
   2008.26   .251475
   2009.04   .251553
   2009.82   .251606
   2010.60   .251667
   2011.38   .251737
   2012.16   .251720
   2012.94   .251680
   2013.72   .251778
   2014.50   .251890
   2015.28   .251860
   2016.07   .251830
   2016.85   .251860
   2017.64   .251900
   2018.42   .251965
   2019.21   .252022
   2019.99   .252101
   2020.78   .252156
   2021.57   .252200
   2022.36   .252184
   2023.15   .252079
   2023.94   .252051
   2024.73   .252143
   2025.52   .252205
   2026.31   .252219
   2027.10   .252278
   2027.90   .252347
   2028.69   .252414
   2029.48   .252470
   2030.28   .252465
   2031.07   .252503
   2031.87   .252549
   2032.67   .252575
   2033.46   .252543
   2034.26   .252502
   2035.06   .252578
   2035.86   .252701
   2036.66   .252663
   2037.46   .252613
   2038.26   .252729
   2039.06   .252802
   2039.86   .252862
   2040.67   .252973
   2041.47   .252932
   2042.27   .252818
   2043.08   .252804
   2043.88   .252869
   2044.69   .252913
   2045.50   .253025
   2046.30   .253112
   2047.11   .253185
   2047.92   .253195
   2048.73   .253191
   2049.54   .253209
   2050.35   .253185
   2051.16   .253238
   2051.97   .253318
   2052.79   .253357
   2053.60   .253346
   2054.41   .253365
   2055.23   .253439
   2056.04   .253448
   2056.86   .253442
   2057.67   .253533
   2058.49   .253646
   2059.31   .253694
   2060.13   .253603
   2060.95   .253596
   2061.76   .253619
   2062.58   .253634
   2063.41   .253729
   2064.23   .253817
   2065.05   .253868
   2065.87   .253884
   2066.70   .253914
   2067.52   .254003
   2068.34   .253993
   2069.17   .253975
   2070.00   .254056
   2070.82   .254087
   2071.65   .254047
   2072.48   .254057
   2073.31   .254160
   2074.14   .254262
   2074.97   .254265
   2075.80   .254298
   2076.63   .254340
   2077.46   .254339
   2078.29   .254366
   2079.13   .254393
   2079.96   .254493
   2080.80   .254545
   2081.63   .254531
   2082.47   .254573
   2083.30   .254673
   2084.14   .254714
   2084.98   .254660
   2085.82   .254715
   2086.66   .254782
   2087.50   .254748
   2088.34   .254752
   2089.18   .254812
   2090.02   .254851
   2090.86   .254838
   2091.71   .254859
   2092.55   .254918
   2093.40   .255028
   2094.24   .255152
   2095.09   .255173
   2095.94   .255142
   2096.78   .255169
   2097.63   .255251
   2098.48   .255267
   2099.33   .255303
   2100.18   .255335
   2101.03   .255330
   2101.88   .255344
   2102.74   .255408
   2103.59   .255416
   2104.44   .255504
   2105.30   .255563
   2106.15   .255555
   2107.01   .255575
   2107.87   .255709
   2108.72   .255777
   2109.58   .255723
   2110.44   .255666
   2111.30   .255688
   2112.16   .255726
   2113.02   .255852
   2113.88   .255897
   2114.74   .255896
   2115.61   .255991
   2116.47   .256035
   2117.33   .256023
   2118.20   .256083
   2119.07   .256173
   2119.93   .256229
   2120.80   .256216
   2121.67   .256231
   2122.54   .256272
   2123.40   .256329
   2124.27   .256326
   2125.15   .256296
   2126.02   .256369
   2126.89   .256404
   2127.76   .256421
   2128.64   .256500
   2129.51   .256587
   2130.38   .256607
   2131.26   .256560
   2132.14   .256572
   2133.01   .256666
   2133.89   .256762
   2134.77   .256780
   2135.65   .256817
   2136.53   .256869
   2137.41   .256902
   2138.29   .256923
   2139.17   .256933
   2140.06   .256986
   2140.94   .257018
   2141.82   .256995
   2142.71   .256974
   2143.60   .257023
   2144.48   .257116
   2145.37   .257101
   2146.26   .257146
   2147.15   .257243
   2148.04   .257210
   2148.93   .257230
   2149.82   .257322
   2150.71   .257343
   2151.60   .257351
   2152.50   .257393
   2153.39   .257383
   2154.28   .257385
   2155.18   .257459
   2156.08   .257485
   2156.97   .257539
   2157.87   .257542
   2158.77   .257583
   2159.67   .257696
   2160.57   .257785
   2161.47   .257752
   2162.37   .257839
   2163.27   .257891
   2164.18   .257904
   2165.08   .257891
   2165.98   .257943
   2166.89   .258010
   2167.79   .258052
   2168.70   .258048
   2169.61   .258060
   2170.52   .258144
   2171.43   .258277
   2172.34   .258315
   2173.25   .258274
   2174.16   .258374
   2175.07   .258580
   2175.98   .258604
   2176.90   .258470
   2177.81   .258449
   2178.73   .258494
   2179.64   .258534
   2180.56   .258573
   2181.48   .258662
   2182.39   .258721
   2183.31   .258725
   2184.23   .258813
   2185.15   .258888
   2186.07   .258903
   2187.00   .258960
   2187.92   .259013
   2188.84   .259045
   2189.77   .259126
   2190.69   .259124
   2191.62   .259162
   2192.55   .259271
   2193.47   .259294
   2194.40   .259320
   2195.33   .259389
   2196.26   .259418
   2197.19   .259463
   2198.12   .259521
   2199.06   .259564
   2199.99   .259632
   2200.92   .259664
   2201.86   .259662
   2202.79   .259662
   2203.73   .259734
   2204.67   .259865
   2205.60   .259922
   2206.54   .259951
   2207.48   .259983
   2208.42   .260025
   2209.36   .260091
   2210.31   .260165
   2211.25   .260181
   2212.19   .260184
   2213.14   .260184
   2214.08   .260305
   2215.03   .260358
   2215.97   .260409
   2216.92   .260516
   2217.87   .260519
   2218.82   .260437
   2219.77   .260433
   2220.72   .260504
   2221.67   .260586
   2222.62   .260691
   2223.58   .260721
   2224.53   .260676
   2225.48   .260722
   2226.44   .260830
   2227.40   .260831
   2228.35   .260810
   2229.31   .260806
   2230.27   .260866
   2231.23   .261002
   2232.19   .261066
   2233.15   .261062
   2234.12   .261068
   2235.08   .261044
   2236.04   .261099
   2237.01   .261146
   2237.97   .261183
   2238.94   .261280
   2239.91   .261410
   2240.87   .261417
   2241.84   .261435
   2242.81   .261465
   2243.78   .261537
   2244.76   .261590
   2245.73   .261601
   2246.70   .261633
   2247.67   .261649
   2248.65   .261714
   2249.63   .261787
   2250.60   .261827
   2251.58   .261900
   2252.56   .261884
   2253.54   .261868
   2254.52   .261907
   2255.50   .261984
   2256.48   .262071
   2257.46   .262068
   2258.44   .262107
   2259.43   .262162
   2260.41   .262202
   2261.40   .262247
   2262.39   .262240
   2263.37   .262245
   2264.36   .262290
   2265.35   .262384
   2266.34   .262411
   2267.33   .262446
   2268.32   .262491
   2269.32   .262452
   2270.31   .262510
   2271.31   .262559
   2272.30   .262603
   2273.30   .262689
   2274.29   .262747
   2275.29   .262796
   2276.29   .262835
   2277.29   .262807
   2278.29   .262810
   2279.29   .262893
   2280.30   .262962
   2281.30   .262989
   2282.30   .263038
   2283.31   .263097
   2284.32   .263125
   2285.32   .263158
   2286.33   .263198
   2287.34   .263244
   2288.35   .263310
   2289.36   .263346
   2290.37   .263363
   2291.38   .263355
   2292.39   .263419
   2293.41   .263482
   2294.42   .263483
   2295.44   .263556
   2296.46   .263628
   2297.47   .263629
   2298.49   .263650
   2299.51   .263713
   2300.53   .263741
   2301.55   .263765
   2302.57   .263825
   2303.60   .263884
   2304.62   .263937
   2305.65   .263998
   2306.67   .264038
   2307.70   .264031
   2308.73   .264056
   2309.76   .264122
   2310.79   .264137
   2311.82   .264135
   2312.85   .264194
   2313.88   .264290
   2314.91   .264345
   2315.95   .264348
   2316.98   .264388
   2318.02   .264414
   2319.05   .264482
   2320.09   .264571
   2321.13   .264610
   2322.17   .264648
   2323.21   .264711
   2324.25   .264805
   2325.29   .264878
   2326.34   .264926
   2327.38   .265001
   2328.43   .265049
   2329.47   .265125
   2330.52   .265095
   2331.57   .265073
   2332.62   .265144
   2333.67   .265224
   2334.72   .265308
   2335.77   .265379
   2336.82   .265424
   2337.88   .265472
   2338.93   .265505
   2339.99   .265537
   2341.04   .265601
   2342.10   .265643
   2343.16   .265679
   2344.22   .265753
   2345.28   .265816
   2346.34   .265858
   2347.40   .265872
   2348.46   .265878
   2349.53   .265918
   2350.59   .265953
   2351.66   .265984
   2352.73   .266086
   2353.80   .266207
   2354.87   .266289
   2355.94   .266334
   2357.01   .266358
   2358.08   .266378
   2359.15   .266382
   2360.22   .266403
   2361.30   .266499
   2362.38   .266577
   2363.45   .266591
   2364.53   .266626
   2365.61   .266687
   2366.69   .266750
   2367.77   .266898
   2368.85   .266975
   2369.93   .266961
   2371.02   .267000
   2372.10   .267065
   2373.19   .267118
   2374.28   .267164
   2375.36   .267173
   2376.45   .267200
   2377.54   .267297
   2378.63   .267375
   2379.72   .267407
   2380.82   .267466
   2381.91   .267468
   2383.01   .267452
   2384.10   .267581
   2385.20   .267703
   2386.30   .267750
   2387.39   .267804
   2388.49   .267893
   2389.60   .267975
   2390.70   .267994
   2391.80   .268038
   2392.90   .268089
   2394.01   .268162
   2395.11   .268195
   2396.22   .268225
   2397.33   .268278
   2398.44   .268303
   2399.55   .268354
   2400.66   .268459
   2401.77   .268536
   2402.88   .268567
   2404.00   .268589
   2405.11   .268594
   2406.23   .268675
   2407.35   .268735
   2408.47   .268759
   2409.59   .268803
   2410.71   .268866
   2411.83   .268965
   2412.95   .269056
   2414.07   .269116
   2415.20   .269129
   2416.32   .269157
   2417.45   .269258
   2418.58   .269317
   2419.71   .269340
   2420.84   .269413
   2421.97   .269476
   2423.10   .269494
   2424.23   .269542
   2425.37   .269625
   2426.50   .269676
   2427.64   .269758
   2428.77   .269819
   2429.91   .269866
   2431.05   .269940
   2432.19   .270046
   2433.33   .270093
   2434.48   .270089
   2435.62   .270124
   2436.76   .270147
   2437.91   .270202
   2439.06   .270281
   2440.20   .270360
   2441.35   .270374
   2442.50   .270439
   2443.65   .270539
   2444.81   .270576
   2445.96   .270593
   2447.11   .270648
   2448.27   .270755
   2449.43   .270841
   2450.58   .270889
   2451.74   .270912
   2452.90   .270955
   2454.06   .271036
   2455.22   .271092
   2456.39   .271106
   2457.55   .271157
   2458.72   .271246
   2459.88   .271338
   2461.05   .271405
   2462.22   .271430
   2463.39   .271478
   2464.56   .271535
   2465.73   .271609
   2466.91   .271662
   2468.08   .271697
   2469.25   .271717
   2470.43   .271759
   2471.61   .271823
   2472.79   .271928
   2473.97   .272030
   2475.15   .272070
   2476.33   .272115
   2477.51   .272194
   2478.70   .272245
   2479.88   .272304
   2481.07   .272347
   2482.26   .272367
   2483.45   .272414
   2484.64   .272527
   2485.83   .272618
   2487.02   .272687
   2488.21   .272759
   2489.41   .272814
   2490.60   .272887
   2491.80   .272951
   2493.00   .273017
   2494.20   .273079
   2495.40   .273125
   2496.60   .273184
   2497.80   .273239
   2499.00   .273287
   2500.21   .273334
   2501.42   .273375
   2502.62   .273443
   2503.83   .273501
   2505.04   .273588
   2506.25   .273688
   2507.46   .273728
   2508.68   .273765
   2509.89   .273819
   2511.11   .273890
   2512.32   .273964
   2513.54   .274025
   2514.76   .274051
   2515.98   .274088
   2517.20   .274164
   2518.42   .274258
   2519.65   .274347
   2520.87   .274393
   2522.10   .274476
   2523.33   .274563
   2524.55   .274607
   2525.78   .274621
   2527.01   .274667
   2528.25   .274713
   2529.48   .274790
   2530.71   .274875
   2531.95   .274875
   2533.19   .274932
   2534.43   .275043
   2535.66   .275128
   2536.91   .275188
   2538.15   .275240
   2539.39   .275274
   2540.63   .275337
   2541.88   .275445
   2543.13   .275512
   2544.37   .275525
   2545.62   .275556
   2546.87   .275648
   2548.13   .275709
   2549.38   .275768
   2550.63   .275810
   2551.89   .275848
   2553.14   .275922
   2554.40   .275959
   2555.66   .275972
   2556.92   .276033
   2558.18   .276136
   2559.44   .276227
   2560.71   .276256
   2561.97   .276269
   2563.24   .276317
   2564.51   .276395
   2565.78   .276510
   2567.05   .276581
   2568.32   .276619
   2569.59   .276652
   2570.86   .276690
   2572.14   .276753
   2573.42   .276855
   2574.69   .276944
   2575.97   .276968
   2577.25   .277007
   2578.53   .277111
   2579.82   .277167
   2581.10   .277183
   2582.39   .277219
   2583.67   .277242
   2584.96   .277309
   2586.25   .277392
   2587.54   .277421
   2588.83   .277464
   2590.13   .277539
   2591.42   .277630
   2592.72   .277658
   2594.01   .277596
   2595.31   .277629
   2596.61   .277807
   2597.91   .277918
   2599.21   .277934
   2600.52   .277936
   2601.82   .277958
   2603.13   .278006
   2604.44   .278089
   2605.74   .278121
   2607.06   .278192
   2608.37   .278307
   2609.68   .278387
   2610.99   .278438
   2612.31   .278484
   2613.63   .278524
   2614.94   .278542
   2616.26   .278542
   2617.58   .278632
   2618.91   .278703
   2620.23   .278693
   2621.55   .278780
   2622.88   .278905
   2624.21   .278988
   2625.54   .278996
   2626.87   .278970
   2628.20   .278986
   2629.53   .279018
   2630.86   .279082
   2632.20   .279185
   2633.54   .279195
   2634.87   .279223
   2636.21   .279319
   2637.56   .279367
   2638.90   .279409
   2640.24   .279465
   2641.59   .279518
   2642.93   .279560
   2644.28   .279609
   2645.63   .279640
   2646.98   .279688
   2648.33   .279713
   2649.68   .279724
   2651.04   .279769
   2652.40   .279840
   2653.75   .279867
   2655.11   .279907
   2656.47   .279944
   2657.83   .279988
   2659.20   .280024
   2660.56   .280103
   2661.93   .280187
   2663.29   .280220
   2664.66   .280212
   2666.03   .280281
   2667.40   .280413
   2668.78   .280570
   2670.15   .280655
   2671.53   .280846
   2672.90   .281085
   2674.28   .281215
   2675.66   .281222
   2677.04   .281204
   2678.43   .281175
   2679.81   .281043
   2681.20   .280959
   2682.58   .280905
   2683.97   .280840
   2685.36   .280741
   2686.75   .280648
   2688.15   .280566
   2689.54   .280484
   2690.94   .280394
   2692.33   .280269
   2693.73   .280076
   2695.13   .280004
   2696.53   .279932
   2697.94   .279809
   2699.34   .279726
   2700.75   .279650
   2702.15   .279519
   2703.56   .279361
   2704.97   .279276
   2706.38   .279123
   2707.80   .278890
   2709.21   .278716
   2710.63   .278534
   2712.05   .278385
   2713.47   .278276
   2714.89   .278120
   2716.31   .277971
   2717.73   .277817
   2719.16   .277677
   2720.58   .277466
   2722.01   .277258
   2723.44   .277046
   2724.87   .276797
   2726.30   .276629
   2727.74   .276443
   2729.17   .276222
   2730.61   .276012
   2732.05   .275757
   2733.49   .275458
   2734.93   .275121
   2736.38   .274795
   2737.82   .274445
   2739.27   .273994
   2740.71   .273594
   2742.16   .273231
   2743.61   .272877
   2745.07   .272462
   2746.52   .272001
   2747.98   .271545
   2749.43   .271061
   2750.89   .270577
   2752.35   .270117
   2753.81   .269647
   2755.28   .269134
   2756.74   .268657
   2758.21   .268199
   2759.68   .267744
   2761.15   .267298
   2762.62   .266816
   2764.09   .266292
   2765.56   .265792
   2767.04   .265317
   2768.52   .264842
   2769.99   .264405
   2771.48   .263954
   2772.96   .263483
   2774.44   .263065
   2775.93   .262651
   2777.41   .262199
   2778.90   .261770
   2780.39   .261380
   2781.88   .260976
   2783.38   .260580
   2784.87   .260176
   2786.37   .259734
   2787.87   .259313
   2789.37   .258987
   2790.87   .258664
   2792.37   .258295
   2793.87   .257954
   2795.38   .257588
   2796.89   .257217
   2798.40   .256881
   2799.91   .256575
   2801.42   .256282
   2802.94   .255959
   2804.45   .255686
   2805.97   .255435
   2807.49   .255124
   2809.01   .254820
   2810.53   .254560
   2812.06   .254316
   2813.58   .254044
   2815.11   .253748
   2816.64   .253438
   2818.17   .253162
   2819.70   .252916
   2821.24   .252643
   2822.77   .252387
   2824.31   .252138
   2825.85   .251855
   2827.39   .251600
   2828.93   .251356
   2830.48   .251075
   2832.02   .250789
   2833.57   .250496
   2835.12   .250188
   2836.67   .249859
   2838.22   .249502
   2839.78   .249138
   2841.33   .248793
   2842.89   .248434
   2844.45   .248037
   2846.01   .247646
   2847.57   .247255
   2849.14   .246848
   2850.70   .246424
   2852.27   .246041
   2853.84   .245677
   2855.41   .245321
   2856.99   .244957
   2858.56   .244600
   2860.14   .244269
   2861.72   .243924
   2863.30   .243591
   2864.88   .243284
   2866.46   .243012
   2868.05   .242762
   2869.63   .242510
   2871.22   .242284
   2872.81   .242047
   2874.41   .241836
   2876.00   .241676
   2877.60   .241510
   2879.19   .241343
   2880.79   .241243
   2882.40   .241129
   2884.00   .241031
   2885.60   .240993
   2887.21   .240917
   2888.82   .240841
   2890.43   .240794
   2892.04   .240745
   2893.66   .240687
   2895.27   .240628
   2896.89   .240591
   2898.51   .240589
   2900.13   .240594
   2901.75   .240565
   2903.38   .240556
   2905.00   .240548
   2906.63   .240549
   2908.26   .240580
   2909.89   .240551
   2911.53   .240511
   2913.16   .240525
   2914.80   .240536
   2916.44   .240511
   2918.08   .240498
   2919.72   .240487
   2921.37   .240448
   2923.02   .240415
   2924.66   .240395
   2926.31   .240379
   2927.97   .240318
   2929.62   .240226
   2931.28   .240117
   2932.94   .239982
   2934.59   .239876
   2936.26   .239787
   2937.92   .239676
   2939.59   .239570
   2941.25   .239470
   2942.92   .239336
   2944.59   .239233
   2946.27   .239124
   2947.94   .239005
   2949.62   .238907
   2951.30   .238833
   2952.98   .238732
   2954.66   .238614
   2956.34   .238544
   2958.03   .238480
   2959.72   .238396
   2961.41   .238325
   2963.10   .238301
   2964.80   .238297
   2966.49   .238290
   2968.19   .238247
   2969.89   .238228
   2971.59   .238275
   2973.30   .238319
   2975.00   .238353
   2976.71   .238408
   2978.42   .238503
   2980.13   .238614
   2981.84   .238749
   2983.56   .238890
   2985.28   .239003
   2987.00   .239121
   2988.72   .239287
   2990.44   .239439
   2992.17   .239582
   2993.90   .239780
   2995.63   .239952
   2997.36   .240103
   2999.09   .240305
   3000.83   .240521
   3002.56   .240696
   3004.30   .240859
   3006.04   .241075
   3007.79   .241265
   3009.53   .241423
   3011.28   .241619
   3013.03   .241821
   3014.78   .241968
   3016.54   .242128
   3018.29   .242320
   3020.05   .242469
   3021.81   .242628
   3023.57   .242798
   3025.34   .242965
   3027.10   .243124
   3028.87   .243249
   3030.64   .243370
   3032.41   .243491
   3034.19   .243634
   3035.96   .243762
   3037.74   .243864
   3039.52   .243935
   3041.31   .244014
   3043.09   .244133
   3044.88   .244209
   3046.67   .244263
   3048.46   .244351
   3050.25   .244460
   3052.05   .244546
   3053.84   .244602
   3055.64   .244706
   3057.45   .244815
   3059.25   .244895
   3061.05   .244981
   3062.86   .245055
   3064.67   .245137
   3066.49   .245213
   3068.30   .245287
   3070.12   .245386
   3071.94   .245473
   3073.76   .245571
   3075.58   .245707
   3077.40   .245814
   3079.23   .245873
   3081.06   .245946
   3082.89   .246011
   3084.73   .246087
   3086.56   .246197
   3088.40   .246296
   3090.24   .246379
   3092.09   .246474
   3093.93   .246574
   3095.78   .246667
   3097.63   .246739
   3099.48   .246795
   3101.33   .246905
   3103.19   .247026
   3105.05   .247120
   3106.91   .247197
   3108.77   .247318
   3110.63   .247436
   3112.50   .247551
   3114.37   .247674
   3116.24   .247799
   3118.12   .247914
   3119.99   .248065
   3121.87   .248252
   3123.75   .248457
   3125.63   .248641
   3127.52   .248788
   3129.41   .248946
   3131.30   .249142
   3133.19   .249335
   3135.08   .249535
   3136.98   .249765
   3138.88   .249978
   3140.78   .250190
   3142.68   .250366
   3144.59   .250549
   3146.50   .250753
   3148.41   .250973
   3150.32   .251183
   3152.24   .251380
   3154.15   .251575
   3156.07   .251777
   3157.99   .251984
   3159.92   .252170
   3161.85   .252380
   3163.77   .252592
   3165.71   .252760
   3167.64   .252933
   3169.58   .253155
   3171.51   .253379
   3173.45   .253551
   3175.40   .253730
   3177.34   .253922
   3179.29   .254124
   3181.24   .254321
   3183.20   .254513
   3185.15   .254702
   3187.11   .254896
   3189.07   .255098
   3191.03   .255299
   3193.00   .255509
   3194.96   .255697
   3196.93   .255833
   3198.91   .255997
   3200.88   .256207
   3202.86   .256439
   3204.84   .256638
   3206.82   .256802
   3208.80   .256969
   3210.79   .257157
   3212.78   .257355
   3214.77   .257523
   3216.77   .257678
   3218.76   .257843
   3220.76   .258025
   3222.76   .258236
   3224.77   .258403
   3226.77   .258553
   3228.78   .258734
   3230.79   .258919
   3232.81   .259091
   3234.82   .259250
   3236.84   .259431
   3238.87   .259607
   3240.89   .259762
   3242.92   .259908
   3244.95   .260056
   3246.98   .260207
   3249.01   .260342
   3251.05   .260493
   3253.09   .260635
   3255.13   .260778
   3257.18   .260922
   3259.22   .261073
   3261.27   .261235
   3263.33   .261395
   3265.38   .261537
   3267.44   .261694
   3269.50   .261887
   3271.56   .262052
   3273.63   .262181
   3275.69   .262335
   3277.77   .262481
   3279.84   .262615
   3281.91   .262764
   3283.99   .262909
   3286.07   .263048
   3288.16   .263171
   3290.24   .263282
   3292.33   .263432
   3294.42   .263593
   3296.52   .263722
   3298.62   .263858
   3300.72   .264001
   3302.82   .264152
   3304.92   .264292
   3307.03   .264427
   3309.14   .264571
   3311.25   .264684
   3313.37   .264785
   3315.49   .264887
   3317.61   .264992
   3319.73   .265108
   3321.86   .265182
   3323.99   .265232
   3326.12   .265277
   3328.26   .265306
   3330.39   .265321
   3332.53   .265341
   3334.68   .265342
   3336.82   .265307
   3338.97   .265254
   3341.12   .265166
   3343.28   .265063
   3345.44   .264930
   3347.59   .264740
   3349.76   .264527
   3351.92   .264240
   3354.09   .263888
   3356.26   .263479
   3358.43   .262992
   3360.61   .262418
   3362.79   .261725
   3364.97   .260922
   3367.16   .260114
   3369.35   .259456
   3371.54   .259004
   3373.73   .258737
   3375.93   .258624
   3378.13   .258723
   3380.33   .259098
   3382.53   .259690
   3384.74   .260293
   3386.95   .260724
   3389.17   .260932
   3391.38   .260877
   3393.60   .260555
   3395.82   .260022
   3398.05   .259307
   3400.28   .258431
   3402.51   .257506
   3404.74   .256611
   3406.98   .255756
   3409.22   .254973
   3411.46   .254295
   3413.71   .253790
   3415.96   .253636
   3418.21   .253975
   3420.46   .254778
   3422.72   .255911
   3424.98   .257167
   3427.25   .258362
   3429.51   .259442
   3431.78   .260380
   3434.05   .261178
   3436.33   .261892
   3438.61   .262510
   3440.89   .263050
   3443.18   .263555
   3445.46   .264019
   3447.75   .264475
   3450.05   .264927
   3452.35   .265321
   3454.65   .265698
   3456.95   .266039
   3459.25   .266328
   3461.56   .266531
   3463.88   .266627
   3466.19   .266601
   3468.51   .266443
   3470.83   .266230
   3473.16   .266080
   3475.48   .266041
   3477.82   .266099
   3480.15   .266204
   3482.49   .266274
   3484.83   .266228
   3487.17   .266052
   3489.52   .265754
   3491.87   .265369
   3494.22   .264917
   3496.58   .264441
   3498.93   .264120
   3501.30   .264230
   3503.66   .264856
   3506.03   .265826
   3508.40   .266982
   3510.78   .268157
   3513.16   .269224
   3515.54   .270166
   3517.92   .270948
   3520.31   .271550
   3522.70   .272027
   3525.10   .272417
   3527.50   .272718
   3529.90   .272981
   3532.30   .273219
   3534.71   .273420
   3537.12   .273615
   3539.54   .273808
   3541.95   .273983
   3544.38   .274108
   3546.80   .274181
   3549.23   .274249
   3551.66   .274319
   3554.09   .274429
   3556.53   .274612
   3558.97   .274809
   3561.42   .274994
   3563.86   .275157
   3566.31   .275296
   3568.77   .275410
   3571.23   .275539
   3573.69   .275678
   3576.15   .275798
   3578.62   .275882
   3581.09   .275975
   3583.57   .276105
   3586.04   .276195
   3588.53   .276253
   3591.01   .276294
   3593.50   .276250
   3595.99   .276167
   3598.49   .276155
   3600.99   .276294
   3603.49   .276533
   3605.99   .276747
   3608.50   .276903
   3611.02   .277004
   3613.53   .277090
   3616.05   .277171
   3618.58   .277260
   3621.10   .277340
   3623.63   .277418
   3626.17   .277514
   3628.71   .277597
   3631.25   .277657
   3633.79   .277715
   3636.34   .277796
   3638.89   .277863
   3641.45   .277928
   3644.00   .277972
   3646.57   .278006
   3649.13   .278055
   3651.70   .278100
   3654.28   .278155
   3656.85   .278206
   3659.43   .278250
   3662.02   .278320
   3664.61   .278383
   3667.20   .278434
   3669.79   .278468
   3672.39   .278499
   3675.00   .278564
   3677.60   .278634
   3680.21   .278695
   3682.83   .278744
   3685.44   .278802
   3688.06   .278877
   3690.69   .278945
   3693.32   .279009
   3695.95   .279082
   3698.59   .279186
   3701.23   .279283
   3703.87   .279367
   3706.52   .279453
   3709.17   .279535
   3711.82   .279605
   3714.48   .279677
   3717.15   .279750
   3719.81   .279806
   3722.48   .279847
   3725.16   .279858
   3727.83   .279857
   3730.52   .279987
   3733.20   .280152
   3735.89   .280270
   3738.59   .280377
   3741.28   .280457
   3743.98   .280522
   3746.69   .280612
   3749.40   .280702
   3752.11   .280787
   3754.83   .280854
   3757.55   .280915
   3760.27   .280981
   3763.00   .281036
   3765.74   .281082
   3768.47   .281133
   3771.21   .281176
   3773.96   .281208
   3776.71   .281224
   3779.46   .281258
   3782.22   .281292
   3784.98   .281299
   3787.74   .281306
   3790.51   .281325
   3793.28   .281347
   3796.06   .281342
   3798.84   .281333
   3801.63   .281325
   3804.41   .281321
   3807.21   .281329
   3810.01   .281325
   3812.81   .281295
   3815.61   .281260
   3818.42   .281235
   3821.24   .281213
   3824.05   .281188
   3826.88   .281161
   3829.70   .281144
   3832.53   .281136
   3835.37   .281113
   3838.21   .281059
   3841.05   .281003
   3843.90   .280959
   3846.75   .280918
   3849.60   .280871
   3852.46   .280825
   3855.33   .280786
   3858.20   .280753
   3861.07   .280693
   3863.95   .280650
   3866.83   .280639
   3869.71   .280599
   3872.60   .280522
   3875.50   .280449
   3878.40   .280400
   3881.30   .280369
   3884.21   .280327
   3887.12   .280270
   3890.04   .280201
   3892.96   .280141
   3895.88   .280079
   3898.81   .280013
   3901.74   .279949
   3904.68   .279898
   3907.62   .279835
   3910.57   .279762
   3913.52   .279703
   3916.48   .279650
   3919.44   .279572
   3922.40   .279487
   3925.37   .279416
   3928.35   .279358
   3931.32   .279292
   3934.31   .279214
   3937.29   .279151
   3940.29   .279072
   3943.28   .278992
   3946.28   .278910
   3949.29   .278798
   3952.30   .278725
   3955.31   .278671
   3958.33   .278592
   3961.36   .278508
   3964.39   .278419
   3967.42   .278324
   3970.46   .278242
   3973.50   .278162
   3976.55   .278065
   3979.60   .277980
   3982.65   .277903
   3985.72   .277810
   3988.78   .277705
   3991.85   .277614
   3994.93   .277531
   3998.01   .277443
   4001.09   .277353
   4004.18   .277263
   4007.28   .277170
   4010.38   .277077
   4013.48   .276978
   4016.59   .276865
   4019.70   .276767
   4022.82   .276668
   4025.94   .276567
   4029.07   .276465
   4032.20   .276369
   4035.34   .276262
   4038.49   .276154
   4041.63   .276033
   4044.79   .275912
   4047.94   .275823
   4051.11   .275727
   4054.27   .275597
   4057.45   .275461
   4060.62   .275326
   4063.80   .275212
   4066.99   .275074
   4070.18   .274936
   4073.38   .274824
   4076.58   .274701
   4079.79   .274556
   4083.00   .274399
   4086.22   .274241
   4089.44   .274108
   4092.67   .273954
   4095.90   .273810
   4099.14   .273666
   4102.38   .273513
   4105.63   .273358
   4108.89   .273197
   4112.14   .273036
   4115.41   .272873
   4118.68   .272695
   4121.95   .272526
   4125.23   .272367
   4128.51   .272207
   4131.80   .272042
   4135.10   .271862
   4138.40   .271675
   4141.70   .271506
   4145.02   .271338
   4148.33   .271149
   4151.65   .270956
   4154.98   .270783
   4158.31   .270597
   4161.65   .270403
   4164.99   .270204
   4168.34   .269998
   4171.69   .269796
   4175.05   .269583
   4178.42   .269356
   4181.79   .269131
   4185.16   .268898
   4188.54   .268658
   4191.93   .268408
   4195.32   .268139
   4198.71   .267873
   4202.12   .267615
   4205.53   .267348
   4208.94   .267057
   4212.36   .266756
   4215.78   .266430
   4219.21   .266080
   4222.65   .265724
   4226.09   .265362
   4229.54   .264959
   4232.99   .264507
   4236.45   .264037
   4239.91   .263552
   4243.38   .263029
   4246.86   .262465
   4250.34   .261891
   4253.83   .261260
   4257.32   .260532
   4260.82   .259700
   4264.32   .258837
   4267.83   .257916
   4271.35   .256932
   4274.87   .255907
   4278.39   .254823
   4281.93   .253651
   4285.47   .252446
   4289.01   .251229
   4292.56   .249980
   4296.12   .248713
   4299.68   .247433
   4303.25   .246170
   4306.82   .245001
   4310.40   .243896
   4313.99   .242844
   4317.58   .241870
   4321.18   .240957
   4324.78   .240084
   4328.39   .239265
   4332.01   .238477
   4335.63   .237693
   4339.26   .236936
   4342.89   .236198
   4346.53   .235464
   4350.18   .234731
   4353.83   .234002
   4357.49   .233253
   4361.15   .232508
   4364.82   .231792
   4368.50   .231071
   4372.18   .230360
   4375.88   .229691
   4379.57   .229040
   4383.27   .228384
   4386.98   .227781
   4390.70   .227235
   4394.42   .226749
   4398.14   .226323
   4401.88   .225958
   4405.62   .225669
   4409.36   .225457
   4413.11   .225307
   4416.87   .225218
   4420.64   .225188
   4424.41   .225201
   4428.19   .225233
   4431.97   .225277
   4435.77   .225318
   4439.56   .225361
   4443.37   .225385
   4447.18   .225401
   4451.00   .225405
   4454.82   .225330
   4458.65   .225227
   4462.49   .225102
   4466.33   .224929
   4470.18   .224717
   4474.04   .224449
   4477.90   .224110
   4481.77   .223732
   4485.65   .223296
   4489.53   .222806
   4493.42   .222277
   4497.32   .221708
   4501.22   .221100
   4505.13   .220460
   4509.05   .219788
   4512.98   .219070
   4516.91   .218314
   4520.84   .217541
   4524.79   .216719
   4528.74   .215868
   4532.70   .215016
   4536.67   .214117
   4540.64   .213188
   4544.62   .212240
   4548.60   .211279
   4552.60   .210288
   4556.60   .209265
   4560.61   .208213
   4564.62   .207144
   4568.64   .206025
   4572.67   .204869
   4576.71   .203686
   4580.75   .202464
   4584.80   .201209
   4588.86   .199930
   4592.92   .198595
   4596.99   .197212
   4601.07   .195775
   4605.16   .194285
   4609.25   .192740
   4613.35   .191165
   4617.46   .189563
   4621.58   .187931
   4625.70   .186312
   4629.83   .184741
   4633.96   .183233
   4638.11   .181845
   4642.26   .180566
   4646.42   .179408
   4650.59   .178401
   4654.76   .177542
   4658.95   .176809
   4663.14   .176166
   4667.33   .175567
   4671.54   .174963
   4675.75   .174340
   4679.97   .173687
   4684.20   .172995
   4688.43   .172254
   4692.68   .171468
   4696.93   .170668
   4701.18   .169845
   4705.45   .168987
   4709.72   .168090
   4714.01   .167181
   4718.30   .166240
   4722.59   .165266
   4726.90   .164311
   4731.21   .163381
   4735.53   .162448
   4739.86   .161530
   4744.20   .160625
   4748.54   .159748
   4752.89   .158912
   4757.25   .158137
   4761.62   .157425
   4766.00   .156770
   4770.38   .156192
   4774.77   .155669
   4779.17   .155198
   4783.58   .154755
   4788.00   .154331
   4792.43   .153886
   4796.86   .153411
   4801.30   .152897
   4805.75   .152350
   4810.21   .151770
   4814.67   .151148
   4819.15   .150491
   4823.63   .149811
   4828.12   .149115
   4832.62   .148387
   4837.13   .147631
   4841.65   .146869
   4846.17   .146097
   4850.71   .145295
   4855.25   .144478
   4859.80   .143655
   4864.36   .142794
   4868.93   .141915
   4873.50   .141053
   4878.09   .140213
   4882.68   .139375
   4887.28   .138508
   4891.89   .137647
   4896.51   .136788
   4901.14   .135909
   4905.77   .135045
   4910.42   .134190
   4915.07   .133330
   4919.74   .132516
   4924.41   .131712
   4929.09   .130907
   4933.78   .130144
   4938.48   .129382
   4943.19   .128635
   4947.90   .127904
   4952.63   .127154
   4957.36   .126377
   4962.11   .125572
   4966.86   .124765
   4971.62   .123933
   4976.39   .123069
   4981.18   .122197
   4985.96   .121313
   4990.76   .120378
   4995.57   .119412
   5000.39   .118432
   5005.22   .117445
   5010.05   .116437
   5014.90   .115419
   5019.75   .114436
   5024.62   .113465
   5029.49   .112501
   5034.37   .111588
   5039.26   .110695
   5044.16   .109853
   5049.08   .109078
   5054.00   .108349
   5058.93   .107656
   5063.87   .107000
   5068.82   .106377
   5073.78   .105802
   5078.75   .105237
   5083.73   .104671
   5088.72   .104113
   5093.71   .103550
   5098.72   .102980
   5103.74   .102373
   5108.77   .101704
   5113.81   .100990
   5118.86   .100196
   5123.91   .099344
   5128.98   .098465
   5134.06   .097566
   5139.15   .096648
   5144.25   .095696
   5149.35   .094758
   5154.47   .093864
   5159.60   .092989
   5164.74   .092150
   5169.89   .091343
   5175.05   .090571
   5180.22   .089830
   5185.40   .089116
   5190.59   .088414
   5195.79   .087729
   5201.00   .087075
   5206.23   .086451
   5211.46   .085829
   5216.70   .085222
   5221.95   .084620
   5227.22   .084015
   5232.49   .083407
   5237.78   .082789
   5243.07   .082124
   5248.38   .081432
   5253.70   .080692
   5259.03   .079928
   5264.36   .079151
   5269.71   .078333
   5275.07   .077513
   5280.45   .076719
   5285.83   .075949
   5291.22   .075215
   5296.63   .074519
   5302.04   .073875
   5307.47   .073281
   5312.91   .072750
   5318.36   .072288
   5323.82   .071855
   5329.29   .071422
   5334.77   .070990
   5340.27   .070536
   5345.77   .070029
   5351.29   .069483
   5356.82   .068906
   5362.36   .068273
   5367.91   .067599
   5373.47   .066902
   5379.04   .066206
   5384.63   .065506
   5390.23   .064800
   5395.83   .064135
   5401.46   .063518
   5407.09   .062927
   5412.73   .062381
   5418.39   .061875
   5424.06   .061433
   5429.73   .061074
   5435.43   .060757
   5441.13   .060514
   5446.84   .060327
   5452.57   .060185
   5458.31   .060108
   5464.06   .060071
   5469.83   .060093
   5475.60   .060190
   5481.39   .060342
   5487.19   .060536
   5493.01   .060744
   5498.83   .060957
   5504.67   .061183
   5510.52   .061441
   5516.38   .061733
   5522.25   .062037
   5528.14   .062351
   5534.04   .062671
   5539.95   .062967
   5545.88   .063227
   5551.81   .063471
   5557.77   .063652
   5563.73   .063777
   5569.70   .063881
   5575.69   .063927
   5581.70   .063901
   5587.71   .063843
   5593.74   .063772
   5599.78   .063650
   5605.83   .063445
   5611.90   .063218
   5617.98   .062960
   5624.07   .062656
   5630.18   .062308
   5636.30   .061904
   5642.43   .061481
   5648.58   .061065
   5654.74   .060625
   5660.91   .060226
   5667.10   .059843
   5673.30   .059459
   5679.51   .059107
   5685.74   .058759
   5691.98   .058406
   5698.23   .058054
   5704.50   .057669
   5710.79   .057262
   5717.08   .056835
   5723.39   .056383
   5729.72   .055912
   5736.05   .055421
   5742.41   .054914
   5748.77   .054394
   5755.15   .053862
   5761.55   .053287
   5767.96   .052691
   5774.38   .052098
   5780.82   .051470
   5787.27   .050831
   5793.74   .050191
   5800.22   .049543
   5806.71   .048867
   5813.22   .048179
   5819.75   .047491
   5826.28   .046806
   5832.84   .046111
   5839.41   .045412
   5845.99   .044717
   5852.59   .044028
   5859.20   .043345
   5865.83   .042673
   5872.47   .042012
   5879.13   .041339
   5885.80   .040688
   5892.49   .040052
   5899.19   .039417
   5905.91   .038803
   5912.65   .038177
   5919.40   .037569
   5926.16   .036973
   5932.94   .036357
   5939.74   .035755
   5946.55   .035154
   5953.38   .034564
   5960.22   .033993
   5967.08   .033409
   5973.95   .032839
   5980.84   .032309
   5987.75   .031821
   5994.67   .031386
   6001.61   .030997
   6008.56   .030658
   6015.53   .030385
   6022.52   .030162
   6029.52   .029971
   6036.54   .029825
   6043.58   .029719
   6050.63   .029655
   6057.70   .029653
   6064.78   .029650
   6071.88   .029644
   6079.00   .029621
   6086.14   .029595
   6093.29   .029563
   6100.46   .029500
   6107.64   .029409
   6114.84   .029314
   6122.06   .029215
   6129.30   .029104
   6136.55   .028999
   6143.82   .028926
   6151.11   .028852
   6158.42   .028782
   6165.74   .028737
   6173.08   .028701
   6180.44   .028689
   6187.81   .028698
   6195.21   .028709
   6202.62   .028726
   6210.04   .028741
   6217.49   .028765
   6224.95   .028790
   6232.44   .028807
   6239.94   .028821
   6247.45   .028808
   6254.99   .028799
   6262.54   .028782
   6270.12   .028731
   6277.71   .028683
   6285.32   .028632
   6292.94   .028576
   6300.59   .028534
   6308.26   .028496
   6315.94   .028468
   6323.64   .028459
   6331.36   .028470
   6339.10   .028528
   6346.86   .028629
   6354.64   .028749
   6362.44   .028884
   6370.25   .029031
   6378.09   .029178
   6385.94   .029325
   6393.82   .029473
   6401.71   .029588
   6409.62   .029659
   6417.56   .029682
   6425.51   .029681
   6433.48   .029633
   6441.47   .029557
   6449.48   .029442
   6457.51   .029282
   6465.57   .029130
   6473.64   .028989
   6481.73   .028847
   6489.84   .028717
   6497.97   .028632
   6506.13   .028543
   6514.30   .028451
   6522.49   .028380
   6530.71   .028305
   6538.95   .028214
   6547.20   .028114
   6555.48   .027997
   6563.78   .027866
   6572.10   .027731
   6580.44   .027594
   6588.80   .027457
   6597.18   .027315
   6605.58   .027180
   6614.01   .027051
   6622.46   .026937
   6630.92   .026843
   6639.41   .026785
   6647.92   .026772
   6656.46   .026762
   6665.01   .026767
   6673.59   .026785
   6682.19   .026797
   6690.81   .026814
   6699.46   .026830
   6708.12   .026827
   6716.81   .026815
   6725.52   .026783
   6734.26   .026711
   6743.02   .026618
   6751.80   .026524
   6760.60   .026409
   6769.43   .026265
   6778.28   .026111
   6787.15   .025952
   6796.04   .025806
   6804.96   .025682
   6813.90   .025561
   6822.87   .025441
   6831.86   .025355
   6840.87   .025290
   6849.91   .025230
   6858.97   .025192
   6868.05   .025163
   6877.16   .025142
   6886.29   .025108
   6895.45   .025069
   6904.63   .025054
   6913.84   .025026
   6923.07   .024979
   6932.32   .024927
   6941.60   .024844
   6950.91   .024737
   6960.24   .024630
   6969.60   .024511
   6978.98   .024357
   6988.38   .024199
   6997.81   .024044
   7007.27   .023866
   7016.75   .023694
   7026.26   .023533
   7035.79   .023344
   7045.35   .023179
   7054.94   .023023
   7064.55   .022856
   7074.18   .022682
   7083.85   .022518
   7093.54   .022365
   7103.25   .022212
   7113.00   .022066
   7122.77   .021917
   7132.57   .021755
   7142.39   .021584
   7152.24   .021395
   7162.12   .021190
   7172.03   .020957
   7181.96   .020733
   7191.92   .020501
   7201.91   .020255
   7211.92   .020006
   7221.97   .019759
   7232.04   .019507
   7242.15   .019259
   7252.27   .019022
   7262.43   .018787
   7272.62   .018538
   7282.83   .018288
   7293.07   .018076
   7303.34   .017844
   7313.64   .017589
   7323.97   .017347
   7334.33   .017107
   7344.72   .016863
   7355.14   .016589
   7365.59   .016323
   7376.06   .016040
   7386.57   .015756
   7397.11   .015497
   7407.67   .015264
   7418.27   .015015
   7428.90   .014766
   7439.56   .014527
   7450.24   .014282
   7460.96   .014018
   7471.71   .013762
   7482.50   .013513
   7493.31   .013244
   7504.15   .013002
   7515.03   .012781
   7525.94   .012545
   7536.88   .012298
   7547.85   .012055
   7558.85   .011815
   7569.89   .011575
   7580.95   .011348
   7592.05   .011121
   7603.18   .010893
   7614.34   .010671
   7625.54   .010439
   7636.77   .010197
   7648.04   .009963
   7659.33   .009717
   7670.66   .009480
   7682.03   .009235
   7693.42   .008974
   7704.86   .008717
   7716.32   .008451
   7727.82   .008199
   7739.35   .007961
   7750.92   .007718
   7762.53   .007445
   7774.16   .007199
   7785.84   .006974
   7797.55   .006756
   7809.29   .006540
   7821.07   .006301
   7832.88   .006063
   7844.73   .005841
   7856.62   .005637
   7868.54   .005432
   7880.50   .005224
   7892.49   .005032
   7904.52   .004833
   7916.59   .004661
   7928.70   .004486
   7940.84   .004305
   7953.02   .004152
   7965.23   .003992
   7977.48   .003847
   7989.77   .003723
   8002.10   .003616
   8014.47   .003514
   8026.88   .003424
   8039.32   .003346
   8051.81   .003285
   8064.33   .003255
   8076.89   .003233
   8089.49   .003227
   8102.13   .003258
   8114.81   .003339
   8127.53   .003458
   8140.29   .003643
   8153.09   .003919
   8165.93   .004271
   8178.81   .004682
   8191.73   .005204
   8204.69   .005864
   8217.69   .006656
   8230.73   .007586
   8243.82   .008610
   8256.95   .009782
   8270.12   .011087
   8283.32   .012512
   8296.58   .014036
   8309.87   .015658
   8323.21   .017319
   8336.59   .018978
   8350.02   .020616
   8363.48   .022217
   8376.99   .023729
   8390.55   .025182
   8404.15   .026655
   8417.79   .028176
   8431.48   .029729
   8445.21   .031165
   8458.98   .032406
   8472.81   .033457
   8486.68   .034294
   8500.59   .034968
   8514.55   .035582
   8528.55   .036191
   8542.60   .036778
   8556.70   .037322
   8570.84   .037817
   8585.03   .038258
   8599.27   .038608
   8613.55   .038839
   8627.88   .038980
   8642.26   .039108
   8656.69   .039233
   8671.16   .039337
   8685.69   .039449
   8700.26   .039547
   8714.88   .039599
   8729.55   .039563
   8744.27   .039425
   8759.04   .039210
   8773.86   .038888
   8788.73   .038463
   8803.66   .038006
   8818.63   .037564
   8833.65   .037134
   8848.72   .036711
   8863.85   .036340
   8879.03   .035962
   8894.26   .035516
   8909.54   .035017
   8924.88   .034514
   8940.27   .034081
   8955.71   .033707
   8971.20   .033368
   8986.75   .033091
   9002.35   .032853
   9018.00   .032575
   9033.71   .032212
   9049.48   .031798
   9065.30   .031299
   9081.18   .030681
   9097.10   .029974
   9113.09   .029219
   9129.14   .028374
   9145.24   .027451
   9161.39   .026531
   9177.61   .025672
   9193.88   .024923
   9210.21   .024330
   9226.60   .024004
   9243.04   .023855
   9259.55   .023651
   9276.11   .023374
   9292.73   .023117
   9309.42   .022871
   9326.17   .022637
   9342.97   .022460
   9359.83   .022339
   9376.76   .022296
   9393.75   .022396
   9410.79   .022639
   9427.91   .023043
   9445.08   .023651
   9462.31   .024460
   9479.61   .025463
   9496.97   .026659
   9514.40   .028018
   9531.88   .029434
   9549.44   .030870
   9567.05   .032312
   9584.74   .033612
   9602.49   .034718
   9620.30   .035677
   9638.18   .036473
   9656.13   .037137
   9674.15   .037652
   9692.23   .037951
   9710.38   .038125
   9728.60   .038225
   9746.89   .038328
   9765.24   .038499
   9783.67   .038526
   9802.16   .038237
   9820.72   .037667
   9839.36   .036997
   9858.06   .036441
   9876.84   .036065
   9895.69   .035794
   9914.61   .035654
   9933.60   .035751
   9952.67   .036118
   9971.81   .036657
   9991.03   .037180
  10010.31   .037645
  10029.68   .038087
  10049.11   .038604
  10068.63   .039320
  10088.22   .040208
  10107.88   .041123
  10127.63   .041841
  10147.45   .042274
  10167.34   .042495
  10187.32   .042625
  10207.37   .042849
  10227.50   .043368
  10247.71   .044347
  10268.00   .045730
  10288.38   .047297
  10308.83   .048837
  10329.37   .050191
  10349.98   .051389
  10370.69   .052678
  10391.47   .054253
  10412.34   .055914
  10433.29   .057253
  10454.32   .058180
  10475.44   .058960
  10496.65   .059847
  10517.94   .060720
  10539.32   .061297
  10560.79   .061517
  10582.34   .061636
  10603.98   .061892
  10625.71   .062118
  10647.53   .062148
  10669.44   .062013
  10691.44   .061960
  10713.53   .062160
  10735.71   .062377
  10757.99   .062237
  10780.35   .061705
  10802.81   .061022
  10825.36   .060332
  10848.00   .059518
  10870.75   .058492
  10893.58   .057567
  10916.52   .056966
  10939.55   .056483
  10962.68   .055916
  10985.91   .055217
  11009.23   .054551
  11032.66   .053966
  11056.18   .053393
  11079.80   .052695
  11103.53   .051801
  11127.36   .050869
  11151.29   .049951
  11175.32   .048964
  11199.46   .047832
  11223.70   .046563
  11248.05   .045227
  11272.50   .043961
  11297.06   .042742
  11321.72   .041511
  11346.49   .040365
  11371.38   .039302
  11396.37   .038288
  11421.47   .037397
  11446.68   .036607
  11472.01   .035872
  11497.45   .035139
  11523.00   .034469
  11548.66   .033850
  11574.44   .033187
  11600.33   .032583
  11626.34   .032059
  11652.47   .031519
  11678.72   .031032
  11705.08   .030551
  11731.57   .030111
  11758.17   .029703
  11784.89   .029299
  11811.74   .028921
  11838.70   .028559
  11865.79   .028202
  11893.00   .027828
  11920.34   .027487
  11947.81   .027186
  11975.40   .026890
  12003.12   .026555
  12030.97   .026257
  12058.96   .025960
  12087.07   .025648
  12115.31   .025354
  12143.68   .025043
  12172.19   .024721
  12200.83   .024383
  12229.60   .024056
  12258.52   .023792
  12287.57   .023517
  12316.76   .023122
  12346.08   .022746
  12375.55   .022400
  12405.15   .022019
  12434.90   .021579
  12464.78   .021125
  12494.82   .020685
  12525.00   .020198
  12555.33   .019702
  12585.80   .019236
  12616.42   .018746
  12647.20   .018208
  12678.13   .017643
  12709.20   .017085
  12740.43   .016597
  12771.81   .016092
  12803.34   .015702
  12835.03   .015546
  12866.88   .015585
  12898.90   .015852
  12931.06   .016320
  12963.39   .016746
  12995.88   .017027
  13028.53   .017156
  13061.35   .017346
  13094.33   .017921
  13127.49   .018821
  13160.81   .019635
  13194.30   .020070
  13227.96   .020125
  13261.79   .019891
  13295.79   .019530
  13329.97   .019041
  13364.32   .018507
  13398.85   .018013
  13433.56   .017514
  13468.46   .016950
  13503.53   .016585
  13538.79   .016469
  13574.23   .016521
  13609.86   .016748
  13645.68   .017148
  13681.69   .017779
  13717.88   .018505
  13754.27   .019023
  13790.85   .019133
  13827.63   .018878
  13864.60   .018438
  13901.77   .017959
  13939.15   .017435
  13976.72   .016874
  14014.49   .016296
  14052.47   .015808
  14090.66   .015366
  14129.04   .014847
  14167.64   .014289
  14206.46   .013925
  14245.49   .013912
  14284.73   .014052
  14324.20   .014186
  14363.88   .014229
  14403.78   .014122
  14443.90   .014159
  14484.25   .014483
  14524.82   .014846
  14565.62   .015096
  14606.65   .015162
  14647.92   .015106
  14689.42   .015063
  14731.15   .015036
  14773.12   .014944
  14815.33   .014972
  14857.78   .015253
  14900.48   .015634
  14943.42   .016072
  14986.59   .016654
  15030.03   .017166
  15073.72   .017360
  15117.67   .017228
  15161.87   .016942
  15206.34   .016790
  15251.06   .017014
  15296.06   .017780
  15341.31   .019305
  15386.84   .021590
  15432.63   .024346
  15478.70   .027155
  15525.04   .029617
  15571.67   .031641
  15618.58   .033200
  15665.76   .034348
  15713.24   .035227
  15761.00   .036042
  15809.05   .036885
  15857.40   .037638
  15906.04   .038221
  15954.96   .038649
  16004.21   .038817
  16053.76   .038495
  16103.62   .037650
  16153.78   .036396
  16204.26   .034924
  16255.06   .033754
  16306.19   .033524
  16357.63   .034193
  16409.39   .035466
  16461.49   .037089
  16513.91   .038612
  16566.67   .039589
  16619.77   .039794
  16673.22   .039409
  16727.01   .039202
  16781.14   .039764
  16835.63   .041171
  16890.46   .043040
  16945.66   .044721
  17001.22   .045800
  17057.16   .046100
  17113.45   .045712
  17170.12   .044840
  17227.16   .043555
  17284.59   .042274
  17342.40   .041106
  17400.60   .040350
  17459.16   .040319
  17518.15   .040893
  17577.53   .041452
  17637.32   .041601
  17697.52   .041142
  17758.13   .040192
  17819.15   .038841
  17880.61   .037223
  17942.48   .035901
  18004.78   .035372
  18067.52   .035532
  18130.69   .036241
  18194.31   .037394
  18258.37   .039158
  18322.90   .041466
  18387.88   .043466
  18453.31   .044809
  18519.22   .045368
  18585.60   .044946
  18652.45   .043675
  18719.79   .041849
  18787.59   .039779
  18855.91   .037668
  18924.73   .035980
  18994.05   .034719
  19063.88   .033724
  19134.23   .032949
  19205.10   .032196
  19276.51   .031581
  19348.44   .030914
  19420.90   .030406
  19493.92   .029961
  19567.48   .029571
  19641.60   .029005
  19716.28   .028339
  19791.52   .027626
  19867.35   .026816
  19943.76   .026100
  20020.76   .025409
  20098.36   .024612
  20176.56   .023793
  20255.38   .023283
  20334.83   .023345
  20414.89   .024123
  20495.58   .025658
  20576.91   .027211
  20658.89   .028148
  20741.53   .028230
  20824.83   .027549
  20908.78   .026625
  20993.43   .026160
  21078.77   .026128
  21164.81   .026897
  21251.55   .028153
  21339.00   .028851
  21427.18   .028853
  21516.11   .027929
  21605.76   .026788
  21696.16   .025829
  21787.32   .024811
  21879.25   .024078
  21971.96   .023397
  22065.46   .022738
  22159.73   .022164
  22254.84   .021255
  22350.76   .020285
  22447.52   .019559
  22545.12   .019215
  22643.57   .019783
  22742.88   .021071
  22843.10   .023170
  22944.17   .025703
  23046.15   .028933
  23149.03   .032294
  23252.84   .034804
  23357.56   .036225
  23463.25   .036968
  23569.90   .036813
  23677.52   .036165
  23786.13   .035683
  23895.75   .036345
  24006.38   .037241
  24118.03   .037620
  24230.73   .037589
  24344.49   .037207
  24459.33   .037390
  24575.25   .038346
  24692.27   .039562
  24810.42   .040251
  24929.70   .040275
  25050.13   .040513
  25171.73   .041836
  25294.52   .044141
  25418.52   .046109
  25543.73   .046597
  25670.18   .046353
  25797.90   .047584
  25926.88   .050051
  26057.17   .051882
  26188.78   .052748
  26321.71   .052885
  26456.01   .052508
  26591.68   .052232
  26728.75   .051336
  26867.24   .050001
  27007.17   .049032
  27148.57   .047937
  27291.46   .045936
  27435.86   .043377
  27581.79   .040821
  27729.29   .039100
  27878.37   .038847
  28029.07   .040144
  28181.40   .041431
  28335.39   .041886
  28491.08   .042504
  28648.50   .043122
  28807.65   .042933
  28968.59   .042261
  29131.33   .041112
  29295.92   .039962
  29462.37   .038945
  29630.73   .037953
  29801.02   .036604
  29973.28   .035209
  30147.54   .033972
  30323.84   .032830
  30502.22   .032154
  30682.71   .032071
  30865.34   .032165
  31050.17   .033109
  31237.21   .034102
  31426.53   .034396
  31618.15   .033968
  31812.13   .033745
  32008.50   .033441
  32207.31   .033618
  32408.61   .034909
  32612.44   .036844
  32818.84   .038140
  33027.88   .037501
  33239.60   .035856
  33454.05   .034526
  33671.28   .033406
  33891.36   .032452
  34114.32   .031826
  34340.25   .031040
  34569.18   .030029
  34801.19   .029148
  35036.33   .028951
  35274.68   .029300
  35516.28   .029002
  35761.23   .028354
  36009.57   .027867
  36261.38   .027250
  36516.74   .026291
  36775.73   .025766
  37038.41   .025161
  37304.88   .024485
  37575.20   .023906
  37849.47   .023553
  38127.77   .022811
  38410.20   .022699
  38696.84   .023362
  38987.80   .024086
  39283.16   .025078
  39583.03   .026152
  39887.52   .028757
  40196.72   .033559
  40510.76   .037273
  40829.75   .040202
  41153.79   .042753
  41483.02   .043819
  41817.56   .044643
  42157.54   .046904
  42503.09   .047258
  42854.36   .046339
  43211.48   .046088
  43574.60   .044814
  43943.88   .042543
  44319.46   .041577
  44701.53   .040604
  45090.24   .039532
  45485.77   .038333
  45888.30   .037301
  46298.01   .036684
  46715.11   .036869
  47139.79   .038951
  47572.27   .042102
  48012.75   .043665
  48461.47   .043465
  48918.66   .041233
  49384.55   .038910
  49859.40   .038999



 BIR1LS164.ASC           

 LS-BWD-164
 Lunar soil 62231.52 75-125 um low agglutinate remnant mag -
 Connected at 23.3 um
 
 Date: 15-Feb-22, Time: 12:56:31
