  3527
   1428.4   0.11669
   1428.8   0.11639
   1429.2   0.11615
   1429.6   0.11630
   1430.0   0.11663
   1430.4   0.11684
   1430.8   0.11714
   1431.2   0.11716
   1431.6   0.11683
   1432.0   0.11655
   1432.4   0.11649
   1432.8   0.11640
   1433.2   0.11619
   1433.6   0.11607
   1433.9   0.11617
   1434.3   0.11639
   1434.8   0.11670
   1435.1   0.11664
   1435.5   0.11647
   1435.9   0.11629
   1436.3   0.11634
   1436.7   0.11661
   1437.1   0.11667
   1437.5   0.11696
   1437.9   0.11688
   1438.3   0.11654
   1438.7   0.11635
   1439.1   0.11667
   1439.5   0.11703
   1439.9   0.11700
   1440.3   0.11683
   1440.7   0.11669
   1441.1   0.11684
   1441.5   0.11724
   1441.9   0.11745
   1442.3   0.11720
   1442.7   0.11714
   1443.1   0.11741
   1443.5   0.11751
   1443.9   0.11749
   1444.3   0.11746
   1444.7   0.11738
   1445.2   0.11719
   1445.6   0.11736
   1445.9   0.11748
   1446.3   0.11729
   1446.8   0.11723
   1447.2   0.11760
   1447.6   0.11773
   1448.0   0.11737
   1448.4   0.11743
   1448.8   0.11735
   1449.2   0.11732
   1449.6   0.11725
   1450.0   0.11706
   1450.4   0.11736
   1450.8   0.11815
   1451.2   0.11843
   1451.6   0.11840
   1452.0   0.11821
   1452.4   0.11769
   1452.8   0.11763
   1453.3   0.11772
   1453.7   0.11782
   1454.1   0.11799
   1454.5   0.11808
   1454.9   0.11809
   1455.3   0.11825
   1455.7   0.11820
   1456.1   0.11786
   1456.5   0.11762
   1456.9   0.11810
   1457.3   0.11850
   1457.7   0.11840
   1458.2   0.11819
   1458.6   0.11842
   1459.0   0.11864
   1459.4   0.11899
   1459.8   0.11900
   1460.2   0.11851
   1460.6   0.11857
   1461.0   0.11866
   1461.4   0.11877
   1461.8   0.11873
   1462.3   0.11849
   1462.7   0.11859
   1463.1   0.11861
   1463.5   0.11863
   1463.9   0.11876
   1464.3   0.11890
   1464.7   0.11873
   1465.2   0.11886
   1465.6   0.11907
   1466.0   0.11928
   1466.4   0.11940
   1466.8   0.11940
   1467.2   0.11909
   1467.6   0.11919
   1468.1   0.11935
   1468.5   0.11907
   1468.9   0.11909
   1469.3   0.11932
   1469.7   0.11921
   1470.1   0.11884
   1470.6   0.11877
   1471.0   0.11910
   1471.4   0.11925
   1471.8   0.11943
   1472.2   0.11952
   1472.7   0.11954
   1473.1   0.11952
   1473.5   0.11909
   1473.9   0.11899
   1474.3   0.11924
   1474.7   0.11975
   1475.2   0.11992
   1475.6   0.11979
   1476.0   0.12007
   1476.4   0.12002
   1476.8   0.11980
   1477.3   0.11973
   1477.7   0.11987
   1478.1   0.11989
   1478.5   0.11979
   1478.9   0.11984
   1479.4   0.11988
   1479.8   0.12000
   1480.2   0.12018
   1480.6   0.12012
   1481.1   0.12004
   1481.5   0.12013
   1481.9   0.12010
   1482.3   0.12025
   1482.8   0.12056
   1483.2   0.12045
   1483.6   0.12017
   1484.0   0.12037
   1484.4   0.12067
   1484.9   0.12046
   1485.3   0.12022
   1485.7   0.12009
   1486.2   0.11988
   1486.6   0.11986
   1487.0   0.12009
   1487.4   0.12047
   1487.9   0.12060
   1488.3   0.12049
   1488.7   0.12050
   1489.1   0.12057
   1489.6   0.12080
   1490.0   0.12105
   1490.4   0.12088
   1490.8   0.12066
   1491.3   0.12069
   1491.7   0.12080
   1492.1   0.12116
   1492.6   0.12113
   1493.0   0.12098
   1493.4   0.12122
   1493.9   0.12135
   1494.3   0.12115
   1494.7   0.12119
   1495.2   0.12114
   1495.6   0.12087
   1496.0   0.12086
   1496.4   0.12097
   1496.9   0.12119
   1497.3   0.12113
   1497.8   0.12106
   1498.2   0.12137
   1498.6   0.12151
   1499.0   0.12133
   1499.5   0.12150
   1499.9   0.12151
   1500.3   0.12151
   1500.8   0.12144
   1501.2   0.12154
   1501.7   0.12155
   1502.1   0.12149
   1502.5   0.12150
   1503.0   0.12159
   1503.4   0.12147
   1503.8   0.12133
   1504.3   0.12162
   1504.7   0.12180
   1505.1   0.12161
   1505.6   0.12165
   1506.0   0.12167
   1506.4   0.12169
   1506.9   0.12174
   1507.3   0.12158
   1507.8   0.12156
   1508.2   0.12191
   1508.6   0.12202
   1509.1   0.12203
   1509.5   0.12209
   1510.0   0.12196
   1510.4   0.12191
   1510.8   0.12195
   1511.3   0.12195
   1511.7   0.12184
   1512.2   0.12189
   1512.6   0.12224
   1513.0   0.12251
   1513.5   0.12245
   1513.9   0.12233
   1514.4   0.12217
   1514.8   0.12219
   1515.3   0.12225
   1515.7   0.12216
   1516.1   0.12236
   1516.6   0.12272
   1517.0   0.12289
   1517.5   0.12264
   1517.9   0.12265
   1518.4   0.12281
   1518.8   0.12280
   1519.3   0.12270
   1519.7   0.12249
   1520.1   0.12259
   1520.6   0.12263
   1521.0   0.12257
   1521.5   0.12259
   1521.9   0.12264
   1522.4   0.12273
   1522.8   0.12299
   1523.3   0.12306
   1523.7   0.12303
   1524.2   0.12301
   1524.6   0.12283
   1525.1   0.12296
   1525.5   0.12322
   1526.0   0.12309
   1526.4   0.12322
   1526.9   0.12339
   1527.3   0.12321
   1527.8   0.12316
   1528.2   0.12326
   1528.7   0.12315
   1529.1   0.12318
   1529.6   0.12338
   1530.0   0.12350
   1530.5   0.12354
   1530.9   0.12331
   1531.4   0.12333
   1531.8   0.12337
   1532.3   0.12332
   1532.7   0.12333
   1533.2   0.12344
   1533.6   0.12333
   1534.1   0.12335
   1534.5   0.12363
   1535.0   0.12385
   1535.4   0.12388
   1535.9   0.12371
   1536.4   0.12366
   1536.8   0.12355
   1537.3   0.12361
   1537.7   0.12395
   1538.2   0.12401
   1538.6   0.12386
   1539.1   0.12381
   1539.6   0.12382
   1540.0   0.12385
   1540.5   0.12376
   1540.9   0.12363
   1541.4   0.12376
   1541.8   0.12388
   1542.3   0.12389
   1542.8   0.12392
   1543.2   0.12404
   1543.7   0.12410
   1544.1   0.12403
   1544.6   0.12404
   1545.1   0.12405
   1545.5   0.12404
   1546.0   0.12406
   1546.4   0.12414
   1546.9   0.12410
   1547.4   0.12405
   1547.8   0.12411
   1548.3   0.12412
   1548.8   0.12413
   1549.2   0.12440
   1549.7   0.12472
   1550.1   0.12474
   1550.6   0.12450
   1551.1   0.12444
   1551.5   0.12469
   1552.0   0.12490
   1552.5   0.12491
   1552.9   0.12482
   1553.4   0.12472
   1553.8   0.12477
   1554.3   0.12465
   1554.8   0.12452
   1555.3   0.12450
   1555.7   0.12463
   1556.2   0.12480
   1556.7   0.12491
   1557.1   0.12491
   1557.6   0.12475
   1558.1   0.12469
   1558.5   0.12491
   1559.0   0.12504
   1559.5   0.12501
   1559.9   0.12511
   1560.4   0.12522
   1560.9   0.12527
   1561.3   0.12525
   1561.8   0.12524
   1562.3   0.12506
   1562.8   0.12492
   1563.2   0.12509
   1563.7   0.12527
   1564.2   0.12530
   1564.6   0.12529
   1565.1   0.12520
   1565.6   0.12530
   1566.1   0.12536
   1566.5   0.12539
   1567.0   0.12534
   1567.5   0.12529
   1567.9   0.12528
   1568.4   0.12534
   1568.9   0.12545
   1569.4   0.12551
   1569.8   0.12555
   1570.3   0.12554
   1570.8   0.12580
   1571.3   0.12568
   1571.8   0.12521
   1572.2   0.12530
   1572.7   0.12570
   1573.2   0.12586
   1573.7   0.12576
   1574.1   0.12580
   1574.6   0.12583
   1575.1   0.12596
   1575.6   0.12613
   1576.1   0.12601
   1576.5   0.12600
   1577.0   0.12616
   1577.5   0.12604
   1578.0   0.12602
   1578.4   0.12610
   1578.9   0.12629
   1579.4   0.12631
   1579.9   0.12620
   1580.4   0.12627
   1580.9   0.12626
   1581.3   0.12622
   1581.8   0.12636
   1582.3   0.12646
   1582.8   0.12638
   1583.3   0.12628
   1583.8   0.12635
   1584.2   0.12649
   1584.7   0.12654
   1585.2   0.12665
   1585.7   0.12667
   1586.2   0.12652
   1586.7   0.12648
   1587.2   0.12653
   1587.6   0.12652
   1588.1   0.12663
   1588.6   0.12670
   1589.1   0.12678
   1589.6   0.12686
   1590.1   0.12699
   1590.6   0.12693
   1591.1   0.12671
   1591.5   0.12664
   1592.0   0.12661
   1592.5   0.12673
   1593.0   0.12703
   1593.5   0.12711
   1594.0   0.12706
   1594.5   0.12709
   1595.0   0.12714
   1595.4   0.12706
   1595.9   0.12706
   1596.4   0.12712
   1596.9   0.12693
   1597.4   0.12692
   1597.9   0.12721
   1598.4   0.12716
   1598.9   0.12692
   1599.4   0.12702
   1599.9   0.12708
   1600.4   0.12700
   1600.9   0.12714
   1601.4   0.12736
   1601.9   0.12731
   1602.3   0.12720
   1602.8   0.12714
   1603.3   0.12720
   1603.8   0.12728
   1604.3   0.12725
   1604.8   0.12746
   1605.3   0.12746
   1605.8   0.12731
   1606.3   0.12726
   1606.8   0.12748
   1607.3   0.12759
   1607.8   0.12742
   1608.3   0.12728
   1608.8   0.12739
   1609.3   0.12755
   1609.8   0.12756
   1610.3   0.12759
   1610.8   0.12773
   1611.3   0.12776
   1611.8   0.12783
   1612.3   0.12776
   1612.8   0.12751
   1613.3   0.12744
   1613.8   0.12745
   1614.3   0.12752
   1614.8   0.12776
   1615.3   0.12784
   1615.8   0.12781
   1616.3   0.12775
   1616.8   0.12779
   1617.3   0.12797
   1617.8   0.12799
   1618.4   0.12777
   1618.9   0.12779
   1619.4   0.12806
   1619.9   0.12810
   1620.4   0.12801
   1620.9   0.12809
   1621.4   0.12823
   1621.9   0.12818
   1622.4   0.12812
   1622.9   0.12811
   1623.4   0.12804
   1623.9   0.12825
   1624.4   0.12839
   1624.9   0.12827
   1625.5   0.12817
   1626.0   0.12812
   1626.5   0.12823
   1627.0   0.12833
   1627.5   0.12826
   1628.0   0.12815
   1628.5   0.12806
   1629.0   0.12825
   1629.6   0.12844
   1630.1   0.12849
   1630.6   0.12847
   1631.1   0.12840
   1631.6   0.12821
   1632.1   0.12825
   1632.6   0.12854
   1633.1   0.12871
   1633.7   0.12854
   1634.2   0.12844
   1634.7   0.12842
   1635.2   0.12848
   1635.7   0.12852
   1636.2   0.12862
   1636.8   0.12864
   1637.3   0.12857
   1637.8   0.12859
   1638.3   0.12865
   1638.8   0.12868
   1639.3   0.12860
   1639.9   0.12856
   1640.4   0.12857
   1640.9   0.12860
   1641.4   0.12864
   1641.9   0.12868
   1642.5   0.12873
   1643.0   0.12874
   1643.5   0.12881
   1644.0   0.12888
   1644.5   0.12895
   1645.1   0.12906
   1645.6   0.12890
   1646.1   0.12880
   1646.6   0.12886
   1647.2   0.12897
   1647.7   0.12907
   1648.2   0.12900
   1648.7   0.12894
   1649.3   0.12891
   1649.8   0.12886
   1650.3   0.12892
   1650.8   0.12899
   1651.3   0.12899
   1651.9   0.12912
   1652.4   0.12931
   1652.9   0.12928
   1653.4   0.12914
   1654.0   0.12912
   1654.5   0.12910
   1655.0   0.12917
   1655.6   0.12913
   1656.1   0.12909
   1656.6   0.12920
   1657.2   0.12930
   1657.7   0.12936
   1658.2   0.12931
   1658.7   0.12929
   1659.3   0.12935
   1659.8   0.12930
   1660.3   0.12934
   1660.9   0.12934
   1661.4   0.12936
   1661.9   0.12944
   1662.5   0.12945
   1663.0   0.12934
   1663.5   0.12931
   1664.1   0.12936
   1664.6   0.12939
   1665.1   0.12948
   1665.7   0.12945
   1666.2   0.12944
   1666.7   0.12945
   1667.3   0.12953
   1667.8   0.12966
   1668.3   0.12962
   1668.9   0.12946
   1669.4   0.12933
   1670.0   0.12947
   1670.5   0.12951
   1671.0   0.12949
   1671.6   0.12957
   1672.1   0.12957
   1672.7   0.12967
   1673.2   0.12985
   1673.7   0.12964
   1674.3   0.12949
   1674.8   0.12962
   1675.4   0.12976
   1675.9   0.12981
   1676.4   0.12966
   1677.0   0.12961
   1677.5   0.12963
   1678.1   0.12969
   1678.6   0.12969
   1679.2   0.12976
   1679.7   0.12979
   1680.3   0.12978
   1680.8   0.12973
   1681.3   0.12982
   1681.9   0.12990
   1682.4   0.12987
   1683.0   0.12991
   1683.5   0.12993
   1684.1   0.12990
   1684.6   0.13000
   1685.2   0.13001
   1685.7   0.13005
   1686.3   0.13009
   1686.8   0.13006
   1687.3   0.13006
   1687.9   0.13000
   1688.4   0.12993
   1689.0   0.12998
   1689.6   0.12994
   1690.1   0.12998
   1690.7   0.12999
   1691.2   0.12986
   1691.8   0.12981
   1692.3   0.12990
   1692.9   0.13009
   1693.4   0.13017
   1694.0   0.13025
   1694.5   0.13013
   1695.1   0.13001
   1695.6   0.13008
   1696.2   0.13006
   1696.7   0.13004
   1697.3   0.13004
   1697.8   0.13019
   1698.4   0.13032
   1699.0   0.13026
   1699.5   0.13024
   1700.1   0.13035
   1700.6   0.13042
   1701.2   0.13048
   1701.8   0.13029
   1702.3   0.13017
   1702.9   0.13023
   1703.4   0.13024
   1704.0   0.13026
   1704.6   0.13028
   1705.1   0.13028
   1705.7   0.13032
   1706.2   0.13028
   1706.8   0.13035
   1707.4   0.13035
   1707.9   0.13034
   1708.5   0.13034
   1709.1   0.13034
   1709.6   0.13047
   1710.2   0.13061
   1710.7   0.13055
   1711.3   0.13048
   1711.9   0.13047
   1712.4   0.13056
   1713.0   0.13059
   1713.6   0.13060
   1714.1   0.13056
   1714.7   0.13043
   1715.3   0.13042
   1715.8   0.13049
   1716.4   0.13061
   1717.0   0.13066
   1717.5   0.13072
   1718.1   0.13074
   1718.7   0.13073
   1719.3   0.13077
   1719.8   0.13072
   1720.4   0.13056
   1721.0   0.13063
   1721.5   0.13070
   1722.1   0.13067
   1722.7   0.13072
   1723.3   0.13068
   1723.8   0.13066
   1724.4   0.13070
   1725.0   0.13073
   1725.5   0.13072
   1726.1   0.13076
   1726.7   0.13078
   1727.3   0.13088
   1727.8   0.13094
   1728.4   0.13089
   1729.0   0.13089
   1729.6   0.13085
   1730.2   0.13086
   1730.7   0.13080
   1731.3   0.13074
   1731.9   0.13074
   1732.5   0.13083
   1733.0   0.13097
   1733.6   0.13092
   1734.2   0.13089
   1734.8   0.13084
   1735.4   0.13096
   1735.9   0.13093
   1736.5   0.13089
   1737.1   0.13100
   1737.7   0.13104
   1738.3   0.13105
   1738.8   0.13111
   1739.4   0.13105
   1740.0   0.13094
   1740.6   0.13099
   1741.2   0.13111
   1741.8   0.13111
   1742.4   0.13108
   1742.9   0.13104
   1743.5   0.13094
   1744.1   0.13100
   1744.7   0.13103
   1745.3   0.13098
   1745.9   0.13100
   1746.5   0.13101
   1747.1   0.13105
   1747.6   0.13111
   1748.2   0.13125
   1748.8   0.13127
   1749.4   0.13120
   1750.0   0.13120
   1750.6   0.13122
   1751.2   0.13112
   1751.8   0.13112
   1752.4   0.13118
   1753.0   0.13123
   1753.6   0.13122
   1754.2   0.13123
   1754.7   0.13123
   1755.3   0.13125
   1755.9   0.13117
   1756.5   0.13117
   1757.1   0.13121
   1757.7   0.13118
   1758.3   0.13121
   1758.9   0.13122
   1759.5   0.13125
   1760.1   0.13125
   1760.7   0.13122
   1761.3   0.13123
   1761.9   0.13121
   1762.5   0.13113
   1763.1   0.13108
   1763.7   0.13121
   1764.3   0.13132
   1764.9   0.13136
   1765.5   0.13135
   1766.1   0.13138
   1766.7   0.13140
   1767.3   0.13148
   1767.9   0.13146
   1768.5   0.13134
   1769.1   0.13124
   1769.7   0.13125
   1770.3   0.13125
   1770.9   0.13125
   1771.5   0.13136
   1772.1   0.13147
   1772.7   0.13145
   1773.3   0.13137
   1773.9   0.13142
   1774.6   0.13148
   1775.2   0.13146
   1775.8   0.13149
   1776.4   0.13154
   1777.0   0.13158
   1777.6   0.13157
   1778.2   0.13155
   1778.8   0.13150
   1779.4   0.13153
   1780.0   0.13155
   1780.7   0.13151
   1781.3   0.13152
   1781.9   0.13156
   1782.5   0.13155
   1783.1   0.13161
   1783.7   0.13155
   1784.3   0.13150
   1784.9   0.13157
   1785.6   0.13162
   1786.2   0.13160
   1786.8   0.13155
   1787.4   0.13158
   1788.0   0.13162
   1788.6   0.13161
   1789.3   0.13166
   1789.9   0.13167
   1790.5   0.13166
   1791.1   0.13170
   1791.7   0.13166
   1792.3   0.13165
   1793.0   0.13177
   1793.6   0.13186
   1794.2   0.13182
   1794.8   0.13174
   1795.4   0.13174
   1796.1   0.13174
   1796.7   0.13173
   1797.3   0.13173
   1797.9   0.13172
   1798.6   0.13168
   1799.2   0.13173
   1799.8   0.13186
   1800.4   0.13188
   1801.1   0.13181
   1801.7   0.13180
   1802.3   0.13181
   1802.9   0.13182
   1803.6   0.13185
   1804.2   0.13189
   1804.8   0.13182
   1805.5   0.13182
   1806.1   0.13188
   1806.7   0.13190
   1807.3   0.13194
   1808.0   0.13202
   1808.6   0.13201
   1809.2   0.13198
   1809.9   0.13194
   1810.5   0.13196
   1811.1   0.13193
   1811.8   0.13195
   1812.4   0.13193
   1813.0   0.13193
   1813.7   0.13191
   1814.3   0.13187
   1814.9   0.13189
   1815.6   0.13195
   1816.2   0.13198
   1816.8   0.13203
   1817.5   0.13213
   1818.1   0.13204
   1818.8   0.13183
   1819.4   0.13188
   1820.0   0.13199
   1820.7   0.13198
   1821.3   0.13205
   1821.9   0.13216
   1822.6   0.13212
   1823.2   0.13210
   1823.9   0.13203
   1824.5   0.13200
   1825.2   0.13200
   1825.8   0.13200
   1826.4   0.13210
   1827.1   0.13219
   1827.7   0.13221
   1828.4   0.13222
   1829.0   0.13216
   1829.7   0.13207
   1830.3   0.13205
   1831.0   0.13215
   1831.6   0.13212
   1832.3   0.13210
   1832.9   0.13216
   1833.6   0.13217
   1834.2   0.13212
   1834.8   0.13216
   1835.5   0.13224
   1836.2   0.13222
   1836.8   0.13228
   1837.4   0.13224
   1838.1   0.13222
   1838.8   0.13233
   1839.4   0.13232
   1840.1   0.13228
   1840.7   0.13226
   1841.4   0.13229
   1842.0   0.13239
   1842.7   0.13236
   1843.3   0.13227
   1844.0   0.13232
   1844.6   0.13233
   1845.3   0.13223
   1845.9   0.13224
   1846.6   0.13233
   1847.3   0.13234
   1847.9   0.13236
   1848.6   0.13241
   1849.2   0.13245
   1849.9   0.13242
   1850.6   0.13239
   1851.2   0.13229
   1851.9   0.13224
   1852.6   0.13228
   1853.2   0.13236
   1853.9   0.13246
   1854.5   0.13249
   1855.2   0.13257
   1855.9   0.13256
   1856.5   0.13249
   1857.2   0.13246
   1857.9   0.13245
   1858.5   0.13242
   1859.2   0.13242
   1859.9   0.13248
   1860.5   0.13242
   1861.2   0.13241
   1861.9   0.13253
   1862.5   0.13250
   1863.2   0.13248
   1863.9   0.13254
   1864.5   0.13258
   1865.2   0.13248
   1865.9   0.13245
   1866.6   0.13255
   1867.2   0.13257
   1867.9   0.13261
   1868.6   0.13260
   1869.3   0.13260
   1869.9   0.13262
   1870.6   0.13263
   1871.3   0.13264
   1871.9   0.13257
   1872.6   0.13248
   1873.3   0.13247
   1874.0   0.13252
   1874.7   0.13254
   1875.3   0.13248
   1876.0   0.13257
   1876.7   0.13268
   1877.4   0.13265
   1878.1   0.13260
   1878.7   0.13265
   1879.4   0.13273
   1880.1   0.13272
   1880.8   0.13271
   1881.5   0.13281
   1882.1   0.13282
   1882.8   0.13278
   1883.5   0.13265
   1884.2   0.13258
   1884.9   0.13263
   1885.6   0.13274
   1886.3   0.13278
   1886.9   0.13278
   1887.6   0.13280
   1888.3   0.13286
   1889.0   0.13292
   1889.7   0.13288
   1890.4   0.13279
   1891.1   0.13286
   1891.8   0.13289
   1892.4   0.13284
   1893.1   0.13289
   1893.8   0.13290
   1894.5   0.13289
   1895.2   0.13293
   1895.9   0.13290
   1896.6   0.13287
   1897.3   0.13289
   1898.0   0.13293
   1898.7   0.13299
   1899.4   0.13305
   1900.1   0.13303
   1900.8   0.13303
   1901.5   0.13307
   1902.2   0.13301
   1902.9   0.13299
   1903.6   0.13305
   1904.3   0.13300
   1905.0   0.13299
   1905.7   0.13305
   1906.4   0.13309
   1907.1   0.13310
   1907.8   0.13313
   1908.5   0.13316
   1909.2   0.13314
   1909.9   0.13311
   1910.6   0.13315
   1911.3   0.13324
   1912.0   0.13321
   1912.7   0.13322
   1913.4   0.13329
   1914.1   0.13328
   1914.8   0.13330
   1915.5   0.13323
   1916.2   0.13316
   1916.9   0.13318
   1917.6   0.13324
   1918.3   0.13328
   1919.1   0.13334
   1919.8   0.13339
   1920.5   0.13339
   1921.2   0.13335
   1921.9   0.13340
   1922.6   0.13336
   1923.3   0.13332
   1924.1   0.13333
   1924.8   0.13335
   1925.5   0.13339
   1926.2   0.13337
   1926.9   0.13337
   1927.6   0.13343
   1928.3   0.13347
   1929.1   0.13343
   1929.8   0.13340
   1930.5   0.13342
   1931.2   0.13347
   1931.9   0.13349
   1932.7   0.13347
   1933.4   0.13349
   1934.1   0.13357
   1934.8   0.13354
   1935.5   0.13354
   1936.3   0.13356
   1937.0   0.13354
   1937.7   0.13357
   1938.4   0.13361
   1939.2   0.13357
   1939.9   0.13358
   1940.6   0.13365
   1941.3   0.13365
   1942.1   0.13359
   1942.8   0.13361
   1943.5   0.13367
   1944.3   0.13368
   1945.0   0.13368
   1945.7   0.13373
   1946.4   0.13372
   1947.2   0.13367
   1947.9   0.13369
   1948.6   0.13373
   1949.4   0.13375
   1950.1   0.13377
   1950.8   0.13375
   1951.6   0.13377
   1952.3   0.13381
   1953.0   0.13382
   1953.8   0.13378
   1954.5   0.13376
   1955.3   0.13388
   1956.0   0.13393
   1956.7   0.13386
   1957.5   0.13384
   1958.2   0.13388
   1958.9   0.13384
   1959.7   0.13384
   1960.4   0.13388
   1961.2   0.13393
   1961.9   0.13398
   1962.7   0.13399
   1963.4   0.13400
   1964.1   0.13406
   1964.9   0.13407
   1965.6   0.13396
   1966.4   0.13398
   1967.1   0.13405
   1967.9   0.13405
   1968.6   0.13407
   1969.4   0.13407
   1970.1   0.13405
   1970.8   0.13405
   1971.6   0.13415
   1972.3   0.13424
   1973.1   0.13420
   1973.8   0.13413
   1974.6   0.13422
   1975.4   0.13434
   1976.1   0.13433
   1976.9   0.13421
   1977.6   0.13419
   1978.4   0.13425
   1979.1   0.13426
   1979.9   0.13429
   1980.6   0.13434
   1981.4   0.13434
   1982.2   0.13441
   1982.9   0.13440
   1983.7   0.13438
   1984.4   0.13442
   1985.2   0.13450
   1985.9   0.13454
   1986.7   0.13449
   1987.5   0.13445
   1988.2   0.13449
   1989.0   0.13452
   1989.8   0.13453
   1990.5   0.13455
   1991.3   0.13453
   1992.1   0.13455
   1992.8   0.13460
   1993.6   0.13464
   1994.3   0.13472
   1995.1   0.13468
   1995.9   0.13465
   1996.7   0.13469
   1997.4   0.13469
   1998.2   0.13467
   1999.0   0.13464
   1999.7   0.13464
   2000.5   0.13475
   2001.3   0.13481
   2002.1   0.13478
   2002.8   0.13479
   2003.6   0.13476
   2004.4   0.13479
   2005.2   0.13490
   2005.9   0.13494
   2006.7   0.13489
   2007.5   0.13488
   2008.3   0.13492
   2009.0   0.13496
   2009.8   0.13495
   2010.6   0.13497
   2011.4   0.13499
   2012.2   0.13498
   2012.9   0.13503
   2013.7   0.13511
   2014.5   0.13516
   2015.3   0.13508
   2016.1   0.13509
   2016.8   0.13514
   2017.6   0.13515
   2018.4   0.13513
   2019.2   0.13516
   2020.0   0.13522
   2020.8   0.13522
   2021.6   0.13520
   2022.4   0.13521
   2023.2   0.13520
   2023.9   0.13526
   2024.7   0.13532
   2025.5   0.13532
   2026.3   0.13539
   2027.1   0.13542
   2027.9   0.13545
   2028.7   0.13550
   2029.5   0.13552
   2030.3   0.13553
   2031.1   0.13549
   2031.9   0.13551
   2032.7   0.13551
   2033.5   0.13556
   2034.3   0.13563
   2035.1   0.13568
   2035.9   0.13566
   2036.7   0.13565
   2037.5   0.13566
   2038.3   0.13570
   2039.1   0.13572
   2039.9   0.13570
   2040.7   0.13570
   2041.5   0.13574
   2042.3   0.13575
   2043.1   0.13574
   2043.9   0.13579
   2044.7   0.13586
   2045.5   0.13588
   2046.3   0.13590
   2047.1   0.13592
   2047.9   0.13589
   2048.7   0.13584
   2049.5   0.13588
   2050.4   0.13600
   2051.2   0.13606
   2052.0   0.13601
   2052.8   0.13598
   2053.6   0.13603
   2054.4   0.13611
   2055.2   0.13610
   2056.0   0.13605
   2056.9   0.13608
   2057.7   0.13621
   2058.5   0.13629
   2059.3   0.13626
   2060.1   0.13622
   2060.9   0.13630
   2061.8   0.13638
   2062.6   0.13635
   2063.4   0.13638
   2064.2   0.13642
   2065.1   0.13645
   2065.9   0.13651
   2066.7   0.13646
   2067.5   0.13638
   2068.3   0.13644
   2069.2   0.13652
   2070.0   0.13653
   2070.8   0.13654
   2071.6   0.13656
   2072.5   0.13657
   2073.3   0.13665
   2074.1   0.13673
   2075.0   0.13678
   2075.8   0.13676
   2076.6   0.13673
   2077.5   0.13673
   2078.3   0.13684
   2079.1   0.13690
   2080.0   0.13688
   2080.8   0.13690
   2081.6   0.13695
   2082.5   0.13698
   2083.3   0.13696
   2084.1   0.13696
   2085.0   0.13697
   2085.8   0.13700
   2086.7   0.13699
   2087.5   0.13697
   2088.3   0.13704
   2089.2   0.13712
   2090.0   0.13711
   2090.9   0.13711
   2091.7   0.13720
   2092.6   0.13723
   2093.4   0.13727
   2094.2   0.13737
   2095.1   0.13737
   2095.9   0.13734
   2096.8   0.13733
   2097.6   0.13735
   2098.5   0.13739
   2099.3   0.13745
   2100.2   0.13747
   2101.0   0.13750
   2101.9   0.13754
   2102.7   0.13760
   2103.6   0.13758
   2104.4   0.13754
   2105.3   0.13761
   2106.1   0.13770
   2107.0   0.13770
   2107.9   0.13774
   2108.7   0.13779
   2109.6   0.13778
   2110.4   0.13781
   2111.3   0.13785
   2112.2   0.13785
   2113.0   0.13783
   2113.9   0.13786
   2114.7   0.13792
   2115.6   0.13799
   2116.5   0.13808
   2117.3   0.13807
   2118.2   0.13801
   2119.1   0.13803
   2119.9   0.13806
   2120.8   0.13810
   2121.7   0.13819
   2122.5   0.13822
   2123.4   0.13826
   2124.3   0.13831
   2125.1   0.13832
   2126.0   0.13832
   2126.9   0.13841
   2127.8   0.13845
   2128.6   0.13842
   2129.5   0.13844
   2130.4   0.13851
   2131.3   0.13854
   2132.1   0.13857
   2133.0   0.13863
   2133.9   0.13864
   2134.8   0.13863
   2135.6   0.13864
   2136.5   0.13867
   2137.4   0.13868
   2138.3   0.13877
   2139.2   0.13887
   2140.1   0.13889
   2140.9   0.13895
   2141.8   0.13897
   2142.7   0.13899
   2143.6   0.13900
   2144.5   0.13899
   2145.4   0.13901
   2146.3   0.13909
   2147.1   0.13915
   2148.0   0.13920
   2148.9   0.13925
   2149.8   0.13930
   2150.7   0.13932
   2151.6   0.13931
   2152.5   0.13930
   2153.4   0.13935
   2154.3   0.13942
   2155.2   0.13946
   2156.1   0.13949
   2157.0   0.13953
   2157.9   0.13957
   2158.8   0.13958
   2159.7   0.13954
   2160.6   0.13954
   2161.5   0.13963
   2162.4   0.13972
   2163.3   0.13974
   2164.2   0.13974
   2165.1   0.13976
   2166.0   0.13982
   2166.9   0.13988
   2167.8   0.13995
   2168.7   0.13994
   2169.6   0.13994
   2170.5   0.13999
   2171.4   0.14008
   2172.3   0.14008
   2173.3   0.14007
   2174.2   0.14014
   2175.1   0.14020
   2176.0   0.14022
   2176.9   0.14026
   2177.8   0.14031
   2178.7   0.14031
   2179.6   0.14029
   2180.6   0.14035
   2181.5   0.14046
   2182.4   0.14054
   2183.3   0.14057
   2184.2   0.14054
   2185.1   0.14056
   2186.1   0.14062
   2187.0   0.14069
   2187.9   0.14069
   2188.8   0.14068
   2189.8   0.14073
   2190.7   0.14076
   2191.6   0.14079
   2192.6   0.14087
   2193.5   0.14088
   2194.4   0.14087
   2195.3   0.14090
   2196.3   0.14096
   2197.2   0.14099
   2198.1   0.14108
   2199.1   0.14117
   2200.0   0.14122
   2200.9   0.14121
   2201.9   0.14123
   2202.8   0.14127
   2203.7   0.14130
   2204.7   0.14130
   2205.6   0.14135
   2206.5   0.14141
   2207.5   0.14148
   2208.4   0.14157
   2209.4   0.14163
   2210.3   0.14159
   2211.3   0.14158
   2212.2   0.14168
   2213.1   0.14170
   2214.1   0.14176
   2215.0   0.14182
   2216.0   0.14187
   2216.9   0.14190
   2217.9   0.14189
   2218.8   0.14196
   2219.8   0.14205
   2220.7   0.14208
   2221.7   0.14210
   2222.6   0.14213
   2223.6   0.14216
   2224.5   0.14222
   2225.5   0.14229
   2226.4   0.14231
   2227.4   0.14240
   2228.4   0.14244
   2229.3   0.14247
   2230.3   0.14253
   2231.2   0.14254
   2232.2   0.14258
   2233.1   0.14263
   2234.1   0.14270
   2235.1   0.14277
   2236.0   0.14281
   2237.0   0.14285
   2238.0   0.14288
   2238.9   0.14290
   2239.9   0.14295
   2240.9   0.14304
   2241.8   0.14307
   2242.8   0.14309
   2243.8   0.14315
   2244.8   0.14321
   2245.7   0.14325
   2246.7   0.14327
   2247.7   0.14332
   2248.6   0.14339
   2249.6   0.14344
   2250.6   0.14351
   2251.6   0.14358
   2252.6   0.14363
   2253.5   0.14365
   2254.5   0.14369
   2255.5   0.14376
   2256.5   0.14378
   2257.5   0.14380
   2258.4   0.14382
   2259.4   0.14387
   2260.4   0.14396
   2261.4   0.14405
   2262.4   0.14413
   2263.4   0.14418
   2264.4   0.14423
   2265.4   0.14430
   2266.3   0.14432
   2267.3   0.14432
   2268.3   0.14439
   2269.3   0.14449
   2270.3   0.14458
   2271.3   0.14464
   2272.3   0.14469
   2273.3   0.14472
   2274.3   0.14472
   2275.3   0.14473
   2276.3   0.14484
   2277.3   0.14492
   2278.3   0.14494
   2279.3   0.14498
   2280.3   0.14502
   2281.3   0.14506
   2282.3   0.14512
   2283.3   0.14516
   2284.3   0.14525
   2285.3   0.14532
   2286.3   0.14535
   2287.3   0.14537
   2288.4   0.14544
   2289.4   0.14549
   2290.4   0.14555
   2291.4   0.14562
   2292.4   0.14570
   2293.4   0.14576
   2294.4   0.14577
   2295.4   0.14581
   2296.5   0.14588
   2297.5   0.14594
   2298.5   0.14600
   2299.5   0.14609
   2300.5   0.14613
   2301.6   0.14613
   2302.6   0.14620
   2303.6   0.14632
   2304.6   0.14639
   2305.6   0.14643
   2306.7   0.14648
   2307.7   0.14655
   2308.7   0.14662
   2309.8   0.14664
   2310.8   0.14669
   2311.8   0.14676
   2312.9   0.14681
   2313.9   0.14687
   2314.9   0.14691
   2315.9   0.14698
   2317.0   0.14705
   2318.0   0.14712
   2319.1   0.14720
   2320.1   0.14720
   2321.1   0.14723
   2322.2   0.14733
   2323.2   0.14743
   2324.3   0.14752
   2325.3   0.14757
   2326.3   0.14760
   2327.4   0.14764
   2328.4   0.14771
   2329.5   0.14780
   2330.5   0.14789
   2331.6   0.14796
   2332.6   0.14801
   2333.7   0.14807
   2334.7   0.14810
   2335.8   0.14818
   2336.8   0.14826
   2337.9   0.14832
   2338.9   0.14839
   2340.0   0.14847
   2341.0   0.14851
   2342.1   0.14853
   2343.2   0.14860
   2344.2   0.14866
   2345.3   0.14872
   2346.3   0.14879
   2347.4   0.14884
   2348.5   0.14892
   2349.5   0.14897
   2350.6   0.14900
   2351.7   0.14910
   2352.7   0.14916
   2353.8   0.14922
   2354.9   0.14930
   2355.9   0.14934
   2357.0   0.14937
   2358.1   0.14944
   2359.1   0.14953
   2360.2   0.14960
   2361.3   0.14967
   2362.4   0.14973
   2363.4   0.14977
   2364.5   0.14986
   2365.6   0.14993
   2366.7   0.14998
   2367.8   0.15007
   2368.9   0.15011
   2369.9   0.15021
   2371.0   0.15033
   2372.1   0.15036
   2373.2   0.15039
   2374.3   0.15047
   2375.4   0.15056
   2376.4   0.15064
   2377.5   0.15066
   2378.6   0.15070
   2379.7   0.15077
   2380.8   0.15083
   2381.9   0.15092
   2383.0   0.15104
   2384.1   0.15110
   2385.2   0.15112
   2386.3   0.15119
   2387.4   0.15127
   2388.5   0.15135
   2389.6   0.15144
   2390.7   0.15151
   2391.8   0.15155
   2392.9   0.15161
   2394.0   0.15167
   2395.1   0.15175
   2396.2   0.15184
   2397.3   0.15189
   2398.4   0.15194
   2399.6   0.15200
   2400.7   0.15211
   2401.8   0.15222
   2402.9   0.15226
   2404.0   0.15228
   2405.1   0.15234
   2406.2   0.15242
   2407.4   0.15251
   2408.5   0.15261
   2409.6   0.15271
   2410.7   0.15277
   2411.8   0.15281
   2412.9   0.15288
   2414.1   0.15294
   2415.2   0.15304
   2416.3   0.15313
   2417.4   0.15317
   2418.6   0.15325
   2419.7   0.15335
   2420.8   0.15344
   2422.0   0.15351
   2423.1   0.15353
   2424.2   0.15360
   2425.4   0.15371
   2426.5   0.15383
   2427.6   0.15394
   2428.8   0.15402
   2429.9   0.15409
   2431.1   0.15413
   2432.2   0.15419
   2433.3   0.15431
   2434.5   0.15440
   2435.6   0.15444
   2436.8   0.15446
   2437.9   0.15454
   2439.1   0.15465
   2440.2   0.15472
   2441.4   0.15481
   2442.5   0.15488
   2443.6   0.15498
   2444.8   0.15508
   2446.0   0.15516
   2447.1   0.15523
   2448.3   0.15532
   2449.4   0.15535
   2450.6   0.15542
   2451.7   0.15557
   2452.9   0.15565
   2454.1   0.15567
   2455.2   0.15576
   2456.4   0.15587
   2457.6   0.15595
   2458.7   0.15599
   2459.9   0.15606
   2461.1   0.15612
   2462.2   0.15618
   2463.4   0.15632
   2464.6   0.15640
   2465.7   0.15651
   2466.9   0.15660
   2468.1   0.15662
   2469.3   0.15665
   2470.4   0.15676
   2471.6   0.15693
   2472.8   0.15702
   2474.0   0.15705
   2475.1   0.15713
   2476.3   0.15720
   2477.5   0.15727
   2478.7   0.15737
   2479.9   0.15746
   2481.1   0.15754
   2482.3   0.15759
   2483.4   0.15765
   2484.6   0.15777
   2485.8   0.15786
   2487.0   0.15794
   2488.2   0.15804
   2489.4   0.15808
   2490.6   0.15812
   2491.8   0.15820
   2493.0   0.15831
   2494.2   0.15841
   2495.4   0.15848
   2496.6   0.15855
   2497.8   0.15862
   2499.0   0.15870
   2500.2   0.15882
   2501.4   0.15893
   2502.6   0.15902
   2503.8   0.15905
   2505.0   0.15912
   2506.3   0.15920
   2507.5   0.15927
   2508.7   0.15936
   2509.9   0.15945
   2511.1   0.15951
   2512.3   0.15960
   2513.5   0.15968
   2514.8   0.15976
   2516.0   0.15985
   2517.2   0.15995
   2518.4   0.16003
   2519.6   0.16008
   2520.9   0.16013
   2522.1   0.16023
   2523.3   0.16030
   2524.6   0.16039
   2525.8   0.16049
   2527.0   0.16054
   2528.3   0.16061
   2529.5   0.16072
   2530.7   0.16083
   2531.9   0.16090
   2533.2   0.16094
   2534.4   0.16102
   2535.7   0.16114
   2536.9   0.16127
   2538.1   0.16136
   2539.4   0.16143
   2540.6   0.16150
   2541.9   0.16153
   2543.1   0.16157
   2544.4   0.16167
   2545.6   0.16177
   2546.9   0.16185
   2548.1   0.16193
   2549.4   0.16199
   2550.6   0.16205
   2551.9   0.16216
   2553.1   0.16225
   2554.4   0.16234
   2555.7   0.16242
   2556.9   0.16249
   2558.2   0.16255
   2559.4   0.16266
   2560.7   0.16279
   2562.0   0.16289
   2563.2   0.16295
   2564.5   0.16302
   2565.8   0.16309
   2567.1   0.16315
   2568.3   0.16321
   2569.6   0.16331
   2570.9   0.16341
   2572.1   0.16345
   2573.4   0.16356
   2574.7   0.16364
   2576.0   0.16368
   2577.3   0.16377
   2578.5   0.16382
   2579.8   0.16386
   2581.1   0.16397
   2582.4   0.16405
   2583.7   0.16416
   2585.0   0.16425
   2586.3   0.16428
   2587.5   0.16438
   2588.8   0.16446
   2590.1   0.16451
   2591.4   0.16457
   2592.7   0.16468
   2594.0   0.16483
   2595.3   0.16499
   2596.6   0.16499
   2597.9   0.16497
   2599.2   0.16501
   2600.5   0.16509
   2601.8   0.16519
   2603.1   0.16527
   2604.4   0.16537
   2605.8   0.16549
   2607.1   0.16558
   2608.4   0.16560
   2609.7   0.16566
   2611.0   0.16569
   2612.3   0.16575
   2613.6   0.16588
   2614.9   0.16594
   2616.3   0.16604
   2617.6   0.16614
   2618.9   0.16618
   2620.2   0.16633
   2621.6   0.16640
   2622.9   0.16637
   2624.2   0.16643
   2625.5   0.16653
   2626.9   0.16666
   2628.2   0.16671
   2629.5   0.16675
   2630.9   0.16686
   2632.2   0.16694
   2633.5   0.16702
   2634.9   0.16708
   2636.2   0.16712
   2637.6   0.16719
   2638.9   0.16723
   2640.2   0.16730
   2641.6   0.16738
   2642.9   0.16745
   2644.3   0.16753
   2645.6   0.16762
   2647.0   0.16768
   2648.3   0.16769
   2649.7   0.16776
   2651.0   0.16783
   2652.4   0.16793
   2653.8   0.16801
   2655.1   0.16808
   2656.5   0.16815
   2657.8   0.16816
   2659.2   0.16822
   2660.6   0.16829
   2661.9   0.16831
   2663.3   0.16836
   2664.7   0.16853
   2666.0   0.16863
   2667.4   0.16863
   2668.8   0.16856
   2670.1   0.16860
   2671.5   0.16865
   2672.9   0.16856
   2674.3   0.16858
   2675.7   0.16865
   2677.0   0.16875
   2678.4   0.16881
   2679.8   0.16885
   2681.2   0.16886
   2682.6   0.16894
   2684.0   0.16903
   2685.4   0.16907
   2686.8   0.16913
   2688.1   0.16914
   2689.5   0.16920
   2690.9   0.16929
   2692.3   0.16936
   2693.7   0.16945
   2695.1   0.16948
   2696.5   0.16945
   2697.9   0.16945
   2699.3   0.16945
   2700.8   0.16950
   2702.1   0.16952
   2703.6   0.16948
   2705.0   0.16948
   2706.4   0.16948
   2707.8   0.16947
   2709.2   0.16948
   2710.6   0.16950
   2712.1   0.16950
   2713.5   0.16937
   2714.9   0.16929
   2716.3   0.16928
   2717.7   0.16933
   2719.2   0.16939
   2720.6   0.16942
   2722.0   0.16927
   2723.4   0.16917
   2724.9   0.16913
   2726.3   0.16902
   2727.7   0.16892
   2729.2   0.16883
   2730.6   0.16878
   2732.1   0.16872
   2733.5   0.16862
   2734.9   0.16858
   2736.4   0.16850
   2737.8   0.16839
   2739.3   0.16836
   2740.7   0.16832
   2742.2   0.16818
   2743.6   0.16799
   2745.1   0.16787
   2746.5   0.16780
   2748.0   0.16770
   2749.4   0.16758
   2750.9   0.16747
   2752.4   0.16737
   2753.8   0.16724
   2755.3   0.16717
   2756.7   0.16709
   2758.2   0.16691
   2759.7   0.16676
   2761.1   0.16664
   2762.6   0.16651
   2764.1   0.16638
   2765.6   0.16624
   2767.0   0.16614
   2768.5   0.16603
   2770.0   0.16586
   2771.5   0.16572
   2773.0   0.16561
   2774.4   0.16549
   2775.9   0.16539
   2777.4   0.16526
   2778.9   0.16516
   2780.4   0.16506
   2781.9   0.16492
   2783.4   0.16482
   2784.9   0.16473
   2786.4   0.16465
   2787.9   0.16456
   2789.4   0.16445
   2790.9   0.16434
   2792.4   0.16426
   2793.9   0.16421
   2795.4   0.16410
   2796.9   0.16402
   2798.4   0.16397
   2799.9   0.16391
   2801.4   0.16385
   2802.9   0.16383
   2804.4   0.16378
   2806.0   0.16372
   2807.5   0.16368
   2809.0   0.16365
   2810.5   0.16362
   2812.1   0.16358
   2813.6   0.16353
   2815.1   0.16349
   2816.6   0.16348
   2818.2   0.16350
   2819.7   0.16349
   2821.2   0.16347
   2822.8   0.16346
   2824.3   0.16345
   2825.9   0.16343
   2827.4   0.16344
   2828.9   0.16343
   2830.5   0.16345
   2832.0   0.16347
   2833.6   0.16349
   2835.1   0.16352
   2836.7   0.16355
   2838.2   0.16356
   2839.8   0.16357
   2841.3   0.16357
   2842.9   0.16360
   2844.4   0.16364
   2846.0   0.16366
   2847.6   0.16368
   2849.1   0.16374
   2850.7   0.16377
   2852.3   0.16377
   2853.8   0.16382
   2855.4   0.16387
   2857.0   0.16389
   2858.6   0.16392
   2860.1   0.16395
   2861.7   0.16396
   2863.3   0.16400
   2864.9   0.16405
   2866.5   0.16411
   2868.1   0.16416
   2869.6   0.16418
   2871.2   0.16422
   2872.8   0.16425
   2874.4   0.16428
   2876.0   0.16432
   2877.6   0.16436
   2879.2   0.16442
   2880.8   0.16446
   2882.4   0.16446
   2884.0   0.16451
   2885.6   0.16460
   2887.2   0.16465
   2888.8   0.16468
   2890.4   0.16471
   2892.0   0.16476
   2893.6   0.16482
   2895.3   0.16488
   2896.9   0.16492
   2898.5   0.16496
   2900.1   0.16499
   2901.8   0.16502
   2903.4   0.16507
   2905.0   0.16511
   2906.6   0.16516
   2908.3   0.16520
   2909.9   0.16525
   2911.5   0.16531
   2913.2   0.16535
   2914.8   0.16539
   2916.4   0.16543
   2918.1   0.16547
   2919.7   0.16553
   2921.4   0.16557
   2923.0   0.16563
   2924.7   0.16568
   2926.3   0.16572
   2928.0   0.16576
   2929.6   0.16580
   2931.3   0.16584
   2932.9   0.16590
   2934.6   0.16596
   2936.3   0.16601
   2937.9   0.16607
   2939.6   0.16612
   2941.3   0.16614
   2942.9   0.16619
   2944.6   0.16625
   2946.3   0.16632
   2947.9   0.16638
   2949.6   0.16644
   2951.3   0.16649
   2953.0   0.16655
   2954.7   0.16661
   2956.3   0.16667
   2958.0   0.16670
   2959.7   0.16673
   2961.4   0.16683
   2963.1   0.16690
   2964.8   0.16694
   2966.5   0.16697
   2968.2   0.16704
   2969.9   0.16712
   2971.6   0.16719
   2973.3   0.16726
   2975.0   0.16732
   2976.7   0.16736
   2978.4   0.16742
   2980.1   0.16750
   2981.9   0.16758
   2983.6   0.16765
   2985.3   0.16771
   2987.0   0.16777
   2988.7   0.16783
   2990.4   0.16791
   2992.2   0.16798
   2993.9   0.16804
   2995.6   0.16811
   2997.4   0.16820
   2999.1   0.16826
   3000.8   0.16833
   3002.6   0.16840
   3004.3   0.16846
   3006.1   0.16857
   3007.8   0.16863
   3009.5   0.16867
   3011.3   0.16873
   3013.0   0.16882
   3014.8   0.16889
   3016.5   0.16896
   3018.3   0.16902
   3020.1   0.16908
   3021.8   0.16913
   3023.6   0.16918
   3025.3   0.16925
   3027.1   0.16935
   3028.9   0.16943
   3030.6   0.16951
   3032.4   0.16959
   3034.2   0.16965
   3036.0   0.16970
   3037.7   0.16977
   3039.5   0.16986
   3041.3   0.16993
   3043.1   0.16998
   3044.9   0.17000
   3046.7   0.17006
   3048.5   0.17015
   3050.3   0.17019
   3052.1   0.17021
   3053.8   0.17025
   3055.6   0.17032
   3057.4   0.17038
   3059.3   0.17043
   3061.1   0.17048
   3062.9   0.17052
   3064.7   0.17057
   3066.5   0.17062
   3068.3   0.17066
   3070.1   0.17074
   3071.9   0.17081
   3073.8   0.17083
   3075.6   0.17086
   3077.4   0.17092
   3079.2   0.17097
   3081.1   0.17101
   3082.9   0.17108
   3084.7   0.17116
   3086.6   0.17121
   3088.4   0.17127
   3090.2   0.17134
   3092.1   0.17135
   3093.9   0.17140
   3095.8   0.17150
   3097.6   0.17157
   3099.5   0.17164
   3101.3   0.17172
   3103.2   0.17178
   3105.1   0.17185
   3106.9   0.17190
   3108.8   0.17193
   3110.6   0.17200
   3112.5   0.17207
   3114.4   0.17217
   3116.2   0.17225
   3118.1   0.17232
   3120.0   0.17238
   3121.9   0.17243
   3123.8   0.17251
   3125.6   0.17257
   3127.5   0.17264
   3129.4   0.17272
   3131.3   0.17277
   3133.2   0.17283
   3135.1   0.17293
   3137.0   0.17299
   3138.9   0.17306
   3140.8   0.17313
   3142.7   0.17318
   3144.6   0.17325
   3146.5   0.17333
   3148.4   0.17342
   3150.3   0.17350
   3152.2   0.17356
   3154.1   0.17363
   3156.1   0.17370
   3158.0   0.17376
   3159.9   0.17384
   3161.8   0.17394
   3163.8   0.17401
   3165.7   0.17407
   3167.6   0.17414
   3169.6   0.17423
   3171.5   0.17430
   3173.5   0.17435
   3175.4   0.17442
   3177.3   0.17451
   3179.3   0.17460
   3181.2   0.17468
   3183.2   0.17475
   3185.1   0.17481
   3187.1   0.17489
   3189.1   0.17498
   3191.0   0.17505
   3193.0   0.17510
   3195.0   0.17517
   3196.9   0.17526
   3198.9   0.17535
   3200.9   0.17542
   3202.9   0.17548
   3204.8   0.17554
   3206.8   0.17561
   3208.8   0.17568
   3210.8   0.17576
   3212.8   0.17586
   3214.8   0.17594
   3216.8   0.17601
   3218.8   0.17608
   3220.8   0.17618
   3222.8   0.17627
   3224.8   0.17634
   3226.8   0.17642
   3228.8   0.17650
   3230.8   0.17657
   3232.8   0.17665
   3234.8   0.17671
   3236.8   0.17678
   3238.9   0.17687
   3240.9   0.17694
   3242.9   0.17700
   3244.9   0.17707
   3247.0   0.17714
   3249.0   0.17720
   3251.1   0.17728
   3253.1   0.17738
   3255.1   0.17745
   3257.2   0.17752
   3259.2   0.17757
   3261.3   0.17762
   3263.3   0.17770
   3265.4   0.17780
   3267.4   0.17787
   3269.5   0.17793
   3271.6   0.17800
   3273.6   0.17809
   3275.7   0.17817
   3277.8   0.17822
   3279.8   0.17827
   3281.9   0.17834
   3284.0   0.17840
   3286.1   0.17846
   3288.2   0.17852
   3290.2   0.17859
   3292.3   0.17866
   3294.4   0.17872
   3296.5   0.17879
   3298.6   0.17885
   3300.7   0.17891
   3302.8   0.17897
   3304.9   0.17903
   3307.0   0.17908
   3309.1   0.17914
   3311.3   0.17922
   3313.4   0.17927
   3315.5   0.17931
   3317.6   0.17936
   3319.7   0.17943
   3321.9   0.17950
   3324.0   0.17955
   3326.1   0.17957
   3328.3   0.17963
   3330.4   0.17969
   3332.5   0.17975
   3334.7   0.17979
   3336.8   0.17982
   3339.0   0.17985
   3341.1   0.17987
   3343.3   0.17989
   3345.4   0.17992
   3347.6   0.17993
   3349.8   0.17996
   3351.9   0.17995
   3354.1   0.17994
   3356.3   0.17993
   3358.4   0.17990
   3360.6   0.17987
   3362.8   0.17981
   3365.0   0.17972
   3367.2   0.17964
   3369.4   0.17957
   3371.5   0.17954
   3373.7   0.17958
   3375.9   0.17965
   3378.1   0.17977
   3380.3   0.17993
   3382.5   0.18011
   3384.7   0.18029
   3386.9   0.18042
   3389.2   0.18053
   3391.4   0.18061
   3393.6   0.18062
   3395.8   0.18060
   3398.1   0.18055
   3400.3   0.18049
   3402.5   0.18042
   3404.7   0.18037
   3407.0   0.18035
   3409.2   0.18033
   3411.5   0.18034
   3413.7   0.18040
   3416.0   0.18051
   3418.2   0.18067
   3420.5   0.18087
   3422.7   0.18109
   3425.0   0.18132
   3427.3   0.18153
   3429.5   0.18169
   3431.8   0.18181
   3434.1   0.18192
   3436.3   0.18204
   3438.6   0.18215
   3440.9   0.18226
   3443.2   0.18236
   3445.5   0.18244
   3447.8   0.18254
   3450.1   0.18264
   3452.4   0.18274
   3454.6   0.18282
   3456.9   0.18288
   3459.3   0.18295
   3461.6   0.18302
   3463.9   0.18305
   3466.2   0.18308
   3468.5   0.18308
   3470.8   0.18310
   3473.2   0.18314
   3475.5   0.18316
   3477.8   0.18322
   3480.1   0.18329
   3482.5   0.18336
   3484.8   0.18342
   3487.2   0.18345
   3489.5   0.18348
   3491.9   0.18354
   3494.2   0.18359
   3496.6   0.18361
   3498.9   0.18367
   3501.3   0.18378
   3503.7   0.18395
   3506.0   0.18417
   3508.4   0.18438
   3510.8   0.18456
   3513.2   0.18472
   3515.5   0.18484
   3517.9   0.18495
   3520.3   0.18506
   3522.7   0.18519
   3525.1   0.18532
   3527.5   0.18543
   3529.9   0.18553
   3532.3   0.18561
   3534.7   0.18571
   3537.1   0.18581
   3539.5   0.18589
   3541.9   0.18597
   3544.4   0.18605
   3546.8   0.18614
   3549.2   0.18623
   3551.7   0.18631
   3554.1   0.18637
   3556.5   0.18644
   3559.0   0.18652
   3561.4   0.18658
   3563.9   0.18665
   3566.3   0.18674
   3568.8   0.18681
   3571.2   0.18690
   3573.7   0.18697
   3576.1   0.18704
   3578.6   0.18710
   3581.1   0.18717
   3583.6   0.18726
   3586.0   0.18733
   3588.5   0.18736
   3591.0   0.18743
   3593.5   0.18751
   3596.0   0.18757
   3598.5   0.18762
   3601.0   0.18770
   3603.5   0.18776
   3606.0   0.18782
   3608.5   0.18788
   3611.0   0.18794
   3613.5   0.18799
   3616.1   0.18805
   3618.6   0.18810
   3621.1   0.18816
   3623.6   0.18823
   3626.2   0.18830
   3628.7   0.18835
   3631.3   0.18840
   3633.8   0.18845
   3636.3   0.18854
   3638.9   0.18861
   3641.4   0.18867
   3644.0   0.18874
   3646.6   0.18881
   3649.1   0.18887
   3651.7   0.18892
   3654.3   0.18898
   3656.9   0.18905
   3659.4   0.18912
   3662.0   0.18920
   3664.6   0.18925
   3667.2   0.18931
   3669.8   0.18938
   3672.4   0.18944
   3675.0   0.18950
   3677.6   0.18957
   3680.2   0.18965
   3682.8   0.18972
   3685.4   0.18978
   3688.1   0.18985
   3690.7   0.18991
   3693.3   0.18998
   3695.9   0.19004
   3698.6   0.19009
   3701.2   0.19013
   3703.9   0.19018
   3706.5   0.19024
   3709.2   0.19031
   3711.8   0.19037
   3714.5   0.19043
   3717.1   0.19051
   3719.8   0.19056
   3722.5   0.19060
   3725.2   0.19065
   3727.8   0.19072
   3730.5   0.19077
   3733.2   0.19081
   3735.9   0.19087
   3738.6   0.19093
   3741.3   0.19098
   3744.0   0.19103
   3746.7   0.19110
   3749.4   0.19116
   3752.1   0.19120
   3754.8   0.19125
   3757.6   0.19134
   3760.3   0.19139
   3763.0   0.19142
   3765.7   0.19149
   3768.5   0.19154
   3771.2   0.19158
   3774.0   0.19164
   3776.7   0.19170
   3779.5   0.19175
   3782.2   0.19180
   3785.0   0.19187
   3787.7   0.19192
   3790.5   0.19196
   3793.3   0.19201
   3796.1   0.19206
   3798.8   0.19209
   3801.6   0.19213
   3804.4   0.19218
   3807.2   0.19224
   3810.0   0.19230
   3812.8   0.19235
   3815.6   0.19239
   3818.4   0.19243
   3821.2   0.19247
   3824.1   0.19253
   3826.9   0.19257
   3829.7   0.19261
   3832.5   0.19266
   3835.4   0.19271
   3838.2   0.19277
   3841.1   0.19282
   3843.9   0.19286
   3846.8   0.19291
   3849.6   0.19296
   3852.5   0.19302
   3855.3   0.19306
   3858.2   0.19308
   3861.1   0.19310
   3863.9   0.19316
   3866.8   0.19321
   3869.7   0.19324
   3872.6   0.19329
   3875.5   0.19335
   3878.4   0.19338
   3881.3   0.19343
   3884.2   0.19348
   3887.1   0.19352
   3890.0   0.19357
   3893.0   0.19360
   3895.9   0.19362
   3898.8   0.19366
   3901.7   0.19370
   3904.7   0.19376
   3907.6   0.19381
   3910.6   0.19385
   3913.5   0.19388
   3916.5   0.19391
   3919.4   0.19393
   3922.4   0.19398
   3925.4   0.19400
   3928.4   0.19404
   3931.3   0.19409
   3934.3   0.19412
   3937.3   0.19414
   3940.3   0.19417
   3943.3   0.19420
   3946.3   0.19424
   3949.3   0.19429
   3952.3   0.19432
   3955.3   0.19435
   3958.3   0.19438
   3961.4   0.19441
   3964.4   0.19445
   3967.4   0.19448
   3970.5   0.19452
   3973.5   0.19454
   3976.6   0.19456
   3979.6   0.19458
   3982.6   0.19461
   3985.7   0.19464
   3988.8   0.19467
   3991.9   0.19466
   3994.9   0.19467
   3998.0   0.19469
   4001.1   0.19471
   4004.2   0.19474
   4007.3   0.19476
   4010.4   0.19476
   4013.5   0.19478
   4016.6   0.19480
   4019.7   0.19482
   4022.8   0.19484
   4025.9   0.19486
   4029.1   0.19488
   4032.2   0.19489
   4035.3   0.19491
   4038.5   0.19493
   4041.6   0.19495
   4044.8   0.19496
   4047.9   0.19498
   4051.1   0.19499
   4054.3   0.19502
   4057.4   0.19504
   4060.6   0.19505
   4063.8   0.19507
   4067.0   0.19508
   4070.2   0.19509
   4073.4   0.19512
   4076.6   0.19514
   4079.8   0.19514
   4083.0   0.19516
   4086.2   0.19517
   4089.4   0.19518
   4092.7   0.19520
   4095.9   0.19522
   4099.1   0.19523
   4102.4   0.19524
   4105.6   0.19525
   4108.9   0.19526
   4112.1   0.19526
   4115.4   0.19525
   4118.7   0.19527
   4122.0   0.19531
   4125.2   0.19533
   4128.5   0.19534
   4131.8   0.19535
   4135.1   0.19537
   4138.4   0.19539
   4141.7   0.19541
   4145.0   0.19541
   4148.3   0.19543
   4151.6   0.19544
   4155.0   0.19546
   4158.3   0.19547
   4161.6   0.19548
   4165.0   0.19547
   4168.3   0.19547
   4171.7   0.19548
   4175.0   0.19549
   4178.4   0.19549
   4181.8   0.19550
   4185.2   0.19552
   4188.5   0.19552
   4191.9   0.19551
   4195.3   0.19552
   4198.7   0.19554
   4202.1   0.19557
   4205.5   0.19557
   4208.9   0.19558
   4212.4   0.19560
   4215.8   0.19559
   4219.2   0.19557
   4222.6   0.19558
   4226.1   0.19558
   4229.5   0.19558
   4233.0   0.19557
   4236.5   0.19556
   4239.9   0.19555
   4243.4   0.19554
   4246.9   0.19553
   4250.3   0.19553
   4253.8   0.19551
   4257.3   0.19549
   4260.8   0.19548
   4264.3   0.19547
   4267.8   0.19546
   4271.3   0.19545
   4274.9   0.19545
   4278.4   0.19545
   4281.9   0.19542
   4285.5   0.19542
   4289.0   0.19540
   4292.6   0.19539
   4296.1   0.19538
   4299.7   0.19536
   4303.3   0.19532
   4306.8   0.19531
   4310.4   0.19529
   4314.0   0.19525
   4317.6   0.19520
   4321.2   0.19516
   4324.8   0.19512
   4328.4   0.19508
   4332.0   0.19505
   4335.6   0.19503
   4339.3   0.19500
   4342.9   0.19498
   4346.5   0.19495
   4350.2   0.19493
   4353.8   0.19490
   4357.5   0.19487
   4361.1   0.19483
   4364.8   0.19481
   4368.5   0.19476
   4372.2   0.19472
   4375.9   0.19469
   4379.6   0.19467
   4383.3   0.19465
   4387.0   0.19462
   4390.7   0.19461
   4394.4   0.19459
   4398.1   0.19456
   4401.9   0.19454
   4405.6   0.19450
   4409.4   0.19448
   4413.1   0.19445
   4416.9   0.19444
   4420.6   0.19441
   4424.4   0.19440
   4428.2   0.19438
   4432.0   0.19437
   4435.8   0.19436
   4439.6   0.19434
   4443.4   0.19433
   4447.2   0.19432
   4451.0   0.19429
   4454.8   0.19424
   4458.6   0.19419
   4462.5   0.19417
   4466.3   0.19415
   4470.2   0.19411
   4474.0   0.19406
   4477.9   0.19403
   4481.8   0.19400
   4485.6   0.19397
   4489.5   0.19392
   4493.4   0.19386
   4497.3   0.19380
   4501.2   0.19376
   4505.1   0.19371
   4509.0   0.19364
   4513.0   0.19357
   4516.9   0.19350
   4520.9   0.19343
   4524.8   0.19336
   4528.7   0.19327
   4532.7   0.19317
   4536.7   0.19305
   4540.6   0.19296
   4544.6   0.19287
   4548.6   0.19276
   4552.6   0.19262
   4556.6   0.19250
   4560.6   0.19238
   4564.6   0.19225
   4568.6   0.19213
   4572.7   0.19200
   4576.7   0.19185
   4580.8   0.19170
   4584.8   0.19153
   4588.9   0.19137
   4592.9   0.19120
   4597.0   0.19104
   4601.1   0.19085
   4605.2   0.19065
   4609.3   0.19047
   4613.4   0.19028
   4617.5   0.19006
   4621.6   0.18985
   4625.7   0.18964
   4629.8   0.18945
   4634.0   0.18924
   4638.1   0.18902
   4642.3   0.18880
   4646.4   0.18857
   4650.6   0.18833
   4654.8   0.18810
   4659.0   0.18786
   4663.1   0.18762
   4667.3   0.18737
   4671.5   0.18712
   4675.8   0.18686
   4680.0   0.18661
   4684.2   0.18635
   4688.4   0.18608
   4692.7   0.18580
   4696.9   0.18552
   4701.2   0.18522
   4705.5   0.18493
   4709.7   0.18465
   4714.0   0.18436
   4718.3   0.18404
   4722.6   0.18374
   4726.9   0.18345
   4731.2   0.18313
   4735.5   0.18280
   4739.9   0.18248
   4744.2   0.18218
   4748.5   0.18189
   4752.9   0.18157
   4757.3   0.18125
   4761.6   0.18093
   4766.0   0.18064
   4770.4   0.18034
   4774.8   0.18007
   4779.2   0.17977
   4783.6   0.17949
   4788.0   0.17922
   4792.4   0.17896
   4796.9   0.17868
   4801.3   0.17840
   4805.8   0.17813
   4810.2   0.17785
   4814.7   0.17754
   4819.1   0.17726
   4823.6   0.17696
   4828.1   0.17668
   4832.6   0.17636
   4837.1   0.17603
   4841.6   0.17571
   4846.2   0.17539
   4850.7   0.17505
   4855.3   0.17473
   4859.8   0.17438
   4864.4   0.17402
   4868.9   0.17366
   4873.5   0.17332
   4878.1   0.17297
   4882.7   0.17264
   4887.3   0.17229
   4891.9   0.17194
   4896.5   0.17160
   4901.1   0.17125
   4905.8   0.17088
   4910.4   0.17052
   4915.1   0.17014
   4919.7   0.16977
   4924.4   0.16939
   4929.1   0.16903
   4933.8   0.16863
   4938.5   0.16823
   4943.2   0.16783
   4947.9   0.16745
   4952.6   0.16708
   4957.4   0.16669
   4962.1   0.16629
   4966.9   0.16591
   4971.6   0.16551
   4976.4   0.16510
   4981.2   0.16470
   4986.0   0.16431
   4990.8   0.16391
   4995.6   0.16350
   5000.4   0.16309
   5005.2   0.16270
   5010.0   0.16228
   5014.9   0.16188
   5019.8   0.16148
   5024.6   0.16110
   5029.5   0.16070
   5034.4   0.16031
   5039.3   0.15992
   5044.2   0.15955
   5049.1   0.15919
   5054.0   0.15883
   5058.9   0.15849
   5063.9   0.15817
   5068.8   0.15788
   5073.8   0.15760
   5078.8   0.15731
   5083.7   0.15704
   5088.7   0.15678
   5093.7   0.15652
   5098.7   0.15626
   5103.7   0.15601
   5108.8   0.15575
   5113.8   0.15550
   5118.9   0.15523
   5123.9   0.15497
   5129.0   0.15470
   5134.1   0.15445
   5139.1   0.15416
   5144.3   0.15388
   5149.4   0.15360
   5154.5   0.15331
   5159.6   0.15300
   5164.7   0.15272
   5169.9   0.15243
   5175.0   0.15213
   5180.2   0.15182
   5185.4   0.15150
   5190.6   0.15119
   5195.8   0.15088
   5201.0   0.15055
   5206.2   0.15023
   5211.5   0.14993
   5216.7   0.14962
   5222.0   0.14927
   5227.2   0.14894
   5232.5   0.14861
   5237.8   0.14830
   5243.1   0.14796
   5248.4   0.14763
   5253.7   0.14731
   5259.0   0.14700
   5264.4   0.14671
   5269.7   0.14644
   5275.1   0.14618
   5280.5   0.14597
   5285.8   0.14576
   5291.2   0.14558
   5296.6   0.14544
   5302.0   0.14532
   5307.5   0.14523
   5312.9   0.14516
   5318.4   0.14513
   5323.8   0.14512
   5329.3   0.14513
   5334.8   0.14517
   5340.3   0.14522
   5345.8   0.14529
   5351.3   0.14537
   5356.8   0.14543
   5362.4   0.14550
   5367.9   0.14560
   5373.5   0.14566
   5379.0   0.14571
   5384.6   0.14574
   5390.2   0.14578
   5395.8   0.14582
   5401.5   0.14584
   5407.1   0.14586
   5412.7   0.14588
   5418.4   0.14591
   5424.1   0.14597
   5429.7   0.14595
   5435.4   0.14596
   5441.1   0.14600
   5446.8   0.14604
   5452.6   0.14609
   5458.3   0.14616
   5464.1   0.14623
   5469.8   0.14630
   5475.6   0.14633
   5481.4   0.14640
   5487.2   0.14645
   5493.0   0.14651
   5498.8   0.14655
   5504.7   0.14661
   5510.5   0.14665
   5516.4   0.14668
   5522.3   0.14669
   5528.1   0.14667
   5534.0   0.14664
   5540.0   0.14661
   5545.9   0.14656
   5551.8   0.14650
   5557.8   0.14638
   5563.7   0.14622
   5569.7   0.14604
   5575.7   0.14587
   5581.7   0.14566
   5587.7   0.14538
   5593.7   0.14508
   5599.8   0.14481
   5605.8   0.14451
   5611.9   0.14419
   5618.0   0.14385
   5624.1   0.14353
   5630.2   0.14321
   5636.3   0.14293
   5642.4   0.14266
   5648.6   0.14234
   5654.7   0.14206
   5660.9   0.14181
   5667.1   0.14155
   5673.3   0.14138
   5679.5   0.14121
   5685.7   0.14105
   5692.0   0.14094
   5698.2   0.14084
   5704.5   0.14075
   5710.8   0.14072
   5717.1   0.14064
   5723.4   0.14054
   5729.7   0.14042
   5736.1   0.14033
   5742.4   0.14020
   5748.8   0.14005
   5755.1   0.13984
   5761.5   0.13967
   5768.0   0.13947
   5774.4   0.13912
   5780.8   0.13875
   5787.3   0.13839
   5793.7   0.13801
   5800.2   0.13767
   5806.7   0.13727
   5813.2   0.13688
   5819.7   0.13654
   5826.3   0.13614
   5832.8   0.13565
   5839.4   0.13520
   5846.0   0.13474
   5852.6   0.13432
   5859.2   0.13387
   5865.8   0.13343
   5872.5   0.13295
   5879.1   0.13255
   5885.8   0.13201
   5892.5   0.13145
   5899.2   0.13088
   5905.9   0.13021
   5912.6   0.12958
   5919.4   0.12898
   5926.2   0.12837
   5932.9   0.12784
   5939.7   0.12722
   5946.5   0.12653
   5953.4   0.12589
   5960.2   0.12529
   5967.1   0.12473
   5974.0   0.12416
   5980.8   0.12358
   5987.8   0.12309
   5994.7   0.12256
   6001.6   0.12204
   6008.6   0.12157
   6015.5   0.12115
   6022.5   0.12069
   6029.5   0.12030
   6036.5   0.11994
   6043.6   0.11969
   6050.6   0.11943
   6057.7   0.11903
   6064.8   0.11871
   6071.9   0.11850
   6079.0   0.11822
   6086.1   0.11795
   6093.3   0.11769
   6100.5   0.11744
   6107.6   0.11725
   6114.9   0.11706
   6122.1   0.11676
   6129.3   0.11648
   6136.5   0.11622
   6143.8   0.11596
   6151.1   0.11570
   6158.4   0.11549
   6165.7   0.11524
   6173.1   0.11500
   6180.4   0.11483
   6187.8   0.11465
   6195.2   0.11441
   6202.6   0.11425
   6210.0   0.11412
   6217.5   0.11402
   6225.0   0.11394
   6232.4   0.11385
   6239.9   0.11380
   6247.5   0.11379
   6255.0   0.11381
   6262.5   0.11384
   6270.1   0.11388
   6277.7   0.11397
   6285.3   0.11408
   6292.9   0.11422
   6300.6   0.11438
   6308.3   0.11458
   6315.9   0.11483
   6323.6   0.11510
   6331.4   0.11538
   6339.1   0.11573
   6346.9   0.11610
   6354.6   0.11637
   6362.4   0.11667
   6370.3   0.11704
   6378.1   0.11731
   6385.9   0.11755
   6393.8   0.11779
   6401.7   0.11800
   6409.6   0.11829
   6417.6   0.11849
   6425.5   0.11850
   6433.5   0.11852
   6441.5   0.11855
   6449.5   0.11860
   6457.5   0.11860
   6465.6   0.11860
   6473.6   0.11862
   6481.7   0.11863
   6489.8   0.11865
   6498.0   0.11860
   6506.1   0.11849
   6514.3   0.11844
   6522.5   0.11843
   6530.7   0.11840
   6538.9   0.11837
   6547.2   0.11836
   6555.5   0.11837
   6563.8   0.11839
   6572.1   0.11844
   6580.4   0.11840
   6588.8   0.11837
   6597.2   0.11838
   6605.6   0.11832
   6614.0   0.11827
   6622.5   0.11826
   6630.9   0.11830
   6639.4   0.11832
   6647.9   0.11822
   6656.5   0.11812
   6665.0   0.11811
   6673.6   0.11812
   6682.2   0.11817
   6690.8   0.11818
   6699.5   0.11820
   6708.1   0.11826
   6716.8   0.11828
   6725.5   0.11825
   6734.3   0.11822
   6743.0   0.11819
   6751.8   0.11813
   6760.6   0.11802
   6769.4   0.11792
   6778.3   0.11777
   6787.1   0.11761
   6796.0   0.11740
   6805.0   0.11712
   6813.9   0.11690
   6822.9   0.11671
   6831.9   0.11647
   6840.9   0.11622
   6849.9   0.11603
   6859.0   0.11589
   6868.0   0.11566
   6877.2   0.11534
   6886.3   0.11506
   6895.5   0.11478
   6904.6   0.11450
   6913.8   0.11419
   6923.1   0.11389
   6932.3   0.11358
   6941.6   0.11324
   6950.9   0.11293
   6960.2   0.11261
   6969.6   0.11220
   6979.0   0.11178
   6988.4   0.11137
   6997.8   0.11094
   7007.3   0.11051
   7016.8   0.11006
   7026.3   0.10963
   7035.8   0.10918
   7045.4   0.10875
   7054.9   0.10825
   7064.5   0.10774
   7074.2   0.10721
   7083.9   0.10669
   7093.5   0.10617
   7103.3   0.10564
   7113.0   0.10510
   7122.8   0.10458
   7132.6   0.10405
   7142.4   0.10354
   7152.2   0.10299
   7162.1   0.10245
   7172.0   0.10190
   7182.0   0.10134
   7191.9   0.10078
   7201.9   0.10023
   7211.9   0.09965
   7222.0   0.09905
   7232.0   0.09844
   7242.1   0.09785
   7252.3   0.09728
   7262.4   0.09673
   7272.6   0.09612
   7282.8   0.09553
   7293.1   0.09492
   7303.3   0.09429
   7313.6   0.09367
   7324.0   0.09305
   7334.3   0.09240
   7344.7   0.09177
   7355.1   0.09111
   7365.6   0.09044
   7376.1   0.08976
   7386.6   0.08907
   7397.1   0.08840
   7407.7   0.08773
   7418.3   0.08703
   7428.9   0.08631
   7439.6   0.08557
   7450.2   0.08487
   7461.0   0.08414
   7471.7   0.08340
   7482.5   0.08262
   7493.3   0.08185
   7504.1   0.08105
   7515.0   0.08027
   7525.9   0.07944
   7536.9   0.07864
   7547.9   0.07780
   7558.9   0.07696
   7569.9   0.07611
   7581.0   0.07527
   7592.0   0.07440
   7603.2   0.07356
   7614.4   0.07267
   7625.5   0.07181
   7636.8   0.07090
   7648.0   0.07001
   7659.3   0.06908
   7670.7   0.06814
   7682.0   0.06718
   7693.4   0.06623
   7704.9   0.06525
   7716.3   0.06428
   7727.8   0.06325
   7739.4   0.06222
   7750.9   0.06118
   7762.5   0.06013
   7774.2   0.05904
   7785.8   0.05798
   7797.5   0.05689
   7809.3   0.05579
   7821.1   0.05464
   7832.9   0.05350
   7844.7   0.05233
   7856.6   0.05115
   7868.5   0.04992
   7880.5   0.04871
   7892.5   0.04741
   7904.5   0.04610
   7916.6   0.04477
   7928.7   0.04347
   7940.8   0.04210
   7953.0   0.04075
   7965.2   0.03938
   7977.5   0.03805
   7989.8   0.03669
   8002.1   0.03541
   8014.5   0.03412
   8026.9   0.03285
   8039.3   0.03160
   8051.8   0.03042
   8064.3   0.02924
   8076.9   0.02815
   8089.5   0.02705
   8102.1   0.02599
   8114.8   0.02496
   8127.5   0.02403
   8140.3   0.02314
   8153.1   0.02227
   8165.9   0.02142
   8178.8   0.02066
   8191.7   0.01991
   8204.7   0.01925
   8217.7   0.01858
   8230.7   0.01800
   8243.8   0.01744
   8257.0   0.01696
   8270.1   0.01646
   8283.3   0.01606
   8296.6   0.01563
   8309.9   0.01528
   8323.2   0.01494
   8336.6   0.01465
   8350.0   0.01436
   8363.5   0.01412
   8377.0   0.01387
   8390.5   0.01368
   8404.2   0.01349
   8417.8   0.01335
   8431.5   0.01319
   8445.2   0.01311
   8459.0   0.01301
   8472.8   0.01293
   8486.7   0.01281
   8500.6   0.01273
   8514.5   0.01259
   8528.5   0.01254
   8542.6   0.01249
   8556.7   0.01247
   8570.8   0.01243
   8585.0   0.01245
   8599.3   0.01246
   8613.5   0.01249
   8627.9   0.01251
   8642.3   0.01258
   8656.7   0.01262
   8671.2   0.01273
   8685.7   0.01278
   8700.3   0.01289
   8714.9   0.01301
   8729.5   0.01315
   8744.3   0.01328
   8759.0   0.01346
   8773.9   0.01363
   8788.7   0.01385
   8803.7   0.01407
   8818.6   0.01432
   8833.7   0.01453
   8848.7   0.01479
   8863.8   0.01500
   8879.0   0.01525
   8894.3   0.01551
   8909.5   0.01582
   8924.9   0.01605
   8940.3   0.01632
   8955.7   0.01654
   8971.2   0.01678
   8986.8   0.01699
   9002.3   0.01717
   9018.0   0.01727
   9033.7   0.01740
   9049.5   0.01748
   9065.3   0.01757
   9081.2   0.01761
   9097.1   0.01761
   9113.1   0.01753
   9129.1   0.01752
   9145.2   0.01747
   9161.4   0.01740
   9177.6   0.01725
   9193.9   0.01720
   9210.2   0.01712
   9226.6   0.01706
   9243.0   0.01697
   9259.5   0.01692
   9276.1   0.01687
   9292.7   0.01687
   9309.4   0.01682
   9326.2   0.01681
   9343.0   0.01675
   9359.8   0.01670
   9376.8   0.01663
   9393.8   0.01663
   9410.8   0.01662
   9427.9   0.01665
   9445.1   0.01665
   9462.3   0.01668
   9479.6   0.01668
   9497.0   0.01677
   9514.4   0.01686
   9531.9   0.01697
   9549.4   0.01702
   9567.0   0.01714
   9584.7   0.01723
   9602.5   0.01733
   9620.3   0.01743
   9638.2   0.01755
   9656.1   0.01761
   9674.2   0.01771
   9692.2   0.01778
   9710.4   0.01786
   9728.6   0.01788
   9746.9   0.01795
   9765.2   0.01801
   9783.7   0.01807
   9802.2   0.01806
   9820.7   0.01807
   9839.4   0.01809
   9858.1   0.01816
   9876.8   0.01816
   9895.7   0.01818
   9914.6   0.01817
   9933.6   0.01821
   9952.7   0.01824
   9971.8   0.01825
   9991.0   0.01826
  10010.3   0.01830
  10029.7   0.01827
  10049.1   0.01831
  10068.6   0.01832
  10088.2   0.01833
  10107.9   0.01826
  10127.6   0.01820
  10147.5   0.01817
  10167.3   0.01816
  10187.3   0.01812
  10207.4   0.01817
  10227.5   0.01825
  10247.7   0.01839
  10268.0   0.01853
  10288.4   0.01878
  10308.8   0.01903
  10329.4   0.01933
  10350.0   0.01961
  10370.7   0.01987
  10391.5   0.02008
  10412.3   0.02025
  10433.3   0.02034
  10454.3   0.02047
  10475.4   0.02057
  10496.7   0.02063
  10517.9   0.02063
  10539.3   0.02071
  10560.8   0.02080
  10582.3   0.02093
  10604.0   0.02104
  10625.7   0.02125
  10647.5   0.02143
  10669.4   0.02162
  10691.4   0.02179
  10713.5   0.02197
  10735.7   0.02211
  10758.0   0.02229
  10780.3   0.02242
  10802.8   0.02252
  10825.4   0.02257
  10848.0   0.02264
  10870.8   0.02263
  10893.6   0.02263
  10916.5   0.02257
  10939.5   0.02250
  10962.7   0.02245
  10985.9   0.02248
  11009.2   0.02250
  11032.7   0.02260
  11056.2   0.02270
  11079.8   0.02283
  11103.5   0.02290
  11127.4   0.02303
  11151.3   0.02317
  11175.3   0.02333
  11199.5   0.02343
  11223.7   0.02356
  11248.0   0.02368
  11272.5   0.02382
  11297.1   0.02394
  11321.7   0.02410
  11346.5   0.02418
  11371.4   0.02428
  11396.4   0.02434
  11421.5   0.02438
  11446.7   0.02443
  11472.0   0.02449
  11497.5   0.02445
  11523.0   0.02442
  11548.7   0.02435
  11574.4   0.02429
  11600.3   0.02421
  11626.3   0.02416
  11652.5   0.02411
  11678.7   0.02412
  11705.1   0.02412
  11731.6   0.02413
  11758.2   0.02414
  11784.9   0.02422
  11811.7   0.02426
  11838.7   0.02425
  11865.8   0.02424
  11893.0   0.02427
  11920.3   0.02429
  11947.8   0.02442
  11975.4   0.02460
  12003.1   0.02487
  12031.0   0.02519
  12059.0   0.02560
  12087.1   0.02595
  12115.3   0.02631
  12143.7   0.02660
  12172.2   0.02686
  12200.8   0.02711
  12229.6   0.02734
  12258.5   0.02749
  12287.6   0.02764
  12316.8   0.02773
  12346.1   0.02776
  12375.5   0.02774
  12405.2   0.02770
  12434.9   0.02757
  12464.8   0.02739
  12494.8   0.02711
  12525.0   0.02683
  12555.3   0.02653
  12585.8   0.02627
  12616.4   0.02595
  12647.2   0.02561
  12678.1   0.02518
  12709.2   0.02475
  12740.4   0.02425
  12771.8   0.02374
  12803.3   0.02324
  12835.0   0.02284
  12866.9   0.02248
  12898.9   0.02221
  12931.1   0.02195
  12963.4   0.02173
  12995.9   0.02150
  13028.5   0.02131
  13061.3   0.02108
  13094.3   0.02087
  13127.5   0.02064
  13160.8   0.02043
  13194.3   0.02027
  13228.0   0.02017
  13261.8   0.02004
  13295.8   0.01997
  13330.0   0.01991
  13364.3   0.01987
  13398.8   0.01974
  13433.6   0.01955
  13468.5   0.01932
  13503.5   0.01906
  13538.8   0.01875
  13574.2   0.01847
  13609.9   0.01823
  13645.7   0.01809
  13681.7   0.01801
  13717.9   0.01801
  13754.3   0.01803
  13790.8   0.01816
  13827.6   0.01828
  13864.6   0.01844
  13901.8   0.01856
  13939.2   0.01864
  13976.7   0.01861
  14014.5   0.01858
  14052.5   0.01846
  14090.7   0.01829
  14129.0   0.01807
  14167.6   0.01789
  14206.5   0.01762
  14245.5   0.01735
  14284.7   0.01715
  14324.2   0.01695
  14363.9   0.01668
  14403.8   0.01644
  14443.9   0.01612
  14484.3   0.01580
  14524.8   0.01550
  14565.6   0.01522
  14606.7   0.01490
  14647.9   0.01464
  14689.4   0.01435
  14731.2   0.01417
  14773.1   0.01402
  14815.3   0.01389
  14857.8   0.01373
  14900.5   0.01367
  14943.4   0.01371
  14986.6   0.01376
  15030.0   0.01374
  15073.7   0.01386
  15117.7   0.01393
  15161.9   0.01400
  15206.3   0.01401
  15251.1   0.01399
  15296.1   0.01398
  15341.3   0.01403
  15386.8   0.01401
  15432.6   0.01405
  15478.7   0.01413
  15525.0   0.01421
  15571.7   0.01427
  15618.6   0.01434
  15665.8   0.01441
  15713.2   0.01454
  15761.0   0.01461
  15809.0   0.01466
  15857.4   0.01470
  15906.0   0.01476
  15955.0   0.01477
  16004.2   0.01483
  16053.8   0.01491
  16103.6   0.01492
  16153.8   0.01484
  16204.3   0.01489
  16255.1   0.01498
  16306.2   0.01510
  16357.6   0.01526
  16409.4   0.01554
  16461.5   0.01577
  16513.9   0.01604
  16566.7   0.01619
  16619.8   0.01631
  16673.2   0.01652
  16727.0   0.01671
  16781.1   0.01683
  16835.6   0.01705
  16890.5   0.01730
  16945.7   0.01747
  17001.2   0.01758
  17057.2   0.01781
  17113.4   0.01790
  17170.1   0.01794
  17227.2   0.01789
  17284.6   0.01792
  17342.4   0.01802
  17400.6   0.01815
  17459.2   0.01828
  17518.2   0.01852
  17577.5   0.01873
  17637.3   0.01901
  17697.5   0.01925
  17758.1   0.01944
  17819.2   0.01962
  17880.6   0.01974
  17942.5   0.01988
  18004.8   0.02006
  18067.5   0.02021
  18130.7   0.02029
  18194.3   0.02043
  18258.4   0.02082
  18322.9   0.02111
  18387.9   0.02130
  18453.3   0.02157
  18519.2   0.02190
  18585.6   0.02205
  18652.4   0.02230
  18719.8   0.02245
  18787.6   0.02262
  18855.9   0.02285
  18924.7   0.02310
  18994.1   0.02329
  19063.9   0.02349
  19134.2   0.02358
  19205.1   0.02373
  19276.5   0.02397
  19348.4   0.02419
  19420.9   0.02431
  19493.9   0.02450
  19567.5   0.02465
  19641.6   0.02478
  19716.3   0.02479
  19791.6   0.02486
  19867.4   0.02466
  19943.8   0.02444
  20020.8   0.02435
  20098.4   0.02429
  20176.6   0.02395
  20255.4   0.02362
  20334.8   0.02354
  20414.9   0.02353
  20495.6   0.02350
  20576.9   0.02352
  20658.9   0.02353
  20741.6   0.02337
  20824.8   0.02331
  20908.8   0.02332
  20993.5   0.02332
  21078.8   0.02326
  21164.8   0.02298
  21251.6   0.02286
  21339.1   0.02284
  21427.2   0.02267
  21516.1   0.02238
  21605.8   0.02231
  21696.2   0.02217
  21787.3   0.02187
  21879.3   0.02161
  21972.0   0.02139
  22065.4   0.02113
  22159.7   0.02093
  22254.8   0.02070
  22350.8   0.02051
  22447.5   0.02021
  22545.1   0.02004
  22643.6   0.01990
  22742.9   0.01981
  22843.1   0.01968
  22944.2   0.01967
  23046.1   0.01972
  23149.0   0.01977
  23252.8   0.01994
  23357.6   0.02019
  23463.3   0.02027
  23569.9   0.02029
  23677.5   0.02028
  23786.1   0.02032
  23895.8   0.02023
  24006.4   0.02020
  24118.0   0.02028
  24230.7   0.02049
  24344.5   0.02078
  24459.3   0.02102
  24575.3   0.02097
  24692.3   0.02101
  24810.4   0.02120
  24929.7   0.02140
  25050.1   0.02161
  25171.7   0.02187
  25294.5   0.02207
  25418.5   0.02226
  25543.7   0.02248
  25670.2   0.02260
  25797.9   0.02276
  25926.9   0.02297
  26057.2   0.02312
  26188.8   0.02311
  26321.7   0.02292
  26456.0   0.02293
  26591.7   0.02292
  26728.8   0.02281
  26867.2   0.02288
  27007.2   0.02291
  27148.6   0.02263
  27291.5   0.02271
  27435.9   0.02273
  27581.8   0.02267
  27729.3   0.02276
  27878.4   0.02279
  28029.1   0.02252
  28181.4   0.02259
  28335.4   0.02280
  28491.1   0.02283
  28648.5   0.02302
  28807.7   0.02355
  28968.6   0.02395
  29131.3   0.02421
  29295.9   0.02444
  29462.4   0.02450
  29630.7   0.02474
  29801.0   0.02520
  29973.3   0.02539
  30147.5   0.02553
  30323.8   0.02563
  30502.2   0.02556
  30682.7   0.02511
  30865.3   0.02466
  31050.2   0.02459
  31237.2   0.02492
  31426.5   0.02492
  31618.2   0.02462
  31812.1   0.02434
  32008.5   0.02410
  32207.3   0.02423
  32408.6   0.02456
  32612.4   0.02501
  32818.8   0.02570
  33027.9   0.02591
  33239.6   0.02605
  33454.1   0.02616
  33671.3   0.02646
  33891.4   0.02630
  34114.3   0.02625
  34340.3   0.02627
  34569.2   0.02629
  34801.2   0.02579
  35036.3   0.02533
  35274.7   0.02565
  35516.3   0.02619
  35761.2   0.02618
  36009.6   0.02644
  36261.4   0.02644
  36516.7   0.02657
  36775.7   0.02655
  37038.4   0.02605
  37304.9   0.02577
  37575.2   0.02549
  37849.5   0.02493
  38127.8   0.02488
  38410.2   0.02455
  38696.8   0.02412
  38987.8   0.02402
  39283.2   0.02433
  39583.0   0.02459
  39887.5   0.02427
  40196.7   0.02358
  40510.8   0.02341
  40829.8   0.02404
  41153.8   0.02438
  41483.0   0.02455
  41817.6   0.02489
  42157.5   0.02508
  42503.1   0.02536
  42854.4   0.02599
  43211.5   0.02667
  43574.6   0.02653
  43943.9   0.02686
  44319.5   0.02674
  44701.5   0.02643
  45090.2   0.02600
  45485.8   0.02620
  45888.3   0.02728
  46298.0   0.02735
  46715.1   0.02642
  47139.8   0.02679
  47572.3   0.02781
  48012.8   0.02889
  48461.5   0.02990
  48918.7   0.03064
  49384.6   0.03116
  49859.4   0.03114



 BIR1LR135           .ASC                        

 LR-CMP-135                                                              
 Luna 24 mare soil 24160                                                 
 Connected at 19.6 um                                                    

 Source Ang: 30.00   Detect Ang:  0.00  Volt: 1.222
 Date:  9-MAR-06   Time: 14:06:03
