  2387
   1999.7   0.23622   0.00532
   2000.5   0.23616   0.00557
   2001.3   0.23633   0.00554
   2002.1   0.23654   0.00550
   2002.8   0.23673   0.00561
   2003.6   0.23689   0.00546
   2004.4   0.23696   0.00527
   2005.2   0.23695   0.00535
   2005.9   0.23698   0.00530
   2006.7   0.23712   0.00531
   2007.5   0.23726   0.00540
   2008.3   0.23731   0.00536
   2009.0   0.23728   0.00537
   2009.8   0.23730   0.00549
   2010.6   0.23749   0.00551
   2011.4   0.23764   0.00537
   2012.2   0.23768   0.00531
   2012.9   0.23766   0.00525
   2013.7   0.23783   0.00520
   2014.5   0.23808   0.00534
   2015.3   0.23829   0.00548
   2016.1   0.23843   0.00540
   2016.8   0.23844   0.00536
   2017.6   0.23846   0.00529
   2018.4   0.23851   0.00522
   2019.2   0.23861   0.00522
   2020.0   0.23856   0.00531
   2020.8   0.23859   0.00529
   2021.6   0.23870   0.00534
   2022.4   0.23878   0.00548
   2023.2   0.23894   0.00555
   2023.9   0.23904   0.00545
   2024.7   0.23908   0.00537
   2025.5   0.23923   0.00529
   2026.3   0.23925   0.00514
   2027.1   0.23928   0.00509
   2027.9   0.23938   0.00511
   2028.7   0.23952   0.00521
   2029.5   0.23959   0.00525
   2030.3   0.23971   0.00516
   2031.1   0.23985   0.00513
   2031.9   0.23995   0.00511
   2032.7   0.24003   0.00512
   2033.5   0.24008   0.00525
   2034.3   0.24009   0.00532
   2035.1   0.24019   0.00533
   2035.9   0.24029   0.00537
   2036.7   0.24047   0.00531
   2037.5   0.24045   0.00524
   2038.3   0.24044   0.00520
   2039.1   0.24049   0.00516
   2039.9   0.24065   0.00514
   2040.7   0.24079   0.00523
   2041.5   0.24081   0.00534
   2042.3   0.24098   0.00545
   2043.1   0.24107   0.00539
   2043.9   0.24119   0.00524
   2044.7   0.24141   0.00528
   2045.5   0.24147   0.00538
   2046.3   0.24153   0.00554
   2047.1   0.24158   0.00552
   2047.9   0.24167   0.00542
   2048.7   0.24177   0.00560
   2049.5   0.24184   0.00560
   2050.4   0.24198   0.00537
   2051.2   0.24213   0.00532
   2052.0   0.24219   0.00521
   2052.8   0.24214   0.00508
   2053.6   0.24216   0.00533
   2054.4   0.24230   0.00543
   2055.2   0.24244   0.00530
   2056.0   0.24253   0.00529
   2056.9   0.24266   0.00543
   2057.7   0.24268   0.00531
   2058.5   0.24273   0.00507
   2059.3   0.24276   0.00511
   2060.1   0.24293   0.00525
   2060.9   0.24301   0.00538
   2061.8   0.24309   0.00531
   2062.6   0.24324   0.00509
   2063.4   0.24330   0.00516
   2064.2   0.24332   0.00531
   2065.1   0.24345   0.00534
   2065.9   0.24373   0.00539
   2066.7   0.24376   0.00528
   2067.5   0.24368   0.00519
   2068.3   0.24377   0.00531
   2069.2   0.24395   0.00528
   2070.0   0.24406   0.00516
   2070.8   0.24420   0.00510
   2071.6   0.24430   0.00517
   2072.5   0.24436   0.00526
   2073.3   0.24441   0.00527
   2074.1   0.24452   0.00512
   2075.0   0.24465   0.00508
   2075.8   0.24469   0.00512
   2076.6   0.24478   0.00518
   2077.5   0.24487   0.00519
   2078.3   0.24491   0.00526
   2079.1   0.24502   0.00540
   2080.0   0.24512   0.00538
   2080.8   0.24511   0.00541
   2081.6   0.24505   0.00524
   2082.5   0.24515   0.00514
   2083.3   0.24529   0.00533
   2084.1   0.24552   0.00549
   2085.0   0.24566   0.00524
   2085.8   0.24582   0.00516
   2086.7   0.24587   0.00524
   2087.5   0.24590   0.00522
   2088.3   0.24602   0.00532
   2089.2   0.24613   0.00542
   2090.0   0.24614   0.00537
   2090.9   0.24624   0.00533
   2091.7   0.24641   0.00533
   2092.6   0.24649   0.00530
   2093.4   0.24661   0.00537
   2094.2   0.24671   0.00539
   2095.1   0.24672   0.00530
   2095.9   0.24672   0.00527
   2096.8   0.24675   0.00523
   2097.6   0.24698   0.00528
   2098.5   0.24710   0.00515
   2099.3   0.24715   0.00511
   2100.2   0.24730   0.00524
   2101.0   0.24742   0.00526
   2101.9   0.24745   0.00524
   2102.7   0.24746   0.00524
   2103.6   0.24757   0.00526
   2104.4   0.24766   0.00527
   2105.3   0.24770   0.00521
   2106.1   0.24780   0.00521
   2107.0   0.24802   0.00531
   2107.9   0.24809   0.00527
   2108.7   0.24816   0.00535
   2109.6   0.24827   0.00538
   2110.4   0.24838   0.00524
   2111.3   0.24848   0.00528
   2112.2   0.24864   0.00537
   2113.0   0.24872   0.00516
   2113.9   0.24879   0.00509
   2114.7   0.24896   0.00521
   2115.6   0.24909   0.00525
   2116.5   0.24916   0.00519
   2117.3   0.24926   0.00514
   2118.2   0.24944   0.00526
   2119.1   0.24950   0.00535
   2119.9   0.24947   0.00549
   2120.8   0.24951   0.00542
   2121.7   0.24963   0.00526
   2122.5   0.24968   0.00514
   2123.4   0.24974   0.00501
   2124.3   0.24993   0.00515
   2125.1   0.25003   0.00532
   2126.0   0.24998   0.00525
   2126.9   0.25002   0.00525
   2127.8   0.25009   0.00538
   2128.6   0.25010   0.00533
   2129.5   0.25014   0.00511
   2130.4   0.25026   0.00513
   2131.3   0.25041   0.00509
   2132.1   0.25048   0.00495
   2133.0   0.25061   0.00504
   2133.9   0.25078   0.00508
   2134.8   0.25084   0.00512
   2135.6   0.25089   0.00527
   2136.5   0.25105   0.00528
   2137.4   0.25112   0.00520
   2138.3   0.25118   0.00510
   2139.2   0.25135   0.00510
   2140.1   0.25151   0.00517
   2140.9   0.25169   0.00520
   2141.8   0.25173   0.00517
   2142.7   0.25167   0.00508
   2143.6   0.25174   0.00504
   2144.5   0.25182   0.00491
   2145.4   0.25192   0.00493
   2146.3   0.25209   0.00504
   2147.1   0.25216   0.00516
   2148.0   0.25223   0.00529
   2148.9   0.25234   0.00531
   2149.8   0.25231   0.00521
   2150.7   0.25240   0.00511
   2151.6   0.25257   0.00509
   2152.5   0.25262   0.00524
   2153.4   0.25269   0.00529
   2154.3   0.25281   0.00512
   2155.2   0.25285   0.00495
   2156.1   0.25297   0.00512
   2157.0   0.25306   0.00525
   2157.9   0.25313   0.00519
   2158.8   0.25324   0.00514
   2159.7   0.25331   0.00510
   2160.6   0.25332   0.00505
   2161.5   0.25332   0.00508
   2162.4   0.25347   0.00514
   2163.3   0.25361   0.00510
   2164.2   0.25371   0.00505
   2165.1   0.25373   0.00510
   2166.0   0.25375   0.00522
   2166.9   0.25384   0.00528
   2167.8   0.25408   0.00527
   2168.7   0.25412   0.00526
   2169.6   0.25416   0.00520
   2170.5   0.25424   0.00508
   2171.4   0.25434   0.00512
   2172.3   0.25438   0.00494
   2173.3   0.25444   0.00489
   2174.2   0.25452   0.00515
   2175.1   0.25463   0.00524
   2176.0   0.25476   0.00518
   2176.9   0.25486   0.00517
   2177.8   0.25499   0.00521
   2178.7   0.25511   0.00512
   2179.6   0.25512   0.00494
   2180.6   0.25512   0.00490
   2181.5   0.25508   0.00501
   2182.4   0.25523   0.00496
   2183.3   0.25547   0.00494
   2184.2   0.25567   0.00506
   2185.1   0.25564   0.00498
   2186.1   0.25560   0.00495
   2187.0   0.25574   0.00483
   2187.9   0.25591   0.00480
   2188.8   0.25599   0.00496
   2189.8   0.25607   0.00501
   2190.7   0.25617   0.00499
   2191.6   0.25627   0.00504
   2192.6   0.25633   0.00499
   2193.5   0.25651   0.00507
   2194.4   0.25659   0.00512
   2195.3   0.25670   0.00497
   2196.3   0.25681   0.00494
   2197.2   0.25684   0.00505
   2198.1   0.25691   0.00499
   2199.1   0.25703   0.00493
   2200.0   0.25713   0.00486
   2200.9   0.25723   0.00479
   2201.9   0.25732   0.00482
   2202.8   0.25732   0.00482
   2203.7   0.25733   0.00490
   2204.7   0.25748   0.00493
   2205.6   0.25748   0.00491
   2206.5   0.25753   0.00491
   2207.5   0.25768   0.00499
   2208.4   0.25774   0.00513
   2209.4   0.25781   0.00508
   2210.3   0.25794   0.00495
   2211.3   0.25815   0.00490
   2212.2   0.25820   0.00492
   2213.1   0.25810   0.00491
   2214.1   0.25823   0.00489
   2215.0   0.25840   0.00496
   2216.0   0.25847   0.00502
   2216.9   0.25849   0.00496
   2217.9   0.25853   0.00487
   2218.8   0.25863   0.00494
   2219.8   0.25872   0.00502
   2220.7   0.25869   0.00492
   2221.7   0.25881   0.00486
   2222.6   0.25909   0.00485
   2223.6   0.25919   0.00483
   2224.5   0.25914   0.00496
   2225.5   0.25910   0.00496
   2226.4   0.25914   0.00492
   2227.4   0.25927   0.00497
   2228.4   0.25939   0.00500
   2229.3   0.25958   0.00487
   2230.3   0.25967   0.00478
   2231.2   0.25963   0.00476
   2232.2   0.25969   0.00485
   2233.1   0.25978   0.00500
   2234.1   0.25984   0.00496
   2235.1   0.26006   0.00482
   2236.0   0.26014   0.00469
   2237.0   0.26017   0.00479
   2238.0   0.26024   0.00486
   2238.9   0.26030   0.00477
   2239.9   0.26038   0.00478
   2240.9   0.26055   0.00490
   2241.8   0.26067   0.00484
   2242.8   0.26073   0.00484
   2243.8   0.26078   0.00485
   2244.8   0.26093   0.00474
   2245.7   0.26100   0.00480
   2246.7   0.26105   0.00486
   2247.7   0.26114   0.00479
   2248.6   0.26130   0.00477
   2249.6   0.26137   0.00479
   2250.6   0.26142   0.00491
   2251.6   0.26146   0.00496
   2252.6   0.26149   0.00491
   2253.5   0.26154   0.00479
   2254.5   0.26170   0.00476
   2255.5   0.26182   0.00488
   2256.5   0.26190   0.00494
   2257.5   0.26200   0.00499
   2258.4   0.26212   0.00488
   2259.4   0.26212   0.00483
   2260.4   0.26215   0.00490
   2261.4   0.26232   0.00496
   2262.4   0.26245   0.00487
   2263.4   0.26238   0.00477
   2264.4   0.26239   0.00478
   2265.4   0.26261   0.00474
   2266.3   0.26272   0.00475
   2267.3   0.26280   0.00479
   2268.3   0.26284   0.00475
   2269.3   0.26287   0.00476
   2270.3   0.26299   0.00479
   2271.3   0.26315   0.00492
   2272.3   0.26327   0.00493
   2273.3   0.26335   0.00487
   2274.3   0.26353   0.00490
   2275.3   0.26357   0.00489
   2276.3   0.26365   0.00485
   2277.3   0.26375   0.00497
   2278.3   0.26385   0.00503
   2279.3   0.26394   0.00492
   2280.3   0.26410   0.00479
   2281.3   0.26408   0.00490
   2282.3   0.26405   0.00491
   2283.3   0.26411   0.00484
   2284.3   0.26418   0.00487
   2285.3   0.26430   0.00495
   2286.3   0.26440   0.00489
   2287.3   0.26447   0.00484
   2288.4   0.26463   0.00493
   2289.4   0.26473   0.00497
   2290.4   0.26476   0.00495
   2291.4   0.26476   0.00485
   2292.4   0.26482   0.00486
   2293.4   0.26494   0.00483
   2294.4   0.26502   0.00483
   2295.4   0.26518   0.00484
   2296.5   0.26527   0.00479
   2297.5   0.26534   0.00482
   2298.5   0.26548   0.00485
   2299.5   0.26554   0.00489
   2300.5   0.26562   0.00495
   2301.6   0.26573   0.00489
   2302.6   0.26577   0.00489
   2303.6   0.26585   0.00485
   2304.6   0.26592   0.00472
   2305.6   0.26600   0.00475
   2306.7   0.26608   0.00483
   2307.7   0.26617   0.00489
   2308.7   0.26633   0.00486
   2309.8   0.26645   0.00482
   2310.8   0.26652   0.00478
   2311.8   0.26657   0.00488
   2312.9   0.26669   0.00497
   2313.9   0.26679   0.00493
   2314.9   0.26691   0.00488
   2315.9   0.26700   0.00483
   2317.0   0.26707   0.00491
   2318.0   0.26718   0.00491
   2319.1   0.26734   0.00486
   2320.1   0.26739   0.00488
   2321.1   0.26742   0.00486
   2322.2   0.26752   0.00481
   2323.2   0.26755   0.00472
   2324.3   0.26759   0.00474
   2325.3   0.26774   0.00478
   2326.3   0.26787   0.00489
   2327.4   0.26796   0.00491
   2328.4   0.26800   0.00475
   2329.5   0.26811   0.00472
   2330.5   0.26822   0.00476
   2331.6   0.26835   0.00479
   2332.6   0.26846   0.00485
   2333.7   0.26858   0.00484
   2334.7   0.26863   0.00482
   2335.8   0.26874   0.00480
   2336.8   0.26877   0.00482
   2337.9   0.26882   0.00489
   2338.9   0.26886   0.00492
   2340.0   0.26895   0.00490
   2341.0   0.26908   0.00487
   2342.1   0.26919   0.00482
   2343.2   0.26922   0.00480
   2344.2   0.26928   0.00481
   2345.3   0.26939   0.00472
   2346.3   0.26957   0.00472
   2347.4   0.26972   0.00486
   2348.5   0.26976   0.00490
   2349.5   0.26982   0.00488
   2350.6   0.27001   0.00490
   2351.7   0.27010   0.00491
   2352.7   0.27011   0.00495
   2353.8   0.27016   0.00492
   2354.9   0.27023   0.00474
   2355.9   0.27033   0.00467
   2357.0   0.27047   0.00472
   2358.1   0.27050   0.00481
   2359.1   0.27056   0.00478
   2360.2   0.27068   0.00472
   2361.3   0.27074   0.00477
   2362.4   0.27085   0.00477
   2363.4   0.27099   0.00467
   2364.5   0.27106   0.00461
   2365.6   0.27117   0.00471
   2366.7   0.27126   0.00472
   2367.8   0.27135   0.00477
   2368.9   0.27138   0.00481
   2369.9   0.27146   0.00475
   2371.0   0.27162   0.00465
   2372.1   0.27177   0.00464
   2373.2   0.27184   0.00467
   2374.3   0.27186   0.00469
   2375.4   0.27195   0.00476
   2376.4   0.27209   0.00480
   2377.5   0.27214   0.00476
   2378.6   0.27221   0.00468
   2379.7   0.27232   0.00468
   2380.8   0.27245   0.00475
   2381.9   0.27249   0.00483
   2383.0   0.27259   0.00483
   2384.1   0.27272   0.00469
   2385.2   0.27279   0.00464
   2386.3   0.27286   0.00469
   2387.4   0.27296   0.00471
   2388.5   0.27306   0.00477
   2389.6   0.27317   0.00477
   2390.7   0.27331   0.00468
   2391.8   0.27334   0.00460
   2392.9   0.27336   0.00462
   2394.0   0.27346   0.00464
   2395.1   0.27356   0.00466
   2396.2   0.27363   0.00472
   2397.3   0.27372   0.00467
   2398.4   0.27387   0.00464
   2399.6   0.27394   0.00465
   2400.7   0.27391   0.00474
   2401.8   0.27406   0.00470
   2402.9   0.27418   0.00471
   2404.0   0.27423   0.00474
   2405.1   0.27432   0.00468
   2406.2   0.27445   0.00460
   2407.4   0.27454   0.00459
   2408.5   0.27458   0.00467
   2409.6   0.27471   0.00473
   2410.7   0.27475   0.00469
   2411.8   0.27489   0.00471
   2412.9   0.27502   0.00470
   2414.1   0.27515   0.00467
   2415.2   0.27523   0.00468
   2416.3   0.27527   0.00469
   2417.4   0.27531   0.00464
   2418.6   0.27541   0.00464
   2419.7   0.27552   0.00470
   2420.8   0.27565   0.00464
   2422.0   0.27575   0.00462
   2423.1   0.27587   0.00466
   2424.2   0.27591   0.00470
   2425.4   0.27590   0.00467
   2426.5   0.27604   0.00462
   2427.6   0.27619   0.00465
   2428.8   0.27626   0.00465
   2429.9   0.27636   0.00464
   2431.1   0.27641   0.00468
   2432.2   0.27648   0.00474
   2433.3   0.27665   0.00473
   2434.5   0.27678   0.00468
   2435.6   0.27680   0.00465
   2436.8   0.27686   0.00457
   2437.9   0.27706   0.00459
   2439.1   0.27720   0.00466
   2440.2   0.27716   0.00462
   2441.4   0.27719   0.00456
   2442.5   0.27732   0.00456
   2443.6   0.27748   0.00460
   2444.8   0.27756   0.00469
   2446.0   0.27762   0.00468
   2447.1   0.27770   0.00462
   2448.3   0.27784   0.00463
   2449.4   0.27794   0.00467
   2450.6   0.27805   0.00460
   2451.7   0.27812   0.00461
   2452.9   0.27815   0.00459
   2454.1   0.27829   0.00449
   2455.2   0.27844   0.00446
   2456.4   0.27850   0.00455
   2457.6   0.27855   0.00458
   2458.7   0.27866   0.00454
   2459.9   0.27874   0.00453
   2461.1   0.27884   0.00455
   2462.2   0.27899   0.00454
   2463.4   0.27908   0.00458
   2464.6   0.27915   0.00460
   2465.7   0.27927   0.00467
   2466.9   0.27936   0.00465
   2468.1   0.27942   0.00456
   2469.3   0.27951   0.00450
   2470.4   0.27959   0.00443
   2471.6   0.27968   0.00446
   2472.8   0.27977   0.00451
   2474.0   0.27989   0.00457
   2475.1   0.28000   0.00456
   2476.3   0.28004   0.00449
   2477.5   0.28010   0.00450
   2478.7   0.28028   0.00447
   2479.9   0.28045   0.00446
   2481.1   0.28054   0.00446
   2482.3   0.28061   0.00451
   2483.4   0.28071   0.00451
   2484.6   0.28076   0.00449
   2485.8   0.28086   0.00448
   2487.0   0.28098   0.00446
   2488.2   0.28106   0.00450
   2489.4   0.28112   0.00458
   2490.6   0.28125   0.00460
   2491.8   0.28135   0.00458
   2493.0   0.28142   0.00452
   2494.2   0.28151   0.00446
   2495.4   0.28162   0.00449
   2496.6   0.28170   0.00447
   2497.8   0.28177   0.00450
   2499.0   0.28184   0.00458
   2500.2   0.28194   0.00458
   2501.4   0.28202   0.00454
   2502.6   0.28217   0.00446
   2503.8   0.28225   0.00442
   2505.0   0.28232   0.00445
   2506.3   0.28240   0.00445
   2507.5   0.28251   0.00444
   2508.7   0.28263   0.00437
   2509.9   0.28276   0.00444
   2511.1   0.28288   0.00448
   2512.3   0.28295   0.00443
   2513.5   0.28305   0.00443
   2514.8   0.28315   0.00446
   2516.0   0.28319   0.00445
   2517.2   0.28328   0.00453
   2518.4   0.28341   0.00452
   2519.6   0.28353   0.00437
   2520.9   0.28361   0.00435
   2522.1   0.28365   0.00437
   2523.3   0.28372   0.00430
   2524.6   0.28387   0.00435
   2525.8   0.28394   0.00443
   2527.0   0.28401   0.00444
   2528.3   0.28416   0.00435
   2529.5   0.28423   0.00431
   2530.7   0.28427   0.00436
   2531.9   0.28436   0.00434
   2533.2   0.28445   0.00437
   2534.4   0.28458   0.00438
   2535.7   0.28466   0.00435
   2536.9   0.28472   0.00432
   2538.1   0.28480   0.00427
   2539.4   0.28490   0.00434
   2540.6   0.28500   0.00445
   2541.9   0.28515   0.00443
   2543.1   0.28527   0.00434
   2544.4   0.28534   0.00435
   2545.6   0.28536   0.00440
   2546.9   0.28543   0.00443
   2548.1   0.28555   0.00443
   2549.4   0.28565   0.00443
   2550.6   0.28575   0.00441
   2551.9   0.28579   0.00441
   2553.1   0.28583   0.00431
   2554.4   0.28593   0.00424
   2555.7   0.28604   0.00427
   2556.9   0.28613   0.00431
   2558.2   0.28622   0.00428
   2559.4   0.28632   0.00435
   2560.7   0.28644   0.00436
   2562.0   0.28656   0.00429
   2563.2   0.28668   0.00430
   2564.5   0.28680   0.00434
   2565.8   0.28684   0.00429
   2567.1   0.28688   0.00426
   2568.3   0.28693   0.00420
   2569.6   0.28706   0.00414
   2570.9   0.28709   0.00418
   2572.1   0.28722   0.00419
   2573.4   0.28745   0.00419
   2574.7   0.28745   0.00428
   2576.0   0.28752   0.00428
   2577.3   0.28764   0.00423
   2578.5   0.28771   0.00426
   2579.8   0.28783   0.00429
   2581.1   0.28795   0.00426
   2582.4   0.28802   0.00419
   2583.7   0.28822   0.00418
   2585.0   0.28824   0.00427
   2586.3   0.28828   0.00423
   2587.5   0.28840   0.00415
   2588.8   0.28840   0.00426
   2590.1   0.28845   0.00425
   2591.4   0.28852   0.00419
   2592.7   0.28876   0.00419
   2594.0   0.28918   0.00415
   2595.3   0.28930   0.00412
   2596.6   0.28901   0.00423
   2597.9   0.28894   0.00422
   2599.2   0.28902   0.00415
   2600.5   0.28917   0.00410
   2601.8   0.28925   0.00411
   2603.1   0.28940   0.00410
   2604.4   0.28955   0.00412
   2605.7   0.28965   0.00422
   2607.1   0.28969   0.00427
   2608.4   0.28970   0.00425
   2609.7   0.28977   0.00416
   2611.0   0.28984   0.00419
   2612.3   0.28990   0.00417
   2613.6   0.29003   0.00411
   2614.9   0.29008   0.00407
   2616.3   0.29033   0.00406
   2617.6   0.29041   0.00412
   2618.9   0.29038   0.00410
   2620.2   0.29055   0.00401
   2621.6   0.29045   0.00415
   2622.9   0.29044   0.00419
   2624.2   0.29060   0.00416
   2625.5   0.29076   0.00409
   2626.9   0.29090   0.00411
   2628.2   0.29083   0.00417
   2629.5   0.29106   0.00418
   2630.9   0.29127   0.00417
   2632.2   0.29113   0.00419
   2633.5   0.29122   0.00418
   2634.9   0.29128   0.00417
   2636.2   0.29124   0.00413
   2637.6   0.29132   0.00406
   2638.9   0.29139   0.00413
   2640.2   0.29150   0.00419
   2641.6   0.29162   0.00417
   2642.9   0.29169   0.00412
   2644.3   0.29174   0.00408
   2645.6   0.29183   0.00411
   2647.0   0.29185   0.00411
   2648.3   0.29189   0.00409
   2649.7   0.29195   0.00419
   2651.0   0.29212   0.00412
   2652.4   0.29226   0.00397
   2653.8   0.29222   0.00405
   2655.1   0.29226   0.00409
   2656.5   0.29231   0.00403
   2657.8   0.29232   0.00399
   2659.2   0.29246   0.00401
   2660.6   0.29250   0.00404
   2661.9   0.29258   0.00405
   2663.3   0.29269   0.00399
   2664.7   0.29291   0.00387
   2666.0   0.29296   0.00388
   2667.4   0.29294   0.00394
   2668.8   0.29288   0.00399
   2670.1   0.29312   0.00397
   2671.5   0.29298   0.00400
   2672.9   0.29278   0.00394
   2674.3   0.29290   0.00396
   2675.7   0.29301   0.00395
   2677.0   0.29299   0.00386
   2678.4   0.29292   0.00388
   2679.8   0.29289   0.00399
   2681.2   0.29274   0.00408
   2682.6   0.29271   0.00406
   2684.0   0.29271   0.00405
   2685.4   0.29266   0.00399
   2686.8   0.29266   0.00399
   2688.1   0.29261   0.00396
   2689.5   0.29258   0.00388
   2690.9   0.29250   0.00387
   2692.3   0.29250   0.00391
   2693.7   0.29255   0.00391
   2695.1   0.29242   0.00390
   2696.5   0.29216   0.00394
   2697.9   0.29194   0.00397
   2699.3   0.29187   0.00395
   2700.8   0.29177   0.00393
   2702.1   0.29157   0.00395
   2703.6   0.29136   0.00397
   2705.0   0.29122   0.00395
   2706.4   0.29101   0.00392
   2707.8   0.29085   0.00387
   2709.2   0.29078   0.00389
   2710.6   0.29069   0.00395
   2712.1   0.29031   0.00393
   2713.5   0.28988   0.00388
   2714.9   0.28964   0.00382
   2716.3   0.28940   0.00377
   2717.7   0.28928   0.00379
   2719.2   0.28927   0.00381
   2720.6   0.28914   0.00382
   2722.0   0.28843   0.00384
   2723.4   0.28803   0.00375
   2724.9   0.28771   0.00381
   2726.3   0.28714   0.00389
   2727.7   0.28667   0.00385
   2729.2   0.28630   0.00381
   2730.6   0.28589   0.00383
   2732.1   0.28544   0.00385
   2733.5   0.28506   0.00380
   2734.9   0.28471   0.00379
   2736.4   0.28418   0.00377
   2737.8   0.28378   0.00372
   2739.3   0.28344   0.00372
   2740.7   0.28290   0.00376
   2742.2   0.28221   0.00378
   2743.6   0.28161   0.00379
   2745.1   0.28108   0.00381
   2746.5   0.28059   0.00384
   2748.0   0.28010   0.00383
   2749.4   0.27958   0.00385
   2750.9   0.27905   0.00387
   2752.4   0.27857   0.00379
   2753.8   0.27811   0.00363
   2755.3   0.27775   0.00354
   2756.7   0.27702   0.00367
   2758.2   0.27631   0.00372
   2759.7   0.27578   0.00374
   2761.1   0.27539   0.00366
   2762.6   0.27505   0.00368
   2764.1   0.27449   0.00371
   2765.6   0.27393   0.00368
   2767.0   0.27354   0.00359
   2768.5   0.27307   0.00360
   2770.0   0.27259   0.00361
   2771.5   0.27207   0.00358
   2773.0   0.27158   0.00357
   2774.4   0.27113   0.00365
   2775.9   0.27074   0.00366
   2777.4   0.27030   0.00362
   2778.9   0.26987   0.00360
   2780.4   0.26950   0.00360
   2781.9   0.26915   0.00354
   2783.4   0.26871   0.00347
   2784.9   0.26839   0.00348
   2786.4   0.26813   0.00350
   2787.9   0.26777   0.00352
   2789.4   0.26737   0.00350
   2790.9   0.26704   0.00347
   2792.4   0.26670   0.00342
   2793.9   0.26637   0.00346
   2795.4   0.26610   0.00354
   2796.9   0.26579   0.00354
   2798.4   0.26546   0.00350
   2799.9   0.26521   0.00345
   2801.4   0.26499   0.00346
   2802.9   0.26478   0.00351
   2804.4   0.26446   0.00352
   2806.0   0.26418   0.00344
   2807.5   0.26397   0.00341
   2809.0   0.26375   0.00346
   2810.5   0.26347   0.00347
   2812.1   0.26327   0.00348
   2813.6   0.26311   0.00349
   2815.1   0.26295   0.00348
   2816.6   0.26274   0.00344
   2818.2   0.26253   0.00341
   2819.7   0.26235   0.00344
   2821.2   0.26218   0.00350
   2822.8   0.26198   0.00353
   2824.3   0.26179   0.00347
   2825.9   0.26162   0.00341
   2827.4   0.26154   0.00341
   2828.9   0.26140   0.00341
   2830.5   0.26120   0.00341
   2832.0   0.26104   0.00340
   2833.6   0.26094   0.00347
   2835.1   0.26082   0.00348
   2836.7   0.26069   0.00345
   2838.2   0.26054   0.00341
   2839.8   0.26041   0.00340
   2841.3   0.26032   0.00337
   2842.9   0.26020   0.00337
   2844.4   0.26007   0.00339
   2846.0   0.25996   0.00337
   2847.6   0.25982   0.00338
   2849.1   0.25967   0.00339
   2850.7   0.25953   0.00339
   2852.3   0.25943   0.00338
   2853.8   0.25938   0.00339
   2855.4   0.25931   0.00342
   2857.0   0.25924   0.00342
   2858.6   0.25912   0.00342
   2860.1   0.25898   0.00339
   2861.7   0.25886   0.00335
   2863.3   0.25874   0.00335
   2864.9   0.25873   0.00337
   2866.5   0.25863   0.00339
   2868.1   0.25848   0.00339
   2869.6   0.25836   0.00340
   2871.2   0.25834   0.00342
   2872.8   0.25827   0.00338
   2874.4   0.25817   0.00334
   2876.0   0.25813   0.00337
   2877.6   0.25807   0.00339
   2879.2   0.25796   0.00338
   2880.8   0.25789   0.00340
   2882.4   0.25779   0.00340
   2884.0   0.25773   0.00341
   2885.6   0.25770   0.00338
   2887.2   0.25766   0.00336
   2888.8   0.25756   0.00339
   2890.4   0.25752   0.00332
   2892.0   0.25745   0.00324
   2893.7   0.25740   0.00333
   2895.3   0.25732   0.00335
   2896.9   0.25729   0.00331
   2898.5   0.25731   0.00330
   2900.1   0.25730   0.00333
   2901.8   0.25726   0.00334
   2903.4   0.25721   0.00335
   2905.0   0.25716   0.00335
   2906.6   0.25713   0.00331
   2908.3   0.25707   0.00329
   2909.9   0.25698   0.00326
   2911.5   0.25694   0.00324
   2913.2   0.25697   0.00324
   2914.8   0.25697   0.00329
   2916.4   0.25697   0.00335
   2918.1   0.25699   0.00337
   2919.7   0.25697   0.00333
   2921.4   0.25695   0.00327
   2923.0   0.25695   0.00328
   2924.7   0.25696   0.00328
   2926.3   0.25699   0.00324
   2928.0   0.25697   0.00325
   2929.6   0.25694   0.00326
   2931.3   0.25696   0.00326
   2932.9   0.25696   0.00328
   2934.6   0.25695   0.00323
   2936.3   0.25700   0.00320
   2937.9   0.25704   0.00324
   2939.6   0.25704   0.00330
   2941.3   0.25702   0.00329
   2942.9   0.25710   0.00328
   2944.6   0.25718   0.00329
   2946.3   0.25719   0.00330
   2947.9   0.25714   0.00327
   2949.6   0.25717   0.00325
   2951.3   0.25730   0.00327
   2953.0   0.25738   0.00329
   2954.7   0.25739   0.00331
   2956.3   0.25738   0.00329
   2958.0   0.25743   0.00328
   2959.7   0.25750   0.00326
   2961.4   0.25752   0.00326
   2963.1   0.25757   0.00327
   2964.8   0.25763   0.00320
   2966.5   0.25767   0.00321
   2968.2   0.25766   0.00329
   2969.9   0.25774   0.00327
   2971.6   0.25783   0.00324
   2973.3   0.25794   0.00331
   2975.0   0.25802   0.00329
   2976.7   0.25810   0.00331
   2978.4   0.25818   0.00333
   2980.1   0.25828   0.00328
   2981.8   0.25834   0.00325
   2983.6   0.25841   0.00327
   2985.3   0.25846   0.00326
   2987.0   0.25858   0.00322
   2988.7   0.25875   0.00322
   2990.4   0.25888   0.00325
   2992.2   0.25897   0.00324
   2993.9   0.25907   0.00326
   2995.6   0.25917   0.00329
   2997.4   0.25939   0.00329
   2999.1   0.25955   0.00326
   3000.8   0.25966   0.00324
   3002.6   0.25978   0.00323
   3004.3   0.25995   0.00325
   3006.0   0.26003   0.00330
   3007.8   0.26012   0.00327
   3009.5   0.26028   0.00322
   3011.3   0.26041   0.00324
   3013.0   0.26053   0.00327
   3014.8   0.26068   0.00324
   3016.5   0.26084   0.00321
   3018.3   0.26096   0.00327
   3020.1   0.26106   0.00328
   3021.8   0.26114   0.00322
   3023.6   0.26118   0.00322
   3025.3   0.26126   0.00328
   3027.1   0.26145   0.00331
   3028.9   0.26169   0.00329
   3030.6   0.26186   0.00326
   3032.4   0.26196   0.00327
   3034.2   0.26205   0.00329
   3036.0   0.26221   0.00328
   3037.7   0.26235   0.00329
   3039.5   0.26252   0.00330
   3041.3   0.26266   0.00328
   3043.1   0.26278   0.00329
   3044.9   0.26290   0.00331
   3046.7   0.26301   0.00330
   3048.5   0.26312   0.00334
   3050.3   0.26325   0.00336
   3052.1   0.26339   0.00336
   3053.8   0.26352   0.00337
   3055.6   0.26359   0.00336
   3057.4   0.26368   0.00333
   3059.3   0.26384   0.00330
   3061.1   0.26400   0.00330
   3062.9   0.26413   0.00329
   3064.7   0.26427   0.00329
   3066.5   0.26438   0.00328
   3068.3   0.26446   0.00329
   3070.1   0.26455   0.00334
   3071.9   0.26470   0.00336
   3073.8   0.26487   0.00333
   3075.6   0.26500   0.00330
   3077.4   0.26517   0.00329
   3079.2   0.26527   0.00331
   3081.1   0.26537   0.00333
   3082.9   0.26552   0.00331
   3084.7   0.26568   0.00332
   3086.6   0.26582   0.00336
   3088.4   0.26590   0.00336
   3090.2   0.26603   0.00333
   3092.1   0.26615   0.00330
   3093.9   0.26634   0.00333
   3095.8   0.26649   0.00335
   3097.6   0.26662   0.00337
   3099.5   0.26681   0.00334
   3101.3   0.26700   0.00332
   3103.2   0.26717   0.00336
   3105.1   0.26735   0.00342
   3106.9   0.26751   0.00346
   3108.8   0.26770   0.00341
   3110.6   0.26785   0.00336
   3112.5   0.26800   0.00338
   3114.4   0.26818   0.00341
   3116.2   0.26835   0.00339
   3118.1   0.26852   0.00338
   3120.0   0.26869   0.00342
   3121.9   0.26888   0.00346
   3123.8   0.26909   0.00345
   3125.6   0.26929   0.00343
   3127.5   0.26950   0.00340
   3129.4   0.26971   0.00341
   3131.3   0.26989   0.00346
   3133.2   0.27008   0.00346
   3135.1   0.27029   0.00343
   3137.0   0.27049   0.00338
   3138.9   0.27071   0.00335
   3140.8   0.27093   0.00337
   3142.7   0.27114   0.00338
   3144.6   0.27135   0.00338
   3146.5   0.27155   0.00344
   3148.4   0.27172   0.00345
   3150.3   0.27196   0.00342
   3152.2   0.27219   0.00344
   3154.1   0.27239   0.00346
   3156.1   0.27259   0.00348
   3158.0   0.27283   0.00347
   3159.9   0.27306   0.00344
   3161.9   0.27325   0.00341
   3163.8   0.27344   0.00342
   3165.7   0.27367   0.00343
   3167.6   0.27389   0.00341
   3169.6   0.27408   0.00340
   3171.5   0.27422   0.00343
   3173.4   0.27443   0.00350
   3175.4   0.27471   0.00348
   3177.3   0.27495   0.00344
   3179.3   0.27518   0.00345
   3181.2   0.27540   0.00349
   3183.2   0.27557   0.00350
   3185.1   0.27572   0.00348
   3187.1   0.27595   0.00349
   3189.1   0.27625   0.00349
   3191.0   0.27649   0.00352
   3193.0   0.27668   0.00351
   3195.0   0.27685   0.00350
   3196.9   0.27707   0.00349
   3198.9   0.27731   0.00349
   3200.9   0.27752   0.00351
   3202.9   0.27767   0.00354
   3204.8   0.27778   0.00356
   3206.8   0.27795   0.00354
   3208.8   0.27816   0.00348
   3210.8   0.27843   0.00346
   3212.8   0.27871   0.00349
   3214.8   0.27893   0.00348
   3216.8   0.27911   0.00344
   3218.8   0.27933   0.00343
   3220.8   0.27957   0.00343
   3222.8   0.27975   0.00345
   3224.8   0.27995   0.00348
   3226.8   0.28018   0.00350
   3228.8   0.28044   0.00350
   3230.8   0.28068   0.00349
   3232.8   0.28085   0.00348
   3234.8   0.28095   0.00343
   3236.8   0.28112   0.00341
   3238.9   0.28138   0.00342
   3240.9   0.28157   0.00343
   3242.9   0.28170   0.00343
   3244.9   0.28190   0.00341
   3247.0   0.28201   0.00345
   3249.0   0.28218   0.00349
   3251.1   0.28250   0.00348
   3253.1   0.28279   0.00346
   3255.1   0.28297   0.00344
   3257.2   0.28315   0.00341
   3259.2   0.28330   0.00346
   3261.3   0.28350   0.00350
   3263.3   0.28374   0.00346
   3265.4   0.28391   0.00346
   3267.4   0.28410   0.00345
   3269.5   0.28429   0.00343
   3271.6   0.28447   0.00345
   3273.6   0.28468   0.00346
   3275.7   0.28487   0.00345
   3277.8   0.28503   0.00345
   3279.8   0.28521   0.00346
   3281.9   0.28540   0.00345
   3284.0   0.28551   0.00344
   3286.1   0.28566   0.00345
   3288.2   0.28584   0.00344
   3290.2   0.28607   0.00347
   3292.3   0.28629   0.00351
   3294.4   0.28643   0.00348
   3296.5   0.28655   0.00343
   3298.6   0.28673   0.00338
   3300.7   0.28689   0.00336
   3302.8   0.28706   0.00340
   3304.9   0.28720   0.00345
   3307.0   0.28734   0.00344
   3309.1   0.28749   0.00341
   3311.3   0.28759   0.00340
   3313.4   0.28769   0.00340
   3315.5   0.28776   0.00342
   3317.6   0.28773   0.00346
   3319.7   0.28776   0.00346
   3321.9   0.28790   0.00344
   3324.0   0.28807   0.00346
   3326.1   0.28816   0.00345
   3328.3   0.28826   0.00339
   3330.4   0.28835   0.00337
   3332.5   0.28843   0.00342
   3334.7   0.28844   0.00344
   3336.8   0.28842   0.00344
   3339.0   0.28840   0.00345
   3341.1   0.28826   0.00343
   3343.3   0.28814   0.00342
   3345.4   0.28807   0.00342
   3347.6   0.28790   0.00343
   3349.8   0.28771   0.00341
   3351.9   0.28746   0.00342
   3354.1   0.28717   0.00340
   3356.3   0.28683   0.00338
   3358.4   0.28644   0.00335
   3360.6   0.28599   0.00336
   3362.8   0.28546   0.00333
   3365.0   0.28483   0.00332
   3367.2   0.28415   0.00333
   3369.4   0.28347   0.00330
   3371.5   0.28301   0.00326
   3373.7   0.28281   0.00325
   3375.9   0.28286   0.00327
   3378.1   0.28317   0.00329
   3380.3   0.28371   0.00332
   3382.5   0.28437   0.00333
   3384.7   0.28503   0.00332
   3386.9   0.28551   0.00332
   3389.2   0.28579   0.00332
   3391.4   0.28578   0.00331
   3393.6   0.28541   0.00332
   3395.8   0.28477   0.00331
   3398.1   0.28398   0.00332
   3400.3   0.28302   0.00331
   3402.5   0.28197   0.00325
   3404.7   0.28086   0.00319
   3407.0   0.27978   0.00320
   3409.2   0.27876   0.00320
   3411.5   0.27783   0.00318
   3413.7   0.27713   0.00318
   3416.0   0.27687   0.00316
   3418.2   0.27711   0.00314
   3420.5   0.27796   0.00319
   3422.7   0.27929   0.00322
   3425.0   0.28086   0.00321
   3427.3   0.28245   0.00322
   3429.5   0.28394   0.00324
   3431.8   0.28517   0.00325
   3434.1   0.28624   0.00326
   3436.3   0.28717   0.00328
   3438.6   0.28794   0.00331
   3440.9   0.28857   0.00332
   3443.2   0.28915   0.00328
   3445.5   0.28970   0.00329
   3447.8   0.29022   0.00332
   3450.1   0.29073   0.00333
   3452.4   0.29121   0.00333
   3454.6   0.29168   0.00332
   3456.9   0.29210   0.00336
   3459.3   0.29242   0.00341
   3461.6   0.29270   0.00341
   3463.9   0.29288   0.00338
   3466.2   0.29292   0.00337
   3468.5   0.29287   0.00337
   3470.8   0.29271   0.00336
   3473.2   0.29252   0.00337
   3475.5   0.29243   0.00338
   3477.8   0.29240   0.00337
   3480.1   0.29240   0.00334
   3482.5   0.29249   0.00331
   3484.8   0.29252   0.00332
   3487.2   0.29231   0.00334
   3489.5   0.29196   0.00334
   3491.9   0.29148   0.00336
   3494.2   0.29093   0.00336
   3496.6   0.29027   0.00333
   3498.9   0.28981   0.00329
   3501.3   0.28983   0.00328
   3503.7   0.29038   0.00331
   3506.0   0.29150   0.00333
   3508.4   0.29298   0.00332
   3510.8   0.29451   0.00334
   3513.2   0.29597   0.00342
   3515.5   0.29730   0.00346
   3517.9   0.29844   0.00346
   3520.3   0.29929   0.00346
   3522.7   0.29995   0.00346
   3525.1   0.30057   0.00348
   3527.5   0.30114   0.00351
   3529.9   0.30159   0.00350
   3532.3   0.30198   0.00351
   3534.7   0.30232   0.00352
   3537.1   0.30267   0.00351
   3539.5   0.30299   0.00350
   3541.9   0.30326   0.00345
   3544.4   0.30355   0.00344
   3546.8   0.30383   0.00349
   3549.2   0.30408   0.00355
   3551.7   0.30435   0.00357
   3554.1   0.30456   0.00354
   3556.5   0.30477   0.00353
   3559.0   0.30500   0.00351
   3561.4   0.30524   0.00351
   3563.9   0.30544   0.00352
   3566.3   0.30563   0.00355
   3568.8   0.30578   0.00352
   3571.2   0.30595   0.00351
   3573.7   0.30610   0.00351
   3576.1   0.30632   0.00352
   3578.6   0.30649   0.00354
   3581.1   0.30665   0.00352
   3583.6   0.30680   0.00348
   3586.0   0.30696   0.00350
   3588.5   0.30713   0.00353
   3591.0   0.30735   0.00351
   3593.5   0.30748   0.00350
   3596.0   0.30762   0.00352
   3598.5   0.30775   0.00354
   3601.0   0.30788   0.00356
   3603.5   0.30800   0.00354
   3606.0   0.30816   0.00352
   3608.5   0.30830   0.00353
   3611.0   0.30842   0.00353
   3613.5   0.30852   0.00354
   3616.1   0.30866   0.00353
   3618.6   0.30878   0.00350
   3621.1   0.30891   0.00350
   3623.6   0.30903   0.00353
   3626.2   0.30917   0.00357
   3628.7   0.30927   0.00358
   3631.3   0.30942   0.00357
   3633.8   0.30953   0.00356
   3636.3   0.30964   0.00353
   3638.9   0.30973   0.00350
   3641.4   0.30983   0.00350
   3644.0   0.30995   0.00351
   3646.6   0.31008   0.00353
   3649.1   0.31017   0.00355
   3651.7   0.31028   0.00355
   3654.3   0.31036   0.00355
   3656.9   0.31051   0.00354
   3659.4   0.31064   0.00354
   3662.0   0.31077   0.00352
   3664.6   0.31090   0.00350
   3667.2   0.31100   0.00349
   3669.8   0.31112   0.00348
   3672.4   0.31126   0.00351
   3675.0   0.31140   0.00352
   3677.6   0.31157   0.00351
   3680.2   0.31170   0.00352
   3682.8   0.31182   0.00350
   3685.4   0.31194   0.00351
   3688.1   0.31208   0.00353
   3690.7   0.31224   0.00352
   3693.3   0.31236   0.00351
   3695.9   0.31244   0.00350
   3698.6   0.31259   0.00350
   3701.2   0.31270   0.00349
   3703.9   0.31280   0.00350
   3706.5   0.31291   0.00350
   3709.2   0.31305   0.00349
   3711.8   0.31317   0.00352
   3714.5   0.31328   0.00355
   3717.1   0.31337   0.00354
   3719.8   0.31348   0.00351
   3722.5   0.31358   0.00352
   3725.2   0.31368   0.00352
   3727.8   0.31377   0.00351
   3730.5   0.31388   0.00350
   3733.2   0.31398   0.00351
   3735.9   0.31412   0.00352
   3738.6   0.31423   0.00352
   3741.3   0.31433   0.00347
   3744.0   0.31444   0.00344
   3746.7   0.31455   0.00343
   3749.4   0.31466   0.00348
   3752.1   0.31476   0.00350
   3754.8   0.31486   0.00347
   3757.6   0.31497   0.00346
   3760.3   0.31506   0.00348
   3763.0   0.31516   0.00351
   3765.7   0.31524   0.00351
   3768.5   0.31534   0.00348
   3771.2   0.31541   0.00349
   3774.0   0.31547   0.00352
   3776.7   0.31556   0.00351
   3779.5   0.31568   0.00351
   3782.2   0.31575   0.00351
   3785.0   0.31584   0.00351
   3787.7   0.31591   0.00354
   3790.5   0.31598   0.00355
   3793.3   0.31605   0.00350
   3796.1   0.31614   0.00348
   3798.8   0.31621   0.00349
   3801.6   0.31627   0.00353
   3804.4   0.31633   0.00354
   3807.2   0.31643   0.00352
   3810.0   0.31648   0.00350
   3812.8   0.31655   0.00349
   3815.6   0.31662   0.00351
   3818.4   0.31671   0.00353
   3821.2   0.31679   0.00351
   3824.1   0.31685   0.00351
   3826.9   0.31688   0.00354
   3829.7   0.31695   0.00355
   3832.5   0.31700   0.00352
   3835.4   0.31707   0.00350
   3838.2   0.31713   0.00356
   3841.1   0.31720   0.00358
   3843.9   0.31725   0.00354
   3846.8   0.31731   0.00352
   3849.6   0.31735   0.00351
   3852.5   0.31741   0.00351
   3855.3   0.31745   0.00352
   3858.2   0.31751   0.00354
   3861.1   0.31754   0.00354
   3863.9   0.31760   0.00351
   3866.8   0.31766   0.00349
   3869.7   0.31770   0.00353
   3872.6   0.31773   0.00356
   3875.5   0.31780   0.00357
   3878.4   0.31783   0.00360
   3881.3   0.31787   0.00360
   3884.2   0.31792   0.00355
   3887.1   0.31798   0.00352
   3890.0   0.31798   0.00351
   3893.0   0.31804   0.00354
   3895.9   0.31810   0.00355
   3898.8   0.31816   0.00356
   3901.7   0.31817   0.00356
   3904.7   0.31818   0.00356
   3907.6   0.31819   0.00354
   3910.6   0.31821   0.00352
   3913.5   0.31823   0.00350
   3916.5   0.31826   0.00350
   3919.4   0.31828   0.00352
   3922.4   0.31832   0.00352
   3925.4   0.31830   0.00349
   3928.4   0.31834   0.00348
   3931.3   0.31835   0.00349
   3934.3   0.31834   0.00352
   3937.3   0.31837   0.00353
   3940.3   0.31843   0.00351
   3943.3   0.31842   0.00348
   3946.3   0.31843   0.00347
   3949.3   0.31842   0.00348
   3952.3   0.31844   0.00349
   3955.3   0.31845   0.00349
   3958.3   0.31843   0.00349
   3961.4   0.31841   0.00350
   3964.4   0.31842   0.00351
   3967.4   0.31841   0.00351
   3970.5   0.31845   0.00352
   3973.5   0.31845   0.00352
   3976.6   0.31846   0.00350
   3979.6   0.31846   0.00349
   3982.6   0.31848   0.00349
   3985.7   0.31846   0.00348
   3988.8   0.31849   0.00347
   3991.9   0.31849   0.00345
   3994.9   0.31850   0.00348
   3998.0   0.31849   0.00348
   4001.1   0.31850   0.00349
   4004.2   0.31848   0.00352
   4007.3   0.31850   0.00349
   4010.4   0.31852   0.00346
   4013.5   0.31854   0.00349
   4016.6   0.31854   0.00350
   4019.7   0.31857   0.00345
   4022.8   0.31857   0.00344
   4025.9   0.31858   0.00345
   4029.1   0.31856   0.00343
   4032.2   0.31854   0.00340
   4035.3   0.31854   0.00343
   4038.5   0.31855   0.00345
   4041.6   0.31853   0.00343
   4044.8   0.31856   0.00343
   4047.9   0.31855   0.00344
   4051.1   0.31853   0.00342
   4054.3   0.31848   0.00338
   4057.4   0.31850   0.00340
   4060.6   0.31850   0.00340
   4063.8   0.31848   0.00338
   4067.0   0.31845   0.00338
   4070.2   0.31846   0.00338
   4073.4   0.31845   0.00337
   4076.6   0.31846   0.00334
   4079.8   0.31842   0.00335
   4083.0   0.31838   0.00335
   4086.2   0.31838   0.00334
   4089.4   0.31839   0.00333
   4092.7   0.31835   0.00335
   4095.9   0.31834   0.00335
   4099.1   0.31831   0.00333
   4102.4   0.31832   0.00334
   4105.6   0.31828   0.00335
   4108.9   0.31826   0.00332
   4112.1   0.31822   0.00330
   4115.4   0.31821   0.00331
   4118.7   0.31817   0.00330
   4122.0   0.31817   0.00330
   4125.2   0.31814   0.00331
   4128.5   0.31814   0.00333
   4131.8   0.31809   0.00333
   4135.1   0.31804   0.00331
   4138.4   0.31801   0.00336
   4141.7   0.31801   0.00336
   4145.0   0.31798   0.00334
   4148.3   0.31796   0.00335
   4151.6   0.31790   0.00338
   4155.0   0.31790   0.00338
   4158.3   0.31784   0.00341
   4161.6   0.31780   0.00341
   4165.0   0.31779   0.00338
   4168.3   0.31779   0.00338
   4171.7   0.31774   0.00339
   4175.0   0.31771   0.00338
   4178.4   0.31764   0.00337
   4181.8   0.31763   0.00336
   4185.2   0.31758   0.00335
   4188.5   0.31754   0.00337
   4191.9   0.31743   0.00339
   4195.3   0.31726   0.00341
   4198.7   0.31698   0.00347
   4202.1   0.31659   0.00364
   4205.5   0.31609   0.00385
   4208.9   0.31556   0.00411
   4212.4   0.31498   0.00441
   4215.8   0.31442   0.00468
   4219.2   0.31391   0.00497
   4222.6   0.31352   0.00523
   4226.1   0.31313   0.00543
   4229.5   0.31282   0.00556
   4233.0   0.31258   0.00561
   4236.5   0.31244   0.00566
   4239.9   0.31237   0.00563
   4243.4   0.31243   0.00549
   4246.9   0.31258   0.00523
   4250.3   0.31301   0.00487
   4253.8   0.31369   0.00437
   4257.3   0.31413   0.00411
   4260.8   0.31356   0.00434
   4264.3   0.31272   0.00469
   4267.8   0.31229   0.00487
   4271.4   0.31213   0.00494
   4274.9   0.31200   0.00499
   4278.4   0.31190   0.00495
   4281.9   0.31180   0.00489
   4285.5   0.31172   0.00488
   4289.0   0.31149   0.00486
   4292.6   0.31138   0.00482
   4296.1   0.31134   0.00473
   4299.7   0.31128   0.00461
   4303.3   0.31111   0.00449
   4306.8   0.31102   0.00438
   4310.4   0.31098   0.00427
   4314.0   0.31103   0.00414
   4317.6   0.31105   0.00398
   4321.2   0.31104   0.00385
   4324.8   0.31098   0.00374
   4328.4   0.31098   0.00366
   4332.0   0.31095   0.00359
   4335.6   0.31092   0.00351
   4339.3   0.31086   0.00345
   4342.9   0.31080   0.00339
   4346.5   0.31065   0.00336
   4350.2   0.31055   0.00334
   4353.8   0.31042   0.00332
   4357.5   0.31031   0.00331
   4361.1   0.31012   0.00328
   4364.8   0.30998   0.00326
   4368.5   0.30983   0.00324
   4372.2   0.30969   0.00322
   4375.9   0.30950   0.00320
   4379.6   0.30937   0.00323
   4383.3   0.30920   0.00323
   4387.0   0.30904   0.00317
   4390.7   0.30885   0.00317
   4394.4   0.30871   0.00319
   4398.1   0.30856   0.00319
   4401.9   0.30845   0.00318
   4405.6   0.30831   0.00319
   4409.4   0.30823   0.00322
   4413.1   0.30810   0.00325
   4416.9   0.30804   0.00327
   4420.6   0.30798   0.00326
   4424.4   0.30790   0.00327
   4428.2   0.30779   0.00326
   4432.0   0.30774   0.00323
   4435.8   0.30765   0.00321
   4439.6   0.30760   0.00321
   4443.4   0.30751   0.00322
   4447.2   0.30744   0.00323
   4451.0   0.30734   0.00324
   4454.8   0.30725   0.00325
   4458.6   0.30715   0.00325
   4462.5   0.30705   0.00329
   4466.3   0.30690   0.00331
   4470.2   0.30678   0.00329
   4474.0   0.30659   0.00328
   4477.9   0.30644   0.00330
   4481.8   0.30624   0.00330
   4485.6   0.30606   0.00327
   4489.5   0.30585   0.00329
   4493.4   0.30566   0.00331
   4497.3   0.30543   0.00330
   4501.2   0.30522   0.00331
   4505.1   0.30498   0.00330
   4509.0   0.30477   0.00328
   4513.0   0.30453   0.00328
   4516.9   0.30427   0.00326
   4520.8   0.30396   0.00329
   4524.8   0.30370   0.00331
   4528.7   0.30339   0.00328
   4532.7   0.30310   0.00326
   4536.7   0.30277   0.00327
   4540.6   0.30247   0.00326
   4544.6   0.30213   0.00321
   4548.6   0.30181   0.00323
   4552.6   0.30147   0.00325
   4556.6   0.30117   0.00326
   4560.6   0.30082   0.00325
   4564.6   0.30048   0.00324
   4568.6   0.30009   0.00320
   4572.7   0.29974   0.00319
   4576.7   0.29934   0.00321
   4580.8   0.29894   0.00319
   4584.8   0.29850   0.00318
   4588.9   0.29809   0.00317
   4592.9   0.29765   0.00317
   4597.0   0.29722   0.00320
   4601.1   0.29671   0.00319
   4605.2   0.29620   0.00320
   4609.3   0.29566   0.00321
   4613.4   0.29515   0.00321
   4617.5   0.29457   0.00320
   4621.6   0.29402   0.00320
   4625.7   0.29342   0.00320
   4629.8   0.29285   0.00324
   4634.0   0.29226   0.00327
   4638.1   0.29172   0.00325
   4642.3   0.29116   0.00326
   4646.4   0.29064   0.00327
   4650.6   0.29014   0.00327
   4654.8   0.28968   0.00329
   4659.0   0.28919   0.00329
   4663.1   0.28877   0.00327
   4667.3   0.28830   0.00324
   4671.5   0.28789   0.00324
   4675.8   0.28745   0.00328
   4680.0   0.28702   0.00329
   4684.2   0.28652   0.00330
   4688.4   0.28608   0.00330
   4692.7   0.28561   0.00329
   4696.9   0.28514   0.00330
   4701.2   0.28462   0.00330
   4705.5   0.28413   0.00331
   4709.7   0.28361   0.00330
   4714.0   0.28313   0.00330
   4718.3   0.28261   0.00330
   4722.6   0.28210   0.00330
   4726.9   0.28155   0.00331
   4731.2   0.28105   0.00332
   4735.5   0.28053   0.00333
   4739.9   0.28004   0.00331
   4744.2   0.27951   0.00333
   4748.5   0.27904   0.00334
   4752.9   0.27854   0.00335
   4757.3   0.27806   0.00334
   4761.6   0.27758   0.00333
   4766.0   0.27716   0.00336
   4770.4   0.27672   0.00338
   4774.8   0.27632   0.00337
   4779.2   0.27588   0.00334
   4783.6   0.27549   0.00332
   4788.0   0.27505   0.00332
   4792.4   0.27468   0.00336
   4796.9   0.27425   0.00337
   4801.3   0.27382   0.00334
   4805.8   0.27336   0.00333
   4810.2   0.27293   0.00333
   4814.7   0.27242   0.00333
   4819.1   0.27195   0.00333
   4823.6   0.27146   0.00332
   4828.1   0.27098   0.00331
   4832.6   0.27044   0.00329
   4837.1   0.26993   0.00328
   4841.6   0.26935   0.00329
   4846.2   0.26883   0.00331
   4850.7   0.26825   0.00330
   4855.3   0.26770   0.00332
   4859.8   0.26715   0.00333
   4864.4   0.26663   0.00333
   4868.9   0.26604   0.00330
   4873.5   0.26550   0.00331
   4878.1   0.26491   0.00333
   4882.7   0.26433   0.00332
   4887.3   0.26375   0.00328
   4891.9   0.26318   0.00327
   4896.5   0.26257   0.00328
   4901.1   0.26196   0.00330
   4905.8   0.26133   0.00331
   4910.4   0.26075   0.00331
   4915.1   0.26009   0.00332
   4919.7   0.25946   0.00332
   4924.4   0.25881   0.00331
   4929.1   0.25818   0.00331
   4933.8   0.25753   0.00331
   4938.5   0.25691   0.00332
   4943.2   0.25623   0.00331
   4947.9   0.25561   0.00331
   4952.6   0.25493   0.00333
   4957.4   0.25431   0.00334
   4962.1   0.25366   0.00333
   4966.9   0.25304   0.00332
   4971.6   0.25237   0.00331
   4976.4   0.25175   0.00330
   4981.2   0.25109   0.00333
   4986.0   0.25047   0.00333
   4990.8   0.24982   0.00332
   4995.6   0.24921   0.00334
   5000.4   0.24852   0.00333
   5005.2   0.24787   0.00333
   5010.0   0.24719   0.00334
   5014.9   0.24656   0.00333
   5019.8   0.24589   0.00331
   5024.6   0.24522   0.00333
   5029.5   0.24450   0.00335
   5034.4   0.24384   0.00334
   5039.3   0.24317   0.00333
   5044.2   0.24253   0.00335
   5049.1   0.24187   0.00335
   5054.0   0.24125   0.00335
   5058.9   0.24060   0.00336
   5063.9   0.24000   0.00334
   5068.8   0.23938   0.00333
   5073.8   0.23881   0.00334
   5078.8   0.23822   0.00335
   5083.7   0.23767   0.00338
   5088.7   0.23708   0.00341
   5093.7   0.23650   0.00343
   5098.7   0.23587   0.00342
   5103.7   0.23527   0.00341
   5108.8   0.23463   0.00339
   5113.8   0.23401   0.00339
   5118.9   0.23332   0.00342
   5123.9   0.23262   0.00344
   5129.0   0.23188   0.00341
   5134.1   0.23116   0.00340
   5139.1   0.23038   0.00341
   5144.3   0.22965   0.00338
   5149.4   0.22889   0.00336
   5154.5   0.22814   0.00337
   5159.6   0.22737   0.00337
   5164.7   0.22669   0.00338
   5169.9   0.22598   0.00339
   5175.0   0.22530   0.00340
   5180.2   0.22462   0.00338
   5185.4   0.22398   0.00335
   5190.6   0.22331   0.00332
   5195.8   0.22275   0.00331
   5201.0   0.22214   0.00330
   5206.2   0.22153   0.00331
   5211.5   0.22094   0.00332
   5216.7   0.22037   0.00329
   5222.0   0.21974   0.00326
   5227.2   0.21918   0.00326
   5232.5   0.21858   0.00326
   5237.8   0.21801   0.00327
   5243.1   0.21737   0.00326
   5248.4   0.21678   0.00324
   5253.7   0.21613   0.00324
   5259.0   0.21549   0.00326
   5264.4   0.21485   0.00326
   5269.7   0.21424   0.00320
   5275.1   0.21359   0.00315
   5280.5   0.21298   0.00316
   5285.8   0.21236   0.00317
   5291.2   0.21182   0.00317
   5296.6   0.21125   0.00317
   5302.0   0.21073   0.00315
   5307.5   0.21023   0.00314
   5312.9   0.20979   0.00313
   5318.4   0.20932   0.00310
   5323.8   0.20893   0.00313
   5329.3   0.20851   0.00315
   5334.8   0.20810   0.00312
   5340.3   0.20766   0.00309
   5345.8   0.20726   0.00307
   5351.3   0.20677   0.00307
   5356.8   0.20622   0.00309
   5362.4   0.20559   0.00308
   5367.9   0.20499   0.00309
   5373.5   0.20434   0.00308
   5379.0   0.20372   0.00307
   5384.6   0.20305   0.00307
   5390.2   0.20239   0.00306
   5395.8   0.20171   0.00305
   5401.5   0.20109   0.00305
   5407.1   0.20048   0.00305
   5412.7   0.19995   0.00304
   5418.4   0.19947   0.00302
   5424.1   0.19899   0.00300
   5429.7   0.19841   0.00300
   5435.4   0.19800   0.00300
   5441.1   0.19765   0.00298
   5446.9   0.19734   0.00297
   5452.6   0.19705   0.00297
   5458.3   0.19691   0.00295
   5464.1   0.19680   0.00292
   5469.8   0.19669   0.00292
   5475.6   0.19661   0.00290
   5481.4   0.19661   0.00290
   5487.2   0.19659   0.00293
   5493.0   0.19665   0.00295
   5498.8   0.19668   0.00295
   5504.7   0.19678   0.00291
   5510.5   0.19684   0.00287
   5516.4   0.19698   0.00285
   5522.3   0.19709   0.00286
   5528.1   0.19720   0.00292
   5534.0   0.19723   0.00294
   5540.0   0.19729   0.00292
   5545.9   0.19729   0.00290
   5551.8   0.19733   0.00288
   5557.8   0.19723   0.00289
   5563.7   0.19714   0.00287
   5569.7   0.19700   0.00283
   5575.7   0.19690   0.00282
   5581.7   0.19661   0.00283
   5587.7   0.19623   0.00285
   5593.7   0.19580   0.00283
   5599.8   0.19547   0.00282
   5605.8   0.19501   0.00286
   5611.9   0.19457   0.00285
   5618.0   0.19408   0.00282
   5624.1   0.19360   0.00280
   5630.2   0.19307   0.00277
   5636.3   0.19264   0.00275
   5642.4   0.19214   0.00275
   5648.6   0.19158   0.00277
   5654.7   0.19105   0.00275
   5660.9   0.19057   0.00270
   5667.1   0.19012   0.00271
   5673.3   0.18983   0.00272
   5679.5   0.18943   0.00269
   5685.7   0.18908   0.00266
   5692.0   0.18875   0.00267
   5698.2   0.18844   0.00269
   5704.5   0.18813   0.00267
   5710.8   0.18789   0.00266
   5717.1   0.18746   0.00270
   5723.4   0.18704   0.00273
   5729.7   0.18654   0.00272
   5736.0   0.18607   0.00271
   5742.4   0.18551   0.00270
   5748.8   0.18496   0.00270
   5755.1   0.18423   0.00271
   5761.5   0.18371   0.00272
   5768.0   0.18296   0.00274
   5774.4   0.18198   0.00272
   5780.8   0.18107   0.00270
   5787.3   0.18017   0.00269
   5793.7   0.17919   0.00266
   5800.2   0.17826   0.00267
   5806.7   0.17724   0.00268
   5813.2   0.17640   0.00269
   5819.8   0.17554   0.00267
   5826.3   0.17447   0.00266
   5832.8   0.17329   0.00263
   5839.4   0.17220   0.00264
   5846.0   0.17110   0.00264
   5852.6   0.17012   0.00262
   5859.2   0.16909   0.00260
   5865.8   0.16802   0.00259
   5872.5   0.16695   0.00259
   5879.1   0.16613   0.00257
   5885.8   0.16484   0.00259
   5892.5   0.16374   0.00258
   5899.2   0.16252   0.00257
   5905.9   0.16121   0.00255
   5912.6   0.16003   0.00256
   5919.4   0.15885   0.00256
   5926.2   0.15764   0.00255
   5932.9   0.15660   0.00257
   5939.7   0.15519   0.00258
   5946.5   0.15371   0.00255
   5953.4   0.15234   0.00251
   5960.2   0.15109   0.00250
   5967.1   0.14986   0.00247
   5974.0   0.14851   0.00246
   5980.8   0.14726   0.00245
   5987.8   0.14617   0.00245
   5994.7   0.14496   0.00246
   6001.6   0.14391   0.00246
   6008.6   0.14301   0.00243
   6015.5   0.14221   0.00240
   6022.5   0.14138   0.00238
   6029.5   0.14072   0.00237
   6036.5   0.14015   0.00237
   6043.6   0.13993   0.00237
   6050.6   0.13956   0.00240
   6057.7   0.13889   0.00238
   6064.8   0.13848   0.00236
   6071.9   0.13826   0.00236
   6079.0   0.13782   0.00237
   6086.1   0.13740   0.00235
   6093.3   0.13702   0.00235
   6100.5   0.13666   0.00236
   6107.6   0.13631   0.00238
   6114.8   0.13590   0.00239
   6122.1   0.13525   0.00236
   6129.3   0.13471   0.00236
   6136.5   0.13420   0.00238
   6143.8   0.13371   0.00239
   6151.1   0.13320   0.00237
   6158.4   0.13276   0.00237
   6165.7   0.13220   0.00236
   6173.1   0.13172   0.00233
   6180.4   0.13138   0.00235
   6187.8   0.13100   0.00235
   6195.2   0.13047   0.00234
   6202.6   0.13009   0.00233
   6210.0   0.12972   0.00231
   6217.5   0.12942   0.00232
   6225.0   0.12911   0.00232
   6232.4   0.12883   0.00231
   6239.9   0.12858   0.00231
   6247.5   0.12841   0.00231
   6255.0   0.12819   0.00230
   6262.5   0.12803   0.00228
   6270.1   0.12791   0.00227
   6277.7   0.12786   0.00229
   6285.3   0.12785   0.00229
   6293.0   0.12792   0.00226
   6300.6   0.12810   0.00223
   6308.3   0.12843   0.00220
   6315.9   0.12881   0.00221
   6323.6   0.12925   0.00223
   6331.4   0.12968   0.00222
   6339.1   0.13030   0.00220
   6346.9   0.13095   0.00223
   6354.6   0.13139   0.00223
   6362.4   0.13195   0.00222
   6370.3   0.13263   0.00223
   6378.1   0.13314   0.00220
   6385.9   0.13360   0.00217
   6393.8   0.13407   0.00220
   6401.7   0.13457   0.00220
   6409.6   0.13521   0.00216
   6417.5   0.13560   0.00219
   6425.5   0.13565   0.00219
   6433.5   0.13578   0.00217
   6441.5   0.13581   0.00219
   6449.5   0.13588   0.00219
   6457.5   0.13588   0.00215
   6465.6   0.13586   0.00210
   6473.6   0.13585   0.00210
   6481.7   0.13583   0.00211
   6489.8   0.13582   0.00211
   6498.0   0.13567   0.00213
   6506.1   0.13536   0.00213
   6514.3   0.13523   0.00209
   6522.5   0.13512   0.00209
   6530.7   0.13488   0.00209
   6539.0   0.13463   0.00210
   6547.2   0.13440   0.00210
   6555.5   0.13414   0.00211
   6563.8   0.13391   0.00209
   6572.1   0.13365   0.00203
   6580.4   0.13320   0.00202
   6588.8   0.13276   0.00202
   6597.2   0.13241   0.00202
   6605.6   0.13203   0.00201
   6614.0   0.13170   0.00201
   6622.5   0.13143   0.00199
   6630.9   0.13131   0.00195
   6639.4   0.13111   0.00197
   6647.9   0.13069   0.00200
   6656.5   0.13038   0.00196
   6665.0   0.13025   0.00190
   6673.6   0.13013   0.00186
   6682.2   0.13001   0.00188
   6690.8   0.12982   0.00191
   6699.5   0.12967   0.00193
   6708.1   0.12954   0.00193
   6716.8   0.12934   0.00191
   6725.5   0.12906   0.00189
   6734.3   0.12876   0.00190
   6743.0   0.12840   0.00190
   6751.8   0.12803   0.00186
   6760.6   0.12760   0.00183
   6769.4   0.12720   0.00183
   6778.3   0.12671   0.00183
   6787.1   0.12618   0.00180
   6796.0   0.12545   0.00176
   6805.0   0.12472   0.00173
   6813.9   0.12416   0.00171
   6822.9   0.12374   0.00172
   6831.9   0.12328   0.00173
   6840.9   0.12286   0.00175
   6849.9   0.12257   0.00173
   6859.0   0.12240   0.00168
   6868.0   0.12206   0.00165
   6877.2   0.12163   0.00167
   6886.3   0.12133   0.00168
   6895.5   0.12106   0.00167
   6904.6   0.12079   0.00165
   6913.8   0.12048   0.00163
   6923.1   0.12012   0.00161
   6932.3   0.11977   0.00161
   6941.6   0.11938   0.00161
   6950.9   0.11905   0.00157
   6960.2   0.11868   0.00153
   6969.6   0.11815   0.00155
   6979.0   0.11759   0.00157
   6988.4   0.11707   0.00155
   6997.8   0.11650   0.00156
   7007.3   0.11592   0.00158
   7016.8   0.11533   0.00157
   7026.3   0.11475   0.00154
   7035.8   0.11419   0.00150
   7045.4   0.11365   0.00150
   7054.9   0.11296   0.00148
   7064.5   0.11233   0.00147
   7074.2   0.11171   0.00145
   7083.9   0.11114   0.00146
   7093.5   0.11054   0.00149
   7103.3   0.10997   0.00149
   7113.0   0.10937   0.00147
   7122.8   0.10875   0.00144
   7132.6   0.10808   0.00141
   7142.4   0.10743   0.00140
   7152.2   0.10668   0.00138
   7162.1   0.10595   0.00138
   7172.0   0.10515   0.00137
   7182.0   0.10430   0.00134
   7191.9   0.10343   0.00133
   7201.9   0.10260   0.00133
   7211.9   0.10169   0.00133
   7222.0   0.10077   0.00132
   7232.0   0.09980   0.00131
   7242.1   0.09887   0.00130
   7252.3   0.09799   0.00127
   7262.4   0.09716   0.00124
   7272.6   0.09631   0.00121
   7282.8   0.09546   0.00117
   7293.1   0.09458   0.00117
   7303.3   0.09371   0.00119
   7313.6   0.09276   0.00117
   7324.0   0.09190   0.00118
   7334.3   0.09098   0.00117
   7344.7   0.09004   0.00116
   7355.1   0.08903   0.00115
   7365.6   0.08805   0.00115
   7376.1   0.08705   0.00114
   7386.6   0.08609   0.00113
   7397.1   0.08509   0.00112
   7407.7   0.08413   0.00111
   7418.3   0.08312   0.00110
   7428.9   0.08218   0.00106
   7439.6   0.08118   0.00104
   7450.2   0.08021   0.00105
   7461.0   0.07918   0.00106
   7471.7   0.07818   0.00103
   7482.5   0.07712   0.00102
   7493.3   0.07610   0.00100
   7504.1   0.07499   0.00100
   7515.0   0.07390   0.00097
   7525.9   0.07275   0.00095
   7536.9   0.07165   0.00099
   7547.9   0.07048   0.00100
   7558.9   0.06935   0.00098
   7569.9   0.06817   0.00094
   7581.0   0.06701   0.00094
   7592.0   0.06580   0.00092
   7603.2   0.06462   0.00089
   7614.4   0.06339   0.00088
   7625.5   0.06220   0.00087
   7636.8   0.06093   0.00090
   7648.0   0.05965   0.00089
   7659.3   0.05830   0.00085
   7670.7   0.05701   0.00083
   7682.0   0.05565   0.00084
   7693.4   0.05430   0.00083
   7704.9   0.05288   0.00081
   7716.3   0.05150   0.00080
   7727.8   0.05007   0.00078
   7739.4   0.04866   0.00077
   7750.9   0.04718   0.00076
   7762.5   0.04578   0.00076
   7774.2   0.04434   0.00073
   7785.8   0.04293   0.00073
   7797.5   0.04147   0.00073
   7809.3   0.04007   0.00074
   7821.1   0.03861   0.00075
   7832.9   0.03720   0.00076
   7844.7   0.03576   0.00075
   7856.6   0.03437   0.00072
   7868.5   0.03294   0.00072
   7880.5   0.03155   0.00072
   7892.5   0.03010   0.00072
   7904.5   0.02873   0.00074
   7916.6   0.02733   0.00072
   7928.7   0.02607   0.00068
   7940.8   0.02482   0.00067
   7953.0   0.02367   0.00068
   7965.2   0.02248   0.00067
   7977.5   0.02139   0.00065
   7989.8   0.02029   0.00062
   8002.1   0.01928   0.00063
   8014.5   0.01825   0.00062
   8026.9   0.01735   0.00063
   8039.3   0.01643   0.00061
   8051.8   0.01563   0.00060
   8064.3   0.01482   0.00060
   8076.9   0.01414   0.00064
   8089.5   0.01346   0.00062
   8102.1   0.01293   0.00060
   8114.8   0.01241   0.00059
   8127.5   0.01197   0.00059
   8140.3   0.01152   0.00059
   8153.1   0.01124   0.00057
   8165.9   0.01098   0.00058
   8178.8   0.01082   0.00062
   8191.7   0.01066   0.00057
   8204.7   0.01062   0.00056
   8217.7   0.01059   0.00058
   8230.7   0.01070   0.00056
   8243.8   0.01079   0.00054
   8257.0   0.01101   0.00056
   8270.1   0.01121   0.00059
   8283.3   0.01147   0.00058
   8296.6   0.01169   0.00055
   8309.9   0.01199   0.00056
   8323.2   0.01226   0.00058
   8336.6   0.01255   0.00058
   8350.0   0.01276   0.00056
   8363.5   0.01300   0.00055
   8377.0   0.01315   0.00054
   8390.5   0.01333   0.00057
   8404.2   0.01346   0.00057
   8417.8   0.01365   0.00056
   8431.5   0.01376   0.00056
   8445.2   0.01392   0.00057
   8459.0   0.01401   0.00057
   8472.8   0.01411   0.00054
   8486.7   0.01408   0.00051
   8500.6   0.01407   0.00052
   8514.5   0.01403   0.00052
   8528.5   0.01404   0.00049
   8542.6   0.01399   0.00050
   8556.7   0.01399   0.00048
   8570.8   0.01394   0.00044
   8585.0   0.01394   0.00045
   8599.3   0.01385   0.00045
   8613.5   0.01379   0.00046
   8627.9   0.01369   0.00043
   8642.3   0.01365   0.00043
   8656.7   0.01357   0.00040
   8671.2   0.01352   0.00035
   8685.7   0.01340   0.00039
   8700.3   0.01338   0.00039
   8714.9   0.01336   0.00035
   8729.5   0.01337   0.00033
   8744.3   0.01330   0.00035
   8759.0   0.01325   0.00035
   8773.9   0.01311   0.00036
   8788.7   0.01307   0.00031
   8803.7   0.01299   0.00028
   8818.6   0.01296   0.00031
   8833.7   0.01289   0.00036
   8848.7   0.01287   0.00037
   8863.8   0.01280   0.00032
   8879.0   0.01279   0.00025
   8894.3   0.01274   0.00023
   8909.5   0.01275   0.00027
   8924.9   0.01272   0.00027
   8940.3   0.01274   0.00022
   8955.7   0.01274   0.00019
   8971.2   0.01279   0.00023
   8986.8   0.01280   0.00026
   9002.3   0.01286   0.00024
   9018.0   0.01281   0.00019
   9033.7   0.01280   0.00014
   9049.5   0.01271   0.00018
   9065.3   0.01265   0.00018
   9081.2   0.01254   0.00016
   9097.1   0.01245   0.00020
   9113.1   0.01227   0.00020
   9129.1   0.01212   0.00018
   9145.2   0.01192   0.00018
   9161.4   0.01175   0.00019
   9177.6   0.01157   0.00015
   9193.9   0.01148   0.00009
   9210.2   0.01138   0.00013
   9226.6   0.01135   0.00020
   9243.0   0.01135   0.00018
   9259.5   0.01138   0.00014
   9276.1   0.01135   0.00010
   9292.7   0.01137   0.00012
   9309.4   0.01135   0.00016
   9326.2   0.01138   0.00014
   9343.0   0.01138   0.00013
   9359.8   0.01146   0.00015
   9376.8   0.01149   0.00018
   9393.8   0.01159   0.00016
   9410.8   0.01167   0.00018
   9427.9   0.01181   0.00017
   9445.1   0.01191   0.00018
   9462.3   0.01210   0.00019
   9479.6   0.01227   0.00020
   9497.0   0.01249   0.00021
   9514.4   0.01269   0.00024
   9531.9   0.01294   0.00028
   9549.4   0.01313   0.00029
   9567.0   0.01334   0.00029
   9584.7   0.01351   0.00028
   9602.5   0.01367   0.00026
   9620.3   0.01379   0.00027
   9638.2   0.01394   0.00026
   9656.1   0.01400   0.00023
   9674.2   0.01405   0.00022
   9692.2   0.01404   0.00023
   9710.4   0.01409   0.00029
   9728.6   0.01409   0.00031
   9746.9   0.01410   0.00033
   9765.2   0.01410   0.00032
   9783.7   0.01413   0.00031
   9802.2   0.01408   0.00031
   9820.7   0.01403   0.00033
   9839.4   0.01397   0.00031
   9858.1   0.01393   0.00029
   9876.8   0.01387   0.00031
   9895.7   0.01390   0.00034
   9914.6   0.01389   0.00033
   9933.6   0.01394   0.00032
   9952.7   0.01399   0.00029
   9971.8   0.01406   0.00024
   9991.0   0.01411   0.00027
  10010.3   0.01421   0.00032
  10029.7   0.01428   0.00029
  10049.1   0.01442   0.00023
  10068.6   0.01454   0.00026
  10088.2   0.01470   0.00032
  10107.9   0.01484   0.00032
  10127.6   0.01501   0.00032
  10147.5   0.01511   0.00033
  10167.3   0.01522   0.00033
  10187.3   0.01528   0.00038
  10207.4   0.01542   0.00039
  10227.5   0.01554   0.00038
  10247.7   0.01574   0.00041
  10268.0   0.01602   0.00043
  10288.4   0.01638   0.00043
  10308.8   0.01668   0.00039
  10329.4   0.01700   0.00037
  10350.0   0.01724   0.00040
  10370.7   0.01754   0.00038
  10391.5   0.01785   0.00038
  10412.3   0.01820   0.00038
  10433.3   0.01845   0.00038
  10454.3   0.01868   0.00041
  10475.4   0.01886   0.00045
  10496.7   0.01906   0.00046
  10517.9   0.01923   0.00042
  10539.3   0.01943   0.00046
  10560.8   0.01955   0.00051
  10582.3   0.01975   0.00052
  10604.0   0.01993   0.00050
  10625.7   0.02012   0.00054
  10647.5   0.02019   0.00051
  10669.4   0.02026   0.00046
  10691.4   0.02035   0.00050
  10713.5   0.02052   0.00056
  10735.7   0.02067   0.00057
  10758.0   0.02080   0.00056
  10780.3   0.02084   0.00054
  10802.8   0.02090   0.00051
  10825.4   0.02089   0.00050
  10848.0   0.02086   0.00052
  10870.8   0.02076   0.00047
  10893.6   0.02070   0.00047
  10916.5   0.02067   0.00054
  10939.5   0.02069   0.00056
  10962.7   0.02065   0.00054
  10985.9   0.02062   0.00057
  11009.2   0.02059   0.00057
  11032.7   0.02060   0.00054
  11056.2   0.02064   0.00056
  11079.8   0.02080   0.00059
  11103.5   0.02093   0.00058
  11127.4   0.02103   0.00059
  11151.3   0.02114   0.00058
  11175.3   0.02135   0.00057
  11199.5   0.02152   0.00052
  11223.7   0.02172   0.00054
  11248.0   0.02195   0.00058
  11272.5   0.02231   0.00066
  11297.1   0.02270   0.00068
  11321.7   0.02311   0.00066
  11346.5   0.02353   0.00066
  11371.4   0.02406   0.00066
  11396.4   0.02450   0.00062
  11421.5   0.02494   0.00066
  11446.7   0.02534   0.00072
  11472.0   0.02571   0.00070
  11497.5   0.02607   0.00064
  11523.0   0.02648   0.00065
  11548.7   0.02682   0.00061
  11574.4   0.02720   0.00058
  11600.3   0.02751   0.00070
  11626.3   0.02785   0.00078
  11652.5   0.02824   0.00079
  11678.7   0.02866   0.00080
  11705.1   0.02900   0.00077
  11731.6   0.02935   0.00077
  11758.2   0.02971   0.00080
  11784.9   0.03015   0.00077
  11811.7   0.03055   0.00081
  11838.7   0.03089   0.00077
  11865.8   0.03117   0.00070
  11893.0   0.03151   0.00071
  11920.3   0.03186   0.00067
  11947.8   0.03228   0.00060
  11975.4   0.03276   0.00061
  12003.1   0.03328   0.00075
  12031.0   0.03382   0.00074
  12059.0   0.03440   0.00074
  12087.1   0.03492   0.00082
  12115.3   0.03546   0.00079
  12143.7   0.03595   0.00071
  12172.2   0.03642   0.00075
  12200.8   0.03686   0.00087
  12229.6   0.03723   0.00098
  12258.5   0.03735   0.00096
  12287.6   0.03733   0.00085
  12316.8   0.03722   0.00082
  12346.1   0.03706   0.00084
  12375.5   0.03672   0.00090
  12405.2   0.03623   0.00096
  12434.9   0.03560   0.00089
  12464.8   0.03492   0.00081
  12494.8   0.03408   0.00084
  12525.0   0.03314   0.00081
  12555.3   0.03216   0.00075
  12585.8   0.03124   0.00073
  12616.4   0.03023   0.00075
  12647.2   0.02909   0.00082
  12678.1   0.02777   0.00083
  12709.2   0.02635   0.00088
  12740.4   0.02482   0.00079
  12771.8   0.02327   0.00056
  12803.3   0.02175   0.00053
  12835.0   0.02041   0.00059
  12866.9   0.01931   0.00057
  12898.9   0.01856   0.00060
  12931.1   0.01800   0.00060
  12963.4   0.01762   0.00058
  12995.9   0.01726   0.00059
  13028.5   0.01699   0.00040
  13061.3   0.01673   0.00031
  13094.3   0.01639   0.00043
  13127.5   0.01603   0.00051
  13160.8   0.01588   0.00040
  13194.3   0.01583   0.00034
  13228.0   0.01588   0.00042
  13261.8   0.01598   0.00043
  13295.8   0.01616   0.00042
  13330.0   0.01637   0.00039
  13364.3   0.01657   0.00040
  13398.8   0.01668   0.00041
  13433.6   0.01659   0.00044
  13468.5   0.01625   0.00054
  13503.5   0.01586   0.00055
  13538.8   0.01535   0.00052
  13574.2   0.01487   0.00047
  13609.9   0.01452   0.00041
  13645.7   0.01452   0.00042
  13681.7   0.01469   0.00066
  13717.9   0.01470   0.00066
  13754.3   0.01465   0.00044
  13790.8   0.01483   0.00043
  13827.6   0.01512   0.00058
  13864.6   0.01560   0.00058
  13901.8   0.01600   0.00039
  13939.2   0.01627   0.00035
  13976.7   0.01647   0.00039
  14014.5   0.01649   0.00046
  14052.5   0.01633   0.00047
  14090.7   0.01601   0.00048
  14129.0   0.01549   0.00054
  14167.6   0.01492   0.00057
  14206.5   0.01432   0.00053
  14245.5   0.01381   0.00042
  14284.7   0.01341   0.00027
  14324.2   0.01317   0.00026
  14363.9   0.01293   0.00031
  14403.8   0.01264   0.00032
  14443.9   0.01232   0.00020
  14484.3   0.01213   0.00011
  14524.8   0.01181   0.00009
  14565.6   0.01149   0.00020
  14606.7   0.01131   0.00035
  14647.9   0.01121   0.00037
  14689.4   0.01106   0.00009
  14731.2   0.01100   0.00000
  14773.1   0.01086   0.00012
  14815.3   0.01079   0.00024
  14857.8   0.01087   0.00042
  14900.5   0.01100   0.00041
  14943.4   0.01107   0.00026
  14986.6   0.01136   0.00025
  15030.0   0.01164   0.00033
  15073.7   0.01191   0.00031
  15117.7   0.01254   0.00018
  15161.9   0.01313   0.00004
  15206.3   0.01339   0.00030
  15251.1   0.01367   0.00039
  15296.1   0.01399   0.00022
  15341.3   0.01427   0.00020
  15386.8   0.01428   0.00029
  15432.6   0.01435   0.00031
  15478.7   0.01434   0.00003
  15525.0   0.01430   0.00002
  15571.7   0.01425   0.00018
  15618.6   0.01443   0.00033
  15665.8   0.01447   0.00030
  15713.2   0.01429   0.00034
  15761.0   0.01412   0.00034
  15809.0   0.01397   0.00034
  15857.4   0.01399   0.00023
  15906.0   0.01405   0.00019
  15955.0   0.01406   0.00034
  16004.2   0.01409   0.00058
  16053.8   0.01412   0.00050
  16103.6   0.01422   0.00026
  16153.8   0.01419   0.00007
  16204.3   0.01410   0.00018
  16255.1   0.01394   0.00036
  16306.2   0.01390   0.00034
  16357.6   0.01406   0.00021
  16409.4   0.01417   0.00001
  16461.5   0.01438   0.00016
  16513.9   0.01485   0.00057
  16566.7   0.01532   0.00053
  16619.8   0.01552   0.00053
  16673.2   0.01558   0.00044
  16727.0   0.01586   0.00029
  16781.1   0.01608   0.00021
  16835.6   0.01637   0.00025
  16890.5   0.01668   0.00048
  16945.7   0.01703   0.00049
  17001.2   0.01720   0.00044
  17057.2   0.01727   0.00048
  17113.4   0.01722   0.00051
  17170.1   0.01717   0.00021
  17227.2   0.01716   0.00001
  17284.6   0.01697   0.00017
  17342.4   0.01669   0.00035
  17400.6   0.01660   0.00041
  17459.2   0.01643   0.00033
  17518.2   0.01653   0.00054
  17577.5   0.01672   0.00046
  17637.3   0.01682   0.00016
  17697.5   0.01700   0.00027
  17758.1   0.01726   0.00045
  17819.2   0.01768   0.00051
  17880.6   0.01778   0.00054
  17942.5   0.01766   0.00055
  18004.8   0.01734   0.00056
  18067.5   0.01729   0.00052
  18130.7   0.01749   0.00036
  18194.3   0.01749   0.00044
  18258.4   0.01750   0.00046
  18322.9   0.01779   0.00014
  18387.9   0.01809   0.00008
  18453.3   0.01846   0.00030
  18519.2   0.01890   0.00065
  18585.6   0.01918   0.00086
  18652.4   0.01932   0.00057
  18719.8   0.01953   0.00022
  18787.6   0.01990   0.00032
  18855.9   0.02010   0.00038
  18924.7   0.02036   0.00016
  18994.1   0.02072   0.00013
  19063.9   0.02056   0.00011
  19134.2   0.02075   0.00035
  19205.1   0.02060   0.00078
  19276.5   0.02030   0.00061
  19348.4   0.02050   0.00033
  19420.9   0.02084   0.00036
  19493.9   0.02110   0.00031
  19567.5   0.02128   0.00027
  19641.6   0.02146   0.00045
  19716.3   0.02173   0.00034
  19791.5   0.02173   0.00039
  19867.3   0.02153   0.00037
  19943.8   0.02107   0.00034
  20020.8   0.02084   0.00020
  20098.4   0.02033   0.00036
  20176.6   0.01960   0.00044
  20255.4   0.01891   0.00049
  20334.8   0.01817   0.00064
  20414.9   0.01745   0.00070
  20495.6   0.01693   0.00032
  20576.9   0.01685   0.00014
  20658.9   0.01709   0.00036
  20741.5   0.01740   0.00043
  20824.8   0.01758   0.00053
  20908.8   0.01755   0.00078
  20993.4   0.01723   0.00046
  21078.8   0.01705   0.00005
  21164.8   0.01719   0.00030
  21251.6   0.01697   0.00029
  21339.0   0.01708   0.00002
  21427.2   0.01748   0.00076
  21516.1   0.01748   0.00046
  21605.8   0.01749   0.00016
  21696.2   0.01811   0.00003
  21787.3   0.01827   0.00027
  21879.3   0.01809   0.00033
  21972.0   0.01778   0.00022
  22065.5   0.01801   0.00022
  22159.7   0.01822   0.00028
  22254.8   0.01848   0.00005
  22350.8   0.01796   0.00061
  22447.5   0.01713   0.00126
  22545.1   0.01642   0.00111
  22643.6   0.01609   0.00027
  22742.9   0.01624   0.00120
  22843.1   0.01714   0.00007
  22944.2   0.01743   0.00074
  23046.2   0.01698   0.00038
  23149.0   0.01708   0.00048
  23252.8   0.01874   0.00051
  23357.6   0.01970   0.00018
  23463.3   0.01986   0.00008
  23569.9   0.02024   0.00026
  23677.5   0.02060   0.00042
  23786.1   0.01971   0.00008
  23895.8   0.01836   0.00121
  24006.4   0.01893   0.00137
  24118.0   0.01971   0.00020
  24230.7   0.01973   0.00137
  24344.5   0.02006   0.00139
  24459.4   0.02022   0.00171
  24575.3   0.02065   0.00207
  24692.3   0.02088   0.00049
  24810.4   0.02116   0.00019
  24929.7   0.02088   0.00112
  25050.2   0.02156   0.00037



 BMR1LR105   .ASC                        

 LR-CMP-105                                                              
 61221,156 <45 um                                                        

 Source Ang: 30.00   Detect Ang:  0.00  Volt: 1.777
 Date: 21-NOV-02   Time: 19:29:19
