  2387
   1999.7   0.21629   0.00814
   2000.5   0.21633   0.00818
   2001.3   0.21636   0.00825
   2002.1   0.21644   0.00827
   2002.8   0.21652   0.00810
   2003.6   0.21653   0.00797
   2004.4   0.21659   0.00804
   2005.2   0.21669   0.00817
   2005.9   0.21675   0.00822
   2006.7   0.21677   0.00816
   2007.5   0.21671   0.00818
   2008.3   0.21668   0.00819
   2009.0   0.21677   0.00809
   2009.8   0.21688   0.00803
   2010.6   0.21697   0.00803
   2011.4   0.21712   0.00807
   2012.2   0.21713   0.00817
   2012.9   0.21712   0.00819
   2013.7   0.21717   0.00818
   2014.5   0.21719   0.00828
   2015.3   0.21720   0.00823
   2016.1   0.21730   0.00809
   2016.8   0.21737   0.00818
   2017.6   0.21739   0.00827
   2018.4   0.21747   0.00822
   2019.2   0.21754   0.00813
   2020.0   0.21761   0.00813
   2020.8   0.21760   0.00814
   2021.6   0.21752   0.00816
   2022.4   0.21754   0.00818
   2023.2   0.21764   0.00817
   2023.9   0.21773   0.00818
   2024.7   0.21780   0.00814
   2025.5   0.21783   0.00812
   2026.3   0.21784   0.00814
   2027.1   0.21787   0.00821
   2027.9   0.21795   0.00828
   2028.7   0.21802   0.00830
   2029.5   0.21806   0.00826
   2030.3   0.21816   0.00821
   2031.1   0.21824   0.00824
   2031.9   0.21825   0.00824
   2032.7   0.21824   0.00826
   2033.5   0.21829   0.00832
   2034.3   0.21833   0.00832
   2035.1   0.21841   0.00829
   2035.9   0.21849   0.00825
   2036.7   0.21854   0.00829
   2037.5   0.21857   0.00831
   2038.3   0.21860   0.00827
   2039.1   0.21865   0.00833
   2039.9   0.21865   0.00838
   2040.7   0.21871   0.00836
   2041.5   0.21882   0.00829
   2042.3   0.21887   0.00824
   2043.1   0.21891   0.00831
   2043.9   0.21891   0.00841
   2044.7   0.21898   0.00838
   2045.5   0.21909   0.00836
   2046.3   0.21913   0.00831
   2047.1   0.21912   0.00828
   2047.9   0.21913   0.00826
   2048.7   0.21921   0.00826
   2049.5   0.21929   0.00825
   2050.4   0.21936   0.00826
   2051.2   0.21942   0.00828
   2052.0   0.21948   0.00829
   2052.8   0.21949   0.00835
   2053.6   0.21954   0.00827
   2054.4   0.21963   0.00823
   2055.2   0.21969   0.00830
   2056.0   0.21973   0.00830
   2056.9   0.21976   0.00826
   2057.7   0.21987   0.00832
   2058.5   0.21992   0.00830
   2059.3   0.21987   0.00821
   2060.1   0.21987   0.00830
   2060.9   0.21996   0.00836
   2061.8   0.22006   0.00835
   2062.6   0.22016   0.00838
   2063.4   0.22015   0.00832
   2064.2   0.22013   0.00824
   2065.1   0.22013   0.00819
   2065.9   0.22022   0.00815
   2066.7   0.22035   0.00829
   2067.5   0.22041   0.00834
   2068.3   0.22043   0.00831
   2069.2   0.22045   0.00835
   2070.0   0.22058   0.00838
   2070.8   0.22065   0.00842
   2071.6   0.22066   0.00851
   2072.5   0.22070   0.00847
   2073.3   0.22078   0.00834
   2074.1   0.22083   0.00833
   2075.0   0.22081   0.00835
   2075.8   0.22084   0.00833
   2076.6   0.22089   0.00834
   2077.5   0.22093   0.00834
   2078.3   0.22104   0.00841
   2079.1   0.22115   0.00842
   2080.0   0.22115   0.00837
   2080.8   0.22121   0.00842
   2081.6   0.22126   0.00851
   2082.5   0.22132   0.00852
   2083.3   0.22138   0.00852
   2084.1   0.22144   0.00851
   2085.0   0.22149   0.00842
   2085.8   0.22156   0.00842
   2086.7   0.22157   0.00851
   2087.5   0.22161   0.00854
   2088.3   0.22168   0.00862
   2089.2   0.22179   0.00857
   2090.0   0.22194   0.00848
   2090.9   0.22199   0.00843
   2091.7   0.22193   0.00840
   2092.6   0.22194   0.00847
   2093.4   0.22198   0.00850
   2094.2   0.22206   0.00843
   2095.1   0.22212   0.00844
   2095.9   0.22215   0.00844
   2096.8   0.22224   0.00842
   2097.6   0.22226   0.00846
   2098.5   0.22232   0.00845
   2099.3   0.22240   0.00838
   2100.2   0.22245   0.00845
   2101.0   0.22246   0.00844
   2101.9   0.22249   0.00843
   2102.7   0.22254   0.00852
   2103.6   0.22261   0.00855
   2104.4   0.22268   0.00852
   2105.3   0.22274   0.00858
   2106.1   0.22279   0.00864
   2107.0   0.22285   0.00867
   2107.9   0.22288   0.00868
   2108.7   0.22291   0.00866
   2109.6   0.22293   0.00860
   2110.4   0.22299   0.00858
   2111.3   0.22307   0.00851
   2112.2   0.22316   0.00846
   2113.0   0.22327   0.00845
   2113.9   0.22336   0.00850
   2114.7   0.22340   0.00858
   2115.6   0.22344   0.00865
   2116.5   0.22352   0.00863
   2117.3   0.22358   0.00862
   2118.2   0.22360   0.00866
   2119.1   0.22369   0.00867
   2119.9   0.22375   0.00866
   2120.8   0.22372   0.00863
   2121.7   0.22371   0.00860
   2122.5   0.22376   0.00862
   2123.4   0.22379   0.00861
   2124.3   0.22387   0.00858
   2125.1   0.22398   0.00860
   2126.0   0.22408   0.00862
   2126.9   0.22415   0.00861
   2127.8   0.22419   0.00860
   2128.6   0.22421   0.00860
   2129.5   0.22424   0.00860
   2130.4   0.22429   0.00864
   2131.3   0.22438   0.00866
   2132.1   0.22445   0.00867
   2133.0   0.22447   0.00873
   2133.9   0.22451   0.00877
   2134.8   0.22453   0.00873
   2135.6   0.22459   0.00868
   2136.5   0.22464   0.00864
   2137.4   0.22474   0.00867
   2138.3   0.22482   0.00870
   2139.2   0.22482   0.00872
   2140.1   0.22483   0.00873
   2140.9   0.22490   0.00882
   2141.8   0.22505   0.00882
   2142.7   0.22519   0.00879
   2143.6   0.22517   0.00876
   2144.5   0.22517   0.00870
   2145.4   0.22523   0.00866
   2146.3   0.22533   0.00867
   2147.1   0.22538   0.00872
   2148.0   0.22541   0.00869
   2148.9   0.22543   0.00866
   2149.8   0.22554   0.00873
   2150.7   0.22563   0.00880
   2151.6   0.22570   0.00877
   2152.5   0.22580   0.00872
   2153.4   0.22588   0.00871
   2154.3   0.22588   0.00870
   2155.2   0.22584   0.00872
   2156.1   0.22588   0.00882
   2157.0   0.22596   0.00879
   2157.9   0.22601   0.00873
   2158.8   0.22607   0.00872
   2159.7   0.22616   0.00877
   2160.6   0.22619   0.00882
   2161.5   0.22627   0.00887
   2162.4   0.22633   0.00889
   2163.3   0.22641   0.00882
   2164.2   0.22648   0.00882
   2165.1   0.22645   0.00886
   2166.0   0.22646   0.00882
   2166.9   0.22655   0.00874
   2167.8   0.22663   0.00879
   2168.7   0.22672   0.00882
   2169.6   0.22682   0.00884
   2170.5   0.22684   0.00886
   2171.4   0.22685   0.00881
   2172.3   0.22692   0.00886
   2173.3   0.22698   0.00894
   2174.2   0.22702   0.00891
   2175.1   0.22712   0.00891
   2176.0   0.22730   0.00893
   2176.9   0.22733   0.00888
   2177.8   0.22728   0.00891
   2178.7   0.22734   0.00896
   2179.6   0.22745   0.00895
   2180.6   0.22752   0.00899
   2181.5   0.22758   0.00901
   2182.4   0.22764   0.00896
   2183.3   0.22765   0.00891
   2184.2   0.22769   0.00894
   2185.1   0.22777   0.00897
   2186.1   0.22784   0.00895
   2187.0   0.22786   0.00893
   2187.9   0.22791   0.00898
   2188.8   0.22794   0.00897
   2189.8   0.22801   0.00893
   2190.7   0.22805   0.00898
   2191.6   0.22806   0.00892
   2192.6   0.22811   0.00893
   2193.5   0.22821   0.00896
   2194.4   0.22829   0.00898
   2195.3   0.22835   0.00905
   2196.3   0.22840   0.00909
   2197.2   0.22848   0.00907
   2198.1   0.22857   0.00905
   2199.1   0.22858   0.00905
   2200.0   0.22860   0.00903
   2200.9   0.22867   0.00906
   2201.9   0.22875   0.00906
   2202.8   0.22885   0.00906
   2203.7   0.22890   0.00911
   2204.7   0.22895   0.00910
   2205.6   0.22899   0.00910
   2206.5   0.22904   0.00909
   2207.5   0.22911   0.00909
   2208.4   0.22914   0.00907
   2209.4   0.22913   0.00901
   2210.3   0.22919   0.00904
   2211.3   0.22930   0.00915
   2212.2   0.22932   0.00922
   2213.1   0.22937   0.00914
   2214.1   0.22947   0.00902
   2215.0   0.22955   0.00906
   2216.0   0.22958   0.00915
   2216.9   0.22966   0.00916
   2217.9   0.22978   0.00913
   2218.8   0.22980   0.00912
   2219.8   0.22983   0.00917
   2220.7   0.22987   0.00914
   2221.7   0.22990   0.00907
   2222.6   0.22997   0.00904
   2223.6   0.23006   0.00901
   2224.5   0.23010   0.00899
   2225.5   0.23011   0.00897
   2226.4   0.23014   0.00901
   2227.4   0.23021   0.00907
   2228.4   0.23028   0.00910
   2229.3   0.23043   0.00909
   2230.3   0.23049   0.00909
   2231.2   0.23051   0.00915
   2232.2   0.23052   0.00917
   2233.1   0.23059   0.00910
   2234.1   0.23068   0.00905
   2235.1   0.23075   0.00906
   2236.0   0.23076   0.00914
   2237.0   0.23080   0.00919
   2238.0   0.23088   0.00919
   2238.9   0.23090   0.00910
   2239.9   0.23089   0.00906
   2240.9   0.23094   0.00911
   2241.8   0.23105   0.00913
   2242.8   0.23118   0.00911
   2243.8   0.23123   0.00916
   2244.8   0.23126   0.00917
   2245.7   0.23129   0.00917
   2246.7   0.23134   0.00912
   2247.7   0.23139   0.00910
   2248.6   0.23143   0.00909
   2249.6   0.23152   0.00905
   2250.6   0.23156   0.00903
   2251.6   0.23161   0.00909
   2252.6   0.23168   0.00916
   2253.5   0.23172   0.00918
   2254.5   0.23181   0.00920
   2255.5   0.23184   0.00917
   2256.5   0.23186   0.00907
   2257.5   0.23192   0.00908
   2258.4   0.23199   0.00910
   2259.4   0.23209   0.00911
   2260.4   0.23218   0.00912
   2261.4   0.23218   0.00914
   2262.4   0.23220   0.00914
   2263.4   0.23225   0.00913
   2264.4   0.23229   0.00913
   2265.4   0.23236   0.00912
   2266.3   0.23244   0.00913
   2267.3   0.23254   0.00917
   2268.3   0.23260   0.00922
   2269.3   0.23266   0.00923
   2270.3   0.23273   0.00919
   2271.3   0.23278   0.00913
   2272.3   0.23283   0.00913
   2273.3   0.23285   0.00910
   2274.3   0.23290   0.00910
   2275.3   0.23297   0.00916
   2276.3   0.23308   0.00916
   2277.3   0.23318   0.00918
   2278.3   0.23325   0.00922
   2279.3   0.23327   0.00914
   2280.3   0.23332   0.00909
   2281.3   0.23342   0.00916
   2282.3   0.23352   0.00913
   2283.3   0.23361   0.00909
   2284.3   0.23362   0.00915
   2285.3   0.23364   0.00916
   2286.3   0.23367   0.00916
   2287.3   0.23374   0.00913
   2288.4   0.23377   0.00908
   2289.4   0.23382   0.00908
   2290.4   0.23394   0.00911
   2291.4   0.23398   0.00912
   2292.4   0.23402   0.00913
   2293.4   0.23410   0.00913
   2294.4   0.23417   0.00918
   2295.4   0.23423   0.00922
   2296.5   0.23426   0.00926
   2297.5   0.23432   0.00924
   2298.5   0.23442   0.00922
   2299.5   0.23451   0.00919
   2300.5   0.23457   0.00919
   2301.6   0.23459   0.00922
   2302.6   0.23462   0.00925
   2303.6   0.23469   0.00928
   2304.6   0.23474   0.00926
   2305.6   0.23478   0.00923
   2306.7   0.23485   0.00921
   2307.7   0.23488   0.00917
   2308.7   0.23493   0.00924
   2309.8   0.23501   0.00931
   2310.8   0.23509   0.00928
   2311.8   0.23517   0.00925
   2312.9   0.23527   0.00919
   2313.9   0.23534   0.00922
   2314.9   0.23536   0.00924
   2315.9   0.23543   0.00923
   2317.0   0.23552   0.00924
   2318.0   0.23554   0.00925
   2319.1   0.23558   0.00927
   2320.1   0.23568   0.00932
   2321.1   0.23578   0.00931
   2322.2   0.23582   0.00926
   2323.2   0.23587   0.00925
   2324.3   0.23597   0.00926
   2325.3   0.23603   0.00933
   2326.3   0.23604   0.00930
   2327.4   0.23610   0.00927
   2328.4   0.23616   0.00927
   2329.5   0.23621   0.00928
   2330.5   0.23626   0.00932
   2331.6   0.23632   0.00930
   2332.6   0.23640   0.00930
   2333.7   0.23649   0.00928
   2334.7   0.23658   0.00930
   2335.8   0.23667   0.00936
   2336.8   0.23672   0.00938
   2337.9   0.23674   0.00937
   2338.9   0.23677   0.00942
   2340.0   0.23683   0.00942
   2341.0   0.23687   0.00937
   2342.1   0.23694   0.00936
   2343.2   0.23701   0.00934
   2344.2   0.23706   0.00933
   2345.3   0.23711   0.00934
   2346.3   0.23722   0.00934
   2347.4   0.23730   0.00932
   2348.5   0.23733   0.00933
   2349.5   0.23737   0.00929
   2350.6   0.23744   0.00928
   2351.7   0.23748   0.00930
   2352.7   0.23753   0.00934
   2353.8   0.23760   0.00935
   2354.9   0.23770   0.00938
   2355.9   0.23778   0.00939
   2357.0   0.23783   0.00932
   2358.1   0.23789   0.00929
   2359.1   0.23794   0.00936
   2360.2   0.23802   0.00941
   2361.3   0.23808   0.00938
   2362.4   0.23814   0.00935
   2363.4   0.23822   0.00932
   2364.5   0.23831   0.00931
   2365.6   0.23839   0.00937
   2366.7   0.23846   0.00943
   2367.8   0.23851   0.00949
   2368.9   0.23855   0.00947
   2369.9   0.23860   0.00946
   2371.0   0.23865   0.00945
   2372.1   0.23874   0.00938
   2373.2   0.23881   0.00933
   2374.3   0.23890   0.00936
   2375.4   0.23899   0.00939
   2376.4   0.23908   0.00941
   2377.5   0.23911   0.00943
   2378.6   0.23919   0.00949
   2379.7   0.23927   0.00951
   2380.8   0.23929   0.00951
   2381.9   0.23937   0.00955
   2383.0   0.23946   0.00944
   2384.1   0.23950   0.00935
   2385.2   0.23957   0.00944
   2386.3   0.23964   0.00951
   2387.4   0.23971   0.00951
   2388.5   0.23979   0.00950
   2389.6   0.23982   0.00948
   2390.7   0.23988   0.00949
   2391.8   0.23999   0.00949
   2392.9   0.24005   0.00947
   2394.0   0.24008   0.00950
   2395.1   0.24018   0.00957
   2396.2   0.24027   0.00956
   2397.3   0.24031   0.00952
   2398.4   0.24034   0.00949
   2399.6   0.24043   0.00951
   2400.7   0.24049   0.00954
   2401.8   0.24055   0.00958
   2402.9   0.24064   0.00955
   2404.0   0.24072   0.00951
   2405.1   0.24079   0.00954
   2406.2   0.24087   0.00957
   2407.4   0.24096   0.00957
   2408.5   0.24104   0.00960
   2409.6   0.24106   0.00964
   2410.7   0.24109   0.00965
   2411.8   0.24118   0.00963
   2412.9   0.24126   0.00956
   2414.1   0.24132   0.00956
   2415.2   0.24137   0.00960
   2416.3   0.24140   0.00955
   2417.4   0.24146   0.00955
   2418.6   0.24155   0.00955
   2419.7   0.24163   0.00959
   2420.8   0.24171   0.00965
   2422.0   0.24175   0.00961
   2423.1   0.24177   0.00962
   2424.2   0.24183   0.00965
   2425.4   0.24194   0.00963
   2426.5   0.24199   0.00958
   2427.6   0.24204   0.00961
   2428.8   0.24211   0.00964
   2429.9   0.24217   0.00968
   2431.1   0.24227   0.00969
   2432.2   0.24232   0.00962
   2433.3   0.24238   0.00962
   2434.5   0.24242   0.00962
   2435.6   0.24248   0.00967
   2436.8   0.24257   0.00974
   2437.9   0.24264   0.00970
   2439.1   0.24272   0.00971
   2440.2   0.24282   0.00976
   2441.4   0.24287   0.00975
   2442.5   0.24288   0.00975
   2443.6   0.24289   0.00973
   2444.8   0.24293   0.00967
   2446.0   0.24302   0.00967
   2447.1   0.24308   0.00972
   2448.3   0.24311   0.00976
   2449.4   0.24319   0.00976
   2450.6   0.24328   0.00976
   2451.7   0.24336   0.00977
   2452.9   0.24346   0.00976
   2454.1   0.24354   0.00971
   2455.2   0.24362   0.00974
   2456.4   0.24370   0.00975
   2457.6   0.24376   0.00972
   2458.7   0.24381   0.00975
   2459.9   0.24387   0.00975
   2461.1   0.24393   0.00978
   2462.2   0.24397   0.00982
   2463.4   0.24404   0.00982
   2464.6   0.24412   0.00980
   2465.7   0.24420   0.00982
   2466.9   0.24427   0.00979
   2468.1   0.24433   0.00979
   2469.3   0.24437   0.00978
   2470.4   0.24442   0.00984
   2471.6   0.24451   0.00989
   2472.8   0.24455   0.00992
   2474.0   0.24463   0.00994
   2475.1   0.24475   0.00992
   2476.3   0.24483   0.00985
   2477.5   0.24490   0.00982
   2478.7   0.24500   0.00984
   2479.9   0.24503   0.00987
   2481.1   0.24506   0.00988
   2482.3   0.24513   0.00990
   2483.4   0.24519   0.00992
   2484.6   0.24526   0.00992
   2485.8   0.24534   0.00992
   2487.0   0.24540   0.00992
   2488.2   0.24546   0.00993
   2489.4   0.24553   0.00994
   2490.6   0.24559   0.00993
   2491.8   0.24565   0.00999
   2493.0   0.24573   0.01001
   2494.2   0.24585   0.00997
   2495.4   0.24592   0.00997
   2496.6   0.24598   0.00998
   2497.8   0.24603   0.00999
   2499.0   0.24608   0.00999
   2500.2   0.24616   0.01000
   2501.4   0.24625   0.01002
   2502.6   0.24635   0.01003
   2503.8   0.24639   0.01008
   2505.0   0.24645   0.01006
   2506.3   0.24654   0.01001
   2507.5   0.24660   0.01003
   2508.7   0.24662   0.01009
   2509.9   0.24669   0.01008
   2511.1   0.24677   0.01006
   2512.3   0.24687   0.01004
   2513.5   0.24699   0.01001
   2514.8   0.24706   0.01007
   2516.0   0.24708   0.01010
   2517.2   0.24712   0.01007
   2518.4   0.24717   0.01006
   2519.6   0.24722   0.01006
   2520.9   0.24728   0.01011
   2522.1   0.24738   0.01013
   2523.3   0.24748   0.01012
   2524.6   0.24754   0.01012
   2525.8   0.24762   0.01012
   2527.0   0.24772   0.01016
   2528.3   0.24778   0.01020
   2529.5   0.24782   0.01019
   2530.7   0.24790   0.01020
   2531.9   0.24798   0.01019
   2533.2   0.24808   0.01016
   2534.4   0.24816   0.01022
   2535.7   0.24820   0.01024
   2536.9   0.24822   0.01020
   2538.1   0.24828   0.01019
   2539.4   0.24834   0.01019
   2540.6   0.24839   0.01019
   2541.9   0.24846   0.01017
   2543.1   0.24854   0.01014
   2544.4   0.24860   0.01020
   2545.6   0.24869   0.01024
   2546.9   0.24879   0.01021
   2548.1   0.24888   0.01020
   2549.4   0.24892   0.01019
   2550.6   0.24898   0.01018
   2551.9   0.24907   0.01023
   2553.1   0.24917   0.01027
   2554.4   0.24921   0.01027
   2555.7   0.24923   0.01027
   2556.9   0.24926   0.01023
   2558.2   0.24933   0.01026
   2559.4   0.24948   0.01028
   2560.7   0.24959   0.01027
   2562.0   0.24964   0.01025
   2563.2   0.24969   0.01020
   2564.5   0.24976   0.01019
   2565.8   0.24984   0.01027
   2567.1   0.24993   0.01033
   2568.3   0.25001   0.01031
   2569.6   0.25007   0.01033
   2570.9   0.25007   0.01035
   2572.1   0.25015   0.01037
   2573.4   0.25027   0.01037
   2574.7   0.25029   0.01037
   2576.0   0.25041   0.01040
   2577.3   0.25050   0.01041
   2578.5   0.25053   0.01043
   2579.8   0.25063   0.01042
   2581.1   0.25072   0.01041
   2582.4   0.25078   0.01044
   2583.7   0.25090   0.01040
   2585.0   0.25089   0.01032
   2586.3   0.25095   0.01035
   2587.5   0.25104   0.01041
   2588.8   0.25107   0.01038
   2590.1   0.25112   0.01034
   2591.4   0.25118   0.01038
   2592.7   0.25134   0.01042
   2594.0   0.25157   0.01041
   2595.3   0.25158   0.01030
   2596.6   0.25146   0.01035
   2597.9   0.25149   0.01046
   2599.2   0.25157   0.01047
   2600.5   0.25170   0.01043
   2601.8   0.25177   0.01042
   2603.1   0.25182   0.01043
   2604.4   0.25195   0.01044
   2605.8   0.25205   0.01036
   2607.1   0.25202   0.01039
   2608.4   0.25206   0.01046
   2609.7   0.25213   0.01046
   2611.0   0.25217   0.01048
   2612.3   0.25227   0.01051
   2613.6   0.25233   0.01042
   2614.9   0.25238   0.01044
   2616.3   0.25251   0.01052
   2617.6   0.25251   0.01047
   2618.9   0.25252   0.01046
   2620.2   0.25269   0.01047
   2621.6   0.25271   0.01051
   2622.9   0.25271   0.01058
   2624.2   0.25278   0.01059
   2625.5   0.25284   0.01057
   2626.9   0.25290   0.01050
   2628.2   0.25294   0.01049
   2629.5   0.25313   0.01052
   2630.9   0.25318   0.01044
   2632.2   0.25312   0.01049
   2633.5   0.25321   0.01063
   2634.9   0.25326   0.01059
   2636.2   0.25328   0.01051
   2637.6   0.25338   0.01052
   2638.9   0.25344   0.01057
   2640.2   0.25345   0.01062
   2641.6   0.25351   0.01061
   2642.9   0.25359   0.01059
   2644.3   0.25365   0.01061
   2645.6   0.25372   0.01059
   2647.0   0.25372   0.01060
   2648.3   0.25375   0.01064
   2649.7   0.25382   0.01066
   2651.0   0.25390   0.01066
   2652.4   0.25396   0.01061
   2653.8   0.25398   0.01059
   2655.1   0.25401   0.01065
   2656.5   0.25409   0.01067
   2657.8   0.25415   0.01070
   2659.2   0.25418   0.01068
   2660.6   0.25419   0.01063
   2661.9   0.25423   0.01064
   2663.3   0.25430   0.01071
   2664.7   0.25443   0.01075
   2666.0   0.25446   0.01072
   2667.4   0.25443   0.01072
   2668.8   0.25442   0.01077
   2670.1   0.25457   0.01078
   2671.5   0.25441   0.01075
   2672.9   0.25434   0.01087
   2674.3   0.25440   0.01089
   2675.7   0.25448   0.01088
   2677.0   0.25447   0.01080
   2678.4   0.25442   0.01081
   2679.8   0.25436   0.01083
   2681.2   0.25427   0.01085
   2682.6   0.25430   0.01088
   2684.0   0.25426   0.01085
   2685.4   0.25420   0.01083
   2686.8   0.25414   0.01080
   2688.1   0.25403   0.01075
   2689.5   0.25396   0.01072
   2690.9   0.25388   0.01076
   2692.3   0.25384   0.01081
   2693.7   0.25379   0.01079
   2695.1   0.25361   0.01070
   2696.5   0.25344   0.01068
   2697.9   0.25325   0.01067
   2699.3   0.25311   0.01072
   2700.8   0.25298   0.01073
   2702.1   0.25282   0.01072
   2703.6   0.25263   0.01070
   2705.0   0.25242   0.01064
   2706.4   0.25221   0.01062
   2707.8   0.25204   0.01069
   2709.2   0.25183   0.01069
   2710.6   0.25160   0.01061
   2712.1   0.25122   0.01056
   2713.5   0.25088   0.01062
   2714.9   0.25063   0.01063
   2716.3   0.25034   0.01061
   2717.7   0.25012   0.01057
   2719.2   0.25000   0.01056
   2720.6   0.24973   0.01053
   2722.0   0.24917   0.01052
   2723.4   0.24880   0.01054
   2724.9   0.24837   0.01047
   2726.3   0.24783   0.01043
   2727.7   0.24742   0.01045
   2729.2   0.24702   0.01046
   2730.6   0.24659   0.01045
   2732.1   0.24613   0.01044
   2733.5   0.24568   0.01039
   2734.9   0.24524   0.01035
   2736.4   0.24466   0.01030
   2737.8   0.24417   0.01031
   2739.3   0.24376   0.01030
   2740.7   0.24321   0.01023
   2742.2   0.24257   0.01020
   2743.6   0.24200   0.01023
   2745.1   0.24149   0.01025
   2746.5   0.24091   0.01018
   2748.0   0.24033   0.01011
   2749.4   0.23979   0.01012
   2750.9   0.23925   0.01015
   2752.4   0.23870   0.01017
   2753.8   0.23819   0.01015
   2755.3   0.23767   0.01006
   2756.7   0.23695   0.00998
   2758.2   0.23632   0.00999
   2759.7   0.23580   0.01002
   2761.1   0.23530   0.01001
   2762.6   0.23480   0.00993
   2764.1   0.23419   0.00987
   2765.6   0.23357   0.00991
   2767.0   0.23305   0.00987
   2768.5   0.23252   0.00982
   2770.0   0.23205   0.00981
   2771.5   0.23156   0.00980
   2773.0   0.23104   0.00982
   2774.4   0.23054   0.00979
   2775.9   0.23010   0.00976
   2777.4   0.22964   0.00976
   2778.9   0.22916   0.00974
   2780.4   0.22870   0.00970
   2781.9   0.22827   0.00969
   2783.4   0.22784   0.00967
   2784.9   0.22747   0.00969
   2786.4   0.22710   0.00968
   2787.9   0.22668   0.00961
   2789.4   0.22625   0.00959
   2790.9   0.22588   0.00959
   2792.4   0.22552   0.00956
   2793.9   0.22515   0.00954
   2795.4   0.22480   0.00953
   2796.9   0.22450   0.00951
   2798.4   0.22417   0.00952
   2799.9   0.22387   0.00954
   2801.4   0.22360   0.00951
   2802.9   0.22333   0.00948
   2804.4   0.22303   0.00948
   2806.0   0.22271   0.00950
   2807.5   0.22244   0.00947
   2809.0   0.22219   0.00942
   2810.5   0.22192   0.00943
   2812.1   0.22168   0.00946
   2813.6   0.22146   0.00946
   2815.1   0.22124   0.00947
   2816.6   0.22101   0.00944
   2818.2   0.22078   0.00942
   2819.7   0.22058   0.00939
   2821.2   0.22039   0.00937
   2822.8   0.22019   0.00935
   2824.3   0.22004   0.00935
   2825.9   0.21988   0.00935
   2827.4   0.21967   0.00935
   2828.9   0.21950   0.00933
   2830.5   0.21934   0.00931
   2832.0   0.21914   0.00933
   2833.6   0.21896   0.00937
   2835.1   0.21886   0.00937
   2836.7   0.21877   0.00937
   2838.2   0.21861   0.00936
   2839.8   0.21847   0.00934
   2841.3   0.21835   0.00933
   2842.9   0.21824   0.00929
   2844.4   0.21808   0.00924
   2846.0   0.21794   0.00924
   2847.6   0.21782   0.00931
   2849.1   0.21770   0.00935
   2850.7   0.21757   0.00931
   2852.3   0.21748   0.00930
   2853.8   0.21739   0.00929
   2855.4   0.21727   0.00929
   2857.0   0.21714   0.00932
   2858.6   0.21705   0.00928
   2860.1   0.21695   0.00924
   2861.7   0.21685   0.00924
   2863.3   0.21674   0.00927
   2864.9   0.21664   0.00928
   2866.5   0.21653   0.00927
   2868.1   0.21644   0.00929
   2869.6   0.21638   0.00929
   2871.2   0.21628   0.00924
   2872.8   0.21615   0.00919
   2874.4   0.21606   0.00920
   2876.0   0.21601   0.00923
   2877.6   0.21593   0.00926
   2879.2   0.21584   0.00927
   2880.8   0.21578   0.00928
   2882.4   0.21570   0.00923
   2884.0   0.21562   0.00918
   2885.6   0.21557   0.00916
   2887.2   0.21552   0.00915
   2888.8   0.21545   0.00917
   2890.4   0.21539   0.00920
   2892.0   0.21534   0.00921
   2893.6   0.21527   0.00921
   2895.3   0.21520   0.00920
   2896.9   0.21514   0.00922
   2898.5   0.21508   0.00920
   2900.1   0.21502   0.00920
   2901.8   0.21496   0.00921
   2903.4   0.21488   0.00919
   2905.0   0.21481   0.00919
   2906.6   0.21476   0.00921
   2908.3   0.21470   0.00924
   2909.9   0.21463   0.00923
   2911.5   0.21455   0.00922
   2913.2   0.21450   0.00923
   2914.8   0.21446   0.00924
   2916.4   0.21442   0.00922
   2918.1   0.21439   0.00920
   2919.7   0.21437   0.00920
   2921.4   0.21434   0.00919
   2923.0   0.21431   0.00919
   2924.7   0.21429   0.00921
   2926.3   0.21429   0.00925
   2928.0   0.21427   0.00925
   2929.6   0.21424   0.00920
   2931.3   0.21424   0.00916
   2932.9   0.21425   0.00915
   2934.6   0.21421   0.00920
   2936.3   0.21419   0.00925
   2937.9   0.21418   0.00924
   2939.6   0.21412   0.00917
   2941.3   0.21407   0.00916
   2942.9   0.21409   0.00918
   2944.6   0.21413   0.00917
   2946.3   0.21413   0.00919
   2947.9   0.21412   0.00918
   2949.6   0.21410   0.00916
   2951.3   0.21408   0.00917
   2953.0   0.21409   0.00916
   2954.7   0.21409   0.00915
   2956.3   0.21408   0.00916
   2958.0   0.21408   0.00917
   2959.7   0.21408   0.00919
   2961.4   0.21408   0.00922
   2963.1   0.21408   0.00919
   2964.8   0.21408   0.00919
   2966.5   0.21410   0.00920
   2968.2   0.21412   0.00919
   2969.9   0.21414   0.00917
   2971.6   0.21414   0.00915
   2973.3   0.21414   0.00910
   2975.0   0.21416   0.00911
   2976.7   0.21420   0.00914
   2978.4   0.21426   0.00916
   2980.1   0.21431   0.00918
   2981.8   0.21436   0.00920
   2983.6   0.21437   0.00919
   2985.3   0.21437   0.00917
   2987.0   0.21446   0.00916
   2988.7   0.21456   0.00919
   2990.4   0.21465   0.00920
   2992.2   0.21471   0.00914
   2993.9   0.21476   0.00911
   2995.6   0.21478   0.00912
   2997.4   0.21486   0.00916
   2999.1   0.21496   0.00917
   3000.8   0.21504   0.00916
   3002.6   0.21512   0.00917
   3004.3   0.21522   0.00916
   3006.1   0.21529   0.00914
   3007.8   0.21537   0.00916
   3009.5   0.21548   0.00918
   3011.3   0.21558   0.00916
   3013.0   0.21566   0.00916
   3014.8   0.21575   0.00917
   3016.5   0.21586   0.00916
   3018.3   0.21599   0.00917
   3020.1   0.21608   0.00919
   3021.8   0.21616   0.00920
   3023.6   0.21623   0.00920
   3025.3   0.21634   0.00921
   3027.1   0.21646   0.00924
   3028.9   0.21660   0.00925
   3030.6   0.21674   0.00922
   3032.4   0.21687   0.00920
   3034.2   0.21698   0.00921
   3036.0   0.21711   0.00922
   3037.7   0.21720   0.00921
   3039.5   0.21734   0.00918
   3041.3   0.21748   0.00916
   3043.1   0.21759   0.00920
   3044.9   0.21774   0.00923
   3046.7   0.21791   0.00924
   3048.5   0.21806   0.00927
   3050.3   0.21821   0.00925
   3052.1   0.21835   0.00922
   3053.8   0.21851   0.00922
   3055.6   0.21866   0.00924
   3057.4   0.21882   0.00926
   3059.3   0.21900   0.00928
   3061.1   0.21919   0.00928
   3062.9   0.21935   0.00929
   3064.7   0.21951   0.00931
   3066.5   0.21968   0.00927
   3068.3   0.21985   0.00928
   3070.1   0.22002   0.00929
   3071.9   0.22018   0.00930
   3073.8   0.22033   0.00932
   3075.6   0.22049   0.00932
   3077.4   0.22066   0.00930
   3079.2   0.22083   0.00927
   3081.1   0.22101   0.00929
   3082.9   0.22124   0.00929
   3084.7   0.22142   0.00929
   3086.6   0.22157   0.00933
   3088.4   0.22175   0.00935
   3090.2   0.22191   0.00936
   3092.1   0.22207   0.00935
   3093.9   0.22227   0.00932
   3095.8   0.22248   0.00934
   3097.6   0.22266   0.00937
   3099.5   0.22285   0.00941
   3101.3   0.22304   0.00940
   3103.2   0.22320   0.00939
   3105.1   0.22337   0.00937
   3106.9   0.22360   0.00938
   3108.8   0.22381   0.00938
   3110.6   0.22399   0.00936
   3112.5   0.22419   0.00938
   3114.4   0.22439   0.00939
   3116.2   0.22457   0.00938
   3118.1   0.22475   0.00942
   3120.0   0.22494   0.00944
   3121.9   0.22516   0.00944
   3123.8   0.22538   0.00944
   3125.6   0.22559   0.00943
   3127.5   0.22581   0.00947
   3129.4   0.22601   0.00951
   3131.3   0.22623   0.00950
   3133.2   0.22644   0.00948
   3135.1   0.22663   0.00946
   3137.0   0.22684   0.00945
   3138.9   0.22707   0.00948
   3140.8   0.22732   0.00949
   3142.7   0.22755   0.00946
   3144.6   0.22777   0.00947
   3146.5   0.22800   0.00947
   3148.4   0.22823   0.00949
   3150.3   0.22846   0.00954
   3152.2   0.22868   0.00956
   3154.1   0.22892   0.00957
   3156.1   0.22916   0.00958
   3158.0   0.22940   0.00956
   3159.9   0.22963   0.00957
   3161.8   0.22985   0.00958
   3163.8   0.23007   0.00960
   3165.7   0.23027   0.00960
   3167.6   0.23050   0.00960
   3169.6   0.23072   0.00961
   3171.5   0.23091   0.00963
   3173.5   0.23114   0.00962
   3175.4   0.23139   0.00961
   3177.3   0.23163   0.00963
   3179.3   0.23185   0.00968
   3181.2   0.23205   0.00969
   3183.2   0.23228   0.00970
   3185.1   0.23247   0.00970
   3187.1   0.23267   0.00969
   3189.1   0.23291   0.00969
   3191.0   0.23314   0.00967
   3193.0   0.23334   0.00969
   3195.0   0.23353   0.00971
   3196.9   0.23375   0.00970
   3198.9   0.23397   0.00971
   3200.9   0.23415   0.00972
   3202.9   0.23434   0.00970
   3204.8   0.23451   0.00971
   3206.8   0.23469   0.00974
   3208.8   0.23491   0.00973
   3210.8   0.23515   0.00973
   3212.8   0.23538   0.00974
   3214.8   0.23557   0.00977
   3216.8   0.23572   0.00979
   3218.8   0.23590   0.00978
   3220.8   0.23611   0.00978
   3222.8   0.23630   0.00980
   3224.8   0.23646   0.00979
   3226.8   0.23665   0.00977
   3228.8   0.23687   0.00980
   3230.8   0.23705   0.00985
   3232.8   0.23724   0.00985
   3234.8   0.23741   0.00983
   3236.8   0.23759   0.00985
   3238.9   0.23778   0.00986
   3240.9   0.23792   0.00983
   3242.9   0.23805   0.00983
   3244.9   0.23821   0.00985
   3247.0   0.23836   0.00986
   3249.0   0.23852   0.00986
   3251.1   0.23873   0.00987
   3253.1   0.23895   0.00988
   3255.1   0.23910   0.00989
   3257.2   0.23927   0.00988
   3259.2   0.23944   0.00986
   3261.3   0.23962   0.00989
   3263.3   0.23980   0.00993
   3265.4   0.23999   0.00992
   3267.4   0.24019   0.00992
   3269.5   0.24038   0.00993
   3271.6   0.24056   0.00995
   3273.6   0.24074   0.00993
   3275.7   0.24094   0.00992
   3277.8   0.24114   0.00993
   3279.8   0.24136   0.00993
   3281.9   0.24160   0.00995
   3284.0   0.24180   0.00993
   3286.1   0.24200   0.00991
   3288.2   0.24219   0.00992
   3290.2   0.24240   0.00994
   3292.3   0.24258   0.00998
   3294.4   0.24273   0.00998
   3296.5   0.24289   0.00998
   3298.6   0.24307   0.00997
   3300.7   0.24324   0.00996
   3302.8   0.24340   0.01000
   3304.9   0.24355   0.01003
   3307.0   0.24370   0.01000
   3309.1   0.24386   0.01000
   3311.3   0.24400   0.01000
   3313.4   0.24408   0.01001
   3315.5   0.24415   0.01004
   3317.6   0.24420   0.01007
   3319.7   0.24430   0.01009
   3321.9   0.24442   0.01009
   3324.0   0.24456   0.01009
   3326.1   0.24468   0.01007
   3328.3   0.24478   0.01005
   3330.4   0.24485   0.01006
   3332.5   0.24493   0.01011
   3334.7   0.24499   0.01010
   3336.8   0.24501   0.01007
   3339.0   0.24504   0.01007
   3341.1   0.24503   0.01005
   3343.3   0.24500   0.01005
   3345.4   0.24495   0.01008
   3347.6   0.24482   0.01010
   3349.8   0.24467   0.01009
   3351.9   0.24447   0.01007
   3354.1   0.24421   0.01005
   3356.3   0.24392   0.01001
   3358.4   0.24360   0.01002
   3360.6   0.24319   0.01002
   3362.8   0.24267   0.00999
   3365.0   0.24202   0.00996
   3367.2   0.24129   0.00994
   3369.4   0.24062   0.00992
   3371.5   0.24009   0.00991
   3373.7   0.23975   0.00990
   3375.9   0.23963   0.00989
   3378.1   0.23972   0.00988
   3380.3   0.24007   0.00986
   3382.5   0.24063   0.00989
   3384.7   0.24124   0.00990
   3386.9   0.24177   0.00991
   3389.2   0.24214   0.00996
   3391.4   0.24228   0.00994
   3393.6   0.24213   0.00993
   3395.8   0.24172   0.00991
   3398.1   0.24110   0.00986
   3400.3   0.24032   0.00981
   3402.5   0.23943   0.00981
   3404.7   0.23846   0.00976
   3407.0   0.23748   0.00968
   3409.2   0.23652   0.00963
   3411.5   0.23565   0.00962
   3413.7   0.23500   0.00960
   3416.0   0.23471   0.00956
   3418.2   0.23488   0.00956
   3420.5   0.23558   0.00962
   3422.7   0.23676   0.00970
   3425.0   0.23823   0.00977
   3427.3   0.23975   0.00979
   3429.5   0.24116   0.00984
   3431.8   0.24232   0.00990
   3434.1   0.24337   0.00995
   3436.3   0.24429   0.01001
   3438.6   0.24507   0.01004
   3440.9   0.24572   0.01004
   3443.2   0.24637   0.01008
   3445.5   0.24700   0.01012
   3447.8   0.24753   0.01013
   3450.1   0.24805   0.01014
   3452.4   0.24854   0.01018
   3454.6   0.24898   0.01021
   3456.9   0.24939   0.01024
   3459.3   0.24973   0.01024
   3461.6   0.25000   0.01024
   3463.9   0.25016   0.01023
   3466.2   0.25020   0.01023
   3468.5   0.25010   0.01023
   3470.8   0.24994   0.01022
   3473.2   0.24976   0.01021
   3475.5   0.24964   0.01019
   3477.8   0.24957   0.01017
   3480.1   0.24957   0.01016
   3482.5   0.24968   0.01016
   3484.8   0.24980   0.01018
   3487.2   0.24981   0.01020
   3489.5   0.24969   0.01018
   3491.9   0.24943   0.01013
   3494.2   0.24904   0.01013
   3496.6   0.24859   0.01015
   3498.9   0.24823   0.01014
   3501.3   0.24816   0.01013
   3503.7   0.24858   0.01013
   3506.0   0.24960   0.01014
   3508.4   0.25103   0.01019
   3510.8   0.25251   0.01026
   3513.2   0.25390   0.01032
   3515.5   0.25516   0.01037
   3517.9   0.25620   0.01041
   3520.3   0.25703   0.01044
   3522.7   0.25769   0.01045
   3525.1   0.25828   0.01047
   3527.5   0.25879   0.01053
   3529.9   0.25921   0.01057
   3532.3   0.25962   0.01059
   3534.7   0.25998   0.01058
   3537.1   0.26031   0.01058
   3539.5   0.26062   0.01064
   3541.9   0.26092   0.01065
   3544.4   0.26120   0.01064
   3546.8   0.26148   0.01064
   3549.2   0.26176   0.01064
   3551.7   0.26204   0.01065
   3554.1   0.26228   0.01065
   3556.5   0.26250   0.01065
   3559.0   0.26273   0.01067
   3561.4   0.26297   0.01069
   3563.9   0.26319   0.01069
   3566.3   0.26341   0.01071
   3568.8   0.26363   0.01072
   3571.2   0.26384   0.01072
   3573.7   0.26404   0.01076
   3576.1   0.26423   0.01077
   3578.6   0.26444   0.01075
   3581.1   0.26463   0.01075
   3583.6   0.26480   0.01075
   3586.0   0.26499   0.01078
   3588.5   0.26517   0.01079
   3591.0   0.26534   0.01078
   3593.5   0.26553   0.01077
   3596.0   0.26572   0.01076
   3598.5   0.26591   0.01076
   3601.0   0.26609   0.01075
   3603.5   0.26621   0.01077
   3606.0   0.26637   0.01080
   3608.5   0.26654   0.01082
   3611.0   0.26670   0.01083
   3613.5   0.26685   0.01083
   3616.1   0.26700   0.01084
   3618.6   0.26715   0.01085
   3621.1   0.26730   0.01086
   3623.6   0.26741   0.01089
   3626.2   0.26755   0.01089
   3628.7   0.26769   0.01085
   3631.3   0.26785   0.01087
   3633.8   0.26797   0.01087
   3636.3   0.26808   0.01085
   3638.9   0.26821   0.01087
   3641.4   0.26836   0.01090
   3644.0   0.26850   0.01091
   3646.6   0.26865   0.01091
   3649.1   0.26880   0.01092
   3651.7   0.26894   0.01093
   3654.3   0.26908   0.01091
   3656.9   0.26924   0.01089
   3659.4   0.26939   0.01090
   3662.0   0.26955   0.01095
   3664.6   0.26972   0.01098
   3667.2   0.26989   0.01099
   3669.8   0.27003   0.01097
   3672.4   0.27016   0.01094
   3675.0   0.27033   0.01096
   3677.6   0.27050   0.01098
   3680.2   0.27063   0.01100
   3682.8   0.27078   0.01100
   3685.4   0.27096   0.01101
   3688.1   0.27113   0.01103
   3690.7   0.27128   0.01105
   3693.3   0.27144   0.01105
   3695.9   0.27159   0.01104
   3698.6   0.27174   0.01107
   3701.2   0.27188   0.01106
   3703.9   0.27202   0.01106
   3706.5   0.27216   0.01107
   3709.2   0.27230   0.01109
   3711.8   0.27244   0.01108
   3714.5   0.27259   0.01108
   3717.1   0.27272   0.01108
   3719.8   0.27286   0.01109
   3722.5   0.27299   0.01109
   3725.2   0.27312   0.01108
   3727.8   0.27326   0.01108
   3730.5   0.27340   0.01110
   3733.2   0.27351   0.01111
   3735.9   0.27365   0.01112
   3738.6   0.27376   0.01114
   3741.3   0.27389   0.01117
   3744.0   0.27402   0.01118
   3746.7   0.27413   0.01114
   3749.4   0.27427   0.01113
   3752.1   0.27441   0.01115
   3754.8   0.27452   0.01116
   3757.6   0.27464   0.01118
   3760.3   0.27473   0.01119
   3763.0   0.27485   0.01117
   3765.7   0.27501   0.01118
   3768.5   0.27514   0.01115
   3771.2   0.27523   0.01114
   3774.0   0.27536   0.01116
   3776.7   0.27548   0.01118
   3779.5   0.27560   0.01120
   3782.2   0.27572   0.01123
   3785.0   0.27581   0.01124
   3787.7   0.27591   0.01126
   3790.5   0.27601   0.01123
   3793.3   0.27612   0.01123
   3796.1   0.27622   0.01123
   3798.8   0.27629   0.01122
   3801.6   0.27640   0.01125
   3804.4   0.27650   0.01126
   3807.2   0.27661   0.01125
   3810.0   0.27673   0.01127
   3812.8   0.27683   0.01126
   3815.6   0.27689   0.01124
   3818.4   0.27696   0.01123
   3821.2   0.27704   0.01127
   3824.1   0.27714   0.01129
   3826.9   0.27722   0.01128
   3829.7   0.27730   0.01126
   3832.5   0.27739   0.01124
   3835.4   0.27748   0.01126
   3838.2   0.27757   0.01130
   3841.1   0.27765   0.01132
   3843.9   0.27771   0.01129
   3846.8   0.27780   0.01130
   3849.6   0.27788   0.01131
   3852.5   0.27796   0.01132
   3855.3   0.27804   0.01131
   3858.2   0.27810   0.01129
   3861.1   0.27817   0.01132
   3863.9   0.27826   0.01134
   3866.8   0.27833   0.01132
   3869.7   0.27840   0.01130
   3872.6   0.27844   0.01132
   3875.5   0.27851   0.01134
   3878.4   0.27859   0.01131
   3881.3   0.27864   0.01130
   3884.2   0.27867   0.01131
   3887.1   0.27874   0.01132
   3890.0   0.27881   0.01133
   3893.0   0.27887   0.01134
   3895.9   0.27892   0.01134
   3898.8   0.27897   0.01132
   3901.7   0.27899   0.01130
   3904.7   0.27906   0.01133
   3907.6   0.27913   0.01136
   3910.6   0.27918   0.01133
   3913.5   0.27920   0.01132
   3916.5   0.27926   0.01132
   3919.4   0.27932   0.01132
   3922.4   0.27939   0.01133
   3925.4   0.27946   0.01132
   3928.4   0.27951   0.01132
   3931.3   0.27953   0.01133
   3934.3   0.27958   0.01134
   3937.3   0.27962   0.01137
   3940.3   0.27968   0.01136
   3943.3   0.27972   0.01134
   3946.3   0.27975   0.01133
   3949.3   0.27979   0.01133
   3952.3   0.27983   0.01133
   3955.3   0.27986   0.01133
   3958.3   0.27990   0.01133
   3961.4   0.27995   0.01136
   3964.4   0.28000   0.01138
   3967.4   0.28001   0.01137
   3970.5   0.28005   0.01136
   3973.5   0.28010   0.01136
   3976.6   0.28015   0.01134
   3979.6   0.28016   0.01132
   3982.6   0.28019   0.01135
   3985.7   0.28021   0.01139
   3988.8   0.28022   0.01138
   3991.9   0.28025   0.01134
   3994.9   0.28030   0.01135
   3998.0   0.28032   0.01139
   4001.1   0.28035   0.01139
   4004.2   0.28039   0.01136
   4007.3   0.28041   0.01135
   4010.4   0.28043   0.01138
   4013.5   0.28046   0.01140
   4016.6   0.28049   0.01141
   4019.7   0.28051   0.01139
   4022.8   0.28054   0.01139
   4025.9   0.28058   0.01139
   4029.1   0.28061   0.01138
   4032.2   0.28062   0.01139
   4035.3   0.28064   0.01139
   4038.5   0.28068   0.01137
   4041.6   0.28068   0.01138
   4044.8   0.28069   0.01138
   4047.9   0.28068   0.01138
   4051.1   0.28071   0.01140
   4054.3   0.28072   0.01142
   4057.4   0.28075   0.01143
   4060.6   0.28078   0.01142
   4063.8   0.28081   0.01142
   4067.0   0.28082   0.01140
   4070.2   0.28083   0.01137
   4073.4   0.28083   0.01135
   4076.6   0.28084   0.01136
   4079.8   0.28085   0.01139
   4083.0   0.28087   0.01139
   4086.2   0.28087   0.01137
   4089.4   0.28090   0.01139
   4092.7   0.28089   0.01141
   4095.9   0.28090   0.01141
   4099.1   0.28091   0.01140
   4102.4   0.28089   0.01141
   4105.6   0.28088   0.01141
   4108.9   0.28088   0.01139
   4112.1   0.28086   0.01140
   4115.4   0.28088   0.01139
   4118.7   0.28089   0.01137
   4122.0   0.28090   0.01137
   4125.2   0.28086   0.01138
   4128.5   0.28088   0.01138
   4131.8   0.28089   0.01138
   4135.1   0.28088   0.01138
   4138.4   0.28087   0.01138
   4141.7   0.28087   0.01140
   4145.0   0.28085   0.01141
   4148.3   0.28084   0.01142
   4151.6   0.28080   0.01143
   4155.0   0.28079   0.01140
   4158.3   0.28078   0.01139
   4161.6   0.28080   0.01138
   4165.0   0.28079   0.01138
   4168.3   0.28080   0.01141
   4171.7   0.28080   0.01140
   4175.0   0.28081   0.01140
   4178.4   0.28079   0.01140
   4181.8   0.28079   0.01138
   4185.2   0.28077   0.01139
   4188.5   0.28076   0.01140
   4191.9   0.28073   0.01140
   4195.3   0.28075   0.01142
   4198.7   0.28075   0.01143
   4202.1   0.28075   0.01141
   4205.5   0.28075   0.01139
   4208.9   0.28076   0.01138
   4212.4   0.28075   0.01138
   4215.8   0.28075   0.01136
   4219.2   0.28074   0.01135
   4222.6   0.28075   0.01136
   4226.1   0.28072   0.01138
   4229.5   0.28069   0.01137
   4233.0   0.28064   0.01132
   4236.5   0.28061   0.01130
   4239.9   0.28056   0.01131
   4243.4   0.28051   0.01130
   4246.9   0.28042   0.01128
   4250.3   0.28033   0.01131
   4253.8   0.28024   0.01133
   4257.3   0.28021   0.01134
   4260.8   0.28021   0.01137
   4264.3   0.28021   0.01134
   4267.8   0.28014   0.01129
   4271.3   0.28010   0.01128
   4274.9   0.28003   0.01130
   4278.4   0.27994   0.01132
   4281.9   0.27984   0.01132
   4285.5   0.27978   0.01128
   4289.0   0.27970   0.01127
   4292.6   0.27959   0.01130
   4296.1   0.27943   0.01130
   4299.7   0.27931   0.01127
   4303.3   0.27917   0.01126
   4306.8   0.27903   0.01124
   4310.4   0.27890   0.01123
   4314.0   0.27880   0.01125
   4317.6   0.27867   0.01125
   4321.2   0.27856   0.01126
   4324.8   0.27844   0.01125
   4328.4   0.27832   0.01124
   4332.0   0.27819   0.01125
   4335.6   0.27808   0.01126
   4339.3   0.27796   0.01127
   4342.9   0.27786   0.01127
   4346.5   0.27774   0.01126
   4350.2   0.27761   0.01125
   4353.8   0.27747   0.01124
   4357.5   0.27735   0.01124
   4361.1   0.27724   0.01124
   4364.8   0.27714   0.01122
   4368.5   0.27703   0.01122
   4372.2   0.27694   0.01122
   4375.9   0.27682   0.01122
   4379.6   0.27671   0.01122
   4383.3   0.27660   0.01120
   4387.0   0.27652   0.01119
   4390.7   0.27639   0.01121
   4394.4   0.27629   0.01121
   4398.1   0.27617   0.01119
   4401.9   0.27608   0.01116
   4405.6   0.27598   0.01115
   4409.4   0.27591   0.01115
   4413.1   0.27581   0.01115
   4416.9   0.27574   0.01114
   4420.6   0.27567   0.01113
   4424.4   0.27561   0.01115
   4428.2   0.27554   0.01115
   4432.0   0.27549   0.01113
   4435.8   0.27541   0.01112
   4439.6   0.27536   0.01111
   4443.4   0.27529   0.01110
   4447.2   0.27522   0.01111
   4451.0   0.27516   0.01111
   4454.8   0.27510   0.01110
   4458.6   0.27502   0.01109
   4462.5   0.27495   0.01108
   4466.3   0.27484   0.01105
   4470.2   0.27475   0.01105
   4474.0   0.27463   0.01106
   4477.9   0.27452   0.01108
   4481.8   0.27439   0.01108
   4485.6   0.27425   0.01106
   4489.5   0.27412   0.01104
   4493.4   0.27402   0.01103
   4497.3   0.27388   0.01103
   4501.2   0.27374   0.01101
   4505.1   0.27357   0.01099
   4509.0   0.27343   0.01099
   4513.0   0.27327   0.01098
   4516.9   0.27310   0.01095
   4520.8   0.27292   0.01095
   4524.8   0.27275   0.01096
   4528.7   0.27255   0.01096
   4532.7   0.27236   0.01095
   4536.7   0.27214   0.01091
   4540.6   0.27197   0.01089
   4544.6   0.27178   0.01088
   4548.6   0.27158   0.01087
   4552.6   0.27135   0.01089
   4556.6   0.27114   0.01087
   4560.6   0.27091   0.01085
   4564.6   0.27068   0.01086
   4568.6   0.27041   0.01085
   4572.7   0.27016   0.01085
   4576.7   0.26991   0.01082
   4580.8   0.26965   0.01080
   4584.8   0.26935   0.01079
   4588.9   0.26906   0.01078
   4592.9   0.26877   0.01077
   4597.0   0.26850   0.01076
   4601.1   0.26817   0.01073
   4605.2   0.26784   0.01073
   4609.3   0.26748   0.01070
   4613.4   0.26713   0.01066
   4617.5   0.26678   0.01065
   4621.6   0.26642   0.01064
   4625.7   0.26603   0.01063
   4629.8   0.26565   0.01060
   4634.0   0.26525   0.01057
   4638.1   0.26489   0.01059
   4642.3   0.26449   0.01059
   4646.4   0.26413   0.01055
   4650.6   0.26378   0.01054
   4654.8   0.26343   0.01055
   4659.0   0.26307   0.01054
   4663.1   0.26275   0.01051
   4667.3   0.26239   0.01047
   4671.5   0.26206   0.01046
   4675.8   0.26170   0.01046
   4680.0   0.26137   0.01044
   4684.2   0.26104   0.01041
   4688.4   0.26069   0.01039
   4692.7   0.26032   0.01038
   4696.9   0.25998   0.01036
   4701.2   0.25960   0.01035
   4705.5   0.25924   0.01034
   4709.7   0.25888   0.01031
   4714.0   0.25851   0.01031
   4718.3   0.25814   0.01031
   4722.6   0.25778   0.01028
   4726.9   0.25741   0.01027
   4731.2   0.25705   0.01026
   4735.5   0.25667   0.01024
   4739.9   0.25630   0.01023
   4744.2   0.25592   0.01020
   4748.5   0.25558   0.01017
   4752.9   0.25521   0.01016
   4757.3   0.25486   0.01015
   4761.6   0.25449   0.01011
   4766.0   0.25415   0.01010
   4770.4   0.25381   0.01010
   4774.8   0.25348   0.01011
   4779.2   0.25314   0.01010
   4783.6   0.25283   0.01007
   4788.0   0.25250   0.01004
   4792.4   0.25218   0.01002
   4796.9   0.25183   0.00998
   4801.3   0.25149   0.00997
   4805.8   0.25114   0.00996
   4810.2   0.25082   0.00995
   4814.7   0.25045   0.00993
   4819.1   0.25008   0.00989
   4823.6   0.24971   0.00986
   4828.1   0.24934   0.00984
   4832.6   0.24895   0.00984
   4837.1   0.24856   0.00983
   4841.6   0.24814   0.00981
   4846.2   0.24776   0.00978
   4850.7   0.24736   0.00976
   4855.3   0.24697   0.00974
   4859.8   0.24655   0.00971
   4864.4   0.24613   0.00968
   4868.9   0.24569   0.00965
   4873.5   0.24525   0.00962
   4878.1   0.24481   0.00960
   4882.7   0.24438   0.00958
   4887.3   0.24389   0.00956
   4891.9   0.24343   0.00954
   4896.5   0.24296   0.00952
   4901.1   0.24250   0.00949
   4905.8   0.24200   0.00948
   4910.4   0.24152   0.00947
   4915.1   0.24101   0.00944
   4919.7   0.24050   0.00943
   4924.4   0.23998   0.00939
   4929.1   0.23948   0.00935
   4933.8   0.23893   0.00930
   4938.5   0.23840   0.00927
   4943.2   0.23788   0.00927
   4947.9   0.23737   0.00924
   4952.6   0.23683   0.00923
   4957.4   0.23633   0.00921
   4962.1   0.23580   0.00914
   4966.9   0.23526   0.00913
   4971.6   0.23470   0.00914
   4976.4   0.23419   0.00910
   4981.2   0.23367   0.00906
   4986.0   0.23316   0.00901
   4990.8   0.23262   0.00898
   4995.6   0.23210   0.00898
   5000.4   0.23155   0.00898
   5005.2   0.23101   0.00896
   5010.0   0.23046   0.00893
   5014.9   0.22991   0.00890
   5019.8   0.22936   0.00886
   5024.6   0.22884   0.00884
   5029.5   0.22830   0.00884
   5034.4   0.22777   0.00883
   5039.3   0.22723   0.00878
   5044.2   0.22670   0.00873
   5049.1   0.22615   0.00871
   5054.0   0.22560   0.00871
   5058.9   0.22504   0.00868
   5063.9   0.22452   0.00864
   5068.8   0.22397   0.00865
   5073.8   0.22344   0.00864
   5078.8   0.22289   0.00858
   5083.7   0.22234   0.00852
   5088.7   0.22179   0.00850
   5093.7   0.22125   0.00851
   5098.7   0.22070   0.00850
   5103.7   0.22017   0.00845
   5108.8   0.21960   0.00843
   5113.8   0.21904   0.00843
   5118.9   0.21846   0.00841
   5123.9   0.21790   0.00837
   5129.0   0.21729   0.00834
   5134.1   0.21668   0.00832
   5139.1   0.21607   0.00829
   5144.3   0.21549   0.00825
   5149.4   0.21487   0.00821
   5154.5   0.21427   0.00820
   5159.6   0.21365   0.00820
   5164.7   0.21305   0.00814
   5169.9   0.21245   0.00811
   5175.0   0.21188   0.00813
   5180.2   0.21133   0.00812
   5185.4   0.21079   0.00807
   5190.6   0.21026   0.00804
   5195.8   0.20977   0.00801
   5201.0   0.20923   0.00798
   5206.2   0.20871   0.00797
   5211.5   0.20820   0.00796
   5216.7   0.20770   0.00794
   5222.0   0.20718   0.00790
   5227.2   0.20670   0.00789
   5232.5   0.20619   0.00787
   5237.8   0.20569   0.00782
   5243.1   0.20516   0.00778
   5248.4   0.20467   0.00777
   5253.7   0.20414   0.00775
   5259.0   0.20364   0.00773
   5264.4   0.20310   0.00771
   5269.7   0.20257   0.00769
   5275.1   0.20204   0.00769
   5280.5   0.20155   0.00767
   5285.8   0.20107   0.00764
   5291.2   0.20061   0.00762
   5296.6   0.20012   0.00759
   5302.0   0.19968   0.00755
   5307.5   0.19926   0.00753
   5312.9   0.19886   0.00751
   5318.4   0.19846   0.00751
   5323.8   0.19811   0.00751
   5329.3   0.19772   0.00748
   5334.8   0.19733   0.00747
   5340.3   0.19692   0.00747
   5345.8   0.19655   0.00744
   5351.3   0.19614   0.00739
   5356.8   0.19567   0.00739
   5362.4   0.19514   0.00738
   5367.9   0.19464   0.00737
   5373.5   0.19413   0.00735
   5379.0   0.19362   0.00733
   5384.6   0.19308   0.00732
   5390.2   0.19259   0.00730
   5395.8   0.19209   0.00729
   5401.5   0.19157   0.00727
   5407.1   0.19106   0.00723
   5412.7   0.19062   0.00720
   5418.4   0.19021   0.00718
   5424.1   0.18981   0.00715
   5429.7   0.18935   0.00711
   5435.4   0.18898   0.00711
   5441.1   0.18863   0.00711
   5446.8   0.18835   0.00710
   5452.6   0.18809   0.00708
   5458.3   0.18789   0.00707
   5464.1   0.18770   0.00707
   5469.8   0.18754   0.00705
   5475.6   0.18740   0.00704
   5481.4   0.18733   0.00704
   5487.2   0.18724   0.00704
   5493.0   0.18719   0.00704
   5498.8   0.18714   0.00705
   5504.7   0.18714   0.00702
   5510.5   0.18710   0.00701
   5516.4   0.18711   0.00701
   5522.3   0.18708   0.00702
   5528.1   0.18705   0.00706
   5534.0   0.18698   0.00708
   5540.0   0.18693   0.00707
   5545.9   0.18686   0.00705
   5551.8   0.18681   0.00704
   5557.8   0.18666   0.00701
   5563.7   0.18648   0.00699
   5569.7   0.18627   0.00697
   5575.7   0.18609   0.00697
   5581.7   0.18580   0.00697
   5587.7   0.18547   0.00696
   5593.7   0.18514   0.00697
   5599.8   0.18481   0.00696
   5605.8   0.18439   0.00696
   5611.9   0.18401   0.00695
   5618.0   0.18358   0.00691
   5624.1   0.18314   0.00691
   5630.2   0.18267   0.00688
   5636.3   0.18229   0.00684
   5642.4   0.18187   0.00681
   5648.6   0.18140   0.00682
   5654.7   0.18094   0.00681
   5660.9   0.18051   0.00680
   5667.1   0.18010   0.00681
   5673.3   0.17976   0.00681
   5679.5   0.17935   0.00678
   5685.7   0.17901   0.00676
   5692.0   0.17868   0.00677
   5698.2   0.17832   0.00678
   5704.5   0.17796   0.00676
   5710.8   0.17760   0.00668
   5717.1   0.17714   0.00666
   5723.4   0.17671   0.00672
   5729.7   0.17622   0.00668
   5736.1   0.17573   0.00665
   5742.4   0.17520   0.00664
   5748.8   0.17470   0.00661
   5755.1   0.17408   0.00660
   5761.5   0.17355   0.00656
   5768.0   0.17287   0.00650
   5774.4   0.17206   0.00650
   5780.8   0.17126   0.00647
   5787.3   0.17049   0.00645
   5793.7   0.16965   0.00641
   5800.2   0.16881   0.00635
   5806.7   0.16790   0.00633
   5813.2   0.16707   0.00631
   5819.7   0.16620   0.00626
   5826.3   0.16517   0.00621
   5832.8   0.16405   0.00618
   5839.4   0.16298   0.00616
   5846.0   0.16186   0.00613
   5852.6   0.16079   0.00607
   5859.2   0.15967   0.00601
   5865.8   0.15851   0.00594
   5872.5   0.15736   0.00589
   5879.1   0.15633   0.00582
   5885.8   0.15501   0.00575
   5892.5   0.15383   0.00571
   5899.2   0.15254   0.00563
   5905.9   0.15123   0.00560
   5912.6   0.15004   0.00558
   5919.4   0.14882   0.00554
   5926.2   0.14763   0.00550
   5932.9   0.14651   0.00542
   5939.7   0.14513   0.00531
   5946.5   0.14379   0.00530
   5953.4   0.14251   0.00528
   5960.2   0.14129   0.00524
   5967.1   0.14009   0.00518
   5974.0   0.13881   0.00513
   5980.8   0.13760   0.00509
   5987.8   0.13649   0.00505
   5994.7   0.13531   0.00498
   6001.6   0.13427   0.00496
   6008.6   0.13333   0.00491
   6015.5   0.13246   0.00485
   6022.5   0.13161   0.00483
   6029.5   0.13093   0.00481
   6036.5   0.13034   0.00477
   6043.6   0.12998   0.00470
   6050.6   0.12953   0.00464
   6057.7   0.12903   0.00467
   6064.8   0.12875   0.00469
   6071.9   0.12860   0.00468
   6079.0   0.12839   0.00465
   6086.1   0.12819   0.00466
   6093.3   0.12800   0.00465
   6100.5   0.12784   0.00462
   6107.6   0.12769   0.00459
   6114.8   0.12749   0.00458
   6122.1   0.12714   0.00461
   6129.3   0.12686   0.00459
   6136.5   0.12663   0.00455
   6143.8   0.12636   0.00451
   6151.1   0.12607   0.00451
   6158.4   0.12584   0.00451
   6165.7   0.12559   0.00450
   6173.1   0.12536   0.00448
   6180.4   0.12517   0.00445
   6187.8   0.12491   0.00443
   6195.2   0.12458   0.00444
   6202.6   0.12435   0.00444
   6210.0   0.12413   0.00443
   6217.5   0.12394   0.00441
   6225.0   0.12373   0.00443
   6232.4   0.12354   0.00444
   6239.9   0.12337   0.00441
   6247.5   0.12323   0.00439
   6255.0   0.12311   0.00441
   6262.5   0.12303   0.00438
   6270.1   0.12299   0.00439
   6277.7   0.12300   0.00441
   6285.3   0.12303   0.00442
   6292.9   0.12315   0.00443
   6300.6   0.12335   0.00443
   6308.3   0.12360   0.00444
   6315.9   0.12388   0.00447
   6323.6   0.12418   0.00448
   6331.4   0.12450   0.00448
   6339.1   0.12491   0.00449
   6346.9   0.12533   0.00450
   6354.6   0.12566   0.00451
   6362.4   0.12602   0.00452
   6370.3   0.12641   0.00454
   6378.1   0.12670   0.00457
   6385.9   0.12696   0.00457
   6393.8   0.12719   0.00457
   6401.7   0.12741   0.00458
   6409.6   0.12764   0.00454
   6417.6   0.12776   0.00450
   6425.5   0.12770   0.00455
   6433.5   0.12766   0.00457
   6441.5   0.12760   0.00459
   6449.5   0.12755   0.00460
   6457.5   0.12744   0.00458
   6465.6   0.12732   0.00456
   6473.6   0.12720   0.00453
   6481.7   0.12710   0.00451
   6489.8   0.12702   0.00449
   6498.0   0.12682   0.00448
   6506.1   0.12654   0.00452
   6514.3   0.12637   0.00453
   6522.5   0.12620   0.00450
   6530.7   0.12594   0.00450
   6538.9   0.12568   0.00448
   6547.2   0.12544   0.00445
   6555.5   0.12519   0.00446
   6563.8   0.12497   0.00447
   6572.1   0.12474   0.00444
   6580.4   0.12440   0.00442
   6588.8   0.12407   0.00442
   6597.2   0.12377   0.00440
   6605.6   0.12350   0.00442
   6614.0   0.12328   0.00443
   6622.5   0.12305   0.00441
   6630.9   0.12290   0.00439
   6639.4   0.12273   0.00437
   6647.9   0.12252   0.00439
   6656.5   0.12248   0.00439
   6665.0   0.12258   0.00440
   6673.6   0.12265   0.00441
   6682.2   0.12268   0.00439
   6690.8   0.12264   0.00441
   6699.5   0.12262   0.00443
   6708.1   0.12260   0.00439
   6716.8   0.12250   0.00435
   6725.5   0.12231   0.00437
   6734.3   0.12207   0.00440
   6743.0   0.12181   0.00440
   6751.8   0.12151   0.00440
   6760.6   0.12111   0.00438
   6769.4   0.12067   0.00435
   6778.3   0.12017   0.00431
   6787.1   0.11961   0.00426
   6796.0   0.11890   0.00427
   6805.0   0.11822   0.00426
   6813.9   0.11765   0.00421
   6822.9   0.11720   0.00420
   6831.9   0.11674   0.00418
   6840.9   0.11628   0.00416
   6849.9   0.11589   0.00412
   6859.0   0.11557   0.00405
   6868.0   0.11518   0.00406
   6877.2   0.11478   0.00408
   6886.3   0.11443   0.00410
   6895.5   0.11409   0.00409
   6904.6   0.11374   0.00406
   6913.8   0.11337   0.00404
   6923.1   0.11299   0.00404
   6932.3   0.11260   0.00402
   6941.6   0.11222   0.00401
   6950.9   0.11186   0.00400
   6960.2   0.11143   0.00397
   6969.6   0.11095   0.00396
   6979.0   0.11047   0.00396
   6988.4   0.11001   0.00391
   6997.8   0.10948   0.00386
   7007.3   0.10892   0.00384
   7016.8   0.10836   0.00385
   7026.3   0.10781   0.00381
   7035.8   0.10721   0.00379
   7045.4   0.10661   0.00376
   7054.9   0.10594   0.00375
   7064.5   0.10530   0.00376
   7074.2   0.10465   0.00375
   7083.9   0.10406   0.00373
   7093.5   0.10350   0.00367
   7103.3   0.10294   0.00365
   7113.0   0.10237   0.00365
   7122.8   0.10182   0.00363
   7132.6   0.10122   0.00362
   7142.4   0.10064   0.00360
   7152.2   0.10000   0.00355
   7162.1   0.09934   0.00351
   7172.0   0.09860   0.00349
   7182.0   0.09785   0.00347
   7191.9   0.09707   0.00344
   7201.9   0.09629   0.00340
   7211.9   0.09549   0.00335
   7222.0   0.09469   0.00334
   7232.0   0.09386   0.00330
   7242.1   0.09305   0.00328
   7252.3   0.09227   0.00326
   7262.4   0.09151   0.00324
   7272.6   0.09074   0.00321
   7282.8   0.08997   0.00316
   7293.1   0.08913   0.00313
   7303.3   0.08829   0.00309
   7313.6   0.08749   0.00306
   7324.0   0.08673   0.00305
   7334.3   0.08591   0.00303
   7344.7   0.08505   0.00298
   7355.1   0.08418   0.00295
   7365.6   0.08332   0.00292
   7376.1   0.08245   0.00290
   7386.6   0.08161   0.00286
   7397.1   0.08072   0.00282
   7407.7   0.07982   0.00279
   7418.3   0.07894   0.00275
   7428.9   0.07810   0.00272
   7439.6   0.07721   0.00270
   7450.3   0.07632   0.00267
   7461.0   0.07537   0.00261
   7471.7   0.07444   0.00260
   7482.5   0.07346   0.00258
   7493.3   0.07249   0.00254
   7504.1   0.07149   0.00249
   7515.0   0.07047   0.00244
   7525.9   0.06940   0.00240
   7536.9   0.06832   0.00235
   7547.9   0.06720   0.00229
   7558.9   0.06606   0.00227
   7569.9   0.06487   0.00224
   7581.0   0.06372   0.00220
   7592.0   0.06253   0.00217
   7603.2   0.06134   0.00213
   7614.4   0.06012   0.00210
   7625.5   0.05891   0.00207
   7636.8   0.05766   0.00203
   7648.0   0.05640   0.00197
   7659.3   0.05510   0.00192
   7670.7   0.05381   0.00188
   7682.0   0.05248   0.00182
   7693.4   0.05116   0.00177
   7704.9   0.04978   0.00172
   7716.3   0.04840   0.00167
   7727.8   0.04700   0.00163
   7739.4   0.04564   0.00157
   7750.9   0.04424   0.00151
   7762.5   0.04284   0.00146
   7774.2   0.04140   0.00141
   7785.8   0.04002   0.00135
   7797.5   0.03859   0.00129
   7809.3   0.03720   0.00124
   7821.1   0.03579   0.00118
   7832.9   0.03443   0.00111
   7844.7   0.03301   0.00106
   7856.6   0.03160   0.00101
   7868.5   0.03017   0.00095
   7880.5   0.02881   0.00089
   7892.5   0.02744   0.00085
   7904.5   0.02610   0.00084
   7916.6   0.02475   0.00076
   7928.7   0.02348   0.00069
   7940.8   0.02220   0.00066
   7953.0   0.02098   0.00062
   7965.2   0.01979   0.00057
   7977.5   0.01864   0.00053
   7989.8   0.01750   0.00053
   8002.1   0.01647   0.00050
   8014.5   0.01544   0.00044
   8026.9   0.01453   0.00041
   8039.3   0.01362   0.00038
   8051.8   0.01278   0.00036
   8064.3   0.01197   0.00035
   8076.9   0.01130   0.00033
   8089.5   0.01066   0.00031
   8102.1   0.01009   0.00032
   8114.8   0.00954   0.00028
   8127.5   0.00909   0.00024
   8140.3   0.00865   0.00021
   8153.1   0.00831   0.00018
   8165.9   0.00802   0.00018
   8178.8   0.00782   0.00018
   8191.7   0.00761   0.00015
   8204.7   0.00751   0.00014
   8217.7   0.00741   0.00013
   8230.7   0.00739   0.00015
   8243.8   0.00742   0.00017
   8257.0   0.00752   0.00017
   8270.1   0.00763   0.00018
   8283.3   0.00781   0.00019
   8296.6   0.00797   0.00019
   8309.9   0.00819   0.00018
   8323.2   0.00839   0.00021
   8336.6   0.00866   0.00023
   8350.0   0.00888   0.00021
   8363.5   0.00912   0.00021
   8377.0   0.00934   0.00022
   8390.5   0.00956   0.00021
   8404.2   0.00976   0.00021
   8417.8   0.01000   0.00024
   8431.5   0.01017   0.00024
   8445.2   0.01038   0.00024
   8459.0   0.01055   0.00025
   8472.8   0.01072   0.00024
   8486.7   0.01083   0.00027
   8500.6   0.01098   0.00032
   8514.5   0.01109   0.00031
   8528.5   0.01120   0.00031
   8542.6   0.01127   0.00032
   8556.7   0.01139   0.00034
   8570.8   0.01147   0.00036
   8585.0   0.01158   0.00035
   8599.3   0.01169   0.00034
   8613.5   0.01181   0.00034
   8627.9   0.01185   0.00032
   8642.3   0.01190   0.00028
   8656.7   0.01191   0.00030
   8671.2   0.01198   0.00034
   8685.7   0.01204   0.00035
   8700.3   0.01211   0.00035
   8714.9   0.01211   0.00034
   8729.5   0.01215   0.00032
   8744.3   0.01218   0.00033
   8759.0   0.01219   0.00034
   8773.9   0.01216   0.00033
   8788.7   0.01217   0.00031
   8803.7   0.01216   0.00029
   8818.6   0.01217   0.00030
   8833.7   0.01213   0.00033
   8848.7   0.01216   0.00032
   8863.8   0.01217   0.00033
   8879.0   0.01219   0.00035
   8894.3   0.01217   0.00035
   8909.5   0.01219   0.00033
   8924.9   0.01216   0.00034
   8940.3   0.01215   0.00036
   8955.7   0.01215   0.00036
   8971.2   0.01216   0.00036
   8986.8   0.01212   0.00035
   9002.3   0.01214   0.00037
   9018.0   0.01213   0.00038
   9033.7   0.01215   0.00033
   9049.5   0.01215   0.00031
   9065.3   0.01215   0.00033
   9081.2   0.01211   0.00036
   9097.1   0.01208   0.00036
   9113.1   0.01203   0.00036
   9129.1   0.01200   0.00032
   9145.2   0.01190   0.00031
   9161.4   0.01183   0.00030
   9177.6   0.01174   0.00030
   9193.9   0.01168   0.00031
   9210.2   0.01165   0.00032
   9226.6   0.01167   0.00033
   9243.0   0.01168   0.00032
   9259.5   0.01173   0.00028
   9276.1   0.01172   0.00028
   9292.7   0.01174   0.00032
   9309.4   0.01179   0.00031
   9326.2   0.01187   0.00035
   9343.0   0.01190   0.00040
   9359.8   0.01194   0.00039
   9376.8   0.01194   0.00034
   9393.8   0.01201   0.00038
   9410.8   0.01207   0.00043
   9427.9   0.01213   0.00042
   9445.1   0.01217   0.00038
   9462.3   0.01227   0.00035
   9479.6   0.01233   0.00034
   9497.0   0.01247   0.00035
   9514.4   0.01264   0.00041
   9531.9   0.01280   0.00042
   9549.4   0.01291   0.00040
   9567.0   0.01307   0.00042
   9584.7   0.01321   0.00043
   9602.5   0.01334   0.00046
   9620.3   0.01343   0.00048
   9638.2   0.01353   0.00049
   9656.1   0.01362   0.00043
   9674.2   0.01373   0.00041
   9692.2   0.01377   0.00041
   9710.4   0.01382   0.00040
   9728.6   0.01388   0.00041
   9746.9   0.01397   0.00044
   9765.2   0.01399   0.00046
   9783.7   0.01402   0.00045
   9802.2   0.01405   0.00046
   9820.7   0.01408   0.00046
   9839.4   0.01408   0.00044
   9858.1   0.01411   0.00043
   9876.8   0.01413   0.00043
   9895.7   0.01416   0.00039
   9914.6   0.01417   0.00036
   9933.6   0.01423   0.00033
   9952.7   0.01428   0.00038
   9971.8   0.01436   0.00047
   9991.0   0.01442   0.00049
  10010.3   0.01453   0.00043
  10029.7   0.01462   0.00045
  10049.1   0.01472   0.00047
  10068.6   0.01481   0.00046
  10088.2   0.01494   0.00046
  10107.9   0.01504   0.00044
  10127.6   0.01516   0.00047
  10147.5   0.01524   0.00048
  10167.3   0.01532   0.00049
  10187.3   0.01537   0.00050
  10207.4   0.01547   0.00049
  10227.5   0.01555   0.00051
  10247.7   0.01570   0.00054
  10268.0   0.01589   0.00051
  10288.4   0.01618   0.00049
  10308.8   0.01644   0.00046
  10329.4   0.01667   0.00045
  10350.0   0.01688   0.00053
  10370.7   0.01718   0.00058
  10391.5   0.01745   0.00055
  10412.3   0.01769   0.00055
  10433.3   0.01788   0.00057
  10454.3   0.01806   0.00057
  10475.4   0.01824   0.00058
  10496.7   0.01844   0.00058
  10517.9   0.01858   0.00063
  10539.3   0.01870   0.00063
  10560.8   0.01884   0.00059
  10582.3   0.01902   0.00062
  10604.0   0.01916   0.00058
  10625.7   0.01929   0.00053
  10647.5   0.01941   0.00056
  10669.4   0.01953   0.00059
  10691.4   0.01963   0.00064
  10713.5   0.01975   0.00064
  10735.7   0.01986   0.00059
  10758.0   0.02001   0.00059
  10780.3   0.02007   0.00065
  10802.8   0.02006   0.00063
  10825.4   0.02008   0.00061
  10848.0   0.02011   0.00062
  10870.8   0.02009   0.00064
  10893.6   0.02008   0.00069
  10916.5   0.02001   0.00075
  10939.5   0.01997   0.00069
  10962.7   0.01989   0.00064
  10985.9   0.01981   0.00064
  11009.2   0.01974   0.00065
  11032.7   0.01979   0.00064
  11056.2   0.01981   0.00060
  11079.8   0.01980   0.00062
  11103.5   0.01975   0.00069
  11127.4   0.01977   0.00065
  11151.3   0.01983   0.00060
  11175.3   0.01991   0.00064
  11199.5   0.01998   0.00069
  11223.7   0.02009   0.00069
  11248.0   0.02013   0.00060
  11272.5   0.02018   0.00054
  11297.1   0.02027   0.00058
  11321.7   0.02038   0.00059
  11346.5   0.02050   0.00065
  11371.4   0.02068   0.00072
  11396.4   0.02078   0.00070
  11421.5   0.02094   0.00068
  11446.7   0.02107   0.00068
  11472.0   0.02119   0.00066
  11497.5   0.02130   0.00068
  11523.0   0.02141   0.00072
  11548.7   0.02148   0.00075
  11574.4   0.02161   0.00072
  11600.3   0.02173   0.00071
  11626.3   0.02183   0.00072
  11652.5   0.02192   0.00071
  11678.7   0.02210   0.00067
  11705.1   0.02226   0.00071
  11731.6   0.02239   0.00067
  11758.2   0.02252   0.00065
  11784.9   0.02270   0.00071
  11811.7   0.02288   0.00072
  11838.7   0.02314   0.00070
  11865.8   0.02333   0.00073
  11893.0   0.02354   0.00074
  11920.3   0.02373   0.00074
  11947.8   0.02395   0.00075
  11975.4   0.02424   0.00070
  12003.1   0.02455   0.00067
  12031.0   0.02487   0.00069
  12059.0   0.02520   0.00067
  12087.1   0.02546   0.00075
  12115.3   0.02579   0.00088
  12143.7   0.02609   0.00091
  12172.2   0.02637   0.00091
  12200.8   0.02657   0.00090
  12229.6   0.02674   0.00083
  12258.5   0.02684   0.00081
  12287.6   0.02684   0.00081
  12316.8   0.02676   0.00084
  12346.1   0.02673   0.00082
  12375.5   0.02656   0.00079
  12405.2   0.02627   0.00077
  12434.9   0.02586   0.00083
  12464.8   0.02538   0.00077
  12494.8   0.02492   0.00071
  12525.0   0.02444   0.00070
  12555.3   0.02387   0.00066
  12585.8   0.02329   0.00070
  12616.4   0.02261   0.00076
  12647.2   0.02195   0.00071
  12678.1   0.02126   0.00066
  12709.2   0.02055   0.00061
  12740.4   0.01977   0.00056
  12771.8   0.01898   0.00052
  12803.3   0.01814   0.00051
  12835.0   0.01743   0.00041
  12866.9   0.01689   0.00042
  12898.9   0.01652   0.00050
  12931.1   0.01620   0.00049
  12963.4   0.01593   0.00054
  12995.9   0.01569   0.00055
  13028.5   0.01547   0.00046
  13061.3   0.01524   0.00035
  13094.3   0.01507   0.00027
  13127.5   0.01488   0.00033
  13160.8   0.01476   0.00034
  13194.3   0.01468   0.00036
  13228.0   0.01469   0.00040
  13261.8   0.01473   0.00043
  13295.8   0.01476   0.00042
  13330.0   0.01480   0.00041
  13364.3   0.01488   0.00040
  13398.8   0.01481   0.00039
  13433.6   0.01469   0.00042
  13468.5   0.01449   0.00051
  13503.5   0.01420   0.00047
  13538.8   0.01395   0.00038
  13574.2   0.01377   0.00040
  13609.9   0.01352   0.00029
  13645.7   0.01340   0.00011
  13681.7   0.01342   0.00024
  13717.9   0.01357   0.00039
  13754.3   0.01369   0.00037
  13790.8   0.01384   0.00043
  13827.6   0.01399   0.00049
  13864.6   0.01415   0.00041
  13901.8   0.01429   0.00043
  13939.2   0.01444   0.00037
  13976.7   0.01450   0.00034
  14014.5   0.01445   0.00038
  14052.5   0.01443   0.00047
  14090.7   0.01426   0.00048
  14129.0   0.01382   0.00032
  14167.6   0.01350   0.00023
  14206.5   0.01327   0.00035
  14245.5   0.01306   0.00034
  14284.7   0.01292   0.00033
  14324.2   0.01285   0.00040
  14363.9   0.01259   0.00046
  14403.8   0.01232   0.00035
  14443.9   0.01202   0.00029
  14484.3   0.01181   0.00032
  14524.8   0.01171   0.00035
  14565.6   0.01170   0.00043
  14606.7   0.01153   0.00044
  14647.9   0.01130   0.00033
  14689.4   0.01131   0.00022
  14731.2   0.01139   0.00029
  14773.1   0.01130   0.00035
  14815.3   0.01112   0.00036
  14857.8   0.01121   0.00043
  14900.5   0.01153   0.00038
  14943.4   0.01157   0.00026
  14986.6   0.01151   0.00029
  15030.0   0.01177   0.00020
  15073.7   0.01204   0.00018
  15117.7   0.01251   0.00052
  15161.9   0.01302   0.00042
  15206.3   0.01298   0.00065
  15251.1   0.01301   0.00069
  15296.1   0.01331   0.00018
  15341.3   0.01343   0.00017
  15386.8   0.01331   0.00020
  15432.6   0.01314   0.00011
  15478.7   0.01311   0.00032
  15525.0   0.01322   0.00011
  15571.7   0.01293   0.00056
  15618.6   0.01287   0.00084
  15665.8   0.01330   0.00036
  15713.2   0.01352   0.00011
  15761.0   0.01347   0.00010
  15809.0   0.01353   0.00016
  15857.4   0.01375   0.00045
  15906.0   0.01379   0.00082
  15955.0   0.01385   0.00091
  16004.2   0.01410   0.00039
  16053.8   0.01435   0.00005
  16103.6   0.01427   0.00000
  16153.8   0.01413   0.00020
  16204.3   0.01405   0.00045
  16255.1   0.01396   0.00062
  16306.2   0.01404   0.00072
  16357.6   0.01420   0.00062
  16409.4   0.01411   0.00059
  16461.5   0.01396   0.00062
  16513.9   0.01427   0.00081
  16566.7   0.01477   0.00108
  16619.8   0.01506   0.00088
  16673.2   0.01527   0.00038
  16727.0   0.01549   0.00025
  16781.1   0.01575   0.00011
  16835.6   0.01595   0.00025
  16890.5   0.01615   0.00037
  16945.7   0.01648   0.00042
  17001.2   0.01652   0.00051
  17057.2   0.01665   0.00050
  17113.4   0.01675   0.00060
  17170.1   0.01660   0.00083
  17227.2   0.01654   0.00106
  17284.6   0.01650   0.00123
  17342.4   0.01635   0.00097
  17400.6   0.01632   0.00080
  17459.2   0.01652   0.00093
  17518.2   0.01646   0.00102
  17577.5   0.01654   0.00095
  17637.3   0.01688   0.00088
  17697.5   0.01689   0.00057
  17758.1   0.01687   0.00040
  17819.2   0.01680   0.00042
  17880.6   0.01668   0.00046
  17942.5   0.01693   0.00052
  18004.8   0.01692   0.00045
  18067.5   0.01680   0.00068
  18130.7   0.01676   0.00085
  18194.3   0.01683   0.00060
  18258.4   0.01704   0.00039
  18322.9   0.01732   0.00068
  18387.9   0.01767   0.00060
  18453.3   0.01807   0.00050
  18519.2   0.01831   0.00058
  18585.6   0.01838   0.00076
  18652.4   0.01829   0.00101
  18719.8   0.01829   0.00083
  18787.6   0.01845   0.00070
  18855.9   0.01861   0.00058
  18924.7   0.01876   0.00055
  18994.1   0.01910   0.00062
  19063.9   0.01906   0.00081
  19134.2   0.01887   0.00067
  19205.1   0.01863   0.00042
  19276.5   0.01851   0.00053
  19348.4   0.01883   0.00050
  19420.9   0.01909   0.00040
  19493.9   0.01908   0.00086
  19567.5   0.01916   0.00102
  19641.6   0.01915   0.00068
  19716.3   0.01904   0.00054
  19791.5   0.01906   0.00094
  19867.3   0.01878   0.00109
  19943.8   0.01848   0.00111
  20020.8   0.01810   0.00083
  20098.4   0.01754   0.00082
  20176.6   0.01751   0.00041
  20255.4   0.01764   0.00008
  20334.8   0.01716   0.00047
  20414.9   0.01679   0.00086
  20495.6   0.01675   0.00071
  20576.9   0.01655   0.00047
  20658.9   0.01629   0.00011
  20741.5   0.01658   0.00000
  20824.8   0.01710   0.00020
  20908.8   0.01716   0.00071
  20993.4   0.01714   0.00103
  21078.8   0.01721   0.00135
  21164.8   0.01718   0.00120
  21251.6   0.01737   0.00070
  21339.0   0.01755   0.00101
  21427.2   0.01714   0.00115
  21516.1   0.01670   0.00128
  21605.8   0.01697   0.00116
  21696.2   0.01750   0.00065
  21787.3   0.01791   0.00162
  21879.3   0.01766   0.00244
  21972.0   0.01694   0.00202
  22065.5   0.01693   0.00185
  22159.7   0.01687   0.00108
  22254.8   0.01669   0.00044
  22350.8   0.01629   0.00050
  22447.5   0.01583   0.00040
  22545.1   0.01576   0.00057
  22643.6   0.01616   0.00053
  22742.9   0.01621   0.00098
  22843.1   0.01658   0.00174
  22944.2   0.01755   0.00183
  23046.2   0.01805   0.00183
  23149.0   0.01736   0.00290
  23252.8   0.01700   0.00303
  23357.6   0.01738   0.00110
  23463.3   0.01884   0.00093
  23569.9   0.01933   0.00062
  23677.5   0.01902   0.00010
  23786.1   0.01843   0.00077
  23895.8   0.01827   0.00158
  24006.4   0.01899   0.00208
  24118.0   0.01949   0.00271
  24230.7   0.01926   0.00164
  24344.5   0.01877   0.00109
  24459.4   0.01984   0.00227
  24575.3   0.01969   0.00338
  24692.3   0.01849   0.00257
  24810.4   0.01942   0.00032
  24929.7   0.02062   0.00129
  25050.2   0.02193   0.00398



 BMR1LR109   .ASC                        

 LR-CMP-109                                                              
 61141,75 <45 um                                                         

 Source Ang: 30.00   Detect Ang:  0.00  Volt: 1.777
 Date:  1-FEB-03   Time: 16:43:54
