  2387
   1999.7   0.27260   0.00742
   2000.5   0.27263   0.00748
   2001.3   0.27263   0.00754
   2002.1   0.27271   0.00750
   2002.8   0.27276   0.00746
   2003.6   0.27281   0.00738
   2004.4   0.27289   0.00742
   2005.2   0.27295   0.00750
   2005.9   0.27297   0.00748
   2006.7   0.27292   0.00749
   2007.5   0.27297   0.00755
   2008.3   0.27307   0.00756
   2009.0   0.27310   0.00752
   2009.8   0.27309   0.00753
   2010.6   0.27313   0.00758
   2011.4   0.27322   0.00752
   2012.2   0.27325   0.00746
   2012.9   0.27326   0.00742
   2013.7   0.27329   0.00747
   2014.5   0.27329   0.00752
   2015.3   0.27332   0.00752
   2016.1   0.27338   0.00739
   2016.8   0.27346   0.00733
   2017.6   0.27357   0.00747
   2018.4   0.27360   0.00759
   2019.2   0.27362   0.00753
   2020.0   0.27366   0.00746
   2020.8   0.27366   0.00751
   2021.6   0.27368   0.00748
   2022.4   0.27377   0.00741
   2023.2   0.27387   0.00739
   2023.9   0.27385   0.00735
   2024.7   0.27387   0.00729
   2025.5   0.27393   0.00731
   2026.3   0.27398   0.00740
   2027.1   0.27402   0.00745
   2027.9   0.27407   0.00748
   2028.7   0.27414   0.00748
   2029.5   0.27413   0.00752
   2030.3   0.27413   0.00753
   2031.1   0.27420   0.00755
   2031.9   0.27418   0.00758
   2032.7   0.27419   0.00751
   2033.5   0.27432   0.00744
   2034.3   0.27435   0.00750
   2035.1   0.27437   0.00761
   2035.9   0.27449   0.00755
   2036.7   0.27452   0.00745
   2037.5   0.27453   0.00741
   2038.3   0.27458   0.00738
   2039.1   0.27456   0.00739
   2039.9   0.27457   0.00750
   2040.7   0.27466   0.00756
   2041.5   0.27471   0.00752
   2042.3   0.27473   0.00741
   2043.1   0.27476   0.00739
   2043.9   0.27489   0.00745
   2044.7   0.27499   0.00750
   2045.5   0.27494   0.00742
   2046.3   0.27497   0.00741
   2047.1   0.27499   0.00752
   2047.9   0.27499   0.00753
   2048.7   0.27506   0.00752
   2049.5   0.27516   0.00753
   2050.4   0.27525   0.00742
   2051.2   0.27531   0.00735
   2052.0   0.27533   0.00746
   2052.8   0.27534   0.00752
   2053.6   0.27541   0.00750
   2054.4   0.27548   0.00740
   2055.2   0.27553   0.00727
   2056.0   0.27556   0.00732
   2056.9   0.27559   0.00741
   2057.7   0.27562   0.00750
   2058.5   0.27560   0.00755
   2059.3   0.27559   0.00748
   2060.1   0.27567   0.00755
   2060.9   0.27575   0.00764
   2061.8   0.27578   0.00761
   2062.6   0.27588   0.00751
   2063.4   0.27593   0.00751
   2064.2   0.27592   0.00746
   2065.1   0.27596   0.00748
   2065.9   0.27601   0.00753
   2066.7   0.27608   0.00750
   2067.5   0.27616   0.00743
   2068.3   0.27622   0.00746
   2069.2   0.27628   0.00750
   2070.0   0.27635   0.00750
   2070.8   0.27637   0.00746
   2071.6   0.27639   0.00745
   2072.5   0.27645   0.00750
   2073.3   0.27651   0.00751
   2074.1   0.27657   0.00748
   2075.0   0.27657   0.00743
   2075.8   0.27656   0.00733
   2076.6   0.27664   0.00741
   2077.5   0.27671   0.00747
   2078.3   0.27672   0.00751
   2079.1   0.27674   0.00745
   2080.0   0.27680   0.00749
   2080.8   0.27683   0.00750
   2081.6   0.27694   0.00748
   2082.5   0.27705   0.00755
   2083.3   0.27711   0.00759
   2084.1   0.27712   0.00756
   2085.0   0.27711   0.00748
   2085.8   0.27714   0.00745
   2086.7   0.27725   0.00753
   2087.5   0.27731   0.00758
   2088.3   0.27737   0.00753
   2089.2   0.27745   0.00743
   2090.0   0.27748   0.00741
   2090.9   0.27750   0.00744
   2091.7   0.27758   0.00748
   2092.6   0.27764   0.00755
   2093.4   0.27768   0.00761
   2094.2   0.27773   0.00753
   2095.1   0.27777   0.00746
   2095.9   0.27780   0.00746
   2096.8   0.27783   0.00749
   2097.6   0.27795   0.00752
   2098.5   0.27797   0.00753
   2099.3   0.27799   0.00756
   2100.2   0.27804   0.00759
   2101.0   0.27803   0.00753
   2101.9   0.27804   0.00746
   2102.7   0.27813   0.00749
   2103.6   0.27826   0.00755
   2104.4   0.27829   0.00748
   2105.3   0.27834   0.00741
   2106.1   0.27841   0.00739
   2107.0   0.27842   0.00748
   2107.9   0.27847   0.00752
   2108.7   0.27852   0.00756
   2109.6   0.27855   0.00757
   2110.4   0.27863   0.00748
   2111.3   0.27874   0.00753
   2112.2   0.27878   0.00750
   2113.0   0.27872   0.00752
   2113.9   0.27873   0.00766
   2114.7   0.27884   0.00767
   2115.6   0.27896   0.00756
   2116.5   0.27905   0.00755
   2117.3   0.27906   0.00758
   2118.2   0.27911   0.00756
   2119.1   0.27919   0.00759
   2119.9   0.27918   0.00762
   2120.8   0.27915   0.00762
   2121.7   0.27917   0.00764
   2122.5   0.27919   0.00757
   2123.4   0.27929   0.00749
   2124.3   0.27944   0.00750
   2125.1   0.27949   0.00755
   2126.0   0.27951   0.00753
   2126.9   0.27962   0.00748
   2127.8   0.27979   0.00750
   2128.6   0.27988   0.00753
   2129.5   0.27987   0.00749
   2130.4   0.27990   0.00747
   2131.3   0.27991   0.00748
   2132.1   0.27989   0.00758
   2133.0   0.27991   0.00760
   2133.9   0.27997   0.00746
   2134.8   0.28004   0.00741
   2135.6   0.28012   0.00749
   2136.5   0.28017   0.00755
   2137.4   0.28021   0.00751
   2138.3   0.28029   0.00751
   2139.2   0.28032   0.00757
   2140.1   0.28037   0.00765
   2140.9   0.28046   0.00754
   2141.8   0.28051   0.00749
   2142.7   0.28055   0.00758
   2143.6   0.28062   0.00761
   2144.5   0.28069   0.00753
   2145.4   0.28071   0.00751
   2146.3   0.28075   0.00754
   2147.1   0.28085   0.00756
   2148.0   0.28093   0.00763
   2148.9   0.28096   0.00761
   2149.8   0.28103   0.00759
   2150.7   0.28106   0.00760
   2151.6   0.28112   0.00756
   2152.5   0.28123   0.00754
   2153.4   0.28132   0.00757
   2154.3   0.28138   0.00754
   2155.2   0.28140   0.00747
   2156.1   0.28140   0.00750
   2157.0   0.28148   0.00758
   2157.9   0.28156   0.00755
   2158.8   0.28161   0.00754
   2159.7   0.28161   0.00758
   2160.6   0.28163   0.00754
   2161.5   0.28170   0.00744
   2162.4   0.28179   0.00752
   2163.3   0.28184   0.00761
   2164.2   0.28191   0.00752
   2165.1   0.28196   0.00752
   2166.0   0.28200   0.00759
   2166.9   0.28205   0.00757
   2167.8   0.28211   0.00759
   2168.7   0.28219   0.00764
   2169.6   0.28225   0.00760
   2170.5   0.28232   0.00753
   2171.4   0.28235   0.00755
   2172.3   0.28239   0.00758
   2173.3   0.28244   0.00762
   2174.2   0.28250   0.00755
   2175.1   0.28257   0.00755
   2176.0   0.28266   0.00759
   2176.9   0.28271   0.00751
   2177.8   0.28274   0.00747
   2178.7   0.28279   0.00758
   2179.6   0.28284   0.00759
   2180.6   0.28293   0.00754
   2181.5   0.28300   0.00750
   2182.4   0.28305   0.00752
   2183.3   0.28314   0.00757
   2184.2   0.28323   0.00760
   2185.1   0.28324   0.00755
   2186.1   0.28329   0.00761
   2187.0   0.28335   0.00762
   2187.9   0.28338   0.00766
   2188.8   0.28341   0.00765
   2189.8   0.28345   0.00762
   2190.7   0.28353   0.00762
   2191.6   0.28360   0.00767
   2192.6   0.28366   0.00771
   2193.5   0.28369   0.00767
   2194.4   0.28376   0.00758
   2195.3   0.28381   0.00760
   2196.3   0.28385   0.00767
   2197.2   0.28393   0.00759
   2198.1   0.28395   0.00751
   2199.1   0.28398   0.00759
   2200.0   0.28404   0.00769
   2200.9   0.28416   0.00775
   2201.9   0.28424   0.00776
   2202.8   0.28426   0.00772
   2203.7   0.28431   0.00764
   2204.7   0.28434   0.00760
   2205.6   0.28442   0.00769
   2206.5   0.28447   0.00782
   2207.5   0.28447   0.00777
   2208.4   0.28454   0.00767
   2209.4   0.28467   0.00765
   2210.3   0.28473   0.00767
   2211.3   0.28477   0.00763
   2212.2   0.28487   0.00762
   2213.1   0.28493   0.00764
   2214.1   0.28496   0.00763
   2215.0   0.28497   0.00761
   2216.0   0.28500   0.00764
   2216.9   0.28501   0.00766
   2217.9   0.28505   0.00767
   2218.8   0.28512   0.00768
   2219.8   0.28520   0.00767
   2220.7   0.28530   0.00766
   2221.7   0.28538   0.00774
   2222.6   0.28536   0.00768
   2223.6   0.28539   0.00752
   2224.5   0.28545   0.00754
   2225.5   0.28547   0.00761
   2226.4   0.28558   0.00761
   2227.4   0.28568   0.00766
   2228.4   0.28571   0.00765
   2229.3   0.28576   0.00755
   2230.3   0.28582   0.00759
   2231.2   0.28583   0.00765
   2232.2   0.28586   0.00755
   2233.1   0.28594   0.00748
   2234.1   0.28602   0.00757
   2235.1   0.28606   0.00768
   2236.0   0.28609   0.00766
   2237.0   0.28618   0.00757
   2238.0   0.28624   0.00748
   2238.9   0.28627   0.00749
   2239.9   0.28636   0.00758
   2240.9   0.28644   0.00763
   2241.8   0.28647   0.00758
   2242.8   0.28654   0.00758
   2243.8   0.28658   0.00761
   2244.8   0.28662   0.00764
   2245.7   0.28668   0.00768
   2246.7   0.28674   0.00765
   2247.7   0.28682   0.00757
   2248.6   0.28686   0.00756
   2249.6   0.28687   0.00761
   2250.6   0.28692   0.00762
   2251.6   0.28699   0.00760
   2252.6   0.28708   0.00755
   2253.5   0.28715   0.00752
   2254.5   0.28723   0.00754
   2255.5   0.28726   0.00756
   2256.5   0.28729   0.00756
   2257.5   0.28733   0.00759
   2258.4   0.28739   0.00761
   2259.4   0.28746   0.00762
   2260.4   0.28749   0.00764
   2261.4   0.28753   0.00762
   2262.4   0.28762   0.00762
   2263.4   0.28770   0.00755
   2264.4   0.28776   0.00756
   2265.4   0.28780   0.00759
   2266.3   0.28779   0.00762
   2267.3   0.28784   0.00761
   2268.3   0.28797   0.00757
   2269.3   0.28805   0.00762
   2270.3   0.28804   0.00759
   2271.3   0.28804   0.00757
   2272.3   0.28813   0.00766
   2273.3   0.28819   0.00766
   2274.3   0.28823   0.00760
   2275.3   0.28831   0.00758
   2276.3   0.28840   0.00761
   2277.3   0.28844   0.00760
   2278.3   0.28854   0.00764
   2279.3   0.28860   0.00758
   2280.3   0.28864   0.00752
   2281.3   0.28874   0.00752
   2282.3   0.28879   0.00754
   2283.3   0.28881   0.00762
   2284.3   0.28887   0.00765
   2285.3   0.28897   0.00763
   2286.3   0.28899   0.00757
   2287.3   0.28901   0.00756
   2288.4   0.28906   0.00754
   2289.4   0.28912   0.00754
   2290.4   0.28919   0.00760
   2291.4   0.28924   0.00765
   2292.4   0.28929   0.00764
   2293.4   0.28935   0.00764
   2294.4   0.28937   0.00763
   2295.4   0.28942   0.00758
   2296.5   0.28951   0.00760
   2297.5   0.28958   0.00765
   2298.5   0.28963   0.00764
   2299.5   0.28968   0.00758
   2300.5   0.28972   0.00758
   2301.6   0.28975   0.00759
   2302.6   0.28983   0.00761
   2303.6   0.28990   0.00763
   2304.6   0.28995   0.00763
   2305.6   0.29001   0.00769
   2306.7   0.29005   0.00770
   2307.7   0.29012   0.00769
   2308.7   0.29021   0.00773
   2309.8   0.29026   0.00771
   2310.8   0.29029   0.00762
   2311.8   0.29038   0.00757
   2312.9   0.29046   0.00763
   2313.9   0.29051   0.00766
   2314.9   0.29050   0.00761
   2315.9   0.29058   0.00756
   2317.0   0.29072   0.00755
   2318.0   0.29083   0.00759
   2319.1   0.29087   0.00761
   2320.1   0.29094   0.00762
   2321.1   0.29102   0.00764
   2322.2   0.29107   0.00766
   2323.2   0.29112   0.00768
   2324.3   0.29116   0.00769
   2325.3   0.29122   0.00760
   2326.3   0.29131   0.00757
   2327.4   0.29136   0.00766
   2328.4   0.29136   0.00763
   2329.5   0.29140   0.00764
   2330.5   0.29151   0.00772
   2331.6   0.29158   0.00771
   2332.6   0.29164   0.00767
   2333.7   0.29169   0.00765
   2334.7   0.29174   0.00761
   2335.8   0.29182   0.00762
   2336.8   0.29186   0.00764
   2337.9   0.29192   0.00762
   2338.9   0.29197   0.00762
   2340.0   0.29195   0.00763
   2341.0   0.29199   0.00760
   2342.1   0.29209   0.00764
   2343.2   0.29221   0.00765
   2344.2   0.29228   0.00767
   2345.3   0.29227   0.00769
   2346.3   0.29233   0.00761
   2347.4   0.29243   0.00751
   2348.5   0.29252   0.00754
   2349.5   0.29262   0.00757
   2350.6   0.29267   0.00756
   2351.7   0.29270   0.00758
   2352.7   0.29276   0.00759
   2353.8   0.29285   0.00756
   2354.9   0.29292   0.00756
   2355.9   0.29294   0.00760
   2357.0   0.29300   0.00758
   2358.1   0.29309   0.00756
   2359.1   0.29314   0.00758
   2360.2   0.29318   0.00766
   2361.3   0.29323   0.00762
   2362.4   0.29327   0.00756
   2363.4   0.29336   0.00757
   2364.5   0.29348   0.00765
   2365.6   0.29353   0.00768
   2366.7   0.29359   0.00762
   2367.8   0.29370   0.00756
   2368.9   0.29375   0.00759
   2369.9   0.29374   0.00757
   2371.0   0.29378   0.00753
   2372.1   0.29386   0.00756
   2373.2   0.29393   0.00760
   2374.3   0.29401   0.00762
   2375.4   0.29410   0.00759
   2376.4   0.29417   0.00761
   2377.5   0.29425   0.00768
   2378.6   0.29428   0.00770
   2379.7   0.29426   0.00766
   2380.8   0.29432   0.00760
   2381.9   0.29440   0.00762
   2383.0   0.29447   0.00770
   2384.1   0.29456   0.00768
   2385.2   0.29461   0.00763
   2386.3   0.29466   0.00764
   2387.4   0.29475   0.00766
   2388.5   0.29486   0.00767
   2389.6   0.29489   0.00765
   2390.7   0.29492   0.00765
   2391.8   0.29500   0.00764
   2392.9   0.29509   0.00762
   2394.0   0.29513   0.00763
   2395.1   0.29514   0.00768
   2396.2   0.29519   0.00772
   2397.3   0.29525   0.00774
   2398.4   0.29530   0.00770
   2399.6   0.29538   0.00770
   2400.7   0.29547   0.00774
   2401.8   0.29552   0.00770
   2402.9   0.29559   0.00761
   2404.0   0.29566   0.00755
   2405.1   0.29574   0.00758
   2406.2   0.29579   0.00767
   2407.4   0.29582   0.00766
   2408.5   0.29587   0.00761
   2409.6   0.29597   0.00761
   2410.7   0.29607   0.00767
   2411.8   0.29611   0.00772
   2412.9   0.29614   0.00777
   2414.1   0.29621   0.00777
   2415.2   0.29630   0.00774
   2416.3   0.29637   0.00776
   2417.4   0.29642   0.00771
   2418.6   0.29650   0.00768
   2419.7   0.29655   0.00773
   2420.8   0.29660   0.00771
   2422.0   0.29669   0.00772
   2423.1   0.29674   0.00770
   2424.2   0.29679   0.00761
   2425.4   0.29685   0.00762
   2426.5   0.29685   0.00769
   2427.6   0.29690   0.00768
   2428.8   0.29702   0.00768
   2429.9   0.29710   0.00769
   2431.1   0.29716   0.00766
   2432.2   0.29724   0.00766
   2433.3   0.29729   0.00767
   2434.5   0.29736   0.00767
   2435.6   0.29745   0.00768
   2436.8   0.29749   0.00766
   2437.9   0.29753   0.00771
   2439.1   0.29762   0.00780
   2440.2   0.29766   0.00782
   2441.4   0.29769   0.00780
   2442.5   0.29778   0.00775
   2443.6   0.29784   0.00770
   2444.8   0.29791   0.00766
   2446.0   0.29793   0.00761
   2447.1   0.29799   0.00765
   2448.3   0.29809   0.00775
   2449.4   0.29810   0.00775
   2450.6   0.29815   0.00774
   2451.7   0.29825   0.00767
   2452.9   0.29833   0.00764
   2454.1   0.29837   0.00771
   2455.2   0.29841   0.00775
   2456.4   0.29848   0.00771
   2457.6   0.29861   0.00768
   2458.7   0.29868   0.00774
   2459.9   0.29871   0.00778
   2461.1   0.29875   0.00777
   2462.2   0.29881   0.00769
   2463.4   0.29885   0.00764
   2464.6   0.29891   0.00765
   2465.7   0.29901   0.00770
   2466.9   0.29907   0.00778
   2468.1   0.29913   0.00780
   2469.3   0.29923   0.00777
   2470.4   0.29929   0.00779
   2471.6   0.29935   0.00778
   2472.8   0.29944   0.00773
   2474.0   0.29951   0.00776
   2475.1   0.29952   0.00779
   2476.3   0.29958   0.00777
   2477.5   0.29965   0.00779
   2478.7   0.29969   0.00777
   2479.9   0.29977   0.00775
   2481.1   0.29986   0.00777
   2482.3   0.29996   0.00775
   2483.4   0.30001   0.00774
   2484.6   0.30007   0.00777
   2485.8   0.30014   0.00783
   2487.0   0.30020   0.00786
   2488.2   0.30022   0.00783
   2489.4   0.30028   0.00778
   2490.6   0.30041   0.00779
   2491.8   0.30052   0.00783
   2493.0   0.30059   0.00779
   2494.2   0.30063   0.00777
   2495.4   0.30066   0.00777
   2496.6   0.30073   0.00777
   2497.8   0.30080   0.00778
   2499.0   0.30085   0.00777
   2500.2   0.30094   0.00777
   2501.4   0.30106   0.00781
   2502.6   0.30115   0.00782
   2503.8   0.30116   0.00779
   2505.0   0.30124   0.00779
   2506.3   0.30132   0.00778
   2507.5   0.30135   0.00777
   2508.7   0.30137   0.00781
   2509.9   0.30141   0.00783
   2511.1   0.30146   0.00781
   2512.3   0.30152   0.00779
   2513.5   0.30157   0.00782
   2514.8   0.30164   0.00784
   2516.0   0.30174   0.00787
   2517.2   0.30185   0.00787
   2518.4   0.30189   0.00788
   2519.6   0.30190   0.00786
   2520.9   0.30196   0.00784
   2522.1   0.30206   0.00787
   2523.3   0.30213   0.00789
   2524.6   0.30218   0.00790
   2525.8   0.30224   0.00784
   2527.0   0.30231   0.00779
   2528.3   0.30238   0.00783
   2529.5   0.30244   0.00795
   2530.7   0.30249   0.00796
   2531.9   0.30256   0.00786
   2533.2   0.30265   0.00785
   2534.4   0.30272   0.00790
   2535.7   0.30278   0.00787
   2536.9   0.30281   0.00785
   2538.1   0.30287   0.00782
   2539.4   0.30295   0.00781
   2540.6   0.30301   0.00782
   2541.9   0.30307   0.00786
   2543.1   0.30314   0.00784
   2544.4   0.30319   0.00785
   2545.6   0.30324   0.00794
   2546.9   0.30333   0.00795
   2548.1   0.30340   0.00788
   2549.4   0.30347   0.00786
   2550.6   0.30354   0.00788
   2551.9   0.30358   0.00792
   2553.1   0.30362   0.00789
   2554.4   0.30369   0.00783
   2555.7   0.30378   0.00788
   2556.9   0.30382   0.00794
   2558.2   0.30390   0.00790
   2559.4   0.30400   0.00790
   2560.7   0.30409   0.00788
   2562.0   0.30409   0.00784
   2563.2   0.30410   0.00788
   2564.5   0.30413   0.00796
   2565.8   0.30417   0.00800
   2567.1   0.30427   0.00800
   2568.3   0.30440   0.00792
   2569.6   0.30450   0.00785
   2570.9   0.30449   0.00787
   2572.1   0.30461   0.00790
   2573.4   0.30465   0.00787
   2574.7   0.30461   0.00788
   2576.0   0.30474   0.00791
   2577.3   0.30477   0.00791
   2578.5   0.30480   0.00795
   2579.8   0.30498   0.00793
   2581.1   0.30510   0.00790
   2582.4   0.30516   0.00790
   2583.7   0.30524   0.00790
   2585.0   0.30515   0.00795
   2586.3   0.30528   0.00798
   2587.5   0.30534   0.00798
   2588.8   0.30532   0.00800
   2590.1   0.30538   0.00796
   2591.4   0.30544   0.00790
   2592.7   0.30556   0.00788
   2594.0   0.30574   0.00789
   2595.3   0.30559   0.00796
   2596.6   0.30549   0.00801
   2597.9   0.30568   0.00799
   2599.2   0.30581   0.00794
   2600.5   0.30589   0.00795
   2601.8   0.30593   0.00800
   2603.1   0.30599   0.00799
   2604.4   0.30612   0.00793
   2605.8   0.30613   0.00794
   2607.1   0.30607   0.00804
   2608.4   0.30619   0.00805
   2609.7   0.30624   0.00801
   2611.0   0.30626   0.00795
   2612.3   0.30633   0.00795
   2613.6   0.30639   0.00797
   2614.9   0.30652   0.00800
   2616.3   0.30662   0.00799
   2617.6   0.30647   0.00799
   2618.9   0.30657   0.00794
   2620.2   0.30674   0.00792
   2621.6   0.30662   0.00797
   2622.9   0.30670   0.00800
   2624.2   0.30682   0.00802
   2625.5   0.30694   0.00798
   2626.9   0.30691   0.00797
   2628.2   0.30684   0.00802
   2629.5   0.30708   0.00802
   2630.9   0.30705   0.00803
   2632.2   0.30701   0.00805
   2633.5   0.30717   0.00804
   2634.9   0.30719   0.00801
   2636.2   0.30724   0.00800
   2637.6   0.30732   0.00806
   2638.9   0.30736   0.00807
   2640.2   0.30741   0.00803
   2641.6   0.30746   0.00802
   2642.9   0.30746   0.00802
   2644.3   0.30748   0.00803
   2645.6   0.30755   0.00800
   2647.0   0.30756   0.00802
   2648.3   0.30760   0.00804
   2649.7   0.30764   0.00803
   2651.0   0.30774   0.00802
   2652.4   0.30777   0.00805
   2653.8   0.30773   0.00804
   2655.1   0.30781   0.00797
   2656.5   0.30781   0.00797
   2657.8   0.30786   0.00800
   2659.2   0.30792   0.00803
   2660.6   0.30792   0.00805
   2661.9   0.30793   0.00808
   2663.3   0.30801   0.00805
   2664.7   0.30807   0.00804
   2666.0   0.30797   0.00807
   2667.4   0.30786   0.00810
   2668.8   0.30790   0.00814
   2670.1   0.30805   0.00815
   2671.5   0.30768   0.00818
   2672.9   0.30770   0.00814
   2674.3   0.30783   0.00816
   2675.7   0.30784   0.00818
   2677.0   0.30766   0.00818
   2678.4   0.30755   0.00821
   2679.8   0.30746   0.00821
   2681.2   0.30733   0.00821
   2682.6   0.30737   0.00819
   2684.0   0.30731   0.00819
   2685.4   0.30720   0.00815
   2686.8   0.30712   0.00811
   2688.1   0.30703   0.00811
   2689.5   0.30696   0.00814
   2690.9   0.30684   0.00814
   2692.3   0.30677   0.00809
   2693.7   0.30660   0.00804
   2695.1   0.30632   0.00804
   2696.5   0.30611   0.00804
   2697.9   0.30591   0.00801
   2699.3   0.30577   0.00799
   2700.8   0.30563   0.00804
   2702.1   0.30539   0.00807
   2703.6   0.30518   0.00803
   2705.0   0.30495   0.00800
   2706.4   0.30466   0.00802
   2707.8   0.30443   0.00802
   2709.2   0.30415   0.00800
   2710.6   0.30382   0.00796
   2712.1   0.30336   0.00801
   2713.5   0.30302   0.00799
   2714.9   0.30274   0.00795
   2716.3   0.30242   0.00795
   2717.7   0.30212   0.00800
   2719.2   0.30196   0.00799
   2720.6   0.30158   0.00798
   2722.0   0.30087   0.00799
   2723.4   0.30052   0.00792
   2724.9   0.29998   0.00792
   2726.3   0.29941   0.00789
   2727.7   0.29899   0.00785
   2729.2   0.29853   0.00785
   2730.6   0.29806   0.00787
   2732.1   0.29758   0.00789
   2733.5   0.29713   0.00784
   2734.9   0.29660   0.00782
   2736.4   0.29595   0.00779
   2737.8   0.29554   0.00780
   2739.3   0.29509   0.00782
   2740.7   0.29440   0.00786
   2742.2   0.29371   0.00788
   2743.6   0.29317   0.00783
   2745.1   0.29267   0.00777
   2746.5   0.29211   0.00775
   2748.0   0.29153   0.00772
   2749.4   0.29097   0.00771
   2750.9   0.29041   0.00773
   2752.4   0.28983   0.00769
   2753.8   0.28931   0.00764
   2755.3   0.28875   0.00766
   2756.7   0.28797   0.00771
   2758.2   0.28740   0.00770
   2759.7   0.28689   0.00764
   2761.1   0.28642   0.00758
   2762.6   0.28589   0.00757
   2764.1   0.28528   0.00763
   2765.6   0.28471   0.00766
   2767.0   0.28420   0.00762
   2768.5   0.28361   0.00761
   2770.0   0.28311   0.00761
   2771.5   0.28259   0.00761
   2773.0   0.28208   0.00756
   2774.4   0.28163   0.00755
   2775.9   0.28119   0.00756
   2777.4   0.28069   0.00755
   2778.9   0.28019   0.00756
   2780.4   0.27975   0.00753
   2781.9   0.27933   0.00751
   2783.4   0.27889   0.00750
   2784.9   0.27853   0.00748
   2786.4   0.27816   0.00748
   2787.9   0.27769   0.00748
   2789.4   0.27729   0.00746
   2790.9   0.27697   0.00747
   2792.4   0.27663   0.00747
   2793.9   0.27628   0.00745
   2795.4   0.27592   0.00742
   2796.9   0.27557   0.00742
   2798.4   0.27528   0.00745
   2799.9   0.27500   0.00747
   2801.4   0.27472   0.00746
   2802.9   0.27445   0.00745
   2804.4   0.27412   0.00746
   2806.0   0.27386   0.00743
   2807.5   0.27361   0.00742
   2809.0   0.27338   0.00744
   2810.5   0.27316   0.00747
   2812.1   0.27289   0.00751
   2813.6   0.27264   0.00746
   2815.1   0.27245   0.00742
   2816.6   0.27225   0.00742
   2818.2   0.27206   0.00745
   2819.7   0.27185   0.00747
   2821.2   0.27163   0.00741
   2822.8   0.27143   0.00736
   2824.3   0.27128   0.00736
   2825.9   0.27110   0.00735
   2827.4   0.27093   0.00734
   2828.9   0.27075   0.00732
   2830.5   0.27059   0.00733
   2832.0   0.27045   0.00737
   2833.6   0.27032   0.00738
   2835.1   0.27020   0.00734
   2836.7   0.27007   0.00732
   2838.2   0.26991   0.00733
   2839.8   0.26977   0.00737
   2841.3   0.26965   0.00740
   2842.9   0.26954   0.00737
   2844.4   0.26942   0.00731
   2846.0   0.26929   0.00732
   2847.6   0.26915   0.00737
   2849.1   0.26905   0.00739
   2850.7   0.26894   0.00739
   2852.3   0.26883   0.00737
   2853.8   0.26871   0.00736
   2855.4   0.26859   0.00733
   2857.0   0.26847   0.00729
   2858.6   0.26842   0.00733
   2860.1   0.26834   0.00740
   2861.7   0.26823   0.00740
   2863.3   0.26812   0.00733
   2864.9   0.26802   0.00730
   2866.5   0.26794   0.00734
   2868.1   0.26787   0.00738
   2869.6   0.26777   0.00737
   2871.2   0.26767   0.00736
   2872.8   0.26756   0.00740
   2874.4   0.26748   0.00740
   2876.0   0.26742   0.00734
   2877.6   0.26735   0.00728
   2879.2   0.26726   0.00729
   2880.8   0.26722   0.00732
   2882.4   0.26715   0.00737
   2884.0   0.26708   0.00740
   2885.6   0.26701   0.00742
   2887.2   0.26697   0.00739
   2888.8   0.26691   0.00736
   2890.4   0.26686   0.00738
   2892.0   0.26680   0.00737
   2893.7   0.26673   0.00737
   2895.3   0.26666   0.00740
   2896.9   0.26664   0.00739
   2898.5   0.26661   0.00736
   2900.1   0.26657   0.00737
   2901.8   0.26652   0.00739
   2903.4   0.26649   0.00740
   2905.0   0.26646   0.00737
   2906.6   0.26644   0.00736
   2908.3   0.26641   0.00736
   2909.9   0.26638   0.00737
   2911.5   0.26634   0.00740
   2913.2   0.26630   0.00740
   2914.8   0.26627   0.00740
   2916.4   0.26625   0.00740
   2918.1   0.26623   0.00741
   2919.7   0.26624   0.00739
   2921.4   0.26625   0.00736
   2923.0   0.26622   0.00733
   2924.7   0.26621   0.00733
   2926.3   0.26620   0.00739
   2928.0   0.26619   0.00746
   2929.6   0.26617   0.00743
   2931.3   0.26616   0.00738
   2932.9   0.26618   0.00737
   2934.6   0.26616   0.00740
   2936.3   0.26616   0.00744
   2937.9   0.26615   0.00743
   2939.6   0.26611   0.00741
   2941.3   0.26609   0.00744
   2942.9   0.26614   0.00747
   2944.6   0.26614   0.00745
   2946.3   0.26613   0.00742
   2947.9   0.26612   0.00743
   2949.6   0.26612   0.00743
   2951.3   0.26615   0.00741
   2953.0   0.26617   0.00737
   2954.7   0.26618   0.00739
   2956.4   0.26617   0.00742
   2958.0   0.26619   0.00741
   2959.7   0.26622   0.00743
   2961.4   0.26622   0.00746
   2963.1   0.26622   0.00742
   2964.8   0.26624   0.00740
   2966.5   0.26626   0.00742
   2968.2   0.26622   0.00743
   2969.9   0.26622   0.00746
   2971.6   0.26631   0.00747
   2973.3   0.26640   0.00746
   2975.0   0.26643   0.00747
   2976.7   0.26646   0.00746
   2978.4   0.26651   0.00743
   2980.1   0.26656   0.00743
   2981.8   0.26659   0.00743
   2983.6   0.26666   0.00746
   2985.3   0.26673   0.00748
   2987.0   0.26685   0.00752
   2988.7   0.26695   0.00753
   2990.4   0.26704   0.00750
   2992.2   0.26711   0.00753
   2993.9   0.26717   0.00755
   2995.6   0.26726   0.00752
   2997.4   0.26740   0.00751
   2999.1   0.26751   0.00752
   3000.8   0.26757   0.00750
   3002.6   0.26764   0.00748
   3004.3   0.26776   0.00748
   3006.1   0.26786   0.00748
   3007.8   0.26794   0.00746
   3009.5   0.26806   0.00746
   3011.3   0.26817   0.00748
   3013.0   0.26827   0.00752
   3014.8   0.26839   0.00751
   3016.5   0.26847   0.00752
   3018.3   0.26857   0.00755
   3020.1   0.26868   0.00755
   3021.8   0.26877   0.00754
   3023.6   0.26882   0.00751
   3025.3   0.26888   0.00747
   3027.1   0.26901   0.00748
   3028.9   0.26916   0.00751
   3030.6   0.26931   0.00752
   3032.4   0.26947   0.00751
   3034.2   0.26955   0.00750
   3036.0   0.26959   0.00749
   3037.7   0.26966   0.00750
   3039.5   0.26982   0.00754
   3041.3   0.26997   0.00758
   3043.1   0.27007   0.00757
   3044.9   0.27022   0.00751
   3046.7   0.27032   0.00751
   3048.5   0.27041   0.00755
   3050.3   0.27052   0.00753
   3052.1   0.27064   0.00750
   3053.8   0.27074   0.00755
   3055.6   0.27084   0.00755
   3057.4   0.27096   0.00755
   3059.3   0.27109   0.00760
   3061.1   0.27122   0.00760
   3062.9   0.27137   0.00758
   3064.7   0.27146   0.00760
   3066.5   0.27155   0.00759
   3068.3   0.27167   0.00759
   3070.1   0.27178   0.00763
   3071.9   0.27186   0.00761
   3073.8   0.27195   0.00759
   3075.6   0.27209   0.00756
   3077.4   0.27220   0.00751
   3079.2   0.27232   0.00754
   3081.1   0.27243   0.00757
   3082.9   0.27256   0.00756
   3084.7   0.27270   0.00758
   3086.6   0.27285   0.00760
   3088.4   0.27296   0.00758
   3090.2   0.27306   0.00755
   3092.1   0.27318   0.00752
   3093.9   0.27332   0.00750
   3095.8   0.27351   0.00753
   3097.6   0.27366   0.00756
   3099.5   0.27382   0.00761
   3101.3   0.27395   0.00762
   3103.2   0.27406   0.00763
   3105.1   0.27420   0.00760
   3106.9   0.27437   0.00758
   3108.8   0.27454   0.00758
   3110.6   0.27468   0.00756
   3112.5   0.27481   0.00761
   3114.4   0.27496   0.00765
   3116.2   0.27513   0.00762
   3118.1   0.27528   0.00763
   3120.0   0.27544   0.00763
   3121.9   0.27563   0.00762
   3123.8   0.27580   0.00760
   3125.6   0.27596   0.00757
   3127.5   0.27614   0.00758
   3129.4   0.27631   0.00759
   3131.3   0.27650   0.00761
   3133.2   0.27668   0.00761
   3135.1   0.27686   0.00762
   3137.0   0.27703   0.00764
   3138.9   0.27721   0.00764
   3140.8   0.27739   0.00765
   3142.7   0.27759   0.00766
   3144.6   0.27780   0.00761
   3146.5   0.27800   0.00763
   3148.4   0.27818   0.00767
   3150.3   0.27837   0.00765
   3152.2   0.27853   0.00764
   3154.1   0.27872   0.00763
   3156.1   0.27891   0.00764
   3158.0   0.27907   0.00766
   3159.9   0.27927   0.00767
   3161.9   0.27948   0.00767
   3163.8   0.27966   0.00768
   3165.7   0.27985   0.00768
   3167.6   0.28005   0.00767
   3169.6   0.28022   0.00767
   3171.5   0.28036   0.00765
   3173.5   0.28054   0.00766
   3175.4   0.28079   0.00766
   3177.3   0.28101   0.00768
   3179.3   0.28121   0.00768
   3181.2   0.28140   0.00768
   3183.2   0.28158   0.00768
   3185.1   0.28171   0.00767
   3187.1   0.28188   0.00767
   3189.1   0.28209   0.00769
   3191.0   0.28226   0.00767
   3193.0   0.28244   0.00769
   3195.0   0.28265   0.00771
   3196.9   0.28284   0.00771
   3198.9   0.28301   0.00771
   3200.9   0.28319   0.00770
   3202.9   0.28332   0.00770
   3204.8   0.28345   0.00768
   3206.8   0.28360   0.00766
   3208.8   0.28377   0.00769
   3210.8   0.28399   0.00772
   3212.8   0.28420   0.00774
   3214.8   0.28436   0.00774
   3216.8   0.28451   0.00772
   3218.8   0.28468   0.00771
   3220.8   0.28486   0.00772
   3222.8   0.28504   0.00775
   3224.8   0.28519   0.00778
   3226.8   0.28536   0.00779
   3228.8   0.28556   0.00777
   3230.8   0.28574   0.00777
   3232.8   0.28591   0.00779
   3234.8   0.28603   0.00778
   3236.9   0.28617   0.00776
   3238.9   0.28635   0.00777
   3240.9   0.28649   0.00777
   3242.9   0.28660   0.00779
   3244.9   0.28676   0.00782
   3247.0   0.28690   0.00780
   3249.0   0.28707   0.00778
   3251.1   0.28729   0.00779
   3253.1   0.28748   0.00779
   3255.1   0.28763   0.00776
   3257.2   0.28779   0.00776
   3259.2   0.28790   0.00777
   3261.3   0.28804   0.00777
   3263.3   0.28821   0.00780
   3265.4   0.28840   0.00784
   3267.4   0.28857   0.00783
   3269.5   0.28874   0.00781
   3271.6   0.28891   0.00781
   3273.6   0.28909   0.00782
   3275.7   0.28928   0.00783
   3277.8   0.28946   0.00783
   3279.8   0.28965   0.00784
   3281.9   0.28981   0.00781
   3284.0   0.28995   0.00779
   3286.1   0.29010   0.00782
   3288.2   0.29023   0.00786
   3290.2   0.29041   0.00787
   3292.3   0.29059   0.00788
   3294.4   0.29072   0.00786
   3296.5   0.29085   0.00782
   3298.6   0.29101   0.00784
   3300.7   0.29114   0.00788
   3302.8   0.29127   0.00788
   3304.9   0.29139   0.00788
   3307.0   0.29155   0.00786
   3309.1   0.29173   0.00788
   3311.3   0.29192   0.00788
   3313.4   0.29210   0.00785
   3315.5   0.29224   0.00785
   3317.6   0.29232   0.00786
   3319.7   0.29242   0.00786
   3321.9   0.29255   0.00788
   3324.0   0.29273   0.00788
   3326.1   0.29285   0.00788
   3328.3   0.29295   0.00790
   3330.4   0.29302   0.00788
   3332.5   0.29310   0.00785
   3334.7   0.29316   0.00784
   3336.8   0.29320   0.00787
   3339.0   0.29323   0.00791
   3341.1   0.29323   0.00787
   3343.3   0.29327   0.00787
   3345.4   0.29328   0.00789
   3347.6   0.29323   0.00789
   3349.8   0.29313   0.00786
   3351.9   0.29297   0.00785
   3354.1   0.29280   0.00788
   3356.3   0.29260   0.00790
   3358.4   0.29235   0.00790
   3360.6   0.29204   0.00789
   3362.8   0.29162   0.00785
   3365.0   0.29108   0.00780
   3367.2   0.29048   0.00779
   3369.4   0.28992   0.00783
   3371.5   0.28949   0.00784
   3373.7   0.28921   0.00781
   3375.9   0.28911   0.00780
   3378.1   0.28920   0.00782
   3380.3   0.28952   0.00781
   3382.5   0.28999   0.00782
   3384.7   0.29045   0.00784
   3386.9   0.29077   0.00786
   3389.2   0.29093   0.00786
   3391.4   0.29091   0.00786
   3393.6   0.29064   0.00785
   3395.8   0.29019   0.00785
   3398.1   0.28961   0.00787
   3400.3   0.28892   0.00783
   3402.5   0.28817   0.00782
   3404.7   0.28742   0.00782
   3407.0   0.28675   0.00784
   3409.2   0.28613   0.00783
   3411.5   0.28562   0.00781
   3413.7   0.28534   0.00779
   3416.0   0.28538   0.00781
   3418.2   0.28580   0.00784
   3420.5   0.28664   0.00786
   3422.7   0.28776   0.00789
   3425.0   0.28900   0.00791
   3427.3   0.29018   0.00791
   3429.5   0.29121   0.00792
   3431.8   0.29205   0.00791
   3434.1   0.29275   0.00792
   3436.3   0.29341   0.00794
   3438.6   0.29398   0.00794
   3440.9   0.29448   0.00794
   3443.2   0.29492   0.00794
   3445.5   0.29538   0.00795
   3447.8   0.29584   0.00796
   3450.1   0.29627   0.00793
   3452.3   0.29668   0.00792
   3454.6   0.29708   0.00794
   3456.9   0.29746   0.00793
   3459.3   0.29776   0.00793
   3461.6   0.29803   0.00796
   3463.9   0.29818   0.00795
   3466.2   0.29822   0.00796
   3468.5   0.29817   0.00801
   3470.8   0.29805   0.00800
   3473.2   0.29795   0.00795
   3475.5   0.29792   0.00794
   3477.8   0.29794   0.00797
   3480.1   0.29795   0.00801
   3482.5   0.29800   0.00805
   3484.8   0.29800   0.00800
   3487.2   0.29788   0.00800
   3489.5   0.29765   0.00802
   3491.9   0.29735   0.00803
   3494.2   0.29700   0.00799
   3496.6   0.29665   0.00798
   3498.9   0.29653   0.00800
   3501.3   0.29673   0.00800
   3503.7   0.29736   0.00801
   3506.0   0.29839   0.00804
   3508.4   0.29961   0.00808
   3510.8   0.30076   0.00810
   3513.2   0.30178   0.00812
   3515.5   0.30267   0.00811
   3517.9   0.30340   0.00807
   3520.3   0.30397   0.00806
   3522.7   0.30442   0.00805
   3525.1   0.30485   0.00806
   3527.5   0.30523   0.00808
   3529.9   0.30553   0.00807
   3532.3   0.30582   0.00806
   3534.7   0.30606   0.00806
   3537.1   0.30627   0.00806
   3539.5   0.30648   0.00807
   3541.9   0.30668   0.00808
   3544.4   0.30690   0.00807
   3546.8   0.30711   0.00807
   3549.2   0.30728   0.00808
   3551.7   0.30744   0.00809
   3554.1   0.30760   0.00810
   3556.5   0.30778   0.00809
   3559.0   0.30794   0.00807
   3561.4   0.30809   0.00806
   3563.9   0.30824   0.00806
   3566.3   0.30839   0.00807
   3568.8   0.30854   0.00809
   3571.2   0.30868   0.00807
   3573.7   0.30880   0.00804
   3576.1   0.30896   0.00806
   3578.6   0.30913   0.00809
   3581.1   0.30927   0.00811
   3583.6   0.30939   0.00810
   3586.0   0.30954   0.00810
   3588.5   0.30969   0.00809
   3591.0   0.30982   0.00809
   3593.5   0.30993   0.00810
   3596.0   0.31007   0.00809
   3598.5   0.31020   0.00809
   3601.0   0.31033   0.00810
   3603.5   0.31044   0.00809
   3606.0   0.31054   0.00809
   3608.5   0.31065   0.00808
   3611.0   0.31076   0.00807
   3613.5   0.31089   0.00808
   3616.1   0.31102   0.00811
   3618.6   0.31115   0.00814
   3621.1   0.31126   0.00815
   3623.6   0.31136   0.00814
   3626.2   0.31147   0.00815
   3628.7   0.31158   0.00812
   3631.3   0.31170   0.00807
   3633.8   0.31181   0.00807
   3636.3   0.31192   0.00808
   3638.9   0.31202   0.00809
   3641.4   0.31214   0.00810
   3644.0   0.31226   0.00810
   3646.6   0.31237   0.00809
   3649.1   0.31248   0.00808
   3651.7   0.31260   0.00808
   3654.3   0.31269   0.00811
   3656.9   0.31283   0.00814
   3659.4   0.31295   0.00815
   3662.0   0.31306   0.00813
   3664.6   0.31316   0.00811
   3667.2   0.31327   0.00808
   3669.8   0.31338   0.00807
   3672.4   0.31350   0.00810
   3675.0   0.31364   0.00810
   3677.6   0.31375   0.00810
   3680.2   0.31384   0.00811
   3682.8   0.31398   0.00811
   3685.4   0.31410   0.00809
   3688.1   0.31421   0.00809
   3690.7   0.31432   0.00811
   3693.3   0.31444   0.00812
   3695.9   0.31455   0.00811
   3698.6   0.31467   0.00812
   3701.2   0.31478   0.00811
   3703.9   0.31488   0.00812
   3706.5   0.31498   0.00815
   3709.2   0.31508   0.00813
   3711.8   0.31519   0.00811
   3714.5   0.31530   0.00811
   3717.1   0.31539   0.00810
   3719.8   0.31549   0.00807
   3722.5   0.31558   0.00808
   3725.2   0.31568   0.00811
   3727.8   0.31577   0.00812
   3730.5   0.31587   0.00812
   3733.2   0.31596   0.00812
   3735.9   0.31607   0.00814
   3738.6   0.31616   0.00813
   3741.3   0.31627   0.00811
   3744.0   0.31636   0.00808
   3746.7   0.31644   0.00808
   3749.4   0.31654   0.00809
   3752.1   0.31663   0.00810
   3754.8   0.31673   0.00813
   3757.6   0.31685   0.00814
   3760.3   0.31694   0.00815
   3763.0   0.31702   0.00814
   3765.7   0.31711   0.00812
   3768.5   0.31719   0.00811
   3771.2   0.31725   0.00811
   3774.0   0.31734   0.00812
   3776.7   0.31744   0.00811
   3779.5   0.31752   0.00813
   3782.2   0.31759   0.00816
   3785.0   0.31767   0.00816
   3787.7   0.31773   0.00815
   3790.5   0.31780   0.00817
   3793.3   0.31787   0.00818
   3796.1   0.31793   0.00816
   3798.8   0.31797   0.00814
   3801.6   0.31803   0.00814
   3804.4   0.31807   0.00814
   3807.2   0.31814   0.00814
   3810.0   0.31820   0.00814
   3812.8   0.31827   0.00814
   3815.6   0.31832   0.00814
   3818.4   0.31836   0.00815
   3821.2   0.31839   0.00814
   3824.1   0.31845   0.00811
   3826.9   0.31850   0.00809
   3829.7   0.31855   0.00812
   3832.5   0.31857   0.00814
   3835.4   0.31860   0.00813
   3838.2   0.31865   0.00812
   3841.1   0.31870   0.00815
   3843.9   0.31875   0.00816
   3846.8   0.31879   0.00814
   3849.6   0.31880   0.00814
   3852.5   0.31885   0.00812
   3855.3   0.31887   0.00810
   3858.2   0.31891   0.00814
   3861.1   0.31894   0.00816
   3863.9   0.31897   0.00814
   3866.8   0.31901   0.00812
   3869.7   0.31904   0.00812
   3872.6   0.31906   0.00812
   3875.5   0.31908   0.00812
   3878.4   0.31909   0.00810
   3881.3   0.31913   0.00812
   3884.2   0.31913   0.00813
   3887.1   0.31914   0.00812
   3890.0   0.31917   0.00810
   3893.0   0.31921   0.00811
   3895.9   0.31921   0.00814
   3898.8   0.31923   0.00812
   3901.7   0.31923   0.00807
   3904.7   0.31925   0.00808
   3907.6   0.31924   0.00808
   3910.6   0.31925   0.00808
   3913.5   0.31928   0.00809
   3916.5   0.31930   0.00808
   3919.4   0.31931   0.00806
   3922.4   0.31931   0.00806
   3925.4   0.31930   0.00806
   3928.4   0.31929   0.00808
   3931.3   0.31930   0.00806
   3934.3   0.31930   0.00803
   3937.3   0.31928   0.00803
   3940.3   0.31929   0.00806
   3943.3   0.31927   0.00810
   3946.3   0.31925   0.00810
   3949.3   0.31924   0.00808
   3952.3   0.31924   0.00808
   3955.3   0.31922   0.00804
   3958.3   0.31923   0.00803
   3961.4   0.31923   0.00803
   3964.4   0.31922   0.00804
   3967.4   0.31921   0.00806
   3970.5   0.31920   0.00805
   3973.5   0.31917   0.00803
   3976.6   0.31916   0.00804
   3979.6   0.31913   0.00807
   3982.6   0.31912   0.00808
   3985.7   0.31911   0.00808
   3988.8   0.31912   0.00807
   3991.9   0.31910   0.00808
   3994.9   0.31907   0.00806
   3998.0   0.31904   0.00805
   4001.1   0.31901   0.00805
   4004.2   0.31897   0.00804
   4007.3   0.31896   0.00806
   4010.4   0.31893   0.00806
   4013.5   0.31890   0.00804
   4016.6   0.31888   0.00804
   4019.7   0.31886   0.00804
   4022.8   0.31882   0.00805
   4025.9   0.31880   0.00804
   4029.1   0.31874   0.00803
   4032.2   0.31870   0.00803
   4035.3   0.31866   0.00802
   4038.5   0.31865   0.00802
   4041.6   0.31862   0.00802
   4044.8   0.31858   0.00801
   4047.9   0.31854   0.00802
   4051.1   0.31853   0.00800
   4054.3   0.31850   0.00799
   4057.4   0.31847   0.00800
   4060.6   0.31841   0.00800
   4063.8   0.31837   0.00797
   4067.0   0.31834   0.00797
   4070.2   0.31833   0.00796
   4073.4   0.31830   0.00797
   4076.6   0.31827   0.00798
   4079.8   0.31822   0.00797
   4083.0   0.31819   0.00795
   4086.2   0.31816   0.00793
   4089.4   0.31812   0.00795
   4092.7   0.31807   0.00795
   4095.9   0.31804   0.00794
   4099.1   0.31799   0.00794
   4102.4   0.31798   0.00794
   4105.6   0.31792   0.00794
   4108.9   0.31789   0.00794
   4112.1   0.31785   0.00793
   4115.4   0.31781   0.00793
   4118.7   0.31776   0.00796
   4122.0   0.31770   0.00797
   4125.2   0.31762   0.00796
   4128.5   0.31760   0.00796
   4131.8   0.31755   0.00796
   4135.1   0.31751   0.00796
   4138.4   0.31744   0.00796
   4141.7   0.31741   0.00794
   4145.0   0.31736   0.00792
   4148.3   0.31731   0.00793
   4151.6   0.31726   0.00794
   4155.0   0.31722   0.00793
   4158.3   0.31717   0.00791
   4161.6   0.31713   0.00790
   4165.0   0.31707   0.00788
   4168.3   0.31703   0.00788
   4171.7   0.31697   0.00790
   4175.0   0.31689   0.00791
   4178.4   0.31679   0.00791
   4181.8   0.31676   0.00790
   4185.2   0.31670   0.00789
   4188.5   0.31663   0.00788
   4191.9   0.31657   0.00785
   4195.3   0.31651   0.00786
   4198.7   0.31642   0.00786
   4202.1   0.31632   0.00785
   4205.5   0.31618   0.00781
   4208.9   0.31604   0.00775
   4212.4   0.31586   0.00771
   4215.8   0.31572   0.00768
   4219.2   0.31553   0.00764
   4222.6   0.31536   0.00759
   4226.1   0.31518   0.00754
   4229.5   0.31506   0.00753
   4233.0   0.31492   0.00751
   4236.5   0.31479   0.00751
   4239.9   0.31464   0.00757
   4243.4   0.31454   0.00760
   4246.9   0.31444   0.00760
   4250.3   0.31439   0.00766
   4253.8   0.31439   0.00770
   4257.3   0.31437   0.00769
   4260.8   0.31419   0.00764
   4264.3   0.31393   0.00759
   4267.8   0.31366   0.00754
   4271.4   0.31343   0.00751
   4274.9   0.31319   0.00753
   4278.4   0.31301   0.00756
   4281.9   0.31278   0.00756
   4285.5   0.31254   0.00757
   4289.0   0.31226   0.00757
   4292.6   0.31200   0.00759
   4296.1   0.31173   0.00758
   4299.7   0.31151   0.00754
   4303.3   0.31124   0.00749
   4306.8   0.31098   0.00751
   4310.4   0.31074   0.00755
   4314.0   0.31051   0.00756
   4317.6   0.31029   0.00755
   4321.2   0.31009   0.00758
   4324.8   0.30986   0.00756
   4328.4   0.30966   0.00755
   4332.0   0.30945   0.00756
   4335.6   0.30925   0.00755
   4339.3   0.30903   0.00755
   4342.9   0.30883   0.00756
   4346.5   0.30862   0.00757
   4350.2   0.30843   0.00753
   4353.8   0.30821   0.00751
   4357.5   0.30799   0.00751
   4361.1   0.30776   0.00751
   4364.8   0.30754   0.00751
   4368.5   0.30733   0.00750
   4372.2   0.30715   0.00749
   4375.9   0.30691   0.00750
   4379.6   0.30670   0.00751
   4383.3   0.30650   0.00750
   4387.0   0.30631   0.00747
   4390.7   0.30612   0.00745
   4394.4   0.30597   0.00745
   4398.1   0.30580   0.00746
   4401.9   0.30566   0.00744
   4405.6   0.30553   0.00743
   4409.4   0.30542   0.00742
   4413.1   0.30530   0.00740
   4416.9   0.30523   0.00740
   4420.6   0.30512   0.00740
   4424.4   0.30506   0.00740
   4428.2   0.30501   0.00740
   4432.0   0.30496   0.00740
   4435.8   0.30489   0.00740
   4439.6   0.30483   0.00740
   4443.4   0.30478   0.00740
   4447.2   0.30473   0.00738
   4451.0   0.30461   0.00737
   4454.8   0.30452   0.00739
   4458.6   0.30444   0.00738
   4462.5   0.30435   0.00737
   4466.3   0.30420   0.00739
   4470.2   0.30408   0.00738
   4474.0   0.30393   0.00737
   4477.9   0.30379   0.00736
   4481.8   0.30360   0.00735
   4485.6   0.30343   0.00733
   4489.5   0.30324   0.00732
   4493.4   0.30301   0.00729
   4497.3   0.30274   0.00727
   4501.2   0.30250   0.00727
   4505.1   0.30227   0.00728
   4509.0   0.30202   0.00729
   4513.0   0.30171   0.00725
   4516.9   0.30142   0.00723
   4520.8   0.30113   0.00721
   4524.8   0.30083   0.00722
   4528.7   0.30051   0.00723
   4532.7   0.30020   0.00721
   4536.7   0.29986   0.00720
   4540.6   0.29952   0.00718
   4544.6   0.29914   0.00716
   4548.6   0.29877   0.00715
   4552.6   0.29838   0.00713
   4556.6   0.29798   0.00714
   4560.6   0.29755   0.00712
   4564.6   0.29712   0.00710
   4568.6   0.29668   0.00706
   4572.7   0.29625   0.00701
   4576.7   0.29577   0.00701
   4580.8   0.29531   0.00702
   4584.8   0.29482   0.00703
   4588.9   0.29432   0.00702
   4592.9   0.29378   0.00698
   4597.0   0.29325   0.00696
   4601.1   0.29268   0.00694
   4605.2   0.29213   0.00693
   4609.3   0.29152   0.00691
   4613.4   0.29090   0.00690
   4617.5   0.29025   0.00686
   4621.6   0.28962   0.00682
   4625.7   0.28896   0.00682
   4629.8   0.28832   0.00680
   4634.0   0.28767   0.00678
   4638.1   0.28704   0.00675
   4642.3   0.28643   0.00673
   4646.4   0.28590   0.00672
   4650.6   0.28537   0.00671
   4654.8   0.28484   0.00668
   4659.0   0.28434   0.00667
   4663.1   0.28392   0.00665
   4667.3   0.28348   0.00663
   4671.5   0.28306   0.00664
   4675.8   0.28258   0.00662
   4680.0   0.28211   0.00661
   4684.2   0.28165   0.00659
   4688.4   0.28119   0.00658
   4692.7   0.28069   0.00658
   4696.9   0.28019   0.00657
   4701.2   0.27966   0.00657
   4705.5   0.27916   0.00654
   4709.7   0.27864   0.00649
   4714.0   0.27811   0.00648
   4718.3   0.27756   0.00649
   4722.6   0.27701   0.00646
   4726.9   0.27644   0.00642
   4731.2   0.27587   0.00640
   4735.5   0.27534   0.00640
   4739.9   0.27484   0.00640
   4744.2   0.27431   0.00640
   4748.5   0.27381   0.00639
   4752.9   0.27329   0.00636
   4757.3   0.27281   0.00634
   4761.6   0.27233   0.00631
   4766.0   0.27189   0.00630
   4770.4   0.27146   0.00629
   4774.8   0.27105   0.00629
   4779.2   0.27061   0.00626
   4783.6   0.27022   0.00622
   4788.0   0.26984   0.00620
   4792.4   0.26945   0.00619
   4796.9   0.26902   0.00620
   4801.3   0.26861   0.00621
   4805.8   0.26817   0.00622
   4810.2   0.26773   0.00621
   4814.7   0.26724   0.00619
   4819.1   0.26676   0.00617
   4823.6   0.26625   0.00614
   4828.1   0.26576   0.00613
   4832.6   0.26523   0.00612
   4837.1   0.26472   0.00611
   4841.6   0.26420   0.00610
   4846.2   0.26366   0.00610
   4850.7   0.26310   0.00606
   4855.3   0.26257   0.00602
   4859.8   0.26198   0.00599
   4864.4   0.26143   0.00600
   4868.9   0.26087   0.00600
   4873.5   0.26030   0.00599
   4878.1   0.25971   0.00598
   4882.7   0.25913   0.00595
   4887.3   0.25854   0.00590
   4891.9   0.25798   0.00586
   4896.5   0.25736   0.00585
   4901.1   0.25677   0.00584
   4905.8   0.25617   0.00582
   4910.4   0.25557   0.00582
   4915.1   0.25494   0.00581
   4919.7   0.25433   0.00578
   4924.4   0.25369   0.00577
   4929.1   0.25309   0.00574
   4933.8   0.25246   0.00574
   4938.5   0.25185   0.00574
   4943.2   0.25124   0.00572
   4947.9   0.25061   0.00570
   4952.6   0.24995   0.00566
   4957.4   0.24930   0.00563
   4962.1   0.24862   0.00565
   4966.9   0.24799   0.00566
   4971.6   0.24732   0.00564
   4976.4   0.24665   0.00564
   4981.2   0.24597   0.00560
   4986.0   0.24531   0.00553
   4990.8   0.24461   0.00552
   4995.6   0.24391   0.00552
   5000.4   0.24319   0.00548
   5005.2   0.24250   0.00546
   5010.0   0.24178   0.00544
   5014.9   0.24106   0.00544
   5019.8   0.24031   0.00542
   5024.6   0.23959   0.00539
   5029.5   0.23886   0.00537
   5034.4   0.23814   0.00535
   5039.3   0.23742   0.00534
   5044.2   0.23673   0.00533
   5049.1   0.23602   0.00528
   5054.0   0.23538   0.00527
   5058.9   0.23474   0.00528
   5063.9   0.23413   0.00526
   5068.8   0.23351   0.00524
   5073.8   0.23293   0.00522
   5078.8   0.23234   0.00521
   5083.7   0.23176   0.00518
   5088.7   0.23116   0.00516
   5093.7   0.23060   0.00514
   5098.7   0.23002   0.00514
   5103.7   0.22942   0.00513
   5108.8   0.22877   0.00512
   5113.8   0.22813   0.00511
   5118.9   0.22742   0.00507
   5123.9   0.22671   0.00506
   5129.0   0.22594   0.00505
   5134.1   0.22519   0.00504
   5139.1   0.22438   0.00501
   5144.3   0.22359   0.00500
   5149.4   0.22278   0.00499
   5154.5   0.22201   0.00496
   5159.6   0.22123   0.00496
   5164.7   0.22047   0.00497
   5169.9   0.21973   0.00497
   5175.0   0.21903   0.00494
   5180.2   0.21832   0.00491
   5185.4   0.21769   0.00490
   5190.6   0.21706   0.00488
   5195.8   0.21645   0.00485
   5201.0   0.21583   0.00481
   5206.2   0.21523   0.00479
   5211.5   0.21463   0.00479
   5216.7   0.21405   0.00479
   5222.0   0.21346   0.00477
   5227.2   0.21288   0.00475
   5232.5   0.21229   0.00475
   5237.8   0.21169   0.00476
   5243.1   0.21104   0.00472
   5248.4   0.21041   0.00468
   5253.7   0.20975   0.00464
   5259.0   0.20907   0.00460
   5264.4   0.20838   0.00460
   5269.7   0.20771   0.00459
   5275.1   0.20700   0.00454
   5280.5   0.20631   0.00451
   5285.8   0.20564   0.00448
   5291.2   0.20500   0.00445
   5296.6   0.20436   0.00445
   5302.0   0.20381   0.00446
   5307.5   0.20328   0.00446
   5312.9   0.20278   0.00444
   5318.4   0.20228   0.00441
   5323.8   0.20183   0.00439
   5329.3   0.20140   0.00438
   5334.8   0.20097   0.00437
   5340.3   0.20051   0.00434
   5345.8   0.20002   0.00431
   5351.3   0.19945   0.00432
   5356.8   0.19885   0.00435
   5362.4   0.19820   0.00433
   5367.9   0.19754   0.00430
   5373.5   0.19683   0.00426
   5379.0   0.19612   0.00424
   5384.6   0.19536   0.00421
   5390.2   0.19462   0.00417
   5395.8   0.19387   0.00419
   5401.5   0.19319   0.00417
   5407.1   0.19251   0.00414
   5412.7   0.19188   0.00415
   5418.4   0.19130   0.00414
   5424.1   0.19075   0.00413
   5429.7   0.19024   0.00413
   5435.4   0.18985   0.00414
   5441.1   0.18947   0.00413
   5446.9   0.18917   0.00411
   5452.6   0.18891   0.00410
   5458.3   0.18875   0.00409
   5464.1   0.18863   0.00407
   5469.8   0.18856   0.00405
   5475.6   0.18853   0.00403
   5481.4   0.18856   0.00404
   5487.2   0.18860   0.00407
   5493.0   0.18871   0.00408
   5498.8   0.18880   0.00406
   5504.7   0.18892   0.00404
   5510.5   0.18906   0.00403
   5516.4   0.18924   0.00405
   5522.3   0.18939   0.00407
   5528.1   0.18957   0.00408
   5534.0   0.18971   0.00410
   5540.0   0.18987   0.00409
   5545.9   0.18997   0.00408
   5551.8   0.19006   0.00408
   5557.8   0.19005   0.00410
   5563.7   0.19002   0.00410
   5569.7   0.18994   0.00408
   5575.7   0.18983   0.00407
   5581.7   0.18956   0.00407
   5587.7   0.18930   0.00403
   5593.7   0.18901   0.00402
   5599.8   0.18868   0.00402
   5605.8   0.18825   0.00402
   5611.9   0.18784   0.00403
   5618.0   0.18735   0.00405
   5624.1   0.18686   0.00405
   5630.2   0.18635   0.00404
   5636.3   0.18588   0.00402
   5642.4   0.18532   0.00401
   5648.6   0.18475   0.00399
   5654.7   0.18420   0.00397
   5660.9   0.18368   0.00397
   5667.1   0.18321   0.00395
   5673.3   0.18281   0.00392
   5679.5   0.18234   0.00391
   5685.7   0.18194   0.00391
   5692.0   0.18156   0.00390
   5698.2   0.18118   0.00388
   5704.5   0.18081   0.00387
   5710.8   0.18044   0.00389
   5717.1   0.17997   0.00389
   5723.4   0.17952   0.00387
   5729.7   0.17899   0.00387
   5736.0   0.17844   0.00384
   5742.4   0.17783   0.00382
   5748.8   0.17717   0.00382
   5755.1   0.17641   0.00380
   5761.5   0.17575   0.00377
   5768.0   0.17485   0.00378
   5774.4   0.17391   0.00374
   5780.8   0.17303   0.00369
   5787.3   0.17212   0.00369
   5793.7   0.17112   0.00367
   5800.2   0.17013   0.00364
   5806.7   0.16905   0.00361
   5813.2   0.16805   0.00358
   5819.7   0.16699   0.00353
   5826.3   0.16583   0.00350
   5832.8   0.16467   0.00350
   5839.4   0.16357   0.00347
   5846.0   0.16243   0.00341
   5852.6   0.16135   0.00337
   5859.2   0.16021   0.00336
   5865.8   0.15904   0.00335
   5872.5   0.15794   0.00333
   5879.1   0.15690   0.00331
   5885.8   0.15566   0.00330
   5892.5   0.15464   0.00325
   5899.2   0.15344   0.00323
   5905.9   0.15225   0.00321
   5912.6   0.15115   0.00318
   5919.4   0.15000   0.00316
   5926.2   0.14885   0.00314
   5932.9   0.14774   0.00311
   5939.7   0.14639   0.00311
   5946.5   0.14512   0.00310
   5953.4   0.14388   0.00307
   5960.2   0.14265   0.00304
   5967.1   0.14140   0.00301
   5974.0   0.14013   0.00299
   5980.8   0.13897   0.00297
   5987.8   0.13788   0.00296
   5994.7   0.13673   0.00295
   6001.6   0.13576   0.00294
   6008.6   0.13491   0.00290
   6015.5   0.13414   0.00288
   6022.5   0.13343   0.00287
   6029.5   0.13286   0.00288
   6036.5   0.13240   0.00284
   6043.6   0.13213   0.00281
   6050.6   0.13181   0.00283
   6057.7   0.13151   0.00286
   6064.8   0.13139   0.00285
   6071.9   0.13134   0.00282
   6079.0   0.13121   0.00283
   6086.1   0.13110   0.00284
   6093.3   0.13099   0.00284
   6100.5   0.13086   0.00282
   6107.6   0.13071   0.00281
   6114.9   0.13051   0.00280
   6122.1   0.13023   0.00277
   6129.3   0.13002   0.00277
   6136.5   0.12978   0.00276
   6143.8   0.12954   0.00272
   6151.1   0.12931   0.00271
   6158.4   0.12911   0.00276
   6165.7   0.12889   0.00277
   6173.1   0.12876   0.00277
   6180.4   0.12865   0.00273
   6187.8   0.12851   0.00270
   6195.2   0.12833   0.00270
   6202.6   0.12821   0.00271
   6210.0   0.12811   0.00272
   6217.5   0.12800   0.00274
   6225.0   0.12786   0.00275
   6232.4   0.12775   0.00273
   6239.9   0.12762   0.00270
   6247.5   0.12752   0.00269
   6255.0   0.12742   0.00273
   6262.5   0.12733   0.00273
   6270.1   0.12721   0.00270
   6277.7   0.12712   0.00269
   6285.3   0.12705   0.00269
   6293.0   0.12703   0.00267
   6300.6   0.12703   0.00267
   6308.3   0.12709   0.00267
   6315.9   0.12718   0.00263
   6323.6   0.12730   0.00261
   6331.4   0.12745   0.00260
   6339.1   0.12770   0.00258
   6346.9   0.12792   0.00257
   6354.6   0.12813   0.00256
   6362.4   0.12840   0.00255
   6370.3   0.12872   0.00254
   6378.1   0.12901   0.00254
   6385.9   0.12930   0.00252
   6393.8   0.12954   0.00249
   6401.7   0.12978   0.00250
   6409.6   0.13000   0.00253
   6417.6   0.13006   0.00252
   6425.5   0.13005   0.00248
   6433.5   0.13002   0.00246
   6441.5   0.12987   0.00246
   6449.5   0.12969   0.00245
   6457.5   0.12946   0.00244
   6465.6   0.12923   0.00242
   6473.6   0.12897   0.00241
   6481.7   0.12874   0.00237
   6489.8   0.12854   0.00234
   6498.0   0.12824   0.00237
   6506.1   0.12793   0.00240
   6514.3   0.12776   0.00239
   6522.5   0.12754   0.00235
   6530.7   0.12728   0.00232
   6539.0   0.12702   0.00231
   6547.2   0.12675   0.00230
   6555.5   0.12643   0.00229
   6563.8   0.12613   0.00227
   6572.1   0.12583   0.00226
   6580.4   0.12545   0.00225
   6588.8   0.12510   0.00222
   6597.2   0.12476   0.00220
   6605.6   0.12444   0.00221
   6614.0   0.12415   0.00222
   6622.5   0.12387   0.00218
   6630.9   0.12369   0.00215
   6639.4   0.12346   0.00216
   6647.9   0.12324   0.00216
   6656.5   0.12311   0.00216
   6665.0   0.12299   0.00216
   6673.6   0.12288   0.00215
   6682.2   0.12277   0.00212
   6690.8   0.12263   0.00212
   6699.5   0.12256   0.00212
   6708.1   0.12248   0.00213
   6716.8   0.12235   0.00213
   6725.5   0.12214   0.00213
   6734.3   0.12188   0.00211
   6743.0   0.12158   0.00212
   6751.8   0.12123   0.00211
   6760.6   0.12081   0.00209
   6769.4   0.12037   0.00209
   6778.3   0.11988   0.00205
   6787.1   0.11937   0.00205
   6796.0   0.11874   0.00205
   6805.0   0.11818   0.00204
   6813.9   0.11770   0.00203
   6822.9   0.11725   0.00206
   6831.9   0.11681   0.00206
   6840.9   0.11647   0.00204
   6849.9   0.11617   0.00202
   6859.0   0.11594   0.00200
   6868.0   0.11561   0.00202
   6877.2   0.11530   0.00201
   6886.3   0.11503   0.00199
   6895.5   0.11475   0.00200
   6904.6   0.11445   0.00198
   6913.8   0.11414   0.00195
   6923.1   0.11379   0.00195
   6932.3   0.11346   0.00196
   6941.6   0.11307   0.00194
   6950.9   0.11268   0.00186
   6960.2   0.11223   0.00177
   6969.6   0.11171   0.00179
   6979.0   0.11117   0.00182
   6988.4   0.11061   0.00181
   6997.8   0.11002   0.00179
   7007.3   0.10945   0.00176
   7016.8   0.10884   0.00174
   7026.3   0.10820   0.00173
   7035.8   0.10760   0.00169
   7045.4   0.10697   0.00168
   7054.9   0.10628   0.00170
   7064.5   0.10564   0.00170
   7074.2   0.10500   0.00164
   7083.9   0.10439   0.00161
   7093.5   0.10377   0.00159
   7103.3   0.10316   0.00157
   7113.0   0.10252   0.00156
   7122.8   0.10186   0.00158
   7132.6   0.10120   0.00158
   7142.4   0.10053   0.00157
   7152.2   0.09976   0.00156
   7162.1   0.09900   0.00154
   7172.0   0.09821   0.00153
   7182.0   0.09736   0.00150
   7191.9   0.09649   0.00150
   7201.9   0.09564   0.00149
   7211.9   0.09473   0.00145
   7222.0   0.09382   0.00143
   7232.0   0.09291   0.00142
   7242.1   0.09206   0.00142
   7252.3   0.09119   0.00141
   7262.4   0.09033   0.00136
   7272.6   0.08947   0.00130
   7282.8   0.08859   0.00129
   7293.1   0.08764   0.00130
   7303.3   0.08675   0.00130
   7313.6   0.08583   0.00128
   7324.0   0.08490   0.00125
   7334.3   0.08393   0.00122
   7344.7   0.08296   0.00119
   7355.1   0.08195   0.00118
   7365.6   0.08094   0.00117
   7376.1   0.07989   0.00117
   7386.6   0.07887   0.00116
   7397.1   0.07781   0.00111
   7407.7   0.07679   0.00107
   7418.3   0.07574   0.00103
   7428.9   0.07470   0.00100
   7439.6   0.07363   0.00098
   7450.3   0.07258   0.00094
   7461.0   0.07149   0.00093
   7471.7   0.07039   0.00094
   7482.5   0.06926   0.00092
   7493.3   0.06819   0.00089
   7504.2   0.06708   0.00089
   7515.0   0.06599   0.00086
   7525.9   0.06487   0.00082
   7536.9   0.06377   0.00081
   7547.9   0.06263   0.00079
   7558.9   0.06152   0.00078
   7569.9   0.06037   0.00077
   7581.0   0.05927   0.00075
   7592.0   0.05812   0.00072
   7603.2   0.05699   0.00070
   7614.3   0.05583   0.00070
   7625.5   0.05466   0.00069
   7636.8   0.05343   0.00065
   7648.0   0.05224   0.00061
   7659.3   0.05100   0.00061
   7670.7   0.04978   0.00063
   7682.0   0.04850   0.00062
   7693.4   0.04720   0.00057
   7704.9   0.04587   0.00056
   7716.3   0.04459   0.00057
   7727.8   0.04324   0.00056
   7739.4   0.04192   0.00053
   7750.9   0.04058   0.00051
   7762.5   0.03930   0.00048
   7774.2   0.03797   0.00048
   7785.8   0.03665   0.00052
   7797.5   0.03531   0.00051
   7809.3   0.03403   0.00047
   7821.1   0.03273   0.00047
   7832.9   0.03147   0.00045
   7844.7   0.03018   0.00043
   7856.6   0.02892   0.00043
   7868.5   0.02765   0.00045
   7880.5   0.02644   0.00042
   7892.5   0.02519   0.00041
   7904.5   0.02400   0.00043
   7916.6   0.02282   0.00044
   7928.7   0.02169   0.00042
   7940.8   0.02054   0.00041
   7953.0   0.01948   0.00039
   7965.2   0.01846   0.00038
   7977.5   0.01747   0.00036
   7989.8   0.01650   0.00036
   8002.1   0.01564   0.00036
   8014.5   0.01480   0.00037
   8026.9   0.01406   0.00037
   8039.3   0.01331   0.00034
   8051.8   0.01264   0.00035
   8064.3   0.01200   0.00036
   8076.9   0.01146   0.00033
   8089.5   0.01093   0.00034
   8102.1   0.01049   0.00038
   8114.8   0.01009   0.00041
   8127.5   0.00980   0.00044
   8140.3   0.00952   0.00042
   8153.1   0.00933   0.00042
   8165.9   0.00915   0.00042
   8178.8   0.00907   0.00042
   8191.7   0.00903   0.00042
   8204.7   0.00910   0.00041
   8217.7   0.00917   0.00045
   8230.7   0.00934   0.00050
   8243.8   0.00954   0.00049
   8257.0   0.00984   0.00051
   8270.1   0.01014   0.00057
   8283.3   0.01048   0.00061
   8296.6   0.01079   0.00064
   8309.9   0.01117   0.00067
   8323.2   0.01152   0.00068
   8336.6   0.01190   0.00070
   8350.0   0.01222   0.00074
   8363.5   0.01249   0.00078
   8377.0   0.01270   0.00077
   8390.5   0.01294   0.00078
   8404.2   0.01313   0.00080
   8417.8   0.01338   0.00082
   8431.5   0.01358   0.00089
   8445.2   0.01382   0.00090
   8459.0   0.01400   0.00089
   8472.8   0.01416   0.00090
   8486.7   0.01421   0.00092
   8500.6   0.01429   0.00090
   8514.5   0.01431   0.00091
   8528.5   0.01434   0.00092
   8542.6   0.01437   0.00091
   8556.7   0.01444   0.00089
   8570.8   0.01446   0.00088
   8585.0   0.01447   0.00088
   8599.3   0.01442   0.00092
   8613.5   0.01438   0.00096
   8627.9   0.01430   0.00095
   8642.3   0.01424   0.00091
   8656.7   0.01414   0.00088
   8671.2   0.01410   0.00088
   8685.7   0.01405   0.00092
   8700.3   0.01403   0.00090
   8714.9   0.01396   0.00086
   8729.5   0.01394   0.00089
   8744.3   0.01390   0.00088
   8759.0   0.01385   0.00083
   8773.9   0.01375   0.00086
   8788.7   0.01369   0.00090
   8803.7   0.01359   0.00087
   8818.6   0.01349   0.00085
   8833.7   0.01337   0.00084
   8848.7   0.01331   0.00080
   8863.8   0.01321   0.00078
   8879.0   0.01313   0.00078
   8894.3   0.01308   0.00081
   8909.5   0.01306   0.00082
   8924.9   0.01297   0.00079
   8940.3   0.01294   0.00079
   8955.7   0.01288   0.00077
   8971.2   0.01286   0.00077
   8986.8   0.01285   0.00078
   9002.3   0.01286   0.00080
   9018.0   0.01280   0.00081
   9033.7   0.01275   0.00079
   9049.5   0.01269   0.00077
   9065.3   0.01264   0.00075
   9081.2   0.01251   0.00075
   9097.1   0.01241   0.00076
   9113.1   0.01223   0.00075
   9129.1   0.01204   0.00071
   9145.2   0.01183   0.00070
   9161.4   0.01163   0.00071
   9177.6   0.01146   0.00067
   9193.9   0.01132   0.00064
   9210.2   0.01118   0.00063
   9226.6   0.01116   0.00066
   9243.0   0.01113   0.00069
   9259.5   0.01111   0.00065
   9276.1   0.01108   0.00063
   9292.7   0.01108   0.00065
   9309.4   0.01105   0.00067
   9326.2   0.01104   0.00067
   9343.0   0.01103   0.00071
   9359.8   0.01105   0.00072
   9376.8   0.01102   0.00067
   9393.8   0.01105   0.00064
   9410.8   0.01110   0.00063
   9427.9   0.01118   0.00066
   9445.1   0.01124   0.00072
   9462.3   0.01135   0.00076
   9479.6   0.01146   0.00070
   9497.0   0.01162   0.00068
   9514.4   0.01182   0.00070
   9531.9   0.01210   0.00071
   9549.4   0.01230   0.00074
   9567.0   0.01248   0.00078
   9584.7   0.01270   0.00078
   9602.5   0.01292   0.00079
   9620.3   0.01305   0.00080
   9638.2   0.01320   0.00078
   9656.1   0.01330   0.00076
   9674.2   0.01341   0.00077
   9692.2   0.01350   0.00082
   9710.4   0.01359   0.00082
   9728.6   0.01360   0.00080
   9746.9   0.01365   0.00084
   9765.2   0.01367   0.00085
   9783.7   0.01365   0.00081
   9802.2   0.01362   0.00079
   9820.7   0.01362   0.00082
   9839.4   0.01355   0.00082
   9858.1   0.01350   0.00080
   9876.8   0.01345   0.00080
   9895.7   0.01345   0.00081
   9914.6   0.01343   0.00080
   9933.6   0.01346   0.00082
   9952.7   0.01352   0.00082
   9971.8   0.01361   0.00079
   9991.0   0.01366   0.00077
  10010.3   0.01377   0.00079
  10029.7   0.01385   0.00083
  10049.1   0.01395   0.00088
  10068.6   0.01405   0.00090
  10088.2   0.01420   0.00083
  10107.9   0.01434   0.00082
  10127.6   0.01455   0.00084
  10147.5   0.01470   0.00086
  10167.3   0.01480   0.00084
  10187.3   0.01484   0.00083
  10207.4   0.01493   0.00085
  10227.5   0.01507   0.00088
  10247.7   0.01533   0.00094
  10268.0   0.01563   0.00095
  10288.4   0.01600   0.00097
  10308.8   0.01633   0.00102
  10329.4   0.01665   0.00106
  10350.0   0.01695   0.00102
  10370.7   0.01723   0.00096
  10391.5   0.01752   0.00101
  10412.3   0.01789   0.00106
  10433.3   0.01819   0.00109
  10454.3   0.01841   0.00108
  10475.4   0.01859   0.00109
  10496.7   0.01885   0.00113
  10517.9   0.01901   0.00114
  10539.3   0.01915   0.00114
  10560.8   0.01928   0.00109
  10582.3   0.01942   0.00104
  10604.0   0.01956   0.00112
  10625.7   0.01973   0.00116
  10647.5   0.01987   0.00115
  10669.4   0.02000   0.00117
  10691.4   0.02011   0.00120
  10713.5   0.02026   0.00119
  10735.7   0.02041   0.00119
  10758.0   0.02061   0.00117
  10780.3   0.02073   0.00118
  10802.8   0.02076   0.00122
  10825.4   0.02075   0.00122
  10848.0   0.02075   0.00121
  10870.8   0.02066   0.00117
  10893.6   0.02058   0.00117
  10916.5   0.02051   0.00124
  10939.5   0.02049   0.00125
  10962.7   0.02046   0.00117
  10985.9   0.02047   0.00109
  11009.2   0.02047   0.00108
  11032.7   0.02053   0.00114
  11056.2   0.02062   0.00120
  11079.8   0.02074   0.00117
  11103.5   0.02077   0.00113
  11127.4   0.02083   0.00112
  11151.3   0.02095   0.00114
  11175.3   0.02113   0.00113
  11199.5   0.02129   0.00116
  11223.7   0.02152   0.00122
  11248.0   0.02179   0.00125
  11272.5   0.02214   0.00123
  11297.1   0.02250   0.00116
  11321.7   0.02291   0.00121
  11346.5   0.02335   0.00124
  11371.4   0.02377   0.00125
  11396.4   0.02423   0.00133
  11421.5   0.02474   0.00132
  11446.7   0.02520   0.00131
  11472.0   0.02563   0.00133
  11497.5   0.02602   0.00130
  11523.0   0.02641   0.00129
  11548.7   0.02679   0.00133
  11574.4   0.02719   0.00130
  11600.3   0.02754   0.00130
  11626.3   0.02793   0.00134
  11652.5   0.02833   0.00141
  11678.7   0.02875   0.00144
  11705.1   0.02917   0.00137
  11731.6   0.02964   0.00135
  11758.2   0.03009   0.00141
  11784.9   0.03056   0.00145
  11811.7   0.03104   0.00146
  11838.7   0.03150   0.00148
  11865.8   0.03189   0.00152
  11893.0   0.03233   0.00158
  11920.3   0.03270   0.00163
  11947.8   0.03313   0.00166
  11975.4   0.03370   0.00168
  12003.1   0.03439   0.00163
  12031.0   0.03508   0.00162
  12059.0   0.03574   0.00164
  12087.1   0.03636   0.00164
  12115.3   0.03707   0.00168
  12143.7   0.03772   0.00174
  12172.2   0.03823   0.00178
  12200.8   0.03857   0.00183
  12229.6   0.03890   0.00191
  12258.5   0.03916   0.00195
  12287.6   0.03923   0.00189
  12316.8   0.03913   0.00176
  12346.1   0.03887   0.00174
  12375.5   0.03847   0.00169
  12405.2   0.03800   0.00175
  12434.9   0.03726   0.00182
  12464.8   0.03643   0.00173
  12494.8   0.03551   0.00160
  12525.0   0.03454   0.00148
  12555.3   0.03342   0.00141
  12585.8   0.03217   0.00137
  12616.4   0.03083   0.00138
  12647.2   0.02948   0.00139
  12678.1   0.02808   0.00131
  12709.2   0.02649   0.00124
  12740.4   0.02474   0.00119
  12771.8   0.02294   0.00110
  12803.3   0.02116   0.00101
  12835.0   0.01960   0.00092
  12866.9   0.01839   0.00085
  12898.9   0.01758   0.00087
  12931.1   0.01706   0.00091
  12963.4   0.01674   0.00091
  12995.9   0.01647   0.00089
  13028.5   0.01622   0.00087
  13061.3   0.01589   0.00089
  13094.3   0.01553   0.00086
  13127.5   0.01519   0.00089
  13160.8   0.01505   0.00099
  13194.3   0.01500   0.00103
  13228.0   0.01517   0.00090
  13261.8   0.01545   0.00087
  13295.8   0.01573   0.00093
  13330.0   0.01600   0.00087
  13364.3   0.01623   0.00082
  13398.8   0.01629   0.00084
  13433.6   0.01610   0.00087
  13468.5   0.01573   0.00081
  13503.5   0.01529   0.00078
  13538.8   0.01465   0.00096
  13574.2   0.01423   0.00111
  13609.9   0.01403   0.00118
  13645.7   0.01385   0.00117
  13681.7   0.01366   0.00106
  13717.9   0.01366   0.00085
  13754.3   0.01389   0.00081
  13790.8   0.01434   0.00081
  13827.6   0.01474   0.00073
  13864.6   0.01508   0.00086
  13901.8   0.01561   0.00099
  13939.2   0.01611   0.00108
  13976.7   0.01622   0.00105
  14014.5   0.01619   0.00090
  14052.5   0.01599   0.00096
  14090.7   0.01546   0.00087
  14129.0   0.01490   0.00082
  14167.6   0.01439   0.00087
  14206.5   0.01361   0.00073
  14245.5   0.01280   0.00063
  14284.7   0.01241   0.00058
  14324.2   0.01232   0.00068
  14363.9   0.01213   0.00074
  14403.8   0.01202   0.00073
  14443.9   0.01188   0.00053
  14484.3   0.01139   0.00044
  14524.8   0.01089   0.00060
  14565.6   0.01060   0.00059
  14606.7   0.01053   0.00059
  14647.9   0.01061   0.00081
  14689.4   0.01063   0.00084
  14731.2   0.01046   0.00098
  14773.1   0.01024   0.00113
  14815.3   0.01024   0.00112
  14857.8   0.01032   0.00091
  14900.5   0.01051   0.00071
  14943.4   0.01063   0.00029
  14986.6   0.01101   0.00016
  15030.0   0.01128   0.00100
  15073.7   0.01134   0.00084
  15117.7   0.01188   0.00023
  15161.9   0.01324   0.00035
  15206.3   0.01469   0.00171
  15251.1   0.01473   0.00115
  15296.1   0.01423   0.00047
  15341.3   0.01438   0.00115
  15386.8   0.01418   0.00110
  15432.6   0.01413   0.00079
  15478.7   0.01452   0.00091
  15525.0   0.01471   0.00067
  15571.7   0.01474   0.00066
  15618.6   0.01438   0.00082
  15665.8   0.01384   0.00078
  15713.2   0.01366   0.00082
  15761.0   0.01384   0.00097
  15809.0   0.01392   0.00099
  15857.4   0.01427   0.00097
  15906.0   0.01451   0.00099
  15955.0   0.01460   0.00093
  16004.2   0.01482   0.00079
  16053.8   0.01473   0.00085
  16103.6   0.01420   0.00101
  16153.8   0.01400   0.00114
  16204.3   0.01403   0.00109
  16255.1   0.01392   0.00120
  16306.2   0.01376   0.00122
  16357.6   0.01381   0.00097
  16409.4   0.01400   0.00034
  16461.5   0.01449   0.00023
  16513.9   0.01519   0.00080
  16566.7   0.01533   0.00108
  16619.8   0.01529   0.00083
  16673.2   0.01537   0.00084
  16727.0   0.01558   0.00102
  16781.1   0.01607   0.00099
  16835.6   0.01679   0.00121
  16890.5   0.01739   0.00103
  16945.7   0.01737   0.00099
  17001.2   0.01720   0.00097
  17057.2   0.01764   0.00110
  17113.4   0.01800   0.00147
  17170.1   0.01802   0.00153
  17227.2   0.01783   0.00131
  17284.6   0.01739   0.00122
  17342.4   0.01696   0.00088
  17400.6   0.01702   0.00079
  17459.2   0.01718   0.00101
  17518.2   0.01698   0.00136
  17577.5   0.01703   0.00149
  17637.3   0.01734   0.00115
  17697.5   0.01759   0.00088
  17758.1   0.01777   0.00086
  17819.2   0.01782   0.00073
  17880.6   0.01792   0.00088
  17942.5   0.01795   0.00090
  18004.8   0.01754   0.00081
  18067.5   0.01741   0.00091
  18130.7   0.01789   0.00065
  18194.3   0.01821   0.00006
  18258.4   0.01816   0.00031
  18322.9   0.01822   0.00079
  18387.9   0.01852   0.00040
  18453.3   0.01900   0.00059
  18519.2   0.01936   0.00092
  18585.6   0.01986   0.00117
  18652.4   0.02022   0.00142
  18719.8   0.02047   0.00106
  18787.6   0.02086   0.00077
  18855.9   0.02093   0.00121
  18924.7   0.02098   0.00173
  18994.1   0.02118   0.00149
  19063.9   0.02114   0.00072
  19134.2   0.02108   0.00104
  19205.1   0.02136   0.00151
  19276.5   0.02150   0.00158
  19348.4   0.02148   0.00140
  19420.9   0.02180   0.00073
  19493.9   0.02195   0.00043
  19567.5   0.02178   0.00109
  19641.6   0.02184   0.00120
  19716.3   0.02188   0.00146
  19791.5   0.02186   0.00166
  19867.3   0.02191   0.00161
  19943.8   0.02162   0.00159
  20020.8   0.02103   0.00141
  20098.4   0.02016   0.00114
  20176.6   0.01932   0.00123
  20255.4   0.01881   0.00087
  20334.8   0.01811   0.00089
  20414.9   0.01714   0.00109
  20495.6   0.01661   0.00139
  20576.9   0.01675   0.00141
  20658.9   0.01719   0.00148
  20741.5   0.01730   0.00128
  20824.8   0.01731   0.00118
  20908.8   0.01727   0.00119
  20993.4   0.01718   0.00125
  21078.8   0.01708   0.00139
  21164.8   0.01727   0.00127
  21251.6   0.01741   0.00092
  21339.0   0.01780   0.00089
  21427.2   0.01782   0.00068
  21516.1   0.01772   0.00093
  21605.8   0.01818   0.00197
  21696.2   0.01909   0.00208
  21787.3   0.01972   0.00173
  21879.3   0.01947   0.00107
  21972.0   0.01860   0.00065
  22065.5   0.01837   0.00029
  22159.7   0.01857   0.00091
  22254.8   0.01861   0.00136
  22350.8   0.01763   0.00183
  22447.5   0.01624   0.00232
  22545.1   0.01584   0.00220
  22643.6   0.01533   0.00125
  22742.9   0.01536   0.00056
  22843.1   0.01519   0.00039
  22944.2   0.01454   0.00141
  23046.2   0.01473   0.00264
  23149.0   0.01618   0.00174
  23252.8   0.01717   0.00126
  23357.6   0.01668   0.00224
  23463.3   0.01718   0.00228
  23569.9   0.01796   0.00155
  23677.5   0.01772   0.00181
  23786.1   0.01728   0.00193
  23895.8   0.01716   0.00160
  24006.4   0.01727   0.00066
  24118.0   0.01818   0.00031
  24230.7   0.01737   0.00298
  24344.5   0.01585   0.00532
  24459.4   0.01620   0.00338
  24575.3   0.01638   0.00138
  24692.3   0.01723   0.00147
  24810.4   0.01819   0.00342
  24929.7   0.01963   0.00632
  25050.2   0.02126   0.00469



 BMR1LR117   .ASC                        

 LR-CMP-117                                                              
 67481,70 <45 um                                                         

 Source Ang: 30.00   Detect Ang:  0.00  Volt: 1.777
 Date: 26-FEB-03   Time: 13:45:11
