  2387
   1999.7   0.34642   0.00290
   2000.5   0.34650   0.00290
   2001.3   0.34650   0.00286
   2002.1   0.34653   0.00283
   2002.8   0.34665   0.00284
   2003.6   0.34659   0.00295
   2004.4   0.34657   0.00296
   2005.2   0.34667   0.00300
   2005.9   0.34677   0.00298
   2006.7   0.34693   0.00289
   2007.5   0.34701   0.00282
   2008.3   0.34709   0.00277
   2009.0   0.34706   0.00274
   2009.8   0.34708   0.00283
   2010.6   0.34725   0.00303
   2011.4   0.34733   0.00302
   2012.2   0.34741   0.00299
   2012.9   0.34746   0.00296
   2013.7   0.34737   0.00295
   2014.5   0.34743   0.00299
   2015.3   0.34764   0.00303
   2016.1   0.34770   0.00287
   2016.8   0.34776   0.00292
   2017.6   0.34776   0.00294
   2018.4   0.34783   0.00282
   2019.2   0.34800   0.00286
   2020.0   0.34814   0.00290
   2020.8   0.34816   0.00277
   2021.6   0.34818   0.00274
   2022.4   0.34824   0.00272
   2023.2   0.34825   0.00276
   2023.9   0.34829   0.00286
   2024.7   0.34846   0.00280
   2025.5   0.34852   0.00267
   2026.3   0.34849   0.00263
   2027.1   0.34854   0.00284
   2027.9   0.34853   0.00299
   2028.7   0.34864   0.00285
   2029.5   0.34885   0.00284
   2030.3   0.34889   0.00280
   2031.1   0.34890   0.00289
   2031.9   0.34904   0.00300
   2032.7   0.34911   0.00298
   2033.5   0.34906   0.00285
   2034.3   0.34910   0.00290
   2035.1   0.34927   0.00302
   2035.9   0.34938   0.00305
   2036.7   0.34948   0.00304
   2037.5   0.34947   0.00299
   2038.3   0.34946   0.00292
   2039.1   0.34958   0.00288
   2039.9   0.34968   0.00297
   2040.7   0.34974   0.00287
   2041.5   0.34983   0.00289
   2042.3   0.34988   0.00303
   2043.1   0.34991   0.00308
   2043.9   0.35002   0.00300
   2044.7   0.35007   0.00281
   2045.5   0.35009   0.00280
   2046.3   0.35017   0.00281
   2047.1   0.35032   0.00279
   2047.9   0.35043   0.00282
   2048.7   0.35056   0.00285
   2049.5   0.35057   0.00289
   2050.4   0.35058   0.00292
   2051.2   0.35067   0.00299
   2052.0   0.35072   0.00292
   2052.8   0.35074   0.00284
   2053.6   0.35086   0.00293
   2054.4   0.35095   0.00308
   2055.2   0.35103   0.00312
   2056.0   0.35105   0.00285
   2056.9   0.35114   0.00276
   2057.7   0.35126   0.00282
   2058.5   0.35131   0.00275
   2059.3   0.35136   0.00271
   2060.1   0.35138   0.00281
   2060.9   0.35152   0.00300
   2061.8   0.35164   0.00303
   2062.6   0.35172   0.00295
   2063.4   0.35178   0.00287
   2064.2   0.35180   0.00278
   2065.1   0.35189   0.00291
   2065.9   0.35201   0.00319
   2066.7   0.35212   0.00310
   2067.5   0.35215   0.00289
   2068.3   0.35220   0.00285
   2069.2   0.35230   0.00293
   2070.0   0.35234   0.00296
   2070.8   0.35239   0.00291
   2071.6   0.35245   0.00296
   2072.5   0.35250   0.00305
   2073.3   0.35263   0.00299
   2074.1   0.35277   0.00298
   2075.0   0.35282   0.00290
   2075.8   0.35291   0.00274
   2076.6   0.35300   0.00282
   2077.5   0.35300   0.00286
   2078.3   0.35306   0.00292
   2079.1   0.35318   0.00285
   2080.0   0.35323   0.00279
   2080.8   0.35326   0.00282
   2081.6   0.35336   0.00288
   2082.5   0.35351   0.00288
   2083.3   0.35357   0.00299
   2084.1   0.35364   0.00307
   2085.0   0.35363   0.00303
   2085.8   0.35368   0.00301
   2086.7   0.35383   0.00301
   2087.5   0.35388   0.00296
   2088.3   0.35384   0.00289
   2089.2   0.35391   0.00288
   2090.0   0.35406   0.00291
   2090.9   0.35423   0.00291
   2091.7   0.35433   0.00280
   2092.6   0.35441   0.00294
   2093.4   0.35446   0.00306
   2094.2   0.35455   0.00298
   2095.1   0.35465   0.00281
   2095.9   0.35462   0.00281
   2096.8   0.35472   0.00285
   2097.6   0.35494   0.00289
   2098.5   0.35499   0.00293
   2099.3   0.35500   0.00295
   2100.2   0.35506   0.00309
   2101.0   0.35512   0.00311
   2101.9   0.35517   0.00304
   2102.7   0.35520   0.00294
   2103.6   0.35527   0.00285
   2104.4   0.35544   0.00293
   2105.3   0.35552   0.00304
   2106.1   0.35554   0.00295
   2107.0   0.35551   0.00291
   2107.9   0.35555   0.00291
   2108.7   0.35563   0.00294
   2109.6   0.35569   0.00298
   2110.4   0.35576   0.00304
   2111.3   0.35578   0.00301
   2112.2   0.35589   0.00298
   2113.0   0.35611   0.00309
   2113.9   0.35622   0.00319
   2114.7   0.35627   0.00303
   2115.6   0.35640   0.00274
   2116.5   0.35650   0.00275
   2117.3   0.35653   0.00287
   2118.2   0.35655   0.00288
   2119.1   0.35653   0.00290
   2119.9   0.35663   0.00290
   2120.8   0.35672   0.00280
   2121.7   0.35679   0.00275
   2122.5   0.35692   0.00279
   2123.4   0.35702   0.00279
   2124.3   0.35707   0.00284
   2125.1   0.35717   0.00286
   2126.0   0.35733   0.00288
   2126.9   0.35743   0.00295
   2127.8   0.35754   0.00305
   2128.6   0.35763   0.00301
   2129.5   0.35772   0.00302
   2130.4   0.35776   0.00299
   2131.3   0.35775   0.00294
   2132.1   0.35782   0.00303
   2133.0   0.35784   0.00298
   2133.9   0.35789   0.00291
   2134.8   0.35799   0.00302
   2135.6   0.35810   0.00304
   2136.5   0.35817   0.00317
   2137.4   0.35834   0.00318
   2138.3   0.35841   0.00309
   2139.2   0.35837   0.00313
   2140.1   0.35852   0.00323
   2140.9   0.35867   0.00316
   2141.8   0.35871   0.00309
   2142.7   0.35868   0.00314
   2143.6   0.35874   0.00316
   2144.5   0.35890   0.00309
   2145.4   0.35907   0.00300
   2146.3   0.35910   0.00299
   2147.1   0.35917   0.00300
   2148.0   0.35934   0.00302
   2148.9   0.35946   0.00303
   2149.8   0.35949   0.00303
   2150.7   0.35947   0.00308
   2151.6   0.35956   0.00304
   2152.5   0.35968   0.00309
   2153.4   0.35972   0.00313
   2154.3   0.35978   0.00298
   2155.2   0.35986   0.00294
   2156.1   0.36004   0.00293
   2157.0   0.36023   0.00281
   2157.9   0.36028   0.00284
   2158.8   0.36028   0.00292
   2159.7   0.36035   0.00314
   2160.6   0.36047   0.00320
   2161.5   0.36058   0.00302
   2162.4   0.36059   0.00295
   2163.3   0.36069   0.00297
   2164.2   0.36080   0.00300
   2165.1   0.36081   0.00296
   2166.0   0.36083   0.00298
   2166.9   0.36095   0.00304
   2167.8   0.36117   0.00311
   2168.7   0.36135   0.00313
   2169.6   0.36135   0.00318
   2170.5   0.36134   0.00314
   2171.4   0.36144   0.00308
   2172.3   0.36146   0.00313
   2173.3   0.36150   0.00313
   2174.2   0.36166   0.00311
   2175.1   0.36180   0.00306
   2176.0   0.36184   0.00304
   2176.9   0.36183   0.00301
   2177.8   0.36192   0.00304
   2178.7   0.36206   0.00301
   2179.6   0.36216   0.00305
   2180.6   0.36220   0.00302
   2181.5   0.36224   0.00297
   2182.4   0.36232   0.00297
   2183.3   0.36244   0.00300
   2184.2   0.36250   0.00305
   2185.1   0.36253   0.00308
   2186.1   0.36264   0.00315
   2187.0   0.36277   0.00327
   2187.9   0.36276   0.00320
   2188.8   0.36284   0.00312
   2189.8   0.36301   0.00306
   2190.7   0.36315   0.00295
   2191.6   0.36314   0.00300
   2192.6   0.36325   0.00307
   2193.5   0.36332   0.00312
   2194.4   0.36333   0.00310
   2195.3   0.36345   0.00317
   2196.3   0.36360   0.00322
   2197.2   0.36362   0.00319
   2198.1   0.36368   0.00309
   2199.1   0.36383   0.00305
   2200.0   0.36389   0.00314
   2200.9   0.36392   0.00318
   2201.9   0.36398   0.00325
   2202.8   0.36406   0.00326
   2203.7   0.36416   0.00323
   2204.7   0.36429   0.00312
   2205.6   0.36441   0.00302
   2206.5   0.36447   0.00295
   2207.5   0.36458   0.00307
   2208.4   0.36471   0.00310
   2209.4   0.36478   0.00306
   2210.3   0.36478   0.00318
   2211.3   0.36475   0.00316
   2212.2   0.36492   0.00303
   2213.1   0.36515   0.00317
   2214.1   0.36523   0.00325
   2215.0   0.36529   0.00320
   2216.0   0.36534   0.00329
   2216.9   0.36541   0.00328
   2217.9   0.36554   0.00325
   2218.8   0.36556   0.00327
   2219.8   0.36563   0.00341
   2220.7   0.36581   0.00339
   2221.7   0.36591   0.00325
   2222.6   0.36589   0.00328
   2223.6   0.36603   0.00336
   2224.5   0.36608   0.00327
   2225.5   0.36610   0.00318
   2226.4   0.36626   0.00320
   2227.4   0.36633   0.00318
   2228.4   0.36637   0.00310
   2229.3   0.36653   0.00310
   2230.3   0.36664   0.00320
   2231.2   0.36670   0.00327
   2232.2   0.36678   0.00333
   2233.1   0.36690   0.00330
   2234.1   0.36696   0.00319
   2235.1   0.36704   0.00306
   2236.0   0.36714   0.00308
   2237.0   0.36724   0.00309
   2238.0   0.36735   0.00318
   2238.9   0.36740   0.00319
   2239.9   0.36742   0.00318
   2240.9   0.36761   0.00316
   2241.8   0.36779   0.00317
   2242.8   0.36786   0.00322
   2243.8   0.36794   0.00322
   2244.8   0.36796   0.00319
   2245.7   0.36803   0.00316
   2246.7   0.36804   0.00319
   2247.7   0.36816   0.00322
   2248.6   0.36829   0.00327
   2249.6   0.36834   0.00321
   2250.6   0.36842   0.00316
   2251.6   0.36853   0.00326
   2252.6   0.36862   0.00327
   2253.5   0.36871   0.00324
   2254.5   0.36880   0.00325
   2255.5   0.36891   0.00323
   2256.5   0.36907   0.00316
   2257.5   0.36912   0.00319
   2258.4   0.36916   0.00309
   2259.4   0.36922   0.00301
   2260.4   0.36935   0.00305
   2261.4   0.36943   0.00314
   2262.4   0.36951   0.00317
   2263.4   0.36960   0.00318
   2264.4   0.36974   0.00314
   2265.4   0.36981   0.00314
   2266.3   0.36986   0.00322
   2267.3   0.36998   0.00319
   2268.3   0.37009   0.00318
   2269.3   0.37014   0.00313
   2270.3   0.37018   0.00309
   2271.3   0.37025   0.00314
   2272.3   0.37036   0.00319
   2273.3   0.37048   0.00321
   2274.3   0.37052   0.00316
   2275.3   0.37059   0.00318
   2276.3   0.37069   0.00323
   2277.3   0.37081   0.00320
   2278.3   0.37092   0.00319
   2279.3   0.37101   0.00322
   2280.3   0.37112   0.00323
   2281.3   0.37123   0.00325
   2282.3   0.37134   0.00323
   2283.3   0.37141   0.00319
   2284.3   0.37147   0.00316
   2285.3   0.37154   0.00321
   2286.3   0.37163   0.00327
   2287.3   0.37169   0.00324
   2288.4   0.37184   0.00317
   2289.4   0.37195   0.00323
   2290.4   0.37207   0.00330
   2291.4   0.37218   0.00330
   2292.4   0.37225   0.00332
   2293.4   0.37231   0.00335
   2294.4   0.37240   0.00334
   2295.4   0.37249   0.00331
   2296.5   0.37256   0.00328
   2297.5   0.37266   0.00320
   2298.5   0.37282   0.00320
   2299.5   0.37293   0.00330
   2300.5   0.37301   0.00325
   2301.6   0.37312   0.00326
   2302.6   0.37320   0.00323
   2303.6   0.37326   0.00320
   2304.6   0.37329   0.00326
   2305.6   0.37337   0.00324
   2306.7   0.37355   0.00321
   2307.7   0.37369   0.00328
   2308.7   0.37366   0.00326
   2309.8   0.37370   0.00312
   2310.8   0.37381   0.00318
   2311.8   0.37393   0.00331
   2312.9   0.37407   0.00336
   2313.9   0.37424   0.00329
   2314.9   0.37431   0.00327
   2315.9   0.37437   0.00323
   2317.0   0.37449   0.00325
   2318.0   0.37462   0.00333
   2319.1   0.37468   0.00323
   2320.1   0.37477   0.00319
   2321.1   0.37484   0.00320
   2322.2   0.37499   0.00323
   2323.2   0.37512   0.00330
   2324.3   0.37521   0.00334
   2325.3   0.37523   0.00326
   2326.3   0.37532   0.00328
   2327.4   0.37545   0.00325
   2328.4   0.37552   0.00328
   2329.5   0.37557   0.00336
   2330.5   0.37569   0.00338
   2331.6   0.37578   0.00338
   2332.6   0.37588   0.00329
   2333.7   0.37598   0.00326
   2334.7   0.37601   0.00335
   2335.8   0.37606   0.00329
   2336.8   0.37617   0.00315
   2337.9   0.37628   0.00319
   2338.9   0.37641   0.00323
   2340.0   0.37653   0.00325
   2341.0   0.37659   0.00329
   2342.1   0.37669   0.00332
   2343.2   0.37676   0.00335
   2344.2   0.37688   0.00339
   2345.3   0.37703   0.00337
   2346.3   0.37711   0.00335
   2347.4   0.37721   0.00335
   2348.5   0.37733   0.00338
   2349.5   0.37740   0.00336
   2350.6   0.37746   0.00333
   2351.7   0.37761   0.00328
   2352.7   0.37772   0.00330
   2353.8   0.37776   0.00327
   2354.9   0.37784   0.00322
   2355.9   0.37793   0.00322
   2357.0   0.37798   0.00324
   2358.1   0.37807   0.00326
   2359.1   0.37821   0.00329
   2360.2   0.37829   0.00331
   2361.3   0.37836   0.00330
   2362.4   0.37852   0.00330
   2363.4   0.37865   0.00335
   2364.5   0.37876   0.00332
   2365.6   0.37883   0.00335
   2366.7   0.37890   0.00334
   2367.8   0.37900   0.00331
   2368.9   0.37904   0.00330
   2369.9   0.37916   0.00326
   2371.0   0.37933   0.00322
   2372.1   0.37942   0.00322
   2373.2   0.37953   0.00326
   2374.3   0.37964   0.00330
   2375.4   0.37962   0.00330
   2376.4   0.37972   0.00329
   2377.5   0.37986   0.00330
   2378.6   0.37993   0.00329
   2379.7   0.38003   0.00322
   2380.8   0.38012   0.00328
   2381.9   0.38024   0.00331
   2383.0   0.38039   0.00334
   2384.1   0.38049   0.00336
   2385.2   0.38057   0.00327
   2386.3   0.38064   0.00324
   2387.4   0.38073   0.00330
   2388.5   0.38085   0.00333
   2389.6   0.38093   0.00334
   2390.7   0.38098   0.00331
   2391.8   0.38110   0.00326
   2392.9   0.38121   0.00321
   2394.0   0.38125   0.00331
   2395.1   0.38138   0.00333
   2396.2   0.38151   0.00330
   2397.3   0.38161   0.00335
   2398.4   0.38172   0.00336
   2399.6   0.38179   0.00331
   2400.7   0.38190   0.00334
   2401.8   0.38200   0.00336
   2402.9   0.38208   0.00331
   2404.0   0.38222   0.00331
   2405.1   0.38234   0.00336
   2406.2   0.38235   0.00334
   2407.4   0.38237   0.00332
   2408.5   0.38244   0.00333
   2409.6   0.38256   0.00338
   2410.7   0.38271   0.00333
   2411.8   0.38285   0.00326
   2412.9   0.38287   0.00330
   2414.1   0.38288   0.00329
   2415.2   0.38301   0.00316
   2416.3   0.38314   0.00318
   2417.4   0.38322   0.00327
   2418.6   0.38329   0.00330
   2419.7   0.38348   0.00332
   2420.8   0.38364   0.00331
   2422.0   0.38370   0.00324
   2423.1   0.38379   0.00317
   2424.2   0.38390   0.00311
   2425.4   0.38394   0.00318
   2426.5   0.38400   0.00328
   2427.6   0.38406   0.00325
   2428.8   0.38417   0.00324
   2429.9   0.38432   0.00333
   2431.1   0.38444   0.00342
   2432.2   0.38451   0.00337
   2433.3   0.38456   0.00331
   2434.5   0.38462   0.00328
   2435.6   0.38477   0.00325
   2436.8   0.38494   0.00334
   2437.9   0.38497   0.00343
   2439.1   0.38502   0.00338
   2440.2   0.38515   0.00340
   2441.4   0.38526   0.00342
   2442.5   0.38533   0.00337
   2443.6   0.38535   0.00326
   2444.8   0.38546   0.00324
   2446.0   0.38560   0.00328
   2447.1   0.38567   0.00332
   2448.3   0.38574   0.00332
   2449.4   0.38586   0.00332
   2450.6   0.38599   0.00336
   2451.7   0.38605   0.00337
   2452.9   0.38609   0.00338
   2454.1   0.38620   0.00338
   2455.2   0.38630   0.00337
   2456.4   0.38639   0.00335
   2457.6   0.38645   0.00327
   2458.7   0.38649   0.00336
   2459.9   0.38661   0.00341
   2461.1   0.38679   0.00338
   2462.2   0.38694   0.00338
   2463.4   0.38699   0.00339
   2464.6   0.38708   0.00343
   2465.7   0.38718   0.00341
   2466.9   0.38723   0.00337
   2468.1   0.38728   0.00339
   2469.3   0.38734   0.00334
   2470.4   0.38750   0.00338
   2471.6   0.38767   0.00346
   2472.8   0.38776   0.00336
   2474.0   0.38786   0.00327
   2475.1   0.38792   0.00327
   2476.3   0.38795   0.00331
   2477.5   0.38804   0.00337
   2478.7   0.38819   0.00332
   2479.9   0.38835   0.00320
   2481.1   0.38845   0.00320
   2482.3   0.38853   0.00335
   2483.4   0.38857   0.00332
   2484.6   0.38863   0.00328
   2485.8   0.38877   0.00333
   2487.0   0.38890   0.00328
   2488.2   0.38896   0.00324
   2489.4   0.38902   0.00327
   2490.6   0.38914   0.00333
   2491.8   0.38927   0.00338
   2493.0   0.38932   0.00338
   2494.2   0.38936   0.00337
   2495.4   0.38944   0.00332
   2496.6   0.38953   0.00328
   2497.8   0.38961   0.00325
   2499.0   0.38969   0.00330
   2500.2   0.38985   0.00334
   2501.4   0.38996   0.00332
   2502.6   0.39000   0.00329
   2503.8   0.39007   0.00329
   2505.0   0.39020   0.00327
   2506.3   0.39035   0.00330
   2507.5   0.39046   0.00335
   2508.7   0.39050   0.00334
   2509.9   0.39049   0.00335
   2511.1   0.39059   0.00331
   2512.3   0.39073   0.00329
   2513.5   0.39084   0.00335
   2514.8   0.39090   0.00338
   2516.0   0.39100   0.00334
   2517.2   0.39113   0.00329
   2518.4   0.39122   0.00323
   2519.6   0.39128   0.00323
   2520.9   0.39136   0.00327
   2522.1   0.39148   0.00329
   2523.3   0.39162   0.00338
   2524.6   0.39171   0.00339
   2525.8   0.39180   0.00332
   2527.0   0.39187   0.00330
   2528.3   0.39193   0.00335
   2529.5   0.39203   0.00332
   2530.7   0.39218   0.00333
   2531.9   0.39235   0.00328
   2533.2   0.39246   0.00329
   2534.4   0.39249   0.00338
   2535.7   0.39258   0.00339
   2536.9   0.39270   0.00338
   2538.1   0.39276   0.00338
   2539.4   0.39284   0.00329
   2540.6   0.39290   0.00325
   2541.9   0.39301   0.00325
   2543.1   0.39315   0.00325
   2544.4   0.39322   0.00331
   2545.6   0.39330   0.00336
   2546.9   0.39342   0.00331
   2548.1   0.39352   0.00324
   2549.4   0.39360   0.00324
   2550.6   0.39369   0.00322
   2551.9   0.39377   0.00321
   2553.1   0.39390   0.00324
   2554.4   0.39400   0.00334
   2555.7   0.39411   0.00331
   2556.9   0.39420   0.00328
   2558.2   0.39434   0.00329
   2559.4   0.39450   0.00327
   2560.7   0.39464   0.00323
   2562.0   0.39470   0.00315
   2563.2   0.39477   0.00312
   2564.5   0.39484   0.00322
   2565.8   0.39488   0.00335
   2567.1   0.39500   0.00335
   2568.3   0.39517   0.00329
   2569.6   0.39528   0.00321
   2570.9   0.39527   0.00328
   2572.1   0.39541   0.00331
   2573.4   0.39560   0.00315
   2574.7   0.39564   0.00319
   2576.0   0.39581   0.00320
   2577.3   0.39594   0.00312
   2578.5   0.39587   0.00322
   2579.8   0.39595   0.00320
   2581.1   0.39614   0.00309
   2582.4   0.39625   0.00320
   2583.7   0.39645   0.00304
   2585.0   0.39646   0.00299
   2586.3   0.39646   0.00310
   2587.5   0.39655   0.00304
   2588.8   0.39664   0.00308
   2590.1   0.39677   0.00308
   2591.4   0.39687   0.00315
   2592.7   0.39707   0.00315
   2594.0   0.39737   0.00287
   2595.3   0.39741   0.00261
   2596.6   0.39725   0.00295
   2597.9   0.39734   0.00321
   2599.2   0.39749   0.00333
   2600.5   0.39759   0.00329
   2601.8   0.39772   0.00312
   2603.1   0.39787   0.00299
   2604.4   0.39803   0.00294
   2605.8   0.39807   0.00288
   2607.1   0.39800   0.00303
   2608.4   0.39805   0.00315
   2609.7   0.39815   0.00314
   2611.0   0.39827   0.00319
   2612.3   0.39839   0.00321
   2613.6   0.39847   0.00313
   2614.9   0.39855   0.00322
   2616.3   0.39878   0.00309
   2617.6   0.39881   0.00297
   2618.9   0.39884   0.00316
   2620.2   0.39909   0.00310
   2621.6   0.39903   0.00310
   2622.9   0.39902   0.00322
   2624.2   0.39916   0.00324
   2625.5   0.39932   0.00313
   2626.9   0.39943   0.00293
   2628.2   0.39937   0.00304
   2629.5   0.39957   0.00303
   2630.9   0.39968   0.00291
   2632.2   0.39963   0.00308
   2633.5   0.39977   0.00322
   2634.9   0.39986   0.00326
   2636.2   0.39992   0.00329
   2637.6   0.40000   0.00322
   2638.9   0.40004   0.00324
   2640.2   0.40012   0.00331
   2641.6   0.40019   0.00333
   2642.9   0.40026   0.00332
   2644.3   0.40037   0.00330
   2645.6   0.40048   0.00320
   2647.0   0.40048   0.00311
   2648.3   0.40054   0.00315
   2649.7   0.40062   0.00325
   2651.0   0.40076   0.00328
   2652.4   0.40089   0.00319
   2653.8   0.40089   0.00317
   2655.1   0.40094   0.00317
   2656.5   0.40098   0.00313
   2657.8   0.40103   0.00321
   2659.2   0.40111   0.00319
   2660.6   0.40111   0.00318
   2661.9   0.40113   0.00320
   2663.3   0.40118   0.00316
   2664.7   0.40136   0.00294
   2666.0   0.40137   0.00283
   2667.4   0.40126   0.00294
   2668.8   0.40112   0.00300
   2670.1   0.40127   0.00262
   2671.5   0.40099   0.00262
   2672.9   0.40076   0.00306
   2674.3   0.40074   0.00320
   2675.7   0.40077   0.00305
   2677.0   0.40076   0.00287
   2678.4   0.40071   0.00289
   2679.8   0.40061   0.00294
   2681.2   0.40046   0.00313
   2682.6   0.40042   0.00321
   2684.0   0.40033   0.00312
   2685.4   0.40021   0.00308
   2686.8   0.40007   0.00311
   2688.1   0.39988   0.00313
   2689.5   0.39975   0.00315
   2690.9   0.39961   0.00325
   2692.3   0.39954   0.00323
   2693.7   0.39938   0.00295
   2695.1   0.39900   0.00288
   2696.5   0.39869   0.00305
   2697.9   0.39846   0.00315
   2699.3   0.39823   0.00308
   2700.8   0.39801   0.00297
   2702.1   0.39770   0.00297
   2703.6   0.39727   0.00304
   2705.0   0.39695   0.00303
   2706.4   0.39668   0.00304
   2707.8   0.39645   0.00296
   2709.2   0.39617   0.00289
   2710.6   0.39570   0.00285
   2712.1   0.39516   0.00283
   2713.5   0.39473   0.00300
   2714.9   0.39436   0.00307
   2716.3   0.39396   0.00311
   2717.7   0.39352   0.00313
   2719.2   0.39315   0.00297
   2720.6   0.39277   0.00266
   2722.0   0.39209   0.00282
   2723.4   0.39171   0.00291
   2724.9   0.39121   0.00278
   2726.3   0.39046   0.00295
   2727.7   0.38992   0.00311
   2729.2   0.38941   0.00312
   2730.6   0.38878   0.00307
   2732.1   0.38813   0.00305
   2733.5   0.38762   0.00302
   2734.9   0.38717   0.00290
   2736.4   0.38644   0.00295
   2737.8   0.38587   0.00289
   2739.3   0.38537   0.00267
   2740.7   0.38470   0.00265
   2742.2   0.38389   0.00275
   2743.6   0.38318   0.00288
   2745.1   0.38256   0.00294
   2746.5   0.38191   0.00299
   2748.0   0.38122   0.00297
   2749.4   0.38055   0.00290
   2750.9   0.37993   0.00282
   2752.4   0.37927   0.00278
   2753.8   0.37870   0.00272
   2755.3   0.37823   0.00248
   2756.7   0.37734   0.00252
   2758.2   0.37655   0.00274
   2759.7   0.37590   0.00280
   2761.1   0.37531   0.00275
   2762.6   0.37473   0.00262
   2764.1   0.37398   0.00264
   2765.6   0.37329   0.00279
   2767.0   0.37273   0.00280
   2768.5   0.37206   0.00277
   2770.0   0.37147   0.00272
   2771.5   0.37086   0.00262
   2773.0   0.37017   0.00272
   2774.4   0.36955   0.00281
   2775.9   0.36907   0.00280
   2777.4   0.36853   0.00280
   2778.9   0.36798   0.00285
   2780.4   0.36747   0.00282
   2781.9   0.36694   0.00277
   2783.4   0.36641   0.00280
   2784.9   0.36589   0.00280
   2786.4   0.36543   0.00268
   2787.9   0.36495   0.00264
   2789.4   0.36439   0.00274
   2790.9   0.36396   0.00279
   2792.4   0.36357   0.00279
   2793.9   0.36317   0.00282
   2795.4   0.36271   0.00280
   2796.9   0.36231   0.00280
   2798.4   0.36190   0.00284
   2799.9   0.36150   0.00288
   2801.4   0.36115   0.00278
   2802.9   0.36087   0.00264
   2804.4   0.36048   0.00268
   2806.0   0.36010   0.00274
   2807.5   0.35979   0.00274
   2809.0   0.35952   0.00278
   2810.5   0.35921   0.00274
   2812.1   0.35890   0.00271
   2813.6   0.35862   0.00271
   2815.1   0.35832   0.00267
   2816.6   0.35800   0.00268
   2818.2   0.35780   0.00274
   2819.7   0.35750   0.00273
   2821.2   0.35715   0.00273
   2822.8   0.35694   0.00273
   2824.3   0.35680   0.00276
   2825.9   0.35661   0.00275
   2827.4   0.35635   0.00269
   2828.9   0.35614   0.00267
   2830.5   0.35595   0.00273
   2832.0   0.35576   0.00271
   2833.6   0.35557   0.00266
   2835.1   0.35540   0.00267
   2836.7   0.35521   0.00268
   2838.2   0.35498   0.00262
   2839.8   0.35484   0.00265
   2841.3   0.35470   0.00271
   2842.9   0.35455   0.00273
   2844.4   0.35437   0.00275
   2846.0   0.35417   0.00275
   2847.6   0.35405   0.00271
   2849.1   0.35392   0.00268
   2850.7   0.35368   0.00271
   2852.3   0.35352   0.00276
   2853.8   0.35336   0.00276
   2855.4   0.35318   0.00274
   2857.0   0.35305   0.00274
   2858.6   0.35293   0.00275
   2860.1   0.35278   0.00275
   2861.7   0.35264   0.00279
   2863.3   0.35250   0.00283
   2864.9   0.35235   0.00282
   2866.5   0.35220   0.00279
   2868.1   0.35208   0.00278
   2869.6   0.35199   0.00280
   2871.2   0.35192   0.00277
   2872.8   0.35174   0.00278
   2874.4   0.35154   0.00277
   2876.0   0.35149   0.00270
   2877.6   0.35140   0.00268
   2879.2   0.35131   0.00271
   2880.8   0.35117   0.00272
   2882.4   0.35091   0.00274
   2884.0   0.35072   0.00273
   2885.6   0.35072   0.00270
   2887.2   0.35077   0.00269
   2888.8   0.35068   0.00271
   2890.4   0.35055   0.00273
   2892.0   0.35046   0.00272
   2893.6   0.35035   0.00271
   2895.3   0.35024   0.00268
   2896.9   0.35019   0.00269
   2898.5   0.35010   0.00271
   2900.1   0.34996   0.00267
   2901.8   0.34979   0.00270
   2903.4   0.34965   0.00275
   2905.0   0.34954   0.00280
   2906.6   0.34942   0.00277
   2908.3   0.34922   0.00270
   2909.9   0.34899   0.00268
   2911.5   0.34883   0.00268
   2913.2   0.34875   0.00271
   2914.8   0.34860   0.00275
   2916.4   0.34849   0.00270
   2918.1   0.34842   0.00271
   2919.7   0.34835   0.00275
   2921.4   0.34826   0.00273
   2923.0   0.34814   0.00273
   2924.7   0.34801   0.00268
   2926.3   0.34789   0.00268
   2928.0   0.34775   0.00274
   2929.6   0.34757   0.00275
   2931.3   0.34749   0.00275
   2932.9   0.34745   0.00275
   2934.6   0.34735   0.00275
   2936.3   0.34725   0.00274
   2937.9   0.34714   0.00273
   2939.6   0.34691   0.00273
   2941.3   0.34671   0.00274
   2942.9   0.34682   0.00275
   2944.6   0.34685   0.00271
   2946.3   0.34668   0.00268
   2947.9   0.34641   0.00272
   2949.6   0.34636   0.00274
   2951.3   0.34645   0.00272
   2953.0   0.34643   0.00269
   2954.7   0.34633   0.00271
   2956.3   0.34621   0.00271
   2958.0   0.34610   0.00272
   2959.7   0.34603   0.00270
   2961.4   0.34592   0.00266
   2963.1   0.34581   0.00267
   2964.8   0.34571   0.00267
   2966.5   0.34550   0.00267
   2968.2   0.34524   0.00271
   2969.9   0.34519   0.00270
   2971.6   0.34520   0.00265
   2973.3   0.34519   0.00263
   2975.0   0.34510   0.00267
   2976.7   0.34503   0.00270
   2978.4   0.34501   0.00265
   2980.1   0.34494   0.00266
   2981.9   0.34484   0.00275
   2983.6   0.34468   0.00277
   2985.3   0.34454   0.00280
   2987.0   0.34459   0.00278
   2988.7   0.34462   0.00275
   2990.4   0.34459   0.00272
   2992.2   0.34455   0.00270
   2993.9   0.34447   0.00269
   2995.6   0.34440   0.00270
   2997.4   0.34445   0.00275
   2999.1   0.34449   0.00277
   3000.8   0.34455   0.00277
   3002.6   0.34460   0.00276
   3004.3   0.34459   0.00278
   3006.1   0.34451   0.00277
   3007.8   0.34454   0.00278
   3009.5   0.34467   0.00275
   3011.3   0.34475   0.00273
   3013.0   0.34477   0.00272
   3014.8   0.34480   0.00275
   3016.5   0.34490   0.00275
   3018.3   0.34504   0.00273
   3020.1   0.34512   0.00271
   3021.8   0.34514   0.00274
   3023.6   0.34506   0.00273
   3025.3   0.34504   0.00270
   3027.1   0.34538   0.00273
   3028.9   0.34577   0.00278
   3030.6   0.34595   0.00279
   3032.4   0.34607   0.00273
   3034.2   0.34621   0.00274
   3036.0   0.34641   0.00276
   3037.7   0.34656   0.00273
   3039.5   0.34687   0.00273
   3041.3   0.34719   0.00277
   3043.1   0.34745   0.00281
   3044.9   0.34774   0.00277
   3046.7   0.34802   0.00272
   3048.5   0.34833   0.00276
   3050.3   0.34866   0.00279
   3052.1   0.34895   0.00278
   3053.8   0.34927   0.00274
   3055.6   0.34957   0.00273
   3057.4   0.34983   0.00271
   3059.3   0.35033   0.00275
   3061.1   0.35088   0.00274
   3062.9   0.35126   0.00277
   3064.7   0.35164   0.00279
   3066.5   0.35209   0.00281
   3068.3   0.35255   0.00281
   3070.1   0.35294   0.00281
   3071.9   0.35335   0.00278
   3073.8   0.35376   0.00277
   3075.6   0.35416   0.00280
   3077.4   0.35456   0.00283
   3079.2   0.35490   0.00286
   3081.1   0.35526   0.00287
   3082.9   0.35572   0.00282
   3084.7   0.35611   0.00283
   3086.6   0.35653   0.00279
   3088.4   0.35690   0.00276
   3090.2   0.35719   0.00280
   3092.1   0.35740   0.00277
   3093.9   0.35772   0.00278
   3095.8   0.35819   0.00281
   3097.6   0.35855   0.00279
   3099.5   0.35885   0.00279
   3101.3   0.35918   0.00277
   3103.2   0.35950   0.00277
   3105.1   0.35979   0.00282
   3106.9   0.36010   0.00282
   3108.8   0.36041   0.00278
   3110.6   0.36072   0.00284
   3112.5   0.36105   0.00289
   3114.4   0.36135   0.00287
   3116.2   0.36164   0.00283
   3118.1   0.36195   0.00283
   3120.0   0.36231   0.00286
   3121.9   0.36263   0.00284
   3123.8   0.36293   0.00287
   3125.6   0.36327   0.00283
   3127.5   0.36361   0.00278
   3129.4   0.36392   0.00284
   3131.3   0.36423   0.00289
   3133.2   0.36455   0.00284
   3135.1   0.36489   0.00281
   3137.0   0.36518   0.00284
   3138.9   0.36551   0.00282
   3140.8   0.36589   0.00280
   3142.7   0.36625   0.00276
   3144.6   0.36660   0.00275
   3146.5   0.36695   0.00276
   3148.4   0.36729   0.00275
   3150.3   0.36766   0.00279
   3152.2   0.36802   0.00282
   3154.1   0.36837   0.00277
   3156.1   0.36868   0.00279
   3158.0   0.36902   0.00279
   3159.9   0.36937   0.00274
   3161.8   0.36973   0.00272
   3163.8   0.37007   0.00274
   3165.7   0.37041   0.00274
   3167.6   0.37072   0.00278
   3169.6   0.37098   0.00281
   3171.5   0.37115   0.00280
   3173.5   0.37145   0.00280
   3175.4   0.37194   0.00282
   3177.3   0.37232   0.00280
   3179.3   0.37261   0.00278
   3181.2   0.37291   0.00278
   3183.2   0.37317   0.00281
   3185.1   0.37335   0.00284
   3187.1   0.37365   0.00285
   3189.1   0.37404   0.00277
   3191.0   0.37436   0.00274
   3193.0   0.37465   0.00276
   3195.0   0.37491   0.00279
   3196.9   0.37520   0.00279
   3198.9   0.37548   0.00279
   3200.9   0.37566   0.00276
   3202.9   0.37580   0.00278
   3204.8   0.37589   0.00282
   3206.8   0.37605   0.00283
   3208.8   0.37625   0.00284
   3210.8   0.37660   0.00285
   3212.8   0.37697   0.00281
   3214.8   0.37717   0.00276
   3216.8   0.37729   0.00274
   3218.8   0.37758   0.00273
   3220.8   0.37788   0.00271
   3222.8   0.37805   0.00273
   3224.8   0.37819   0.00273
   3226.8   0.37836   0.00278
   3228.8   0.37861   0.00279
   3230.8   0.37881   0.00277
   3232.8   0.37895   0.00280
   3234.8   0.37904   0.00283
   3236.8   0.37923   0.00280
   3238.9   0.37945   0.00276
   3240.9   0.37953   0.00278
   3242.9   0.37961   0.00279
   3244.9   0.37981   0.00281
   3247.0   0.37989   0.00281
   3249.0   0.38002   0.00281
   3251.1   0.38036   0.00282
   3253.1   0.38069   0.00281
   3255.1   0.38092   0.00279
   3257.2   0.38112   0.00279
   3259.2   0.38121   0.00283
   3261.3   0.38137   0.00281
   3263.3   0.38167   0.00280
   3265.4   0.38196   0.00281
   3267.4   0.38224   0.00283
   3269.5   0.38250   0.00285
   3271.6   0.38272   0.00286
   3273.6   0.38297   0.00284
   3275.7   0.38322   0.00279
   3277.8   0.38346   0.00281
   3279.8   0.38380   0.00285
   3281.9   0.38409   0.00285
   3284.0   0.38427   0.00286
   3286.1   0.38444   0.00285
   3288.2   0.38469   0.00282
   3290.2   0.38510   0.00282
   3292.3   0.38544   0.00282
   3294.4   0.38564   0.00276
   3296.5   0.38585   0.00273
   3298.6   0.38617   0.00278
   3300.7   0.38648   0.00282
   3302.8   0.38679   0.00283
   3304.9   0.38701   0.00283
   3307.0   0.38725   0.00286
   3309.1   0.38758   0.00286
   3311.3   0.38784   0.00281
   3313.4   0.38800   0.00280
   3315.5   0.38814   0.00278
   3317.6   0.38820   0.00275
   3319.7   0.38835   0.00277
   3321.9   0.38861   0.00276
   3324.0   0.38896   0.00273
   3326.1   0.38915   0.00274
   3328.3   0.38921   0.00274
   3330.4   0.38930   0.00277
   3332.5   0.38943   0.00281
   3334.7   0.38944   0.00283
   3336.8   0.38944   0.00281
   3339.0   0.38947   0.00278
   3341.1   0.38931   0.00279
   3343.3   0.38918   0.00281
   3345.4   0.38914   0.00280
   3347.6   0.38897   0.00280
   3349.8   0.38873   0.00277
   3351.9   0.38836   0.00276
   3354.1   0.38792   0.00280
   3356.3   0.38751   0.00282
   3358.4   0.38712   0.00278
   3360.6   0.38660   0.00275
   3362.8   0.38598   0.00276
   3365.0   0.38533   0.00274
   3367.2   0.38467   0.00272
   3369.4   0.38404   0.00268
   3371.5   0.38350   0.00265
   3373.7   0.38311   0.00268
   3375.9   0.38294   0.00273
   3378.1   0.38305   0.00273
   3380.3   0.38342   0.00268
   3382.5   0.38394   0.00266
   3384.7   0.38449   0.00265
   3386.9   0.38499   0.00268
   3389.2   0.38548   0.00270
   3391.4   0.38572   0.00272
   3393.6   0.38562   0.00273
   3395.8   0.38531   0.00268
   3398.1   0.38491   0.00269
   3400.3   0.38442   0.00273
   3402.5   0.38378   0.00269
   3404.7   0.38306   0.00268
   3407.0   0.38240   0.00266
   3409.2   0.38185   0.00263
   3411.5   0.38138   0.00266
   3413.7   0.38107   0.00267
   3416.0   0.38117   0.00262
   3418.2   0.38157   0.00258
   3420.5   0.38233   0.00262
   3422.7   0.38347   0.00263
   3425.0   0.38480   0.00260
   3427.3   0.38609   0.00263
   3429.5   0.38729   0.00266
   3431.8   0.38843   0.00272
   3434.1   0.38965   0.00273
   3436.3   0.39081   0.00271
   3438.6   0.39176   0.00270
   3440.9   0.39257   0.00274
   3443.2   0.39330   0.00279
   3445.5   0.39402   0.00274
   3447.8   0.39470   0.00275
   3450.1   0.39529   0.00279
   3452.4   0.39580   0.00278
   3454.6   0.39633   0.00279
   3456.9   0.39688   0.00279
   3459.3   0.39731   0.00279
   3461.6   0.39767   0.00279
   3463.9   0.39790   0.00280
   3466.2   0.39802   0.00281
   3468.5   0.39808   0.00277
   3470.8   0.39806   0.00275
   3473.2   0.39803   0.00277
   3475.5   0.39808   0.00280
   3477.8   0.39812   0.00285
   3480.1   0.39819   0.00287
   3482.5   0.39855   0.00285
   3484.8   0.39897   0.00278
   3487.2   0.39923   0.00274
   3489.5   0.39938   0.00278
   3491.9   0.39947   0.00282
   3494.2   0.39948   0.00278
   3496.6   0.39940   0.00274
   3498.9   0.39940   0.00278
   3501.3   0.39957   0.00281
   3503.7   0.40008   0.00278
   3506.0   0.40096   0.00279
   3508.4   0.40212   0.00280
   3510.8   0.40337   0.00280
   3513.2   0.40466   0.00280
   3515.5   0.40581   0.00280
   3517.9   0.40677   0.00279
   3520.3   0.40749   0.00280
   3522.7   0.40807   0.00281
   3525.1   0.40871   0.00284
   3527.5   0.40925   0.00289
   3529.9   0.40967   0.00289
   3532.3   0.41006   0.00285
   3534.7   0.41043   0.00286
   3537.1   0.41081   0.00289
   3539.5   0.41112   0.00292
   3541.9   0.41140   0.00291
   3544.4   0.41168   0.00289
   3546.8   0.41196   0.00289
   3549.2   0.41225   0.00291
   3551.7   0.41258   0.00295
   3554.1   0.41286   0.00296
   3556.5   0.41309   0.00295
   3559.0   0.41332   0.00293
   3561.4   0.41360   0.00290
   3563.9   0.41385   0.00288
   3566.3   0.41411   0.00288
   3568.8   0.41438   0.00291
   3571.2   0.41460   0.00292
   3573.7   0.41481   0.00291
   3576.1   0.41508   0.00288
   3578.6   0.41533   0.00287
   3581.1   0.41555   0.00288
   3583.6   0.41574   0.00288
   3586.0   0.41595   0.00289
   3588.5   0.41623   0.00294
   3591.0   0.41650   0.00296
   3593.5   0.41674   0.00294
   3596.0   0.41696   0.00291
   3598.5   0.41717   0.00289
   3601.0   0.41739   0.00293
   3603.5   0.41754   0.00292
   3606.0   0.41779   0.00292
   3608.5   0.41805   0.00295
   3611.0   0.41829   0.00300
   3613.5   0.41849   0.00300
   3616.1   0.41868   0.00299
   3618.6   0.41888   0.00301
   3621.1   0.41910   0.00300
   3623.6   0.41927   0.00295
   3626.2   0.41947   0.00294
   3628.7   0.41970   0.00294
   3631.3   0.41992   0.00296
   3633.8   0.42010   0.00292
   3636.3   0.42029   0.00292
   3638.9   0.42046   0.00296
   3641.4   0.42065   0.00296
   3644.0   0.42089   0.00295
   3646.6   0.42111   0.00296
   3649.1   0.42129   0.00294
   3651.7   0.42147   0.00292
   3654.3   0.42169   0.00290
   3656.9   0.42193   0.00288
   3659.4   0.42213   0.00292
   3662.0   0.42233   0.00293
   3664.6   0.42252   0.00291
   3667.2   0.42269   0.00294
   3669.8   0.42290   0.00292
   3672.4   0.42315   0.00290
   3675.0   0.42333   0.00295
   3677.6   0.42354   0.00297
   3680.2   0.42376   0.00295
   3682.8   0.42398   0.00295
   3685.4   0.42419   0.00297
   3688.1   0.42440   0.00297
   3690.7   0.42458   0.00297
   3693.3   0.42481   0.00293
   3695.9   0.42501   0.00290
   3698.6   0.42520   0.00289
   3701.2   0.42537   0.00290
   3703.9   0.42551   0.00292
   3706.5   0.42566   0.00288
   3709.2   0.42586   0.00287
   3711.8   0.42606   0.00284
   3714.5   0.42626   0.00285
   3717.1   0.42643   0.00290
   3719.8   0.42664   0.00291
   3722.5   0.42685   0.00293
   3725.2   0.42702   0.00297
   3727.8   0.42716   0.00296
   3730.5   0.42729   0.00293
   3733.2   0.42744   0.00292
   3735.9   0.42764   0.00294
   3738.6   0.42780   0.00293
   3741.3   0.42798   0.00290
   3744.0   0.42817   0.00291
   3746.7   0.42834   0.00291
   3749.4   0.42851   0.00292
   3752.1   0.42870   0.00291
   3754.8   0.42887   0.00291
   3757.6   0.42905   0.00292
   3760.3   0.42919   0.00295
   3763.0   0.42936   0.00294
   3765.7   0.42954   0.00291
   3768.5   0.42970   0.00290
   3771.2   0.42985   0.00291
   3774.0   0.43003   0.00294
   3776.7   0.43016   0.00294
   3779.5   0.43031   0.00292
   3782.2   0.43044   0.00291
   3785.0   0.43061   0.00291
   3787.7   0.43079   0.00292
   3790.5   0.43094   0.00293
   3793.3   0.43108   0.00293
   3796.1   0.43123   0.00294
   3798.8   0.43133   0.00294
   3801.6   0.43147   0.00293
   3804.4   0.43159   0.00294
   3807.2   0.43173   0.00295
   3810.0   0.43184   0.00292
   3812.8   0.43198   0.00290
   3815.6   0.43215   0.00290
   3818.4   0.43230   0.00292
   3821.2   0.43241   0.00297
   3824.1   0.43256   0.00299
   3826.9   0.43267   0.00296
   3829.7   0.43277   0.00296
   3832.5   0.43288   0.00295
   3835.4   0.43301   0.00293
   3838.2   0.43311   0.00292
   3841.1   0.43322   0.00289
   3843.9   0.43332   0.00290
   3846.8   0.43343   0.00293
   3849.6   0.43354   0.00292
   3852.5   0.43367   0.00291
   3855.3   0.43380   0.00289
   3858.2   0.43395   0.00289
   3861.1   0.43405   0.00290
   3863.9   0.43415   0.00286
   3866.8   0.43421   0.00285
   3869.7   0.43431   0.00293
   3872.6   0.43443   0.00294
   3875.5   0.43456   0.00287
   3878.4   0.43463   0.00286
   3881.3   0.43470   0.00289
   3884.2   0.43477   0.00288
   3887.1   0.43488   0.00290
   3890.0   0.43496   0.00291
   3893.0   0.43506   0.00288
   3895.9   0.43515   0.00289
   3898.8   0.43524   0.00288
   3901.7   0.43530   0.00284
   3904.7   0.43535   0.00284
   3907.6   0.43541   0.00287
   3910.6   0.43549   0.00289
   3913.5   0.43554   0.00287
   3916.5   0.43558   0.00286
   3919.4   0.43562   0.00286
   3922.4   0.43573   0.00285
   3925.4   0.43580   0.00287
   3928.4   0.43589   0.00287
   3931.3   0.43592   0.00286
   3934.3   0.43598   0.00288
   3937.3   0.43603   0.00290
   3940.3   0.43608   0.00292
   3943.3   0.43613   0.00292
   3946.3   0.43621   0.00292
   3949.3   0.43627   0.00295
   3952.3   0.43632   0.00295
   3955.3   0.43635   0.00297
   3958.3   0.43640   0.00296
   3961.4   0.43643   0.00291
   3964.4   0.43649   0.00289
   3967.4   0.43653   0.00291
   3970.5   0.43656   0.00293
   3973.5   0.43657   0.00293
   3976.6   0.43662   0.00294
   3979.6   0.43665   0.00293
   3982.6   0.43668   0.00295
   3985.7   0.43670   0.00297
   3988.8   0.43672   0.00296
   3991.9   0.43673   0.00298
   3994.9   0.43677   0.00302
   3998.0   0.43680   0.00301
   4001.1   0.43684   0.00292
   4004.2   0.43684   0.00289
   4007.3   0.43687   0.00291
   4010.4   0.43688   0.00286
   4013.5   0.43693   0.00281
   4016.6   0.43694   0.00286
   4019.7   0.43693   0.00289
   4022.8   0.43694   0.00290
   4025.9   0.43695   0.00290
   4029.1   0.43695   0.00287
   4032.2   0.43698   0.00286
   4035.3   0.43699   0.00287
   4038.5   0.43705   0.00287
   4041.6   0.43705   0.00287
   4044.8   0.43707   0.00284
   4047.9   0.43709   0.00281
   4051.1   0.43717   0.00285
   4054.3   0.43718   0.00284
   4057.4   0.43719   0.00283
   4060.6   0.43719   0.00284
   4063.8   0.43722   0.00280
   4067.0   0.43721   0.00282
   4070.2   0.43723   0.00284
   4073.4   0.43723   0.00282
   4076.6   0.43726   0.00279
   4079.8   0.43726   0.00276
   4083.0   0.43729   0.00276
   4086.2   0.43730   0.00276
   4089.4   0.43732   0.00275
   4092.7   0.43730   0.00273
   4095.9   0.43733   0.00274
   4099.1   0.43733   0.00276
   4102.4   0.43734   0.00280
   4105.6   0.43734   0.00281
   4108.9   0.43738   0.00278
   4112.1   0.43737   0.00278
   4115.4   0.43740   0.00280
   4118.7   0.43737   0.00277
   4122.0   0.43738   0.00274
   4125.2   0.43742   0.00277
   4128.5   0.43746   0.00277
   4131.8   0.43744   0.00278
   4135.1   0.43745   0.00286
   4138.4   0.43743   0.00292
   4141.7   0.43747   0.00290
   4145.0   0.43750   0.00286
   4148.3   0.43753   0.00285
   4151.6   0.43750   0.00286
   4155.0   0.43754   0.00287
   4158.3   0.43755   0.00289
   4161.6   0.43756   0.00286
   4165.0   0.43756   0.00281
   4168.3   0.43757   0.00279
   4171.7   0.43753   0.00281
   4175.0   0.43753   0.00285
   4178.4   0.43753   0.00288
   4181.8   0.43757   0.00288
   4185.2   0.43754   0.00288
   4188.5   0.43750   0.00287
   4191.9   0.43748   0.00280
   4195.3   0.43749   0.00267
   4198.7   0.43745   0.00246
   4202.1   0.43746   0.00217
   4205.5   0.43746   0.00169
   4208.9   0.43749   0.00107
   4212.4   0.43752   0.00039
   4215.8   0.43756   0.00026
   4219.2   0.43753   0.00083
   4222.6   0.43757   0.00129
   4226.1   0.43758   0.00169
   4229.5   0.43760   0.00200
   4233.0   0.43751   0.00217
   4236.5   0.43743   0.00224
   4239.9   0.43736   0.00216
   4243.4   0.43729   0.00191
   4246.9   0.43715   0.00144
   4250.3   0.43706   0.00059
   4253.8   0.43690   0.00047
   4257.3   0.43682   0.00107
   4260.8   0.43681   0.00053
   4264.3   0.43685   0.00035
   4267.8   0.43680   0.00078
   4271.3   0.43677   0.00094
   4274.9   0.43668   0.00097
   4278.4   0.43663   0.00096
   4281.9   0.43647   0.00091
   4285.5   0.43635   0.00080
   4289.0   0.43619   0.00071
   4292.6   0.43605   0.00059
   4296.1   0.43586   0.00038
   4299.7   0.43568   0.00018
   4303.3   0.43546   0.00001
   4306.8   0.43531   0.00022
   4310.4   0.43510   0.00051
   4314.0   0.43492   0.00083
   4317.6   0.43471   0.00109
   4321.2   0.43454   0.00130
   4324.8   0.43434   0.00156
   4328.4   0.43421   0.00178
   4332.0   0.43405   0.00199
   4335.6   0.43391   0.00216
   4339.3   0.43372   0.00231
   4342.9   0.43356   0.00245
   4346.5   0.43341   0.00251
   4350.2   0.43326   0.00254
   4353.8   0.43306   0.00256
   4357.5   0.43293   0.00259
   4361.1   0.43276   0.00264
   4364.8   0.43260   0.00270
   4368.5   0.43242   0.00274
   4372.2   0.43229   0.00275
   4375.9   0.43210   0.00280
   4379.6   0.43197   0.00282
   4383.3   0.43183   0.00279
   4387.0   0.43170   0.00277
   4390.7   0.43150   0.00275
   4394.4   0.43136   0.00277
   4398.1   0.43118   0.00280
   4401.9   0.43102   0.00278
   4405.6   0.43090   0.00275
   4409.4   0.43081   0.00274
   4413.1   0.43067   0.00273
   4416.9   0.43056   0.00272
   4420.6   0.43042   0.00275
   4424.4   0.43034   0.00275
   4428.2   0.43021   0.00277
   4432.0   0.43011   0.00280
   4435.8   0.43000   0.00280
   4439.6   0.42989   0.00276
   4443.4   0.42974   0.00275
   4447.2   0.42963   0.00272
   4451.0   0.42949   0.00269
   4454.8   0.42938   0.00269
   4458.6   0.42922   0.00267
   4462.5   0.42912   0.00267
   4466.3   0.42897   0.00266
   4470.2   0.42883   0.00267
   4474.0   0.42865   0.00268
   4477.9   0.42853   0.00270
   4481.8   0.42833   0.00271
   4485.6   0.42811   0.00272
   4489.5   0.42786   0.00271
   4493.4   0.42768   0.00274
   4497.3   0.42747   0.00274
   4501.2   0.42726   0.00273
   4505.1   0.42698   0.00277
   4509.0   0.42674   0.00278
   4513.0   0.42650   0.00274
   4516.9   0.42630   0.00275
   4520.9   0.42605   0.00274
   4524.8   0.42581   0.00272
   4528.7   0.42550   0.00270
   4532.7   0.42525   0.00269
   4536.7   0.42494   0.00269
   4540.6   0.42468   0.00271
   4544.6   0.42436   0.00270
   4548.6   0.42409   0.00270
   4552.6   0.42376   0.00272
   4556.6   0.42348   0.00271
   4560.6   0.42310   0.00274
   4564.6   0.42272   0.00275
   4568.6   0.42230   0.00272
   4572.7   0.42197   0.00273
   4576.7   0.42160   0.00272
   4580.8   0.42123   0.00274
   4584.8   0.42075   0.00274
   4588.9   0.42032   0.00274
   4592.9   0.41986   0.00275
   4597.0   0.41944   0.00275
   4601.1   0.41896   0.00271
   4605.2   0.41851   0.00265
   4609.3   0.41801   0.00265
   4613.4   0.41753   0.00268
   4617.5   0.41697   0.00266
   4621.6   0.41645   0.00264
   4625.7   0.41586   0.00264
   4629.8   0.41535   0.00263
   4634.0   0.41478   0.00262
   4638.1   0.41422   0.00261
   4642.3   0.41365   0.00263
   4646.4   0.41314   0.00262
   4650.6   0.41259   0.00260
   4654.8   0.41208   0.00255
   4659.0   0.41157   0.00255
   4663.1   0.41112   0.00256
   4667.3   0.41060   0.00259
   4671.5   0.41013   0.00258
   4675.8   0.40960   0.00258
   4680.0   0.40913   0.00258
   4684.2   0.40861   0.00259
   4688.4   0.40810   0.00258
   4692.7   0.40756   0.00256
   4696.9   0.40707   0.00258
   4701.2   0.40651   0.00261
   4705.5   0.40600   0.00260
   4709.7   0.40541   0.00256
   4714.0   0.40486   0.00252
   4718.3   0.40428   0.00250
   4722.6   0.40376   0.00253
   4726.9   0.40322   0.00254
   4731.2   0.40269   0.00257
   4735.5   0.40211   0.00260
   4739.9   0.40160   0.00259
   4744.2   0.40103   0.00255
   4748.5   0.40050   0.00255
   4752.9   0.39991   0.00258
   4757.3   0.39939   0.00259
   4761.6   0.39888   0.00259
   4766.0   0.39839   0.00259
   4770.4   0.39785   0.00255
   4774.8   0.39737   0.00254
   4779.2   0.39682   0.00253
   4783.6   0.39632   0.00250
   4788.0   0.39578   0.00252
   4792.4   0.39528   0.00252
   4796.9   0.39472   0.00249
   4801.3   0.39421   0.00244
   4805.8   0.39365   0.00243
   4810.2   0.39313   0.00244
   4814.7   0.39252   0.00243
   4819.1   0.39198   0.00242
   4823.6   0.39138   0.00244
   4828.1   0.39079   0.00247
   4832.6   0.39018   0.00247
   4837.1   0.38961   0.00244
   4841.6   0.38898   0.00243
   4846.2   0.38837   0.00243
   4850.7   0.38772   0.00243
   4855.3   0.38712   0.00242
   4859.8   0.38646   0.00236
   4864.4   0.38584   0.00240
   4868.9   0.38515   0.00248
   4873.5   0.38448   0.00247
   4878.1   0.38378   0.00241
   4882.7   0.38313   0.00240
   4887.3   0.38241   0.00244
   4891.9   0.38174   0.00244
   4896.5   0.38099   0.00243
   4901.1   0.38032   0.00249
   4905.8   0.37959   0.00253
   4910.4   0.37887   0.00250
   4915.1   0.37809   0.00245
   4919.7   0.37740   0.00244
   4924.4   0.37662   0.00245
   4929.1   0.37588   0.00245
   4933.8   0.37510   0.00248
   4938.5   0.37435   0.00249
   4943.2   0.37357   0.00246
   4947.9   0.37283   0.00244
   4952.6   0.37202   0.00245
   4957.4   0.37128   0.00243
   4962.1   0.37045   0.00239
   4966.9   0.36967   0.00237
   4971.6   0.36887   0.00236
   4976.4   0.36813   0.00238
   4981.2   0.36730   0.00235
   4986.0   0.36653   0.00230
   4990.8   0.36571   0.00232
   4995.6   0.36498   0.00235
   5000.4   0.36417   0.00235
   5005.2   0.36340   0.00233
   5010.0   0.36256   0.00234
   5014.9   0.36177   0.00233
   5019.8   0.36093   0.00232
   5024.6   0.36015   0.00236
   5029.5   0.35933   0.00241
   5034.4   0.35855   0.00240
   5039.3   0.35769   0.00240
   5044.2   0.35692   0.00239
   5049.1   0.35609   0.00238
   5054.0   0.35533   0.00245
   5058.9   0.35454   0.00246
   5063.9   0.35377   0.00245
   5068.8   0.35292   0.00246
   5073.8   0.35216   0.00245
   5078.8   0.35135   0.00242
   5083.7   0.35057   0.00242
   5088.7   0.34975   0.00241
   5093.7   0.34899   0.00240
   5098.7   0.34817   0.00241
   5103.7   0.34738   0.00242
   5108.8   0.34651   0.00247
   5113.8   0.34569   0.00248
   5118.9   0.34480   0.00247
   5123.9   0.34395   0.00242
   5129.0   0.34302   0.00240
   5134.1   0.34209   0.00247
   5139.1   0.34113   0.00252
   5144.3   0.34024   0.00249
   5149.4   0.33926   0.00247
   5154.5   0.33833   0.00248
   5159.6   0.33738   0.00248
   5164.7   0.33651   0.00245
   5169.9   0.33560   0.00239
   5175.0   0.33475   0.00239
   5180.2   0.33386   0.00244
   5185.4   0.33302   0.00247
   5190.6   0.33215   0.00246
   5195.8   0.33138   0.00244
   5201.0   0.33058   0.00241
   5206.2   0.32985   0.00243
   5211.5   0.32908   0.00242
   5216.7   0.32832   0.00246
   5222.0   0.32755   0.00252
   5227.2   0.32684   0.00249
   5232.5   0.32607   0.00249
   5237.8   0.32534   0.00249
   5243.1   0.32456   0.00247
   5248.4   0.32383   0.00247
   5253.7   0.32302   0.00248
   5259.0   0.32226   0.00247
   5264.4   0.32146   0.00246
   5269.7   0.32072   0.00243
   5275.1   0.31994   0.00243
   5280.5   0.31921   0.00244
   5285.8   0.31845   0.00244
   5291.2   0.31779   0.00243
   5296.6   0.31708   0.00244
   5302.0   0.31643   0.00243
   5307.5   0.31575   0.00243
   5312.9   0.31516   0.00245
   5318.4   0.31457   0.00242
   5323.8   0.31406   0.00239
   5329.3   0.31347   0.00240
   5334.8   0.31294   0.00239
   5340.3   0.31236   0.00237
   5345.8   0.31177   0.00231
   5351.3   0.31108   0.00224
   5356.8   0.31039   0.00226
   5362.4   0.30967   0.00234
   5367.9   0.30901   0.00238
   5373.5   0.30822   0.00240
   5379.0   0.30747   0.00239
   5384.6   0.30670   0.00239
   5390.2   0.30596   0.00240
   5395.8   0.30515   0.00236
   5401.5   0.30442   0.00236
   5407.1   0.30367   0.00233
   5412.7   0.30302   0.00228
   5418.4   0.30241   0.00223
   5424.1   0.30183   0.00222
   5429.7   0.30116   0.00237
   5435.4   0.30065   0.00247
   5441.1   0.30014   0.00245
   5446.8   0.29976   0.00241
   5452.6   0.29935   0.00238
   5458.3   0.29905   0.00232
   5464.1   0.29871   0.00226
   5469.8   0.29846   0.00235
   5475.6   0.29827   0.00240
   5481.4   0.29817   0.00238
   5487.2   0.29802   0.00242
   5493.0   0.29795   0.00240
   5498.8   0.29784   0.00236
   5504.7   0.29782   0.00232
   5510.5   0.29773   0.00231
   5516.4   0.29771   0.00234
   5522.3   0.29763   0.00235
   5528.1   0.29760   0.00236
   5534.0   0.29750   0.00234
   5540.0   0.29746   0.00232
   5545.9   0.29734   0.00231
   5551.8   0.29728   0.00227
   5557.8   0.29706   0.00226
   5563.7   0.29683   0.00226
   5569.7   0.29650   0.00223
   5575.7   0.29625   0.00210
   5581.7   0.29579   0.00207
   5587.7   0.29534   0.00223
   5593.7   0.29482   0.00227
   5599.8   0.29434   0.00221
   5605.8   0.29369   0.00218
   5611.9   0.29313   0.00217
   5618.0   0.29245   0.00216
   5624.1   0.29182   0.00222
   5630.2   0.29110   0.00220
   5636.3   0.29050   0.00209
   5642.4   0.28977   0.00201
   5648.6   0.28908   0.00210
   5654.7   0.28836   0.00214
   5660.9   0.28770   0.00216
   5667.1   0.28702   0.00220
   5673.3   0.28646   0.00214
   5679.5   0.28575   0.00213
   5685.7   0.28522   0.00224
   5692.0   0.28463   0.00224
   5698.2   0.28407   0.00222
   5704.5   0.28345   0.00215
   5710.8   0.28287   0.00204
   5717.1   0.28211   0.00207
   5723.4   0.28147   0.00215
   5729.7   0.28068   0.00216
   5736.1   0.27997   0.00211
   5742.4   0.27920   0.00208
   5748.8   0.27843   0.00204
   5755.1   0.27747   0.00211
   5761.5   0.27673   0.00194
   5768.0   0.27558   0.00177
   5774.4   0.27442   0.00200
   5780.8   0.27327   0.00211
   5787.3   0.27213   0.00215
   5793.7   0.27082   0.00217
   5800.2   0.26952   0.00210
   5806.7   0.26801   0.00207
   5813.2   0.26668   0.00198
   5819.7   0.26514   0.00182
   5826.3   0.26342   0.00181
   5832.8   0.26158   0.00194
   5839.4   0.25981   0.00207
   5846.0   0.25782   0.00208
   5852.6   0.25583   0.00202
   5859.2   0.25369   0.00198
   5865.8   0.25146   0.00198
   5872.5   0.24921   0.00195
   5879.1   0.24707   0.00168
   5885.8   0.24450   0.00175
   5892.5   0.24252   0.00182
   5899.2   0.24015   0.00174
   5905.9   0.23799   0.00194
   5912.6   0.23604   0.00200
   5919.4   0.23407   0.00199
   5926.2   0.23217   0.00195
   5932.9   0.23044   0.00175
   5939.7   0.22825   0.00166
   5946.5   0.22638   0.00187
   5953.4   0.22458   0.00191
   5960.2   0.22284   0.00188
   5967.1   0.22106   0.00175
   5974.0   0.21930   0.00175
   5980.8   0.21767   0.00178
   5987.8   0.21613   0.00165
   5994.7   0.21447   0.00165
   6001.6   0.21310   0.00177
   6008.6   0.21184   0.00173
   6015.5   0.21069   0.00168
   6022.5   0.20959   0.00173
   6029.5   0.20878   0.00176
   6036.5   0.20814   0.00170
   6043.6   0.20791   0.00143
   6050.6   0.20773   0.00127
   6057.7   0.20765   0.00158
   6064.8   0.20786   0.00164
   6071.9   0.20839   0.00153
   6079.0   0.20894   0.00163
   6086.1   0.20955   0.00171
   6093.3   0.21017   0.00171
   6100.5   0.21083   0.00170
   6107.6   0.21143   0.00158
   6114.9   0.21200   0.00147
   6122.1   0.21242   0.00160
   6129.3   0.21283   0.00170
   6136.5   0.21326   0.00169
   6143.8   0.21373   0.00167
   6151.1   0.21410   0.00167
   6158.4   0.21449   0.00162
   6165.7   0.21485   0.00163
   6173.1   0.21517   0.00167
   6180.4   0.21546   0.00150
   6187.8   0.21575   0.00143
   6195.2   0.21589   0.00159
   6202.6   0.21604   0.00167
   6210.0   0.21612   0.00166
   6217.5   0.21622   0.00164
   6225.0   0.21628   0.00166
   6232.4   0.21631   0.00168
   6239.9   0.21627   0.00169
   6247.5   0.21621   0.00169
   6255.0   0.21608   0.00168
   6262.5   0.21596   0.00169
   6270.1   0.21580   0.00170
   6277.7   0.21562   0.00170
   6285.3   0.21543   0.00167
   6292.9   0.21524   0.00163
   6300.6   0.21499   0.00161
   6308.3   0.21478   0.00164
   6315.9   0.21450   0.00168
   6323.6   0.21428   0.00167
   6331.4   0.21409   0.00166
   6339.1   0.21398   0.00151
   6346.9   0.21375   0.00142
   6354.6   0.21351   0.00155
   6362.4   0.21331   0.00157
   6370.3   0.21314   0.00147
   6378.1   0.21282   0.00152
   6385.9   0.21254   0.00159
   6393.8   0.21218   0.00160
   6401.7   0.21181   0.00151
   6409.6   0.21143   0.00119
   6417.6   0.21077   0.00110
   6425.5   0.20997   0.00135
   6433.5   0.20927   0.00140
   6441.5   0.20841   0.00146
   6449.5   0.20760   0.00151
   6457.5   0.20673   0.00152
   6465.6   0.20596   0.00145
   6473.6   0.20520   0.00135
   6481.7   0.20456   0.00127
   6489.8   0.20394   0.00117
   6498.0   0.20329   0.00123
   6506.1   0.20263   0.00143
   6514.3   0.20218   0.00142
   6522.5   0.20172   0.00136
   6530.7   0.20124   0.00142
   6538.9   0.20078   0.00145
   6547.2   0.20042   0.00141
   6555.5   0.20002   0.00136
   6563.8   0.19964   0.00131
   6572.1   0.19921   0.00121
   6580.4   0.19875   0.00127
   6588.8   0.19830   0.00132
   6597.2   0.19794   0.00132
   6605.6   0.19772   0.00133
   6614.0   0.19763   0.00127
   6622.5   0.19759   0.00125
   6630.9   0.19770   0.00112
   6639.4   0.19776   0.00102
   6647.9   0.19778   0.00126
   6656.5   0.19787   0.00141
   6665.0   0.19810   0.00134
   6673.6   0.19830   0.00124
   6682.2   0.19852   0.00123
   6690.8   0.19873   0.00132
   6699.5   0.19898   0.00135
   6708.1   0.19915   0.00128
   6716.8   0.19927   0.00123
   6725.5   0.19929   0.00124
   6734.3   0.19925   0.00130
   6743.0   0.19907   0.00136
   6751.8   0.19878   0.00136
   6760.6   0.19833   0.00134
   6769.4   0.19781   0.00129
   6778.3   0.19712   0.00122
   6787.1   0.19636   0.00115
   6796.0   0.19536   0.00119
   6805.0   0.19447   0.00127
   6813.9   0.19367   0.00128
   6822.9   0.19298   0.00121
   6831.9   0.19226   0.00121
   6840.9   0.19163   0.00127
   6849.9   0.19104   0.00121
   6859.0   0.19053   0.00104
   6868.0   0.18983   0.00104
   6877.2   0.18920   0.00128
   6886.3   0.18867   0.00134
   6895.5   0.18819   0.00130
   6904.6   0.18767   0.00125
   6913.8   0.18713   0.00125
   6923.1   0.18656   0.00127
   6932.3   0.18604   0.00128
   6941.6   0.18548   0.00126
   6950.9   0.18490   0.00119
   6960.2   0.18421   0.00109
   6969.6   0.18347   0.00112
   6979.0   0.18275   0.00113
   6988.4   0.18203   0.00112
   6997.8   0.18120   0.00114
   7007.3   0.18039   0.00119
   7016.8   0.17953   0.00114
   7026.3   0.17863   0.00112
   7035.8   0.17769   0.00110
   7045.4   0.17674   0.00101
   7054.9   0.17569   0.00110
   7064.5   0.17473   0.00121
   7074.2   0.17372   0.00120
   7083.9   0.17280   0.00115
   7093.5   0.17181   0.00113
   7103.3   0.17087   0.00113
   7113.0   0.16989   0.00114
   7122.8   0.16888   0.00112
   7132.6   0.16785   0.00109
   7142.4   0.16689   0.00101
   7152.2   0.16579   0.00097
   7162.1   0.16468   0.00100
   7172.0   0.16345   0.00098
   7182.0   0.16227   0.00100
   7191.9   0.16107   0.00101
   7201.9   0.15985   0.00097
   7211.9   0.15849   0.00094
   7222.0   0.15722   0.00094
   7232.0   0.15592   0.00093
   7242.1   0.15467   0.00091
   7252.3   0.15335   0.00093
   7262.4   0.15207   0.00096
   7272.6   0.15075   0.00092
   7282.8   0.14942   0.00088
   7293.1   0.14803   0.00089
   7303.3   0.14669   0.00087
   7313.6   0.14525   0.00082
   7324.0   0.14392   0.00081
   7334.3   0.14249   0.00079
   7344.7   0.14105   0.00077
   7355.1   0.13949   0.00078
   7365.6   0.13795   0.00079
   7376.1   0.13631   0.00082
   7386.6   0.13471   0.00082
   7397.1   0.13301   0.00077
   7407.7   0.13136   0.00076
   7418.3   0.12961   0.00076
   7428.9   0.12785   0.00077
   7439.6   0.12601   0.00078
   7450.3   0.12428   0.00071
   7461.0   0.12249   0.00067
   7471.7   0.12072   0.00068
   7482.5   0.11884   0.00071
   7493.3   0.11707   0.00072
   7504.2   0.11521   0.00073
   7515.0   0.11342   0.00074
   7525.9   0.11152   0.00074
   7536.9   0.10965   0.00071
   7547.9   0.10770   0.00068
   7558.9   0.10581   0.00069
   7569.9   0.10383   0.00068
   7581.0   0.10193   0.00067
   7592.0   0.09995   0.00067
   7603.2   0.09804   0.00067
   7614.4   0.09602   0.00067
   7625.5   0.09407   0.00063
   7636.8   0.09200   0.00060
   7648.0   0.09001   0.00058
   7659.3   0.08791   0.00059
   7670.7   0.08583   0.00060
   7682.0   0.08367   0.00057
   7693.4   0.08161   0.00057
   7704.9   0.07938   0.00056
   7716.3   0.07719   0.00054
   7727.8   0.07495   0.00057
   7739.4   0.07281   0.00053
   7750.9   0.07052   0.00050
   7762.5   0.06831   0.00050
   7774.2   0.06603   0.00051
   7785.8   0.06383   0.00052
   7797.5   0.06154   0.00054
   7809.3   0.05934   0.00054
   7821.1   0.05706   0.00052
   7832.9   0.05488   0.00054
   7844.7   0.05260   0.00050
   7856.6   0.05039   0.00045
   7868.5   0.04813   0.00043
   7880.5   0.04601   0.00045
   7892.5   0.04382   0.00048
   7904.5   0.04171   0.00049
   7916.6   0.03950   0.00050
   7928.7   0.03747   0.00048
   7940.8   0.03540   0.00045
   7953.0   0.03349   0.00045
   7965.2   0.03152   0.00048
   7977.5   0.02971   0.00048
   7989.8   0.02790   0.00049
   8002.1   0.02629   0.00048
   8014.5   0.02465   0.00047
   8026.9   0.02320   0.00046
   8039.3   0.02173   0.00045
   8051.8   0.02046   0.00046
   8064.3   0.01919   0.00047
   8076.9   0.01812   0.00047
   8089.5   0.01705   0.00047
   8102.1   0.01619   0.00049
   8114.8   0.01530   0.00047
   8127.5   0.01460   0.00041
   8140.3   0.01388   0.00042
   8153.1   0.01340   0.00045
   8165.9   0.01291   0.00049
   8178.8   0.01261   0.00051
   8191.7   0.01231   0.00046
   8204.7   0.01219   0.00047
   8217.7   0.01203   0.00046
   8230.7   0.01207   0.00045
   8243.8   0.01214   0.00045
   8257.0   0.01240   0.00049
   8270.1   0.01258   0.00053
   8283.3   0.01290   0.00052
   8296.6   0.01320   0.00050
   8309.9   0.01366   0.00052
   8323.2   0.01402   0.00052
   8336.6   0.01448   0.00052
   8350.0   0.01484   0.00053
   8363.5   0.01532   0.00057
   8377.0   0.01568   0.00059
   8390.5   0.01610   0.00063
   8404.2   0.01644   0.00064
   8417.8   0.01689   0.00060
   8431.5   0.01724   0.00059
   8445.2   0.01766   0.00061
   8459.0   0.01795   0.00064
   8472.8   0.01832   0.00063
   8486.7   0.01854   0.00061
   8500.6   0.01879   0.00057
   8514.5   0.01895   0.00056
   8528.5   0.01922   0.00061
   8542.6   0.01935   0.00061
   8556.7   0.01959   0.00055
   8570.8   0.01974   0.00057
   8585.0   0.01998   0.00061
   8599.3   0.02010   0.00064
   8613.5   0.02027   0.00061
   8627.9   0.02034   0.00062
   8642.3   0.02049   0.00063
   8656.7   0.02057   0.00059
   8671.2   0.02071   0.00057
   8685.7   0.02076   0.00059
   8700.3   0.02090   0.00065
   8714.9   0.02095   0.00065
   8729.5   0.02108   0.00062
   8744.3   0.02109   0.00066
   8759.0   0.02115   0.00069
   8773.9   0.02111   0.00066
   8788.7   0.02117   0.00063
   8803.7   0.02112   0.00063
   8818.6   0.02115   0.00064
   8833.7   0.02108   0.00070
   8848.7   0.02110   0.00069
   8863.8   0.02107   0.00061
   8879.0   0.02115   0.00062
   8894.3   0.02110   0.00066
   8909.5   0.02113   0.00065
   8924.9   0.02109   0.00060
   8940.3   0.02116   0.00058
   8955.7   0.02114   0.00065
   8971.2   0.02120   0.00064
   8986.8   0.02121   0.00064
   9002.3   0.02126   0.00067
   9018.0   0.02119   0.00065
   9033.7   0.02122   0.00063
   9049.5   0.02115   0.00063
   9065.3   0.02114   0.00061
   9081.2   0.02101   0.00064
   9097.1   0.02092   0.00067
   9113.1   0.02077   0.00061
   9129.1   0.02072   0.00058
   9145.2   0.02053   0.00059
   9161.4   0.02037   0.00059
   9177.6   0.02014   0.00058
   9193.9   0.02006   0.00062
   9210.2   0.01998   0.00065
   9226.6   0.02002   0.00066
   9243.0   0.01998   0.00066
   9259.5   0.02003   0.00070
   9276.1   0.01998   0.00070
   9292.7   0.02000   0.00072
   9309.4   0.02000   0.00073
   9326.2   0.02012   0.00072
   9343.0   0.02010   0.00073
   9359.8   0.02016   0.00074
   9376.8   0.02017   0.00073
   9393.8   0.02025   0.00074
   9410.8   0.02027   0.00079
   9427.9   0.02042   0.00083
   9445.1   0.02055   0.00084
   9462.3   0.02082   0.00084
   9479.6   0.02096   0.00083
   9497.0   0.02118   0.00084
   9514.4   0.02139   0.00083
   9531.9   0.02167   0.00089
   9549.4   0.02191   0.00090
   9567.0   0.02221   0.00081
   9584.7   0.02237   0.00081
   9602.5   0.02258   0.00085
   9620.3   0.02275   0.00083
   9638.2   0.02296   0.00080
   9656.1   0.02308   0.00084
   9674.2   0.02323   0.00084
   9692.2   0.02331   0.00078
   9710.4   0.02340   0.00078
   9728.6   0.02340   0.00081
   9746.9   0.02345   0.00076
   9765.2   0.02348   0.00070
   9783.7   0.02359   0.00069
   9802.2   0.02358   0.00068
   9820.7   0.02356   0.00069
   9839.4   0.02346   0.00069
   9858.1   0.02345   0.00071
   9876.8   0.02342   0.00072
   9895.7   0.02344   0.00070
   9914.6   0.02341   0.00068
   9933.6   0.02349   0.00071
   9952.7   0.02355   0.00075
   9971.8   0.02370   0.00076
   9991.0   0.02379   0.00075
  10010.3   0.02397   0.00074
  10029.7   0.02410   0.00073
  10049.1   0.02428   0.00077
  10068.6   0.02447   0.00079
  10088.2   0.02472   0.00079
  10107.9   0.02492   0.00078
  10127.6   0.02518   0.00073
  10147.5   0.02530   0.00069
  10167.3   0.02544   0.00068
  10187.3   0.02549   0.00066
  10207.4   0.02565   0.00067
  10227.5   0.02583   0.00070
  10247.7   0.02613   0.00072
  10268.0   0.02646   0.00070
  10288.4   0.02692   0.00070
  10308.8   0.02733   0.00072
  10329.4   0.02775   0.00074
  10350.0   0.02809   0.00065
  10370.7   0.02850   0.00066
  10391.5   0.02887   0.00072
  10412.3   0.02935   0.00070
  10433.3   0.02971   0.00066
  10454.3   0.03003   0.00071
  10475.4   0.03023   0.00078
  10496.7   0.03052   0.00078
  10517.9   0.03074   0.00076
  10539.3   0.03094   0.00077
  10560.8   0.03110   0.00071
  10582.3   0.03134   0.00060
  10604.0   0.03147   0.00059
  10625.7   0.03167   0.00059
  10647.5   0.03176   0.00059
  10669.4   0.03184   0.00059
  10691.4   0.03189   0.00058
  10713.5   0.03205   0.00058
  10735.7   0.03218   0.00062
  10758.0   0.03233   0.00065
  10780.3   0.03234   0.00061
  10802.8   0.03234   0.00062
  10825.4   0.03222   0.00066
  10848.0   0.03215   0.00065
  10870.8   0.03196   0.00065
  10893.6   0.03176   0.00070
  10916.5   0.03151   0.00063
  10939.5   0.03132   0.00054
  10962.7   0.03112   0.00057
  10985.9   0.03100   0.00068
  11009.2   0.03077   0.00069
  11032.7   0.03064   0.00062
  11056.2   0.03045   0.00062
  11079.8   0.03036   0.00059
  11103.5   0.03021   0.00067
  11127.4   0.03009   0.00070
  11151.3   0.02998   0.00066
  11175.3   0.02994   0.00068
  11199.5   0.02977   0.00070
  11223.7   0.02965   0.00066
  11248.0   0.02950   0.00072
  11272.5   0.02946   0.00081
  11297.1   0.02935   0.00075
  11321.7   0.02931   0.00067
  11346.5   0.02927   0.00074
  11371.4   0.02939   0.00080
  11396.4   0.02946   0.00081
  11421.5   0.02954   0.00084
  11446.7   0.02956   0.00088
  11472.0   0.02966   0.00090
  11497.5   0.02977   0.00096
  11523.0   0.02992   0.00101
  11548.7   0.02997   0.00096
  11574.4   0.03009   0.00083
  11600.3   0.03027   0.00089
  11626.3   0.03044   0.00097
  11652.5   0.03053   0.00089
  11678.7   0.03070   0.00091
  11705.1   0.03087   0.00102
  11731.6   0.03114   0.00101
  11758.2   0.03136   0.00090
  11784.9   0.03163   0.00087
  11811.7   0.03186   0.00087
  11838.7   0.03214   0.00094
  11865.8   0.03236   0.00100
  11893.0   0.03273   0.00105
  11920.3   0.03309   0.00100
  11947.8   0.03350   0.00099
  11975.4   0.03387   0.00100
  12003.1   0.03432   0.00102
  12031.0   0.03480   0.00097
  12059.0   0.03536   0.00103
  12087.1   0.03583   0.00114
  12115.3   0.03634   0.00115
  12143.7   0.03682   0.00110
  12172.2   0.03740   0.00103
  12200.8   0.03784   0.00110
  12229.6   0.03822   0.00120
  12258.5   0.03844   0.00115
  12287.6   0.03859   0.00115
  12316.8   0.03865   0.00116
  12346.1   0.03864   0.00115
  12375.5   0.03840   0.00111
  12405.2   0.03812   0.00118
  12434.9   0.03768   0.00125
  12464.8   0.03723   0.00119
  12494.8   0.03659   0.00114
  12525.0   0.03586   0.00116
  12555.3   0.03508   0.00112
  12585.8   0.03432   0.00106
  12616.4   0.03348   0.00107
  12647.2   0.03256   0.00110
  12678.1   0.03153   0.00105
  12709.2   0.03041   0.00096
  12740.4   0.02916   0.00093
  12771.8   0.02789   0.00096
  12803.3   0.02664   0.00095
  12835.0   0.02553   0.00097
  12866.9   0.02458   0.00100
  12898.9   0.02392   0.00095
  12931.1   0.02343   0.00090
  12963.4   0.02319   0.00094
  12995.9   0.02292   0.00091
  13028.5   0.02273   0.00092
  13061.3   0.02245   0.00092
  13094.3   0.02215   0.00087
  13127.5   0.02187   0.00085
  13160.8   0.02170   0.00082
  13194.3   0.02150   0.00076
  13228.0   0.02146   0.00085
  13261.8   0.02145   0.00090
  13295.8   0.02147   0.00091
  13330.0   0.02151   0.00100
  13364.3   0.02158   0.00102
  13398.8   0.02147   0.00097
  13433.6   0.02132   0.00103
  13468.5   0.02106   0.00111
  13503.5   0.02077   0.00106
  13538.8   0.02037   0.00096
  13574.2   0.02001   0.00095
  13609.9   0.01970   0.00091
  13645.7   0.01967   0.00084
  13681.7   0.01964   0.00052
  13717.9   0.01968   0.00047
  13754.3   0.01986   0.00083
  13790.8   0.02017   0.00090
  13827.6   0.02043   0.00096
  13864.6   0.02066   0.00099
  13901.8   0.02078   0.00096
  13939.2   0.02100   0.00086
  13976.7   0.02110   0.00084
  14014.5   0.02115   0.00096
  14052.5   0.02108   0.00099
  14090.7   0.02083   0.00109
  14129.0   0.02029   0.00115
  14167.6   0.01986   0.00102
  14206.5   0.01945   0.00090
  14245.5   0.01905   0.00086
  14284.7   0.01864   0.00098
  14324.2   0.01829   0.00097
  14363.9   0.01793   0.00082
  14403.8   0.01779   0.00084
  14443.9   0.01750   0.00089
  14484.3   0.01715   0.00082
  14524.8   0.01693   0.00079
  14565.6   0.01686   0.00083
  14606.7   0.01670   0.00082
  14647.9   0.01655   0.00071
  14689.4   0.01628   0.00064
  14731.2   0.01616   0.00070
  14773.1   0.01615   0.00080
  14815.3   0.01622   0.00083
  14857.8   0.01637   0.00075
  14900.5   0.01642   0.00077
  14943.4   0.01636   0.00070
  14986.6   0.01659   0.00059
  15030.0   0.01682   0.00064
  15073.7   0.01699   0.00066
  15117.7   0.01713   0.00070
  15161.9   0.01752   0.00084
  15206.3   0.01770   0.00096
  15251.1   0.01791   0.00094
  15296.1   0.01813   0.00096
  15341.3   0.01827   0.00101
  15386.8   0.01841   0.00092
  15432.6   0.01858   0.00078
  15478.7   0.01870   0.00094
  15525.0   0.01891   0.00105
  15571.7   0.01903   0.00088
  15618.6   0.01908   0.00053
  15665.8   0.01921   0.00054
  15713.2   0.01950   0.00102
  15761.0   0.01972   0.00108
  15809.0   0.01988   0.00084
  15857.4   0.01993   0.00079
  15906.0   0.02014   0.00096
  15955.0   0.02021   0.00094
  16004.2   0.02025   0.00083
  16053.8   0.02025   0.00092
  16103.6   0.02033   0.00095
  16153.8   0.02030   0.00085
  16204.3   0.02026   0.00099
  16255.1   0.02007   0.00114
  16306.2   0.02008   0.00118
  16357.6   0.02013   0.00118
  16409.4   0.02043   0.00101
  16461.5   0.02087   0.00090
  16513.9   0.02122   0.00094
  16566.7   0.02158   0.00107
  16619.8   0.02191   0.00111
  16673.2   0.02212   0.00118
  16727.0   0.02229   0.00116
  16781.1   0.02267   0.00116
  16835.6   0.02313   0.00119
  16890.5   0.02351   0.00104
  16945.7   0.02412   0.00106
  17001.2   0.02450   0.00110
  17057.2   0.02478   0.00121
  17113.4   0.02484   0.00148
  17170.1   0.02465   0.00126
  17227.2   0.02422   0.00110
  17284.6   0.02370   0.00135
  17342.4   0.02334   0.00118
  17400.6   0.02325   0.00086
  17459.2   0.02322   0.00096
  17518.2   0.02323   0.00126
  17577.5   0.02308   0.00135
  17637.3   0.02332   0.00118
  17697.5   0.02346   0.00112
  17758.1   0.02322   0.00145
  17819.2   0.02311   0.00157
  17880.6   0.02330   0.00145
  17942.5   0.02347   0.00142
  18004.8   0.02350   0.00126
  18067.5   0.02336   0.00122
  18130.7   0.02325   0.00170
  18194.3   0.02356   0.00192
  18258.4   0.02446   0.00199
  18322.9   0.02499   0.00174
  18387.9   0.02549   0.00136
  18453.3   0.02588   0.00109
  18519.2   0.02625   0.00110
  18585.6   0.02645   0.00127
  18652.4   0.02656   0.00107
  18719.8   0.02661   0.00087
  18787.6   0.02653   0.00116
  18855.9   0.02644   0.00135
  18924.7   0.02658   0.00116
  18994.1   0.02696   0.00082
  19063.9   0.02695   0.00092
  19134.2   0.02653   0.00133
  19205.1   0.02654   0.00150
  19276.5   0.02670   0.00139
  19348.4   0.02695   0.00125
  19420.9   0.02692   0.00140
  19493.9   0.02691   0.00180
  19567.5   0.02708   0.00161
  19641.6   0.02740   0.00121
  19716.3   0.02759   0.00102
  19791.5   0.02758   0.00137
  19867.3   0.02751   0.00183
  19943.8   0.02717   0.00173
  20020.8   0.02635   0.00140
  20098.4   0.02581   0.00141
  20176.6   0.02517   0.00169
  20255.4   0.02444   0.00186
  20334.8   0.02387   0.00173
  20414.9   0.02370   0.00114
  20495.6   0.02385   0.00088
  20576.9   0.02383   0.00095
  20658.9   0.02363   0.00127
  20741.5   0.02382   0.00163
  20824.8   0.02396   0.00171
  20908.8   0.02377   0.00115
  20993.4   0.02358   0.00101
  21078.8   0.02327   0.00162
  21164.8   0.02343   0.00175
  21251.6   0.02367   0.00136
  21339.0   0.02367   0.00143
  21427.2   0.02373   0.00155
  21516.1   0.02362   0.00162
  21605.8   0.02389   0.00169
  21696.2   0.02404   0.00149
  21787.3   0.02384   0.00180
  21879.3   0.02344   0.00258
  21972.0   0.02279   0.00244
  22065.5   0.02250   0.00170
  22159.7   0.02248   0.00157
  22254.8   0.02223   0.00153
  22350.8   0.02212   0.00188
  22447.5   0.02247   0.00280
  22545.1   0.02249   0.00340
  22643.6   0.02165   0.00337
  22742.9   0.02092   0.00261
  22843.1   0.02085   0.00196
  22944.2   0.02096   0.00277
  23046.2   0.02161   0.00288
  23149.0   0.02191   0.00279
  23252.8   0.02288   0.00294
  23357.6   0.02370   0.00247
  23463.3   0.02368   0.00280
  23569.9   0.02419   0.00352
  23677.5   0.02446   0.00368
  23786.1   0.02482   0.00369
  23895.8   0.02520   0.00369
  24006.4   0.02474   0.00354
  24118.0   0.02405   0.00277
  24230.7   0.02431   0.00240
  24344.5   0.02424   0.00150
  24459.4   0.02483   0.00295
  24575.3   0.02687   0.00408
  24692.3   0.02659   0.00419
  24810.4   0.02546   0.00453
  24929.7   0.02525   0.00437
  25050.2   0.02628   0.00452



 BMR1LR099   .ASC                        

 LR-CMP-099                                                              
 62231,30 10-20 um (off-axis)                                            

 Source Ang: 30.00   Detect Ang:  0.00  Volt: 1.777
 Date: 10-OCT-02   Time: 15:54:46
