  2387
   1999.7   0.36690   0.03380
   2000.5   0.36697   0.03378
   2001.3   0.36703   0.03371
   2002.1   0.36711   0.03387
   2002.8   0.36715   0.03380
   2003.6   0.36710   0.03375
   2004.4   0.36711   0.03366
   2005.2   0.36716   0.03357
   2005.9   0.36729   0.03359
   2006.7   0.36737   0.03358
   2007.5   0.36736   0.03359
   2008.3   0.36754   0.03365
   2009.0   0.36769   0.03358
   2009.8   0.36773   0.03359
   2010.6   0.36775   0.03364
   2011.4   0.36778   0.03367
   2012.2   0.36779   0.03361
   2012.9   0.36781   0.03360
   2013.7   0.36784   0.03368
   2014.5   0.36795   0.03371
   2015.3   0.36801   0.03377
   2016.1   0.36800   0.03383
   2016.8   0.36806   0.03369
   2017.6   0.36810   0.03371
   2018.4   0.36818   0.03376
   2019.2   0.36819   0.03366
   2020.0   0.36824   0.03363
   2020.8   0.36843   0.03363
   2021.6   0.36850   0.03373
   2022.4   0.36843   0.03380
   2023.2   0.36843   0.03382
   2023.9   0.36844   0.03384
   2024.7   0.36858   0.03379
   2025.5   0.36873   0.03381
   2026.3   0.36871   0.03368
   2027.1   0.36870   0.03365
   2027.9   0.36871   0.03366
   2028.7   0.36880   0.03369
   2029.5   0.36895   0.03374
   2030.3   0.36902   0.03368
   2031.1   0.36900   0.03366
   2031.9   0.36904   0.03380
   2032.7   0.36910   0.03375
   2033.5   0.36915   0.03371
   2034.3   0.36934   0.03375
   2035.1   0.36945   0.03374
   2035.9   0.36947   0.03380
   2036.7   0.36948   0.03377
   2037.5   0.36945   0.03374
   2038.3   0.36950   0.03373
   2039.1   0.36962   0.03373
   2039.9   0.36974   0.03367
   2040.7   0.36973   0.03377
   2041.5   0.36973   0.03387
   2042.3   0.36986   0.03381
   2043.1   0.36994   0.03376
   2043.9   0.36994   0.03367
   2044.7   0.36999   0.03365
   2045.5   0.37009   0.03352
   2046.3   0.37017   0.03362
   2047.1   0.37019   0.03378
   2047.9   0.37020   0.03379
   2048.7   0.37032   0.03369
   2049.5   0.37049   0.03370
   2050.4   0.37054   0.03366
   2051.2   0.37054   0.03368
   2052.0   0.37049   0.03378
   2052.8   0.37043   0.03371
   2053.6   0.37056   0.03365
   2054.4   0.37071   0.03378
   2055.2   0.37078   0.03377
   2056.0   0.37078   0.03366
   2056.9   0.37081   0.03365
   2057.7   0.37085   0.03373
   2058.5   0.37100   0.03375
   2059.3   0.37124   0.03375
   2060.1   0.37124   0.03379
   2060.9   0.37117   0.03376
   2061.8   0.37121   0.03356
   2062.6   0.37136   0.03353
   2063.4   0.37153   0.03361
   2064.2   0.37155   0.03367
   2065.1   0.37157   0.03381
   2065.9   0.37155   0.03375
   2066.7   0.37152   0.03361
   2067.5   0.37158   0.03369
   2068.3   0.37173   0.03374
   2069.2   0.37185   0.03366
   2070.0   0.37185   0.03368
   2070.8   0.37189   0.03365
   2071.6   0.37193   0.03361
   2072.5   0.37199   0.03369
   2073.3   0.37206   0.03380
   2074.1   0.37216   0.03390
   2075.0   0.37222   0.03375
   2075.8   0.37218   0.03370
   2076.6   0.37220   0.03370
   2077.5   0.37227   0.03381
   2078.3   0.37241   0.03387
   2079.1   0.37250   0.03382
   2080.0   0.37258   0.03381
   2080.8   0.37266   0.03380
   2081.6   0.37261   0.03371
   2082.5   0.37267   0.03358
   2083.3   0.37277   0.03356
   2084.1   0.37280   0.03362
   2085.0   0.37284   0.03366
   2085.8   0.37291   0.03373
   2086.7   0.37301   0.03378
   2087.5   0.37306   0.03374
   2088.3   0.37313   0.03383
   2089.2   0.37322   0.03391
   2090.0   0.37323   0.03378
   2090.9   0.37326   0.03375
   2091.7   0.37335   0.03377
   2092.6   0.37345   0.03378
   2093.4   0.37353   0.03380
   2094.2   0.37358   0.03377
   2095.1   0.37370   0.03375
   2095.9   0.37379   0.03374
   2096.8   0.37382   0.03376
   2097.6   0.37391   0.03376
   2098.5   0.37390   0.03380
   2099.3   0.37390   0.03376
   2100.2   0.37396   0.03372
   2101.0   0.37412   0.03381
   2101.9   0.37426   0.03390
   2102.7   0.37419   0.03392
   2103.6   0.37420   0.03382
   2104.4   0.37429   0.03380
   2105.3   0.37434   0.03377
   2106.1   0.37442   0.03368
   2107.0   0.37448   0.03372
   2107.9   0.37456   0.03375
   2108.7   0.37461   0.03377
   2109.6   0.37466   0.03381
   2110.4   0.37469   0.03374
   2111.3   0.37473   0.03364
   2112.2   0.37478   0.03369
   2113.0   0.37492   0.03371
   2113.9   0.37500   0.03373
   2114.7   0.37509   0.03371
   2115.6   0.37518   0.03371
   2116.5   0.37525   0.03367
   2117.3   0.37530   0.03375
   2118.2   0.37535   0.03380
   2119.1   0.37538   0.03377
   2119.9   0.37532   0.03369
   2120.8   0.37535   0.03370
   2121.7   0.37551   0.03368
   2122.5   0.37550   0.03370
   2123.4   0.37559   0.03376
   2124.3   0.37572   0.03374
   2125.1   0.37582   0.03363
   2126.0   0.37591   0.03355
   2126.9   0.37598   0.03379
   2127.8   0.37607   0.03387
   2128.6   0.37613   0.03376
   2129.5   0.37616   0.03373
   2130.4   0.37618   0.03380
   2131.3   0.37626   0.03371
   2132.1   0.37628   0.03361
   2133.0   0.37628   0.03371
   2133.9   0.37634   0.03387
   2134.8   0.37639   0.03379
   2135.6   0.37643   0.03380
   2136.5   0.37653   0.03377
   2137.4   0.37652   0.03375
   2138.3   0.37654   0.03369
   2139.2   0.37677   0.03377
   2140.1   0.37693   0.03381
   2140.9   0.37691   0.03385
   2141.8   0.37693   0.03377
   2142.7   0.37701   0.03363
   2143.6   0.37710   0.03360
   2144.5   0.37718   0.03371
   2145.4   0.37722   0.03380
   2146.3   0.37727   0.03376
   2147.1   0.37734   0.03363
   2148.0   0.37741   0.03361
   2148.9   0.37748   0.03362
   2149.8   0.37751   0.03362
   2150.7   0.37754   0.03363
   2151.6   0.37765   0.03371
   2152.5   0.37775   0.03376
   2153.4   0.37781   0.03367
   2154.3   0.37777   0.03373
   2155.2   0.37780   0.03378
   2156.1   0.37802   0.03370
   2157.0   0.37810   0.03363
   2157.9   0.37808   0.03361
   2158.8   0.37810   0.03368
   2159.7   0.37822   0.03367
   2160.6   0.37834   0.03358
   2161.5   0.37834   0.03355
   2162.4   0.37833   0.03357
   2163.3   0.37845   0.03357
   2164.2   0.37850   0.03356
   2165.1   0.37850   0.03369
   2166.0   0.37856   0.03374
   2166.9   0.37867   0.03367
   2167.8   0.37878   0.03367
   2168.7   0.37888   0.03370
   2169.6   0.37887   0.03370
   2170.5   0.37884   0.03369
   2171.4   0.37901   0.03369
   2172.3   0.37915   0.03357
   2173.3   0.37911   0.03356
   2174.2   0.37915   0.03356
   2175.1   0.37927   0.03357
   2176.0   0.37936   0.03361
   2176.9   0.37941   0.03362
   2177.8   0.37952   0.03366
   2178.7   0.37958   0.03369
   2179.6   0.37954   0.03363
   2180.6   0.37961   0.03365
   2181.5   0.37971   0.03361
   2182.4   0.37976   0.03349
   2183.3   0.37983   0.03348
   2184.2   0.37996   0.03361
   2185.1   0.38002   0.03367
   2186.1   0.38006   0.03352
   2187.0   0.38017   0.03347
   2187.9   0.38022   0.03359
   2188.8   0.38024   0.03353
   2189.8   0.38037   0.03352
   2190.7   0.38053   0.03354
   2191.6   0.38053   0.03351
   2192.6   0.38052   0.03359
   2193.5   0.38056   0.03365
   2194.4   0.38059   0.03360
   2195.3   0.38064   0.03349
   2196.3   0.38071   0.03349
   2197.2   0.38074   0.03353
   2198.1   0.38090   0.03352
   2199.1   0.38105   0.03356
   2200.0   0.38106   0.03359
   2200.9   0.38105   0.03356
   2201.9   0.38105   0.03358
   2202.8   0.38108   0.03359
   2203.7   0.38119   0.03353
   2204.7   0.38128   0.03348
   2205.6   0.38129   0.03351
   2206.5   0.38132   0.03356
   2207.5   0.38142   0.03350
   2208.4   0.38156   0.03349
   2209.4   0.38163   0.03354
   2210.3   0.38160   0.03354
   2211.3   0.38163   0.03361
   2212.2   0.38171   0.03374
   2213.1   0.38176   0.03368
   2214.1   0.38183   0.03357
   2215.0   0.38190   0.03360
   2216.0   0.38198   0.03360
   2216.9   0.38204   0.03361
   2217.9   0.38208   0.03371
   2218.8   0.38210   0.03376
   2219.8   0.38214   0.03370
   2220.7   0.38224   0.03367
   2221.7   0.38230   0.03362
   2222.6   0.38230   0.03361
   2223.6   0.38234   0.03360
   2224.5   0.38244   0.03369
   2225.5   0.38254   0.03382
   2226.4   0.38262   0.03380
   2227.4   0.38262   0.03371
   2228.4   0.38266   0.03371
   2229.3   0.38275   0.03375
   2230.3   0.38276   0.03368
   2231.2   0.38284   0.03364
   2232.2   0.38287   0.03366
   2233.1   0.38296   0.03371
   2234.1   0.38303   0.03373
   2235.1   0.38301   0.03370
   2236.0   0.38304   0.03371
   2237.0   0.38320   0.03365
   2238.0   0.38324   0.03360
   2238.9   0.38321   0.03368
   2239.9   0.38331   0.03372
   2240.9   0.38345   0.03376
   2241.8   0.38356   0.03380
   2242.8   0.38355   0.03377
   2243.8   0.38359   0.03379
   2244.8   0.38373   0.03388
   2245.7   0.38378   0.03384
   2246.7   0.38375   0.03378
   2247.7   0.38376   0.03372
   2248.6   0.38382   0.03370
   2249.6   0.38390   0.03376
   2250.6   0.38396   0.03391
   2251.6   0.38404   0.03396
   2252.6   0.38411   0.03391
   2253.5   0.38420   0.03376
   2254.5   0.38428   0.03379
   2255.5   0.38432   0.03387
   2256.5   0.38439   0.03386
   2257.5   0.38438   0.03387
   2258.4   0.38435   0.03395
   2259.4   0.38444   0.03393
   2260.4   0.38456   0.03383
   2261.4   0.38457   0.03380
   2262.4   0.38463   0.03394
   2263.4   0.38472   0.03394
   2264.4   0.38470   0.03391
   2265.4   0.38472   0.03383
   2266.3   0.38478   0.03380
   2267.3   0.38486   0.03387
   2268.3   0.38497   0.03389
   2269.3   0.38508   0.03392
   2270.3   0.38518   0.03396
   2271.3   0.38524   0.03391
   2272.3   0.38524   0.03392
   2273.3   0.38529   0.03393
   2274.3   0.38535   0.03396
   2275.3   0.38544   0.03393
   2276.3   0.38555   0.03387
   2277.3   0.38559   0.03380
   2278.3   0.38565   0.03386
   2279.3   0.38570   0.03403
   2280.3   0.38571   0.03405
   2281.3   0.38579   0.03396
   2282.3   0.38583   0.03396
   2283.3   0.38587   0.03402
   2284.3   0.38602   0.03395
   2285.3   0.38614   0.03400
   2286.3   0.38618   0.03403
   2287.3   0.38622   0.03394
   2288.4   0.38628   0.03395
   2289.4   0.38635   0.03407
   2290.4   0.38642   0.03411
   2291.4   0.38642   0.03404
   2292.4   0.38643   0.03398
   2293.4   0.38652   0.03400
   2294.4   0.38666   0.03408
   2295.4   0.38667   0.03407
   2296.5   0.38668   0.03393
   2297.5   0.38680   0.03394
   2298.5   0.38695   0.03402
   2299.5   0.38696   0.03407
   2300.5   0.38693   0.03402
   2301.6   0.38700   0.03395
   2302.6   0.38711   0.03396
   2303.6   0.38720   0.03403
   2304.6   0.38721   0.03405
   2305.6   0.38726   0.03413
   2306.7   0.38736   0.03421
   2307.7   0.38747   0.03419
   2308.7   0.38754   0.03415
   2309.8   0.38762   0.03424
   2310.8   0.38769   0.03420
   2311.8   0.38779   0.03408
   2312.9   0.38782   0.03419
   2313.9   0.38784   0.03424
   2314.9   0.38791   0.03413
   2315.9   0.38797   0.03403
   2317.0   0.38805   0.03406
   2318.0   0.38812   0.03411
   2319.1   0.38818   0.03412
   2320.1   0.38828   0.03411
   2321.1   0.38837   0.03414
   2322.2   0.38841   0.03413
   2323.2   0.38849   0.03408
   2324.3   0.38860   0.03413
   2325.3   0.38865   0.03419
   2326.3   0.38868   0.03416
   2327.4   0.38871   0.03417
   2328.4   0.38868   0.03429
   2329.5   0.38876   0.03426
   2330.5   0.38889   0.03414
   2331.6   0.38899   0.03404
   2332.6   0.38905   0.03408
   2333.7   0.38911   0.03416
   2334.7   0.38916   0.03410
   2335.8   0.38926   0.03413
   2336.8   0.38936   0.03424
   2337.9   0.38936   0.03422
   2338.9   0.38937   0.03419
   2340.0   0.38945   0.03411
   2341.0   0.38950   0.03415
   2342.1   0.38959   0.03418
   2343.2   0.38964   0.03423
   2344.2   0.38969   0.03420
   2345.3   0.38974   0.03415
   2346.3   0.38975   0.03425
   2347.4   0.38980   0.03434
   2348.5   0.38986   0.03423
   2349.5   0.39002   0.03416
   2350.6   0.39015   0.03419
   2351.7   0.39014   0.03417
   2352.7   0.39026   0.03424
   2353.8   0.39036   0.03435
   2354.9   0.39035   0.03430
   2355.9   0.39036   0.03425
   2357.0   0.39046   0.03429
   2358.1   0.39049   0.03431
   2359.1   0.39052   0.03429
   2360.2   0.39062   0.03426
   2361.3   0.39074   0.03425
   2362.4   0.39086   0.03438
   2363.4   0.39088   0.03444
   2364.5   0.39093   0.03435
   2365.6   0.39102   0.03431
   2366.7   0.39104   0.03436
   2367.8   0.39109   0.03440
   2368.9   0.39121   0.03436
   2369.9   0.39132   0.03430
   2371.0   0.39137   0.03425
   2372.1   0.39144   0.03428
   2373.2   0.39146   0.03434
   2374.3   0.39156   0.03424
   2375.4   0.39169   0.03419
   2376.4   0.39171   0.03426
   2377.5   0.39175   0.03429
   2378.6   0.39179   0.03432
   2379.7   0.39182   0.03436
   2380.8   0.39188   0.03436
   2381.9   0.39198   0.03441
   2383.0   0.39211   0.03446
   2384.1   0.39221   0.03442
   2385.2   0.39222   0.03447
   2386.3   0.39225   0.03455
   2387.4   0.39235   0.03456
   2388.5   0.39240   0.03448
   2389.6   0.39249   0.03437
   2390.7   0.39260   0.03436
   2391.8   0.39261   0.03447
   2392.9   0.39262   0.03451
   2394.0   0.39267   0.03445
   2395.1   0.39278   0.03443
   2396.2   0.39285   0.03450
   2397.3   0.39294   0.03453
   2398.4   0.39304   0.03450
   2399.6   0.39314   0.03447
   2400.7   0.39321   0.03446
   2401.8   0.39321   0.03449
   2402.9   0.39328   0.03454
   2404.0   0.39338   0.03456
   2405.1   0.39334   0.03456
   2406.2   0.39334   0.03448
   2407.4   0.39347   0.03443
   2408.5   0.39357   0.03449
   2409.6   0.39361   0.03454
   2410.7   0.39369   0.03445
   2411.8   0.39380   0.03441
   2412.9   0.39390   0.03444
   2414.1   0.39392   0.03444
   2415.2   0.39398   0.03446
   2416.3   0.39406   0.03451
   2417.4   0.39405   0.03449
   2418.6   0.39403   0.03445
   2419.7   0.39415   0.03453
   2420.8   0.39432   0.03465
   2422.0   0.39438   0.03468
   2423.1   0.39446   0.03460
   2424.2   0.39451   0.03456
   2425.4   0.39453   0.03460
   2426.5   0.39462   0.03460
   2427.6   0.39468   0.03461
   2428.8   0.39469   0.03455
   2429.9   0.39478   0.03448
   2431.1   0.39492   0.03449
   2432.2   0.39497   0.03442
   2433.3   0.39494   0.03443
   2434.5   0.39495   0.03452
   2435.6   0.39505   0.03455
   2436.8   0.39516   0.03452
   2437.9   0.39521   0.03444
   2439.1   0.39523   0.03442
   2440.2   0.39529   0.03447
   2441.4   0.39538   0.03453
   2442.5   0.39544   0.03451
   2443.6   0.39548   0.03457
   2444.8   0.39550   0.03465
   2446.0   0.39555   0.03466
   2447.1   0.39563   0.03458
   2448.3   0.39571   0.03451
   2449.4   0.39573   0.03450
   2450.6   0.39583   0.03453
   2451.7   0.39592   0.03455
   2452.9   0.39598   0.03463
   2454.1   0.39604   0.03467
   2455.2   0.39612   0.03464
   2456.4   0.39617   0.03446
   2457.6   0.39619   0.03440
   2458.7   0.39622   0.03447
   2459.9   0.39625   0.03453
   2461.1   0.39632   0.03453
   2462.2   0.39644   0.03453
   2463.4   0.39654   0.03452
   2464.6   0.39660   0.03454
   2465.7   0.39662   0.03454
   2466.9   0.39665   0.03453
   2468.1   0.39671   0.03455
   2469.3   0.39679   0.03449
   2470.4   0.39684   0.03444
   2471.6   0.39690   0.03448
   2472.8   0.39702   0.03446
   2474.0   0.39714   0.03438
   2475.1   0.39714   0.03436
   2476.3   0.39716   0.03447
   2477.5   0.39725   0.03456
   2478.7   0.39736   0.03457
   2479.9   0.39744   0.03452
   2481.1   0.39743   0.03446
   2482.3   0.39739   0.03443
   2483.4   0.39744   0.03449
   2484.6   0.39755   0.03449
   2485.8   0.39765   0.03445
   2487.0   0.39778   0.03439
   2488.2   0.39787   0.03441
   2489.4   0.39796   0.03444
   2490.6   0.39798   0.03447
   2491.8   0.39798   0.03442
   2493.0   0.39799   0.03441
   2494.2   0.39810   0.03446
   2495.4   0.39823   0.03442
   2496.6   0.39828   0.03441
   2497.8   0.39833   0.03442
   2499.0   0.39838   0.03440
   2500.2   0.39845   0.03450
   2501.4   0.39850   0.03458
   2502.6   0.39850   0.03457
   2503.8   0.39858   0.03447
   2505.0   0.39874   0.03443
   2506.3   0.39875   0.03442
   2507.5   0.39881   0.03441
   2508.7   0.39888   0.03449
   2509.9   0.39891   0.03453
   2511.1   0.39900   0.03447
   2512.3   0.39908   0.03450
   2513.5   0.39918   0.03459
   2514.8   0.39925   0.03454
   2516.0   0.39936   0.03444
   2517.2   0.39943   0.03447
   2518.4   0.39945   0.03455
   2519.6   0.39949   0.03459
   2520.9   0.39955   0.03455
   2522.1   0.39962   0.03453
   2523.3   0.39973   0.03448
   2524.6   0.39978   0.03446
   2525.8   0.39992   0.03446
   2527.0   0.39998   0.03446
   2528.3   0.39995   0.03448
   2529.5   0.39999   0.03460
   2530.7   0.40009   0.03458
   2531.9   0.40019   0.03458
   2533.2   0.40024   0.03461
   2534.4   0.40032   0.03459
   2535.7   0.40048   0.03462
   2536.9   0.40063   0.03450
   2538.1   0.40071   0.03442
   2539.4   0.40071   0.03447
   2540.6   0.40071   0.03450
   2541.9   0.40075   0.03462
   2543.1   0.40085   0.03464
   2544.4   0.40091   0.03459
   2545.6   0.40091   0.03460
   2546.9   0.40101   0.03465
   2548.1   0.40114   0.03468
   2549.4   0.40120   0.03462
   2550.6   0.40125   0.03466
   2551.9   0.40130   0.03466
   2553.1   0.40134   0.03462
   2554.4   0.40139   0.03451
   2555.7   0.40151   0.03452
   2556.9   0.40157   0.03455
   2558.2   0.40164   0.03457
   2559.4   0.40175   0.03472
   2560.7   0.40186   0.03489
   2562.0   0.40192   0.03485
   2563.2   0.40194   0.03477
   2564.5   0.40202   0.03472
   2565.8   0.40209   0.03453
   2567.1   0.40214   0.03455
   2568.3   0.40223   0.03473
   2569.6   0.40237   0.03477
   2570.9   0.40233   0.03452
   2572.1   0.40238   0.03469
   2573.4   0.40250   0.03484
   2574.7   0.40252   0.03461
   2576.0   0.40262   0.03474
   2577.3   0.40265   0.03470
   2578.5   0.40265   0.03456
   2579.8   0.40278   0.03474
   2581.1   0.40296   0.03481
   2582.4   0.40303   0.03485
   2583.7   0.40312   0.03510
   2585.0   0.40307   0.03472
   2586.3   0.40315   0.03479
   2587.5   0.40329   0.03493
   2588.8   0.40330   0.03476
   2590.1   0.40338   0.03465
   2591.4   0.40346   0.03463
   2592.7   0.40359   0.03492
   2594.0   0.40384   0.03553
   2595.3   0.40386   0.03523
   2596.6   0.40367   0.03456
   2597.9   0.40373   0.03454
   2599.2   0.40383   0.03459
   2600.5   0.40392   0.03476
   2601.8   0.40404   0.03498
   2603.1   0.40416   0.03508
   2604.4   0.40421   0.03521
   2605.8   0.40428   0.03515
   2607.1   0.40422   0.03489
   2608.4   0.40426   0.03486
   2609.7   0.40430   0.03479
   2611.0   0.40436   0.03465
   2612.3   0.40450   0.03475
   2613.6   0.40459   0.03483
   2614.9   0.40465   0.03486
   2616.3   0.40478   0.03521
   2617.6   0.40472   0.03492
   2618.9   0.40479   0.03480
   2620.2   0.40498   0.03509
   2621.6   0.40489   0.03475
   2622.9   0.40492   0.03470
   2624.2   0.40503   0.03479
   2625.5   0.40518   0.03497
   2626.9   0.40526   0.03496
   2628.2   0.40513   0.03474
   2629.5   0.40527   0.03510
   2630.9   0.40532   0.03494
   2632.2   0.40522   0.03459
   2633.5   0.40536   0.03475
   2634.9   0.40545   0.03466
   2636.2   0.40545   0.03456
   2637.6   0.40553   0.03462
   2638.9   0.40557   0.03464
   2640.2   0.40558   0.03463
   2641.6   0.40560   0.03466
   2642.9   0.40564   0.03465
   2644.3   0.40576   0.03471
   2645.6   0.40588   0.03480
   2647.0   0.40582   0.03474
   2648.3   0.40586   0.03471
   2649.7   0.40588   0.03468
   2651.0   0.40590   0.03472
   2652.4   0.40598   0.03477
   2653.8   0.40598   0.03471
   2655.1   0.40601   0.03478
   2656.5   0.40602   0.03463
   2657.8   0.40601   0.03465
   2659.2   0.40604   0.03483
   2660.6   0.40601   0.03472
   2661.9   0.40603   0.03461
   2663.3   0.40607   0.03481
   2664.7   0.40619   0.03514
   2666.0   0.40611   0.03505
   2667.4   0.40599   0.03480
   2668.8   0.40594   0.03481
   2670.1   0.40607   0.03530
   2671.5   0.40575   0.03459
   2672.9   0.40557   0.03437
   2674.3   0.40556   0.03459
   2675.7   0.40553   0.03492
   2677.0   0.40534   0.03488
   2678.4   0.40518   0.03484
   2679.8   0.40504   0.03473
   2681.2   0.40486   0.03449
   2682.6   0.40475   0.03461
   2684.0   0.40458   0.03461
   2685.4   0.40438   0.03454
   2686.8   0.40419   0.03447
   2688.1   0.40387   0.03439
   2689.5   0.40366   0.03430
   2690.9   0.40342   0.03420
   2692.3   0.40319   0.03441
   2693.7   0.40289   0.03461
   2695.1   0.40242   0.03440
   2696.5   0.40203   0.03424
   2697.9   0.40160   0.03413
   2699.3   0.40121   0.03416
   2700.8   0.40084   0.03430
   2702.1   0.40034   0.03419
   2703.6   0.39984   0.03397
   2705.0   0.39935   0.03393
   2706.4   0.39881   0.03390
   2707.8   0.39830   0.03407
   2709.2   0.39777   0.03424
   2710.6   0.39711   0.03425
   2712.1   0.39636   0.03381
   2713.5   0.39574   0.03356
   2714.9   0.39520   0.03361
   2716.3   0.39458   0.03364
   2717.7   0.39387   0.03366
   2719.2   0.39320   0.03390
   2720.6   0.39254   0.03409
   2722.0   0.39153   0.03355
   2723.4   0.39085   0.03367
   2724.9   0.39005   0.03361
   2726.3   0.38910   0.03327
   2727.7   0.38826   0.03318
   2729.2   0.38742   0.03311
   2730.6   0.38650   0.03300
   2732.1   0.38557   0.03291
   2733.5   0.38469   0.03303
   2734.9   0.38385   0.03306
   2736.4   0.38276   0.03281
   2737.8   0.38182   0.03300
   2739.3   0.38091   0.03325
   2740.7   0.37984   0.03302
   2742.2   0.37867   0.03266
   2743.6   0.37764   0.03249
   2745.1   0.37664   0.03245
   2746.5   0.37561   0.03237
   2748.0   0.37457   0.03236
   2749.4   0.37355   0.03239
   2750.9   0.37255   0.03237
   2752.4   0.37150   0.03232
   2753.8   0.37052   0.03241
   2755.3   0.36956   0.03256
   2756.7   0.36823   0.03209
   2758.2   0.36717   0.03191
   2759.7   0.36621   0.03194
   2761.1   0.36523   0.03202
   2762.6   0.36422   0.03203
   2764.1   0.36314   0.03182
   2765.6   0.36208   0.03170
   2767.0   0.36115   0.03176
   2768.5   0.36014   0.03165
   2770.0   0.35925   0.03162
   2771.5   0.35833   0.03152
   2773.0   0.35738   0.03134
   2774.4   0.35645   0.03134
   2775.9   0.35562   0.03131
   2777.4   0.35479   0.03124
   2778.9   0.35398   0.03117
   2780.4   0.35316   0.03117
   2781.9   0.35231   0.03115
   2783.4   0.35151   0.03103
   2784.9   0.35076   0.03103
   2786.4   0.35002   0.03115
   2787.9   0.34926   0.03103
   2789.4   0.34844   0.03081
   2790.9   0.34774   0.03073
   2792.4   0.34707   0.03068
   2793.9   0.34640   0.03064
   2795.4   0.34572   0.03056
   2796.9   0.34504   0.03051
   2798.4   0.34442   0.03048
   2799.9   0.34384   0.03047
   2801.4   0.34323   0.03054
   2802.9   0.34268   0.03063
   2804.4   0.34206   0.03049
   2806.0   0.34144   0.03034
   2807.5   0.34085   0.03032
   2809.0   0.34034   0.03029
   2810.5   0.33980   0.03019
   2812.1   0.33929   0.03010
   2813.6   0.33879   0.03015
   2815.1   0.33831   0.03023
   2816.6   0.33787   0.03021
   2818.2   0.33745   0.03019
   2819.7   0.33686   0.03011
   2821.2   0.33631   0.03005
   2822.8   0.33592   0.03005
   2824.3   0.33555   0.02998
   2825.9   0.33517   0.02989
   2827.4   0.33479   0.02989
   2828.9   0.33438   0.02986
   2830.5   0.33399   0.02984
   2832.0   0.33359   0.02987
   2833.6   0.33324   0.02989
   2835.1   0.33285   0.02988
   2836.7   0.33246   0.02984
   2838.2   0.33207   0.02984
   2839.8   0.33175   0.02983
   2841.3   0.33144   0.02978
   2842.9   0.33109   0.02975
   2844.4   0.33070   0.02969
   2846.0   0.33034   0.02966
   2847.6   0.33003   0.02964
   2849.1   0.32973   0.02961
   2850.7   0.32939   0.02959
   2852.3   0.32909   0.02957
   2853.8   0.32874   0.02958
   2855.4   0.32836   0.02955
   2857.0   0.32808   0.02946
   2858.6   0.32778   0.02949
   2860.1   0.32746   0.02953
   2861.7   0.32719   0.02949
   2863.3   0.32689   0.02949
   2864.9   0.32662   0.02951
   2866.5   0.32631   0.02953
   2868.1   0.32602   0.02956
   2869.6   0.32576   0.02954
   2871.2   0.32553   0.02945
   2872.8   0.32521   0.02938
   2874.4   0.32491   0.02941
   2876.0   0.32469   0.02939
   2877.6   0.32451   0.02940
   2879.2   0.32428   0.02944
   2880.8   0.32400   0.02946
   2882.4   0.32366   0.02939
   2884.0   0.32342   0.02937
   2885.6   0.32327   0.02939
   2887.2   0.32315   0.02947
   2888.8   0.32292   0.02945
   2890.4   0.32272   0.02933
   2892.0   0.32253   0.02922
   2893.7   0.32233   0.02923
   2895.3   0.32215   0.02925
   2896.9   0.32200   0.02930
   2898.5   0.32177   0.02932
   2900.1   0.32153   0.02929
   2901.8   0.32132   0.02925
   2903.4   0.32120   0.02924
   2905.0   0.32100   0.02922
   2906.6   0.32077   0.02920
   2908.3   0.32051   0.02918
   2909.9   0.32021   0.02914
   2911.5   0.32002   0.02911
   2913.2   0.31997   0.02906
   2914.8   0.31981   0.02904
   2916.4   0.31963   0.02910
   2918.1   0.31950   0.02911
   2919.7   0.31937   0.02909
   2921.4   0.31918   0.02908
   2923.0   0.31900   0.02900
   2924.7   0.31885   0.02893
   2926.3   0.31872   0.02901
   2928.0   0.31861   0.02901
   2929.6   0.31847   0.02898
   2931.3   0.31835   0.02899
   2932.9   0.31821   0.02898
   2934.6   0.31805   0.02890
   2936.3   0.31796   0.02891
   2937.9   0.31782   0.02894
   2939.6   0.31758   0.02890
   2941.3   0.31737   0.02887
   2942.9   0.31742   0.02887
   2944.6   0.31741   0.02886
   2946.3   0.31728   0.02883
   2947.9   0.31705   0.02882
   2949.6   0.31698   0.02882
   2951.3   0.31702   0.02879
   2953.0   0.31695   0.02879
   2954.7   0.31686   0.02880
   2956.4   0.31680   0.02880
   2958.0   0.31673   0.02876
   2959.7   0.31666   0.02872
   2961.4   0.31659   0.02878
   2963.1   0.31652   0.02884
   2964.8   0.31646   0.02877
   2966.5   0.31629   0.02874
   2968.2   0.31610   0.02877
   2969.9   0.31609   0.02875
   2971.6   0.31617   0.02869
   2973.3   0.31623   0.02870
   2975.0   0.31619   0.02870
   2976.7   0.31616   0.02866
   2978.4   0.31616   0.02868
   2980.1   0.31616   0.02872
   2981.8   0.31607   0.02872
   2983.6   0.31596   0.02873
   2985.3   0.31593   0.02871
   2987.0   0.31605   0.02867
   2988.7   0.31610   0.02867
   2990.4   0.31612   0.02864
   2992.2   0.31613   0.02863
   2993.9   0.31614   0.02865
   2995.6   0.31613   0.02869
   2997.4   0.31620   0.02869
   2999.1   0.31629   0.02868
   3000.8   0.31641   0.02867
   3002.6   0.31648   0.02867
   3004.3   0.31655   0.02866
   3006.1   0.31658   0.02865
   3007.8   0.31662   0.02862
   3009.5   0.31675   0.02863
   3011.3   0.31690   0.02871
   3013.0   0.31700   0.02869
   3014.8   0.31709   0.02868
   3016.5   0.31718   0.02871
   3018.3   0.31731   0.02872
   3020.1   0.31740   0.02870
   3021.8   0.31740   0.02869
   3023.6   0.31736   0.02871
   3025.3   0.31742   0.02876
   3027.1   0.31772   0.02880
   3028.9   0.31809   0.02886
   3030.6   0.31828   0.02882
   3032.4   0.31839   0.02878
   3034.2   0.31852   0.02878
   3036.0   0.31868   0.02879
   3037.7   0.31882   0.02882
   3039.5   0.31910   0.02886
   3041.3   0.31940   0.02887
   3043.1   0.31960   0.02891
   3044.9   0.31983   0.02890
   3046.7   0.32009   0.02892
   3048.5   0.32032   0.02893
   3050.3   0.32058   0.02895
   3052.1   0.32083   0.02896
   3053.8   0.32106   0.02895
   3055.6   0.32128   0.02896
   3057.4   0.32150   0.02900
   3059.3   0.32192   0.02902
   3061.1   0.32243   0.02904
   3062.9   0.32280   0.02907
   3064.7   0.32314   0.02912
   3066.5   0.32346   0.02915
   3068.3   0.32380   0.02919
   3070.1   0.32417   0.02920
   3071.9   0.32454   0.02917
   3073.8   0.32493   0.02921
   3075.6   0.32528   0.02927
   3077.4   0.32562   0.02931
   3079.2   0.32594   0.02935
   3081.1   0.32629   0.02935
   3082.9   0.32673   0.02936
   3084.7   0.32711   0.02938
   3086.6   0.32747   0.02942
   3088.4   0.32783   0.02947
   3090.2   0.32815   0.02950
   3092.1   0.32836   0.02951
   3093.9   0.32872   0.02947
   3095.8   0.32920   0.02947
   3097.6   0.32958   0.02948
   3099.5   0.32993   0.02955
   3101.3   0.33030   0.02959
   3103.2   0.33066   0.02958
   3105.1   0.33102   0.02964
   3106.9   0.33136   0.02966
   3108.8   0.33170   0.02967
   3110.6   0.33203   0.02969
   3112.5   0.33239   0.02972
   3114.4   0.33274   0.02974
   3116.2   0.33309   0.02980
   3118.1   0.33344   0.02983
   3120.0   0.33383   0.02979
   3121.9   0.33424   0.02978
   3123.8   0.33465   0.02987
   3125.6   0.33501   0.02993
   3127.5   0.33540   0.02996
   3129.4   0.33576   0.02998
   3131.3   0.33610   0.02998
   3133.2   0.33647   0.02998
   3135.1   0.33689   0.02997
   3137.0   0.33728   0.03004
   3138.9   0.33769   0.03008
   3140.8   0.33811   0.03009
   3142.7   0.33855   0.03015
   3144.6   0.33895   0.03019
   3146.5   0.33933   0.03020
   3148.4   0.33974   0.03023
   3150.3   0.34015   0.03019
   3152.2   0.34055   0.03015
   3154.1   0.34096   0.03021
   3156.1   0.34136   0.03026
   3158.0   0.34175   0.03027
   3159.9   0.34218   0.03027
   3161.9   0.34261   0.03027
   3163.8   0.34300   0.03032
   3165.7   0.34339   0.03038
   3167.6   0.34382   0.03037
   3169.6   0.34421   0.03040
   3171.5   0.34441   0.03038
   3173.5   0.34475   0.03034
   3175.4   0.34533   0.03040
   3177.3   0.34581   0.03045
   3179.3   0.34622   0.03047
   3181.2   0.34658   0.03051
   3183.2   0.34693   0.03053
   3185.1   0.34724   0.03049
   3187.1   0.34764   0.03054
   3189.1   0.34807   0.03063
   3191.0   0.34845   0.03064
   3193.0   0.34882   0.03065
   3195.0   0.34915   0.03068
   3196.9   0.34951   0.03070
   3198.9   0.34988   0.03067
   3200.9   0.35023   0.03067
   3202.9   0.35049   0.03067
   3204.8   0.35062   0.03067
   3206.8   0.35090   0.03073
   3208.8   0.35124   0.03074
   3210.8   0.35166   0.03072
   3212.8   0.35213   0.03078
   3214.8   0.35245   0.03081
   3216.8   0.35269   0.03082
   3218.8   0.35305   0.03083
   3220.8   0.35346   0.03085
   3222.8   0.35380   0.03087
   3224.8   0.35404   0.03090
   3226.8   0.35427   0.03094
   3228.8   0.35462   0.03102
   3230.8   0.35493   0.03105
   3232.8   0.35522   0.03098
   3234.8   0.35543   0.03094
   3236.9   0.35567   0.03098
   3238.9   0.35601   0.03103
   3240.9   0.35621   0.03100
   3242.9   0.35642   0.03097
   3244.9   0.35675   0.03098
   3247.0   0.35697   0.03100
   3249.0   0.35722   0.03103
   3251.1   0.35766   0.03111
   3253.1   0.35809   0.03117
   3255.1   0.35841   0.03114
   3257.2   0.35872   0.03115
   3259.2   0.35890   0.03116
   3261.3   0.35916   0.03113
   3263.3   0.35957   0.03115
   3265.4   0.35994   0.03118
   3267.4   0.36029   0.03120
   3269.5   0.36058   0.03119
   3271.6   0.36086   0.03118
   3273.6   0.36119   0.03122
   3275.7   0.36153   0.03125
   3277.8   0.36182   0.03127
   3279.8   0.36223   0.03131
   3281.9   0.36263   0.03133
   3284.0   0.36289   0.03130
   3286.1   0.36312   0.03131
   3288.2   0.36345   0.03131
   3290.2   0.36392   0.03132
   3292.3   0.36433   0.03137
   3294.4   0.36458   0.03140
   3296.5   0.36485   0.03140
   3298.6   0.36523   0.03139
   3300.7   0.36560   0.03139
   3302.8   0.36593   0.03143
   3304.9   0.36622   0.03147
   3307.0   0.36654   0.03148
   3309.1   0.36690   0.03148
   3311.3   0.36718   0.03155
   3313.4   0.36742   0.03162
   3315.5   0.36757   0.03160
   3317.6   0.36767   0.03158
   3319.7   0.36787   0.03158
   3321.9   0.36817   0.03157
   3324.0   0.36856   0.03162
   3326.1   0.36880   0.03158
   3328.3   0.36892   0.03157
   3330.4   0.36903   0.03157
   3332.5   0.36913   0.03152
   3334.7   0.36914   0.03150
   3336.8   0.36914   0.03153
   3339.0   0.36917   0.03157
   3341.1   0.36902   0.03151
   3343.3   0.36890   0.03147
   3345.4   0.36887   0.03146
   3347.6   0.36866   0.03142
   3349.8   0.36838   0.03144
   3351.9   0.36805   0.03145
   3354.1   0.36762   0.03140
   3356.3   0.36723   0.03129
   3358.4   0.36690   0.03128
   3360.6   0.36646   0.03124
   3362.8   0.36597   0.03114
   3365.0   0.36546   0.03106
   3367.2   0.36495   0.03104
   3369.4   0.36444   0.03103
   3371.5   0.36406   0.03099
   3373.7   0.36380   0.03094
   3375.9   0.36372   0.03093
   3378.1   0.36387   0.03096
   3380.3   0.36426   0.03098
   3382.5   0.36475   0.03100
   3384.7   0.36520   0.03101
   3386.9   0.36553   0.03097
   3389.2   0.36586   0.03101
   3391.4   0.36599   0.03103
   3393.6   0.36575   0.03100
   3395.8   0.36535   0.03100
   3398.1   0.36488   0.03098
   3400.3   0.36436   0.03091
   3402.5   0.36374   0.03082
   3404.7   0.36311   0.03078
   3407.0   0.36255   0.03079
   3409.2   0.36211   0.03077
   3411.5   0.36178   0.03073
   3413.7   0.36160   0.03070
   3416.0   0.36185   0.03068
   3418.2   0.36237   0.03073
   3420.5   0.36319   0.03080
   3422.7   0.36429   0.03086
   3425.0   0.36548   0.03097
   3427.3   0.36665   0.03104
   3429.5   0.36782   0.03114
   3431.8   0.36889   0.03121
   3434.1   0.37005   0.03127
   3436.3   0.37116   0.03134
   3438.6   0.37205   0.03139
   3440.9   0.37283   0.03146
   3443.2   0.37355   0.03150
   3445.5   0.37423   0.03152
   3447.8   0.37487   0.03158
   3450.1   0.37543   0.03163
   3452.3   0.37590   0.03168
   3454.6   0.37638   0.03171
   3456.9   0.37688   0.03175
   3459.3   0.37727   0.03175
   3461.6   0.37762   0.03173
   3463.9   0.37786   0.03176
   3466.2   0.37799   0.03176
   3468.5   0.37804   0.03173
   3470.8   0.37810   0.03175
   3473.2   0.37819   0.03178
   3475.5   0.37833   0.03177
   3477.8   0.37846   0.03174
   3480.1   0.37860   0.03172
   3482.5   0.37902   0.03178
   3484.8   0.37948   0.03184
   3487.2   0.37978   0.03184
   3489.5   0.38006   0.03183
   3491.9   0.38028   0.03186
   3494.2   0.38035   0.03188
   3496.6   0.38033   0.03186
   3498.9   0.38045   0.03187
   3501.3   0.38072   0.03188
   3503.7   0.38130   0.03192
   3506.0   0.38223   0.03201
   3508.4   0.38339   0.03215
   3510.8   0.38466   0.03227
   3513.2   0.38593   0.03236
   3515.5   0.38715   0.03240
   3517.9   0.38819   0.03243
   3520.3   0.38893   0.03248
   3522.7   0.38953   0.03254
   3525.1   0.39025   0.03259
   3527.5   0.39091   0.03264
   3529.9   0.39144   0.03270
   3532.3   0.39194   0.03277
   3534.7   0.39239   0.03276
   3537.1   0.39279   0.03273
   3539.5   0.39320   0.03274
   3541.9   0.39360   0.03279
   3544.4   0.39399   0.03282
   3546.8   0.39434   0.03283
   3549.2   0.39466   0.03281
   3551.7   0.39499   0.03282
   3554.1   0.39533   0.03283
   3556.5   0.39566   0.03282
   3559.0   0.39599   0.03285
   3561.4   0.39637   0.03289
   3563.9   0.39664   0.03295
   3566.3   0.39690   0.03297
   3568.8   0.39723   0.03295
   3571.2   0.39751   0.03299
   3573.7   0.39775   0.03299
   3576.1   0.39807   0.03304
   3578.6   0.39835   0.03306
   3581.1   0.39860   0.03305
   3583.6   0.39883   0.03306
   3586.0   0.39906   0.03308
   3588.5   0.39935   0.03309
   3591.0   0.39967   0.03312
   3593.5   0.39995   0.03312
   3596.0   0.40023   0.03312
   3598.5   0.40046   0.03311
   3601.0   0.40067   0.03313
   3603.5   0.40083   0.03313
   3606.0   0.40108   0.03311
   3608.5   0.40135   0.03313
   3611.0   0.40160   0.03317
   3613.5   0.40180   0.03319
   3616.1   0.40199   0.03323
   3618.6   0.40220   0.03322
   3621.1   0.40243   0.03324
   3623.6   0.40263   0.03330
   3626.2   0.40284   0.03330
   3628.7   0.40305   0.03327
   3631.3   0.40326   0.03324
   3633.8   0.40345   0.03327
   3636.3   0.40366   0.03330
   3638.9   0.40384   0.03331
   3641.4   0.40403   0.03333
   3644.0   0.40426   0.03333
   3646.6   0.40449   0.03336
   3649.1   0.40470   0.03335
   3651.7   0.40488   0.03335
   3654.3   0.40507   0.03337
   3656.9   0.40532   0.03339
   3659.4   0.40555   0.03341
   3662.0   0.40575   0.03339
   3664.6   0.40594   0.03340
   3667.2   0.40612   0.03343
   3669.8   0.40634   0.03345
   3672.4   0.40657   0.03347
   3675.0   0.40677   0.03347
   3677.6   0.40702   0.03345
   3680.2   0.40727   0.03346
   3682.8   0.40750   0.03350
   3685.4   0.40768   0.03349
   3688.1   0.40788   0.03351
   3690.7   0.40808   0.03356
   3693.3   0.40833   0.03357
   3695.9   0.40855   0.03358
   3698.6   0.40877   0.03361
   3701.2   0.40894   0.03362
   3703.9   0.40909   0.03362
   3706.5   0.40927   0.03362
   3709.2   0.40947   0.03363
   3711.8   0.40967   0.03362
   3714.5   0.40986   0.03362
   3717.1   0.41002   0.03365
   3719.8   0.41020   0.03365
   3722.5   0.41036   0.03363
   3725.2   0.41052   0.03364
   3727.8   0.41067   0.03367
   3730.5   0.41084   0.03370
   3733.2   0.41098   0.03369
   3735.9   0.41115   0.03366
   3738.6   0.41132   0.03367
   3741.3   0.41150   0.03373
   3744.0   0.41168   0.03376
   3746.7   0.41186   0.03373
   3749.4   0.41201   0.03373
   3752.1   0.41220   0.03373
   3754.8   0.41235   0.03372
   3757.6   0.41251   0.03372
   3760.3   0.41267   0.03378
   3763.0   0.41283   0.03384
   3765.7   0.41300   0.03382
   3768.5   0.41316   0.03378
   3771.2   0.41331   0.03378
   3774.0   0.41349   0.03384
   3776.7   0.41363   0.03386
   3779.5   0.41374   0.03386
   3782.2   0.41387   0.03386
   3785.0   0.41401   0.03387
   3787.7   0.41413   0.03384
   3790.5   0.41426   0.03383
   3793.3   0.41440   0.03387
   3796.1   0.41457   0.03390
   3798.8   0.41469   0.03388
   3801.6   0.41480   0.03384
   3804.4   0.41488   0.03384
   3807.2   0.41498   0.03387
   3810.0   0.41511   0.03391
   3812.8   0.41524   0.03393
   3815.6   0.41533   0.03390
   3818.4   0.41545   0.03391
   3821.2   0.41551   0.03392
   3824.1   0.41564   0.03391
   3826.9   0.41573   0.03390
   3829.7   0.41583   0.03389
   3832.5   0.41593   0.03388
   3835.4   0.41604   0.03389
   3838.2   0.41611   0.03389
   3841.1   0.41619   0.03395
   3843.9   0.41626   0.03398
   3846.8   0.41634   0.03398
   3849.6   0.41641   0.03398
   3852.5   0.41652   0.03400
   3855.3   0.41660   0.03400
   3858.2   0.41671   0.03400
   3861.1   0.41680   0.03402
   3863.9   0.41689   0.03401
   3866.8   0.41693   0.03402
   3869.7   0.41700   0.03401
   3872.6   0.41709   0.03403
   3875.5   0.41718   0.03406
   3878.4   0.41726   0.03406
   3881.3   0.41734   0.03407
   3884.2   0.41737   0.03404
   3887.1   0.41745   0.03402
   3890.0   0.41748   0.03401
   3893.0   0.41754   0.03402
   3895.9   0.41760   0.03402
   3898.8   0.41769   0.03402
   3901.7   0.41773   0.03404
   3904.7   0.41779   0.03402
   3907.6   0.41781   0.03400
   3910.6   0.41785   0.03401
   3913.5   0.41787   0.03401
   3916.5   0.41790   0.03406
   3919.4   0.41791   0.03404
   3922.4   0.41795   0.03398
   3925.4   0.41796   0.03398
   3928.4   0.41795   0.03401
   3931.3   0.41791   0.03401
   3934.3   0.41793   0.03399
   3937.3   0.41792   0.03395
   3940.3   0.41790   0.03396
   3943.3   0.41788   0.03397
   3946.3   0.41784   0.03393
   3949.3   0.41773   0.03391
   3952.3   0.41767   0.03391
   3955.3   0.41761   0.03387
   3958.3   0.41760   0.03389
   3961.4   0.41755   0.03387
   3964.4   0.41749   0.03384
   3967.4   0.41744   0.03385
   3970.5   0.41744   0.03386
   3973.5   0.41741   0.03383
   3976.6   0.41741   0.03378
   3979.6   0.41742   0.03377
   3982.6   0.41749   0.03377
   3985.7   0.41751   0.03380
   3988.8   0.41755   0.03383
   3991.9   0.41757   0.03381
   3994.9   0.41763   0.03379
   3998.0   0.41769   0.03379
   4001.1   0.41778   0.03382
   4004.2   0.41784   0.03382
   4007.3   0.41791   0.03384
   4010.4   0.41797   0.03380
   4013.5   0.41805   0.03377
   4016.6   0.41807   0.03380
   4019.7   0.41810   0.03385
   4022.8   0.41813   0.03383
   4025.9   0.41821   0.03379
   4029.1   0.41827   0.03380
   4032.2   0.41833   0.03383
   4035.3   0.41832   0.03383
   4038.5   0.41834   0.03381
   4041.6   0.41837   0.03382
   4044.8   0.41843   0.03387
   4047.9   0.41841   0.03390
   4051.1   0.41841   0.03385
   4054.3   0.41841   0.03380
   4057.4   0.41844   0.03381
   4060.6   0.41841   0.03382
   4063.8   0.41840   0.03385
   4067.0   0.41838   0.03388
   4070.2   0.41837   0.03386
   4073.4   0.41835   0.03383
   4076.6   0.41837   0.03381
   4079.8   0.41833   0.03382
   4083.0   0.41833   0.03384
   4086.2   0.41834   0.03385
   4089.4   0.41835   0.03388
   4092.7   0.41830   0.03385
   4095.9   0.41828   0.03383
   4099.1   0.41822   0.03384
   4102.4   0.41817   0.03382
   4105.6   0.41814   0.03381
   4108.9   0.41817   0.03377
   4112.1   0.41812   0.03376
   4115.4   0.41810   0.03378
   4118.7   0.41807   0.03378
   4122.0   0.41806   0.03377
   4125.2   0.41801   0.03374
   4128.5   0.41798   0.03374
   4131.8   0.41794   0.03373
   4135.1   0.41795   0.03370
   4138.4   0.41794   0.03367
   4141.7   0.41792   0.03367
   4145.0   0.41788   0.03367
   4148.3   0.41786   0.03369
   4151.6   0.41781   0.03367
   4155.0   0.41782   0.03361
   4158.3   0.41778   0.03359
   4161.6   0.41774   0.03360
   4165.0   0.41767   0.03357
   4168.3   0.41764   0.03356
   4171.7   0.41758   0.03356
   4175.0   0.41755   0.03354
   4178.4   0.41750   0.03353
   4181.8   0.41747   0.03356
   4185.2   0.41744   0.03355
   4188.5   0.41739   0.03355
   4191.9   0.41734   0.03356
   4195.3   0.41732   0.03364
   4198.7   0.41726   0.03374
   4202.1   0.41723   0.03391
   4205.5   0.41716   0.03419
   4208.9   0.41713   0.03456
   4212.4   0.41708   0.03499
   4215.8   0.41710   0.03542
   4219.2   0.41705   0.03577
   4222.6   0.41701   0.03602
   4226.1   0.41693   0.03617
   4229.5   0.41692   0.03633
   4233.0   0.41685   0.03644
   4236.5   0.41677   0.03646
   4239.9   0.41663   0.03643
   4243.4   0.41651   0.03621
   4246.9   0.41636   0.03583
   4250.3   0.41628   0.03533
   4253.8   0.41616   0.03469
   4257.3   0.41613   0.03441
   4260.8   0.41614   0.03483
   4264.3   0.41610   0.03534
   4267.8   0.41603   0.03551
   4271.4   0.41602   0.03555
   4274.9   0.41597   0.03556
   4278.4   0.41593   0.03555
   4281.9   0.41581   0.03549
   4285.5   0.41573   0.03543
   4289.0   0.41561   0.03539
   4292.6   0.41551   0.03523
   4296.1   0.41536   0.03506
   4299.7   0.41525   0.03497
   4303.3   0.41509   0.03492
   4306.8   0.41497   0.03481
   4310.4   0.41481   0.03465
   4314.0   0.41467   0.03443
   4317.6   0.41451   0.03421
   4321.2   0.41441   0.03409
   4324.8   0.41427   0.03392
   4328.4   0.41414   0.03377
   4332.0   0.41397   0.03365
   4335.6   0.41386   0.03358
   4339.3   0.41372   0.03352
   4342.9   0.41360   0.03343
   4346.5   0.41344   0.03334
   4350.2   0.41333   0.03332
   4353.8   0.41319   0.03328
   4357.5   0.41311   0.03322
   4361.1   0.41297   0.03321
   4364.8   0.41284   0.03321
   4368.5   0.41271   0.03320
   4372.2   0.41262   0.03315
   4375.9   0.41247   0.03312
   4379.6   0.41237   0.03312
   4383.3   0.41222   0.03313
   4387.0   0.41210   0.03313
   4390.7   0.41194   0.03309
   4394.4   0.41183   0.03306
   4398.1   0.41169   0.03305
   4401.9   0.41157   0.03306
   4405.6   0.41144   0.03305
   4409.4   0.41136   0.03306
   4413.1   0.41120   0.03304
   4416.9   0.41106   0.03301
   4420.6   0.41093   0.03297
   4424.4   0.41083   0.03295
   4428.2   0.41069   0.03293
   4432.0   0.41058   0.03292
   4435.8   0.41043   0.03289
   4439.6   0.41032   0.03287
   4443.4   0.41016   0.03290
   4447.2   0.41007   0.03292
   4451.0   0.40997   0.03290
   4454.8   0.40985   0.03289
   4458.6   0.40971   0.03289
   4462.5   0.40962   0.03292
   4466.3   0.40948   0.03293
   4470.2   0.40937   0.03287
   4474.0   0.40917   0.03284
   4477.9   0.40901   0.03283
   4481.8   0.40881   0.03279
   4485.6   0.40867   0.03278
   4489.5   0.40850   0.03277
   4493.4   0.40837   0.03274
   4497.3   0.40817   0.03270
   4501.2   0.40796   0.03268
   4505.1   0.40774   0.03266
   4509.0   0.40758   0.03265
   4513.0   0.40739   0.03262
   4516.9   0.40725   0.03258
   4520.8   0.40700   0.03254
   4524.8   0.40680   0.03251
   4528.7   0.40658   0.03249
   4532.7   0.40639   0.03250
   4536.7   0.40618   0.03252
   4540.6   0.40601   0.03254
   4544.6   0.40581   0.03251
   4548.6   0.40562   0.03245
   4552.6   0.40533   0.03242
   4556.6   0.40515   0.03241
   4560.6   0.40494   0.03235
   4564.6   0.40471   0.03231
   4568.6   0.40442   0.03228
   4572.7   0.40422   0.03228
   4576.7   0.40398   0.03230
   4580.8   0.40374   0.03230
   4584.8   0.40345   0.03227
   4588.9   0.40321   0.03220
   4592.9   0.40291   0.03218
   4597.0   0.40266   0.03216
   4601.1   0.40235   0.03213
   4605.2   0.40205   0.03212
   4609.3   0.40170   0.03211
   4613.4   0.40141   0.03207
   4617.5   0.40107   0.03205
   4621.6   0.40077   0.03202
   4625.7   0.40039   0.03195
   4629.8   0.40002   0.03189
   4634.0   0.39963   0.03191
   4638.1   0.39931   0.03191
   4642.3   0.39896   0.03187
   4646.4   0.39863   0.03186
   4650.6   0.39823   0.03184
   4654.8   0.39788   0.03180
   4659.0   0.39753   0.03171
   4663.1   0.39720   0.03166
   4667.3   0.39682   0.03164
   4671.5   0.39649   0.03160
   4675.8   0.39611   0.03156
   4680.0   0.39581   0.03154
   4684.2   0.39547   0.03153
   4688.4   0.39511   0.03152
   4692.7   0.39475   0.03146
   4696.9   0.39446   0.03144
   4701.2   0.39404   0.03144
   4705.5   0.39368   0.03141
   4709.7   0.39330   0.03136
   4714.0   0.39296   0.03131
   4718.3   0.39258   0.03129
   4722.6   0.39223   0.03129
   4726.9   0.39178   0.03123
   4731.2   0.39142   0.03119
   4735.5   0.39104   0.03114
   4739.9   0.39071   0.03106
   4744.2   0.39030   0.03105
   4748.5   0.38991   0.03104
   4752.9   0.38949   0.03100
   4757.3   0.38911   0.03096
   4761.6   0.38871   0.03091
   4766.0   0.38837   0.03091
   4770.4   0.38798   0.03090
   4774.8   0.38761   0.03088
   4779.2   0.38720   0.03085
   4783.6   0.38687   0.03084
   4788.0   0.38645   0.03082
   4792.4   0.38606   0.03079
   4796.9   0.38565   0.03076
   4801.3   0.38530   0.03077
   4805.8   0.38488   0.03076
   4810.2   0.38449   0.03073
   4814.7   0.38406   0.03071
   4819.1   0.38367   0.03064
   4823.6   0.38321   0.03054
   4828.1   0.38281   0.03050
   4832.6   0.38235   0.03050
   4837.1   0.38193   0.03050
   4841.6   0.38144   0.03043
   4846.2   0.38102   0.03036
   4850.7   0.38055   0.03035
   4855.3   0.38013   0.03034
   4859.8   0.37962   0.03034
   4864.4   0.37918   0.03031
   4868.9   0.37866   0.03024
   4873.5   0.37818   0.03021
   4878.1   0.37765   0.03016
   4882.7   0.37715   0.03015
   4887.3   0.37659   0.03012
   4891.9   0.37610   0.03007
   4896.5   0.37557   0.02999
   4901.1   0.37507   0.02989
   4905.8   0.37451   0.02981
   4910.4   0.37399   0.02977
   4915.1   0.37339   0.02972
   4919.7   0.37285   0.02969
   4924.4   0.37226   0.02966
   4929.1   0.37171   0.02963
   4933.8   0.37108   0.02959
   4938.5   0.37049   0.02956
   4943.2   0.36988   0.02951
   4947.9   0.36935   0.02947
   4952.6   0.36873   0.02940
   4957.4   0.36816   0.02934
   4962.1   0.36753   0.02928
   4966.9   0.36692   0.02921
   4971.6   0.36628   0.02915
   4976.4   0.36571   0.02910
   4981.2   0.36508   0.02902
   4986.0   0.36449   0.02899
   4990.8   0.36381   0.02893
   4995.6   0.36324   0.02888
   5000.4   0.36261   0.02885
   5005.2   0.36201   0.02880
   5010.0   0.36135   0.02871
   5014.9   0.36076   0.02864
   5019.8   0.36011   0.02862
   5024.6   0.35950   0.02859
   5029.5   0.35885   0.02852
   5034.4   0.35821   0.02845
   5039.3   0.35752   0.02838
   5044.2   0.35692   0.02831
   5049.1   0.35627   0.02826
   5054.0   0.35565   0.02824
   5058.9   0.35499   0.02818
   5063.9   0.35440   0.02810
   5068.8   0.35374   0.02805
   5073.8   0.35314   0.02800
   5078.8   0.35246   0.02800
   5083.7   0.35184   0.02800
   5088.7   0.35117   0.02790
   5093.7   0.35056   0.02781
   5098.7   0.34989   0.02773
   5103.7   0.34927   0.02769
   5108.8   0.34857   0.02766
   5113.8   0.34792   0.02760
   5118.9   0.34719   0.02753
   5123.9   0.34650   0.02748
   5129.0   0.34578   0.02736
   5134.1   0.34507   0.02729
   5139.1   0.34429   0.02728
   5144.3   0.34357   0.02728
   5149.4   0.34278   0.02722
   5154.5   0.34209   0.02712
   5159.6   0.34135   0.02706
   5164.7   0.34064   0.02701
   5169.9   0.33988   0.02696
   5175.0   0.33917   0.02689
   5180.2   0.33840   0.02678
   5185.4   0.33771   0.02671
   5190.6   0.33696   0.02664
   5195.8   0.33629   0.02662
   5201.0   0.33555   0.02659
   5206.2   0.33492   0.02651
   5211.5   0.33424   0.02649
   5216.7   0.33355   0.02640
   5222.0   0.33282   0.02626
   5227.2   0.33217   0.02617
   5232.5   0.33144   0.02612
   5237.8   0.33077   0.02608
   5243.1   0.33004   0.02601
   5248.4   0.32935   0.02592
   5253.7   0.32860   0.02587
   5259.0   0.32790   0.02583
   5264.4   0.32717   0.02576
   5269.7   0.32651   0.02573
   5275.1   0.32574   0.02567
   5280.5   0.32504   0.02560
   5285.8   0.32433   0.02555
   5291.2   0.32367   0.02551
   5296.6   0.32296   0.02544
   5302.0   0.32231   0.02540
   5307.5   0.32164   0.02535
   5312.9   0.32108   0.02531
   5318.4   0.32045   0.02521
   5323.8   0.31990   0.02515
   5329.3   0.31928   0.02512
   5334.8   0.31870   0.02508
   5340.3   0.31808   0.02502
   5345.8   0.31752   0.02506
   5351.3   0.31685   0.02506
   5356.8   0.31623   0.02490
   5362.4   0.31558   0.02476
   5367.9   0.31498   0.02470
   5373.5   0.31430   0.02465
   5379.0   0.31366   0.02461
   5384.6   0.31294   0.02455
   5390.2   0.31231   0.02446
   5395.8   0.31162   0.02437
   5401.5   0.31102   0.02432
   5407.1   0.31035   0.02431
   5412.7   0.30979   0.02430
   5418.4   0.30918   0.02438
   5424.1   0.30861   0.02435
   5429.7   0.30799   0.02413
   5435.4   0.30755   0.02402
   5441.1   0.30703   0.02397
   5446.9   0.30658   0.02397
   5452.6   0.30612   0.02394
   5458.3   0.30577   0.02398
   5464.1   0.30532   0.02399
   5469.8   0.30495   0.02388
   5475.6   0.30457   0.02386
   5481.4   0.30429   0.02383
   5487.2   0.30397   0.02371
   5493.0   0.30373   0.02370
   5498.8   0.30338   0.02372
   5504.7   0.30310   0.02371
   5510.5   0.30276   0.02363
   5516.4   0.30249   0.02362
   5522.3   0.30211   0.02361
   5528.1   0.30179   0.02358
   5534.0   0.30138   0.02353
   5540.0   0.30104   0.02346
   5545.9   0.30054   0.02341
   5551.8   0.30010   0.02341
   5557.8   0.29959   0.02334
   5563.7   0.29920   0.02332
   5569.7   0.29874   0.02337
   5575.7   0.29840   0.02349
   5581.7   0.29792   0.02335
   5587.7   0.29757   0.02313
   5593.7   0.29716   0.02305
   5599.8   0.29677   0.02308
   5605.8   0.29621   0.02306
   5611.9   0.29573   0.02304
   5618.0   0.29511   0.02294
   5624.1   0.29453   0.02286
   5630.2   0.29388   0.02284
   5636.3   0.29330   0.02296
   5642.4   0.29255   0.02299
   5648.6   0.29187   0.02278
   5654.7   0.29112   0.02267
   5660.9   0.29044   0.02254
   5667.1   0.28969   0.02245
   5673.3   0.28900   0.02248
   5679.5   0.28815   0.02240
   5685.7   0.28742   0.02230
   5692.0   0.28651   0.02222
   5698.2   0.28561   0.02209
   5704.5   0.28460   0.02214
   5710.8   0.28357   0.02219
   5717.1   0.28245   0.02198
   5723.4   0.28157   0.02179
   5729.7   0.28059   0.02169
   5736.0   0.27971   0.02165
   5742.4   0.27873   0.02157
   5748.8   0.27780   0.02152
   5755.1   0.27676   0.02137
   5761.5   0.27588   0.02151
   5768.0   0.27454   0.02145
   5774.4   0.27325   0.02111
   5780.8   0.27188   0.02093
   5787.3   0.27049   0.02074
   5793.7   0.26898   0.02058
   5800.2   0.26763   0.02049
   5806.7   0.26629   0.02041
   5813.2   0.26527   0.02047
   5819.7   0.26389   0.02053
   5826.3   0.26218   0.02028
   5832.8   0.26020   0.01996
   5839.4   0.25825   0.01968
   5846.0   0.25601   0.01951
   5852.6   0.25375   0.01940
   5859.2   0.25125   0.01928
   5865.8   0.24865   0.01902
   5872.5   0.24603   0.01890
   5879.1   0.24343   0.01902
   5885.8   0.24027   0.01859
   5892.5   0.23788   0.01836
   5899.2   0.23509   0.01814
   5905.9   0.23257   0.01781
   5912.6   0.23019   0.01767
   5919.4   0.22776   0.01751
   5926.2   0.22537   0.01742
   5932.9   0.22318   0.01755
   5939.7   0.22053   0.01729
   5946.5   0.21825   0.01685
   5953.4   0.21599   0.01667
   5960.2   0.21382   0.01658
   5967.1   0.21158   0.01655
   5974.0   0.20936   0.01631
   5980.8   0.20730   0.01618
   5987.8   0.20536   0.01613
   5994.7   0.20330   0.01592
   6001.6   0.20152   0.01575
   6008.6   0.19981   0.01569
   6015.5   0.19825   0.01558
   6022.5   0.19676   0.01541
   6029.5   0.19556   0.01531
   6036.5   0.19443   0.01531
   6043.6   0.19365   0.01555
   6050.6   0.19285   0.01552
   6057.7   0.19233   0.01511
   6064.8   0.19203   0.01510
   6071.9   0.19188   0.01514
   6079.0   0.19177   0.01502
   6086.1   0.19178   0.01497
   6093.3   0.19174   0.01493
   6100.5   0.19173   0.01489
   6107.6   0.19166   0.01501
   6114.9   0.19158   0.01506
   6122.1   0.19137   0.01486
   6129.3   0.19126   0.01478
   6136.5   0.19115   0.01480
   6143.8   0.19116   0.01481
   6151.1   0.19119   0.01480
   6158.4   0.19131   0.01481
   6165.7   0.19144   0.01476
   6173.1   0.19159   0.01474
   6180.4   0.19164   0.01485
   6187.8   0.19164   0.01481
   6195.2   0.19152   0.01467
   6202.6   0.19141   0.01461
   6210.0   0.19123   0.01456
   6217.5   0.19107   0.01453
   6225.0   0.19084   0.01448
   6232.4   0.19069   0.01449
   6239.9   0.19047   0.01446
   6247.5   0.19027   0.01435
   6255.0   0.19011   0.01428
   6262.5   0.19003   0.01428
   6270.1   0.18990   0.01428
   6277.7   0.18987   0.01426
   6285.3   0.18991   0.01422
   6293.0   0.19001   0.01421
   6300.6   0.19009   0.01420
   6308.3   0.19024   0.01418
   6315.9   0.19037   0.01413
   6323.6   0.19057   0.01409
   6331.4   0.19077   0.01413
   6339.1   0.19105   0.01431
   6346.9   0.19128   0.01427
   6354.6   0.19148   0.01407
   6362.4   0.19163   0.01414
   6370.3   0.19178   0.01421
   6378.1   0.19182   0.01410
   6385.9   0.19184   0.01407
   6393.8   0.19172   0.01407
   6401.7   0.19159   0.01412
   6409.6   0.19137   0.01434
   6417.6   0.19101   0.01427
   6425.5   0.19056   0.01403
   6433.5   0.19009   0.01392
   6441.5   0.18948   0.01372
   6449.5   0.18894   0.01364
   6457.5   0.18829   0.01356
   6465.6   0.18771   0.01354
   6473.6   0.18710   0.01357
   6481.7   0.18654   0.01359
   6489.8   0.18601   0.01367
   6498.0   0.18551   0.01350
   6506.1   0.18496   0.01318
   6514.3   0.18458   0.01317
   6522.5   0.18415   0.01313
   6530.7   0.18372   0.01295
   6539.0   0.18331   0.01287
   6547.2   0.18296   0.01289
   6555.5   0.18254   0.01290
   6563.8   0.18215   0.01293
   6572.1   0.18170   0.01294
   6580.4   0.18124   0.01276
   6588.8   0.18075   0.01268
   6597.2   0.18035   0.01252
   6605.6   0.18008   0.01238
   6614.0   0.17996   0.01239
   6622.5   0.17989   0.01244
   6630.9   0.17990   0.01260
   6639.4   0.17987   0.01262
   6647.9   0.17988   0.01235
   6656.5   0.17988   0.01221
   6665.0   0.17994   0.01222
   6673.6   0.17994   0.01226
   6682.2   0.18000   0.01225
   6690.8   0.18001   0.01212
   6699.5   0.18001   0.01211
   6708.1   0.17989   0.01218
   6716.8   0.17976   0.01212
   6725.5   0.17954   0.01202
   6734.3   0.17922   0.01192
   6743.0   0.17872   0.01184
   6751.8   0.17813   0.01176
   6760.6   0.17733   0.01172
   6769.4   0.17642   0.01171
   6778.3   0.17528   0.01164
   6787.1   0.17405   0.01157
   6796.0   0.17263   0.01133
   6805.0   0.17132   0.01113
   6813.9   0.17011   0.01107
   6822.9   0.16905   0.01100
   6831.9   0.16789   0.01084
   6840.9   0.16683   0.01074
   6849.9   0.16580   0.01073
   6859.0   0.16480   0.01074
   6868.0   0.16364   0.01058
   6877.2   0.16272   0.01035
   6886.3   0.16186   0.01028
   6895.5   0.16106   0.01019
   6904.6   0.16028   0.01010
   6913.8   0.15955   0.01001
   6923.1   0.15877   0.00992
   6932.3   0.15800   0.00985
   6941.6   0.15718   0.00978
   6950.9   0.15646   0.00975
   6960.2   0.15563   0.00974
   6969.6   0.15482   0.00959
   6979.0   0.15399   0.00947
   6988.4   0.15321   0.00939
   6997.8   0.15233   0.00931
   7007.3   0.15150   0.00921
   7016.8   0.15059   0.00916
   7026.3   0.14973   0.00906
   7035.8   0.14887   0.00900
   7045.4   0.14802   0.00898
   7054.9   0.14713   0.00887
   7064.5   0.14641   0.00877
   7074.2   0.14565   0.00865
   7083.9   0.14493   0.00857
   7093.5   0.14413   0.00851
   7103.3   0.14340   0.00848
   7113.0   0.14263   0.00847
   7122.8   0.14188   0.00835
   7132.6   0.14109   0.00822
   7142.4   0.14033   0.00818
   7152.2   0.13944   0.00811
   7162.1   0.13858   0.00807
   7172.0   0.13762   0.00800
   7182.0   0.13669   0.00786
   7191.9   0.13574   0.00776
   7201.9   0.13484   0.00768
   7211.9   0.13377   0.00756
   7222.0   0.13272   0.00742
   7232.0   0.13165   0.00735
   7242.1   0.13066   0.00731
   7252.3   0.12964   0.00724
   7262.4   0.12867   0.00714
   7272.6   0.12766   0.00709
   7282.8   0.12670   0.00697
   7293.1   0.12567   0.00684
   7303.3   0.12468   0.00673
   7313.6   0.12367   0.00667
   7324.0   0.12277   0.00662
   7334.3   0.12174   0.00652
   7344.7   0.12069   0.00639
   7355.1   0.11958   0.00630
   7365.6   0.11848   0.00625
   7376.1   0.11726   0.00620
   7386.6   0.11606   0.00614
   7397.1   0.11476   0.00601
   7407.7   0.11350   0.00591
   7418.3   0.11220   0.00579
   7428.9   0.11095   0.00567
   7439.6   0.10958   0.00560
   7450.3   0.10827   0.00553
   7461.0   0.10688   0.00542
   7471.7   0.10552   0.00529
   7482.5   0.10406   0.00518
   7493.3   0.10266   0.00507
   7504.1   0.10118   0.00497
   7515.0   0.09968   0.00487
   7525.9   0.09803   0.00481
   7536.9   0.09646   0.00473
   7547.9   0.09480   0.00459
   7558.9   0.09317   0.00447
   7569.9   0.09145   0.00435
   7581.0   0.08983   0.00425
   7592.0   0.08814   0.00414
   7603.2   0.08652   0.00400
   7614.4   0.08479   0.00387
   7625.5   0.08310   0.00377
   7636.8   0.08135   0.00368
   7648.0   0.07970   0.00359
   7659.3   0.07791   0.00351
   7670.7   0.07614   0.00339
   7682.0   0.07426   0.00327
   7693.4   0.07247   0.00317
   7704.9   0.07055   0.00305
   7716.3   0.06865   0.00291
   7727.8   0.06666   0.00282
   7739.4   0.06481   0.00273
   7750.9   0.06287   0.00263
   7762.5   0.06098   0.00251
   7774.2   0.05896   0.00239
   7785.8   0.05704   0.00229
   7797.5   0.05504   0.00220
   7809.3   0.05317   0.00208
   7821.1   0.05122   0.00196
   7832.9   0.04934   0.00185
   7844.7   0.04735   0.00180
   7856.6   0.04545   0.00174
   7868.5   0.04347   0.00165
   7880.5   0.04160   0.00157
   7892.5   0.03966   0.00148
   7904.5   0.03780   0.00137
   7916.6   0.03585   0.00126
   7928.7   0.03406   0.00116
   7940.8   0.03224   0.00109
   7953.0   0.03057   0.00102
   7965.2   0.02883   0.00094
   7977.5   0.02721   0.00090
   7989.8   0.02556   0.00085
   8002.1   0.02411   0.00073
   8014.5   0.02262   0.00063
   8026.9   0.02130   0.00057
   8039.3   0.01995   0.00054
   8051.8   0.01882   0.00048
   8064.3   0.01764   0.00042
   8076.9   0.01661   0.00039
   8089.5   0.01560   0.00039
   8102.1   0.01478   0.00035
   8114.8   0.01396   0.00029
   8127.5   0.01329   0.00028
   8140.3   0.01259   0.00029
   8153.1   0.01206   0.00031
   8165.9   0.01147   0.00027
   8178.8   0.01109   0.00023
   8191.7   0.01066   0.00026
   8204.7   0.01041   0.00027
   8217.7   0.01015   0.00027
   8230.7   0.01003   0.00029
   8243.8   0.00987   0.00032
   8257.0   0.00986   0.00038
   8270.1   0.00977   0.00040
   8283.3   0.00984   0.00035
   8296.6   0.00985   0.00034
   8309.9   0.00995   0.00041
   8323.2   0.00999   0.00049
   8336.6   0.01015   0.00054
   8350.0   0.01024   0.00054
   8363.5   0.01037   0.00053
   8377.0   0.01045   0.00056
   8390.5   0.01062   0.00061
   8404.2   0.01067   0.00063
   8417.8   0.01085   0.00070
   8431.5   0.01099   0.00075
   8445.2   0.01119   0.00074
   8459.0   0.01127   0.00072
   8472.8   0.01143   0.00071
   8486.7   0.01149   0.00075
   8500.6   0.01163   0.00082
   8514.5   0.01171   0.00083
   8528.5   0.01187   0.00081
   8542.6   0.01188   0.00081
   8556.7   0.01196   0.00083
   8570.8   0.01201   0.00082
   8585.0   0.01213   0.00082
   8599.3   0.01216   0.00085
   8613.5   0.01226   0.00087
   8627.9   0.01225   0.00089
   8642.3   0.01229   0.00087
   8656.7   0.01225   0.00083
   8671.2   0.01233   0.00083
   8685.7   0.01233   0.00083
   8700.3   0.01240   0.00082
   8714.9   0.01236   0.00081
   8729.5   0.01244   0.00084
   8744.3   0.01242   0.00088
   8759.0   0.01243   0.00088
   8773.9   0.01240   0.00085
   8788.7   0.01248   0.00084
   8803.7   0.01244   0.00084
   8818.6   0.01244   0.00088
   8833.7   0.01238   0.00088
   8848.7   0.01239   0.00086
   8863.8   0.01232   0.00089
   8879.0   0.01234   0.00091
   8894.3   0.01228   0.00090
   8909.5   0.01231   0.00089
   8924.9   0.01228   0.00084
   8940.3   0.01229   0.00083
   8955.7   0.01220   0.00085
   8971.2   0.01227   0.00089
   8986.8   0.01226   0.00090
   9002.3   0.01227   0.00088
   9018.0   0.01224   0.00090
   9033.7   0.01233   0.00094
   9049.5   0.01229   0.00089
   9065.3   0.01234   0.00089
   9081.2   0.01232   0.00090
   9097.1   0.01234   0.00090
   9113.1   0.01226   0.00093
   9129.1   0.01227   0.00098
   9145.2   0.01219   0.00097
   9161.4   0.01216   0.00088
   9177.6   0.01206   0.00089
   9193.9   0.01202   0.00094
   9210.2   0.01192   0.00091
   9226.6   0.01196   0.00089
   9243.0   0.01196   0.00087
   9259.5   0.01204   0.00087
   9276.1   0.01205   0.00090
   9292.7   0.01210   0.00091
   9309.4   0.01206   0.00091
   9326.2   0.01211   0.00092
   9343.0   0.01211   0.00089
   9359.8   0.01216   0.00084
   9376.8   0.01211   0.00084
   9393.8   0.01217   0.00087
   9410.8   0.01213   0.00089
   9427.9   0.01219   0.00089
   9445.1   0.01221   0.00091
   9462.3   0.01229   0.00093
   9479.6   0.01234   0.00091
   9497.0   0.01244   0.00095
   9514.4   0.01247   0.00098
   9531.9   0.01257   0.00098
   9549.4   0.01264   0.00102
   9567.0   0.01275   0.00108
   9584.7   0.01278   0.00103
   9602.5   0.01286   0.00096
   9620.3   0.01290   0.00104
   9638.2   0.01299   0.00111
   9656.1   0.01303   0.00107
   9674.2   0.01309   0.00106
   9692.2   0.01309   0.00110
   9710.4   0.01323   0.00107
   9728.6   0.01329   0.00104
   9746.9   0.01335   0.00107
   9765.2   0.01333   0.00108
   9783.7   0.01341   0.00107
   9802.2   0.01344   0.00106
   9820.7   0.01352   0.00110
   9839.4   0.01353   0.00116
   9858.1   0.01359   0.00114
   9876.8   0.01357   0.00115
   9895.7   0.01363   0.00118
   9914.6   0.01362   0.00117
   9933.6   0.01369   0.00114
   9952.7   0.01371   0.00114
   9971.8   0.01377   0.00112
   9991.0   0.01379   0.00111
  10010.3   0.01389   0.00117
  10029.7   0.01389   0.00123
  10049.1   0.01398   0.00124
  10068.6   0.01406   0.00120
  10088.2   0.01419   0.00116
  10107.9   0.01429   0.00125
  10127.6   0.01439   0.00127
  10147.5   0.01440   0.00126
  10167.3   0.01449   0.00127
  10187.3   0.01454   0.00125
  10207.4   0.01469   0.00125
  10227.5   0.01476   0.00130
  10247.7   0.01491   0.00132
  10268.0   0.01506   0.00136
  10288.4   0.01526   0.00133
  10308.8   0.01540   0.00130
  10329.4   0.01559   0.00133
  10350.0   0.01579   0.00136
  10370.7   0.01605   0.00134
  10391.5   0.01619   0.00137
  10412.3   0.01639   0.00147
  10433.3   0.01652   0.00145
  10454.3   0.01674   0.00141
  10475.4   0.01692   0.00144
  10496.7   0.01709   0.00143
  10517.9   0.01721   0.00145
  10539.3   0.01743   0.00147
  10560.8   0.01756   0.00148
  10582.3   0.01776   0.00146
  10604.0   0.01788   0.00150
  10625.7   0.01808   0.00153
  10647.5   0.01821   0.00157
  10669.4   0.01836   0.00157
  10691.4   0.01850   0.00160
  10713.5   0.01872   0.00157
  10735.7   0.01891   0.00160
  10758.0   0.01914   0.00167
  10780.3   0.01930   0.00169
  10802.8   0.01945   0.00163
  10825.4   0.01957   0.00161
  10848.0   0.01976   0.00159
  10870.8   0.01982   0.00159
  10893.6   0.01992   0.00160
  10916.5   0.01997   0.00161
  10939.5   0.02008   0.00162
  10962.7   0.02016   0.00168
  10985.9   0.02027   0.00175
  11009.2   0.02035   0.00175
  11032.7   0.02052   0.00174
  11056.2   0.02066   0.00179
  11079.8   0.02089   0.00183
  11103.5   0.02114   0.00188
  11127.4   0.02143   0.00189
  11151.3   0.02168   0.00188
  11175.3   0.02204   0.00187
  11199.5   0.02237   0.00189
  11223.7   0.02273   0.00198
  11248.0   0.02310   0.00202
  11272.5   0.02356   0.00205
  11297.1   0.02405   0.00212
  11321.7   0.02462   0.00220
  11346.5   0.02515   0.00219
  11371.4   0.02577   0.00219
  11396.4   0.02632   0.00227
  11421.5   0.02683   0.00238
  11446.7   0.02730   0.00248
  11472.0   0.02777   0.00250
  11497.5   0.02816   0.00253
  11523.0   0.02863   0.00258
  11548.7   0.02905   0.00264
  11574.4   0.02949   0.00263
  11600.3   0.02983   0.00268
  11626.3   0.03020   0.00278
  11652.5   0.03058   0.00276
  11678.7   0.03105   0.00276
  11705.1   0.03143   0.00281
  11731.6   0.03182   0.00283
  11758.2   0.03221   0.00285
  11784.9   0.03272   0.00286
  11811.7   0.03308   0.00295
  11838.7   0.03341   0.00303
  11865.8   0.03370   0.00303
  11893.0   0.03399   0.00303
  11920.3   0.03431   0.00307
  11947.8   0.03475   0.00307
  11975.4   0.03512   0.00303
  12003.1   0.03562   0.00311
  12031.0   0.03618   0.00322
  12059.0   0.03671   0.00319
  12087.1   0.03712   0.00323
  12115.3   0.03755   0.00325
  12143.7   0.03784   0.00317
  12172.2   0.03811   0.00322
  12200.8   0.03824   0.00326
  12229.6   0.03834   0.00327
  12258.5   0.03825   0.00324
  12287.6   0.03802   0.00321
  12316.8   0.03776   0.00321
  12346.1   0.03748   0.00309
  12375.5   0.03695   0.00314
  12405.2   0.03633   0.00319
  12434.9   0.03564   0.00317
  12464.8   0.03496   0.00304
  12494.8   0.03419   0.00290
  12525.0   0.03337   0.00283
  12555.3   0.03243   0.00278
  12585.8   0.03158   0.00267
  12616.4   0.03074   0.00271
  12647.2   0.02994   0.00266
  12678.1   0.02896   0.00256
  12709.2   0.02795   0.00243
  12740.4   0.02685   0.00241
  12771.8   0.02580   0.00233
  12803.3   0.02476   0.00224
  12835.0   0.02381   0.00220
  12866.9   0.02287   0.00210
  12898.9   0.02217   0.00191
  12931.1   0.02164   0.00182
  12963.4   0.02115   0.00173
  12995.9   0.02069   0.00177
  13028.5   0.02045   0.00190
  13061.3   0.02005   0.00198
  13094.3   0.01957   0.00193
  13127.5   0.01908   0.00177
  13160.8   0.01884   0.00154
  13194.3   0.01874   0.00156
  13228.0   0.01882   0.00163
  13261.8   0.01895   0.00159
  13295.8   0.01908   0.00165
  13330.0   0.01913   0.00169
  13364.3   0.01923   0.00162
  13398.8   0.01912   0.00157
  13433.6   0.01893   0.00159
  13468.5   0.01864   0.00168
  13503.5   0.01833   0.00165
  13538.8   0.01781   0.00166
  13574.2   0.01738   0.00165
  13609.9   0.01715   0.00157
  13645.7   0.01712   0.00163
  13681.7   0.01728   0.00181
  13717.9   0.01728   0.00159
  13754.3   0.01711   0.00132
  13790.8   0.01727   0.00142
  13827.6   0.01741   0.00159
  13864.6   0.01763   0.00163
  13901.8   0.01784   0.00160
  13939.2   0.01797   0.00173
  13976.7   0.01783   0.00171
  14014.5   0.01774   0.00164
  14052.5   0.01766   0.00159
  14090.7   0.01744   0.00161
  14129.0   0.01702   0.00151
  14167.6   0.01663   0.00140
  14206.5   0.01617   0.00152
  14245.5   0.01578   0.00146
  14284.7   0.01552   0.00150
  14324.2   0.01531   0.00152
  14363.9   0.01508   0.00138
  14403.8   0.01493   0.00137
  14443.9   0.01472   0.00136
  14484.3   0.01450   0.00135
  14524.8   0.01429   0.00133
  14565.6   0.01415   0.00109
  14606.7   0.01392   0.00118
  14647.9   0.01386   0.00134
  14689.4   0.01378   0.00132
  14731.2   0.01377   0.00140
  14773.1   0.01372   0.00139
  14815.3   0.01368   0.00121
  14857.8   0.01381   0.00123
  14900.5   0.01389   0.00122
  14943.4   0.01381   0.00134
  14986.6   0.01420   0.00136
  15030.0   0.01435   0.00126
  15073.7   0.01451   0.00134
  15117.7   0.01486   0.00144
  15161.9   0.01518   0.00135
  15206.3   0.01532   0.00135
  15251.1   0.01537   0.00140
  15296.1   0.01530   0.00131
  15341.3   0.01532   0.00128
  15386.8   0.01522   0.00144
  15432.6   0.01490   0.00138
  15478.7   0.01447   0.00122
  15525.0   0.01417   0.00110
  15571.7   0.01389   0.00100
  15618.6   0.01381   0.00116
  15665.8   0.01376   0.00154
  15713.2   0.01347   0.00144
  15761.0   0.01323   0.00111
  15809.0   0.01318   0.00094
  15857.4   0.01313   0.00112
  15906.0   0.01329   0.00130
  15955.0   0.01330   0.00149
  16004.2   0.01326   0.00150
  16053.8   0.01333   0.00136
  16103.6   0.01355   0.00129
  16153.8   0.01363   0.00118
  16204.3   0.01364   0.00097
  16255.1   0.01356   0.00117
  16306.2   0.01356   0.00152
  16357.6   0.01372   0.00144
  16409.4   0.01375   0.00112
  16461.5   0.01365   0.00105
  16513.9   0.01390   0.00123
  16566.7   0.01412   0.00132
  16619.8   0.01428   0.00128
  16673.2   0.01431   0.00140
  16727.0   0.01437   0.00169
  16781.1   0.01449   0.00165
  16835.6   0.01472   0.00155
  16890.5   0.01488   0.00161
  16945.7   0.01519   0.00144
  17001.2   0.01546   0.00140
  17057.2   0.01561   0.00148
  17113.4   0.01589   0.00157
  17170.1   0.01597   0.00158
  17227.2   0.01586   0.00159
  17284.6   0.01586   0.00125
  17342.4   0.01594   0.00121
  17400.6   0.01589   0.00153
  17459.2   0.01571   0.00191
  17518.2   0.01581   0.00190
  17577.5   0.01615   0.00178
  17637.3   0.01637   0.00151
  17697.5   0.01660   0.00147
  17758.1   0.01705   0.00167
  17819.2   0.01711   0.00197
  17880.6   0.01703   0.00197
  17942.5   0.01729   0.00203
  18004.8   0.01746   0.00214
  18067.5   0.01719   0.00226
  18130.7   0.01706   0.00207
  18194.3   0.01697   0.00184
  18258.4   0.01697   0.00159
  18322.9   0.01694   0.00182
  18387.9   0.01687   0.00174
  18453.3   0.01699   0.00165
  18519.2   0.01732   0.00181
  18585.6   0.01749   0.00203
  18652.4   0.01768   0.00179
  18719.8   0.01804   0.00165
  18787.6   0.01839   0.00191
  18855.9   0.01861   0.00212
  18924.7   0.01852   0.00190
  18994.1   0.01843   0.00197
  19063.9   0.01841   0.00206
  19134.2   0.01841   0.00216
  19205.1   0.01819   0.00203
  19276.5   0.01804   0.00163
  19348.4   0.01814   0.00158
  19420.9   0.01803   0.00186
  19493.9   0.01763   0.00179
  19567.5   0.01755   0.00186
  19641.6   0.01754   0.00168
  19716.3   0.01739   0.00152
  19791.5   0.01723   0.00163
  19867.3   0.01703   0.00204
  19943.8   0.01647   0.00215
  20020.8   0.01609   0.00194
  20098.4   0.01600   0.00151
  20176.6   0.01576   0.00139
  20255.4   0.01541   0.00154
  20334.8   0.01514   0.00172
  20414.9   0.01468   0.00162
  20495.6   0.01438   0.00165
  20576.9   0.01441   0.00159
  20658.9   0.01452   0.00190
  20741.5   0.01457   0.00192
  20824.8   0.01481   0.00162
  20908.8   0.01506   0.00141
  20993.4   0.01484   0.00166
  21078.8   0.01459   0.00181
  21164.8   0.01452   0.00196
  21251.6   0.01446   0.00179
  21339.0   0.01460   0.00162
  21427.2   0.01484   0.00155
  21516.1   0.01504   0.00113
  21605.8   0.01535   0.00084
  21696.2   0.01496   0.00123
  21787.3   0.01463   0.00161
  21879.3   0.01525   0.00240
  21972.0   0.01512   0.00229
  22065.5   0.01484   0.00172
  22159.7   0.01489   0.00191
  22254.8   0.01490   0.00230
  22350.8   0.01479   0.00175
  22447.5   0.01456   0.00136
  22545.1   0.01432   0.00118
  22643.6   0.01381   0.00130
  22742.9   0.01366   0.00197
  22843.1   0.01395   0.00228
  22944.2   0.01405   0.00154
  23046.2   0.01423   0.00093
  23149.0   0.01447   0.00112
  23252.8   0.01454   0.00262
  23357.6   0.01463   0.00257
  23463.3   0.01465   0.00180
  23569.9   0.01360   0.00113
  23677.5   0.01381   0.00145
  23786.1   0.01517   0.00159
  23895.8   0.01534   0.00231
  24006.4   0.01538   0.00172
  24118.0   0.01588   0.00054
  24230.7   0.01599   0.00044
  24344.5   0.01633   0.00205
  24459.4   0.01642   0.00282
  24575.3   0.01674   0.00366
  24692.3   0.01628   0.00384
  24810.4   0.01703   0.00356
  24929.7   0.01868   0.00126
  25050.2   0.01933   0.00039



 BMR1LR100   .ASC                        

 LR-CMP-100                                                              
 62231,35 <10 um (off-axis)                                              

 Source Ang: 30.00   Detect Ang:  0.00  Volt: 1.777
 Date: 10-OCT-02   Time: 15:55:45
