   643
    833.1   0.05514
    834.2   0.05508
    835.3   0.05517
    836.3   0.05515
    837.4   0.05504
    838.5   0.05511
    839.6   0.05509
    840.7   0.05514
    841.8   0.05528
    842.9   0.05522
    844.0   0.05527
    845.1   0.05540
    846.2   0.05539
    847.3   0.05516
    848.4   0.05503
    849.5   0.05499
    850.6   0.05500
    851.7   0.05515
    852.9   0.05519
    854.0   0.05526
    855.1   0.05534
    856.2   0.05511
    857.4   0.05493
    858.5   0.05495
    859.7   0.05501
    860.8   0.05518
    861.9   0.05505
    863.1   0.05480
    864.2   0.05469
    865.4   0.05469
    866.5   0.05467
    867.7   0.05475
    868.9   0.05487
    870.0   0.05488
    871.2   0.05493
    872.4   0.05493
    873.5   0.05481
    874.7   0.05474
    875.9   0.05466
    877.1   0.05458
    878.3   0.05458
    879.5   0.05449
    880.7   0.05441
    881.9   0.05448
    883.1   0.05454
    884.3   0.05451
    885.5   0.05453
    886.7   0.05462
    887.9   0.05463
    889.1   0.05461
    890.3   0.05463
    891.6   0.05453
    892.8   0.05436
    894.0   0.05430
    895.3   0.05440
    896.5   0.05444
    897.8   0.05444
    899.0   0.05449
    900.2   0.05441
    901.5   0.05426
    902.8   0.05427
    904.0   0.05430
    905.3   0.05429
    906.5   0.05419
    907.8   0.05416
    909.1   0.05418
    910.3   0.05416
    911.6   0.05419
    912.9   0.05421
    914.2   0.05422
    915.5   0.05427
    916.8   0.05426
    918.1   0.05419
    919.4   0.05426
    920.7   0.05431
    922.0   0.05430
    923.3   0.05433
    924.6   0.05439
    926.0   0.05443
    927.3   0.05439
    928.6   0.05430
    929.9   0.05430
    931.3   0.05439
    932.6   0.05443
    934.0   0.05449
    935.3   0.05449
    936.7   0.05444
    938.0   0.05449
    939.4   0.05452
    940.7   0.05454
    942.1   0.05463
    943.5   0.05464
    944.9   0.05470
    946.2   0.05473
    947.6   0.05469
    949.0   0.05470
    950.4   0.05476
    951.8   0.05478
    953.2   0.05481
    954.6   0.05479
    956.0   0.05480
    957.4   0.05486
    958.8   0.05491
    960.3   0.05494
    961.7   0.05503
    963.1   0.05505
    964.5   0.05506
    966.0   0.05509
    967.4   0.05514
    968.9   0.05523
    970.3   0.05529
    971.8   0.05534
    973.2   0.05537
    974.7   0.05540
    976.2   0.05545
    977.6   0.05549
    979.1   0.05554
    980.6   0.05559
    982.1   0.05561
    983.6   0.05569
    985.1   0.05575
    986.6   0.05584
    988.1   0.05589
    989.6   0.05594
    991.1   0.05599
    992.6   0.05607
    994.1   0.05615
    995.7   0.05618
    997.2   0.05622
    998.7   0.05630
   1000.3   0.05638
   1001.8   0.05647
   1003.4   0.05652
   1004.9   0.05656
   1006.5   0.05662
   1008.0   0.05669
   1009.6   0.05678
   1011.2   0.05681
   1012.8   0.05684
   1014.3   0.05691
   1015.9   0.05702
   1017.5   0.05709
   1019.1   0.05715
   1020.7   0.05723
   1022.3   0.05731
   1024.0   0.05735
   1025.6   0.05743
   1027.2   0.05751
   1028.8   0.05759
   1030.5   0.05768
   1032.1   0.05777
   1033.8   0.05785
   1035.4   0.05791
   1037.1   0.05799
   1038.7   0.05811
   1040.4   0.05823
   1042.1   0.05830
   1043.8   0.05836
   1045.4   0.05844
   1047.1   0.05851
   1048.8   0.05857
   1050.5   0.05868
   1052.2   0.05878
   1053.9   0.05884
   1055.7   0.05895
   1057.4   0.05906
   1059.1   0.05917
   1060.8   0.05928
   1062.6   0.05938
   1064.3   0.05946
   1066.1   0.05956
   1067.8   0.05967
   1069.6   0.05974
   1071.3   0.05982
   1073.1   0.05995
   1074.9   0.06006
   1076.7   0.06016
   1078.5   0.06025
   1080.3   0.06035
   1082.1   0.06046
   1083.9   0.06055
   1085.7   0.06066
   1087.5   0.06076
   1089.4   0.06086
   1091.2   0.06096
   1093.0   0.06109
   1094.9   0.06120
   1096.7   0.06131
   1098.6   0.06141
   1100.5   0.06151
   1102.3   0.06162
   1104.2   0.06173
   1106.1   0.06185
   1108.0   0.06194
   1109.9   0.06204
   1111.8   0.06215
   1113.7   0.06225
   1115.6   0.06232
   1117.5   0.06243
   1119.5   0.06255
   1121.4   0.06264
   1123.3   0.06275
   1125.3   0.06285
   1127.3   0.06297
   1129.2   0.06308
   1131.2   0.06319
   1133.2   0.06328
   1135.2   0.06339
   1137.1   0.06351
   1139.1   0.06363
   1141.1   0.06372
   1143.2   0.06382
   1145.2   0.06392
   1147.2   0.06401
   1149.2   0.06410
   1151.3   0.06421
   1153.3   0.06432
   1155.4   0.06441
   1157.4   0.06451
   1159.5   0.06461
   1161.6   0.06469
   1163.7   0.06478
   1165.8   0.06487
   1167.9   0.06497
   1170.0   0.06507
   1172.1   0.06517
   1174.2   0.06526
   1176.3   0.06536
   1178.5   0.06546
   1180.6   0.06556
   1182.8   0.06566
   1184.9   0.06577
   1187.1   0.06586
   1189.3   0.06594
   1191.5   0.06602
   1193.7   0.06612
   1195.9   0.06622
   1198.1   0.06630
   1200.3   0.06638
   1202.5   0.06649
   1204.8   0.06658
   1207.0   0.06669
   1209.3   0.06680
   1211.5   0.06689
   1213.8   0.06697
   1216.1   0.06707
   1218.4   0.06718
   1220.7   0.06728
   1223.0   0.06737
   1225.3   0.06747
   1227.6   0.06759
   1229.9   0.06769
   1232.3   0.06778
   1234.6   0.06787
   1237.0   0.06797
   1239.3   0.06809
   1241.7   0.06820
   1244.1   0.06829
   1246.5   0.06837
   1248.9   0.06848
   1251.3   0.06859
   1253.7   0.06868
   1256.1   0.06880
   1258.6   0.06891
   1261.0   0.06902
   1263.5   0.06913
   1265.9   0.06925
   1268.4   0.06936
   1270.9   0.06948
   1273.4   0.06961
   1275.9   0.06972
   1278.4   0.06981
   1281.0   0.06991
   1283.5   0.07004
   1286.1   0.07016
   1288.6   0.07027
   1291.2   0.07040
   1293.8   0.07052
   1296.3   0.07063
   1298.9   0.07075
   1301.5   0.07087
   1304.2   0.07100
   1306.8   0.07113
   1309.4   0.07125
   1312.1   0.07138
   1314.7   0.07150
   1317.4   0.07162
   1320.1   0.07176
   1322.8   0.07188
   1325.5   0.07200
   1328.2   0.07212
   1330.9   0.07225
   1333.7   0.07238
   1336.4   0.07252
   1339.2   0.07266
   1342.0   0.07279
   1344.8   0.07292
   1347.5   0.07306
   1350.3   0.07321
   1353.2   0.07335
   1356.0   0.07348
   1358.8   0.07361
   1361.7   0.07375
   1364.6   0.07388
   1367.4   0.07402
   1370.3   0.07416
   1373.2   0.07429
   1376.2   0.07442
   1379.1   0.07456
   1382.0   0.07470
   1385.0   0.07484
   1387.9   0.07498
   1390.9   0.07514
   1393.9   0.07527
   1396.9   0.07539
   1399.9   0.07552
   1403.0   0.07566
   1406.0   0.07580
   1409.1   0.07595
   1412.1   0.07610
   1415.2   0.07624
   1418.3   0.07638
   1421.4   0.07653
   1424.6   0.07668
   1427.7   0.07682
   1430.8   0.07696
   1434.0   0.07710
   1437.2   0.07723
   1440.4   0.07738
   1443.6   0.07754
   1446.8   0.07768
   1450.0   0.07782
   1453.3   0.07794
   1456.6   0.07808
   1459.8   0.07822
   1463.1   0.07836
   1466.4   0.07850
   1469.8   0.07864
   1473.1   0.07879
   1476.5   0.07893
   1479.8   0.07907
   1483.2   0.07921
   1486.6   0.07934
   1490.0   0.07948
   1493.5   0.07962
   1496.9   0.07976
   1500.4   0.07988
   1503.9   0.08002
   1507.4   0.08015
   1510.9   0.08029
   1514.4   0.08043
   1518.0   0.08056
   1521.5   0.08069
   1525.1   0.08082
   1528.7   0.08095
   1532.3   0.08107
   1535.9   0.08120
   1539.6   0.08134
   1543.3   0.08147
   1546.9   0.08159
   1550.6   0.08173
   1554.4   0.08186
   1558.1   0.08199
   1561.8   0.08212
   1565.6   0.08225
   1569.4   0.08237
   1573.2   0.08250
   1577.1   0.08263
   1580.9   0.08274
   1584.8   0.08287
   1588.7   0.08299
   1592.6   0.08311
   1596.5   0.08323
   1600.4   0.08335
   1604.4   0.08347
   1608.4   0.08360
   1612.4   0.08373
   1616.4   0.08385
   1620.4   0.08397
   1624.5   0.08409
   1628.6   0.08422
   1632.7   0.08434
   1636.8   0.08446
   1640.9   0.08457
   1645.1   0.08468
   1649.3   0.08481
   1653.5   0.08493
   1657.7   0.08505
   1662.0   0.08517
   1666.3   0.08529
   1670.5   0.08542
   1674.9   0.08554
   1679.2   0.08566
   1683.6   0.08579
   1687.9   0.08591
   1692.3   0.08603
   1696.8   0.08615
   1701.2   0.08627
   1705.7   0.08639
   1710.2   0.08651
   1714.7   0.08664
   1719.3   0.08677
   1723.9   0.08690
   1728.4   0.08701
   1733.1   0.08713
   1737.7   0.08726
   1742.4   0.08739
   1747.1   0.08752
   1751.8   0.08764
   1756.6   0.08777
   1761.3   0.08789
   1766.1   0.08803
   1771.0   0.08816
   1775.8   0.08829
   1780.7   0.08841
   1785.6   0.08854
   1790.5   0.08867
   1795.5   0.08880
   1800.5   0.08893
   1805.5   0.08907
   1810.5   0.08921
   1815.6   0.08934
   1820.7   0.08947
   1825.8   0.08961
   1831.0   0.08975
   1836.2   0.08990
   1841.4   0.09004
   1846.6   0.09020
   1851.9   0.09034
   1857.2   0.09048
   1862.6   0.09062
   1867.9   0.09075
   1873.3   0.09089
   1878.8   0.09104
   1884.2   0.09119
   1889.7   0.09133
   1895.2   0.09148
   1900.8   0.09162
   1906.4   0.09176
   1912.0   0.09190
   1917.7   0.09206
   1923.4   0.09221
   1929.1   0.09237
   1934.8   0.09253
   1940.6   0.09270
   1946.5   0.09287
   1952.3   0.09304
   1958.2   0.09320
   1964.2   0.09337
   1970.1   0.09353
   1976.1   0.09370
   1982.2   0.09387
   1988.3   0.09404
   1994.4   0.09422
   2000.5   0.09439
   2006.7   0.09457
   2012.9   0.09475
   2019.2   0.09492
   2025.5   0.09510
   2031.9   0.09529
   2038.3   0.09549
   2044.7   0.09568
   2051.2   0.09587
   2057.7   0.09607
   2064.2   0.09627
   2070.8   0.09647
   2077.5   0.09667
   2084.1   0.09688
   2090.9   0.09708
   2097.6   0.09728
   2104.4   0.09748
   2111.3   0.09769
   2118.2   0.09790
   2125.1   0.09812
   2132.1   0.09833
   2139.2   0.09855
   2146.3   0.09876
   2153.4   0.09898
   2160.6   0.09920
   2167.8   0.09942
   2175.1   0.09964
   2182.4   0.09986
   2189.8   0.10010
   2197.2   0.10034
   2204.7   0.10058
   2212.2   0.10083
   2219.8   0.10109
   2227.4   0.10134
   2235.1   0.10160
   2242.8   0.10187
   2250.6   0.10213
   2258.4   0.10239
   2266.3   0.10265
   2274.3   0.10293
   2282.3   0.10320
   2290.4   0.10348
   2298.5   0.10377
   2306.7   0.10405
   2314.9   0.10434
   2323.2   0.10463
   2331.6   0.10493
   2340.0   0.10523
   2348.4   0.10554
   2357.0   0.10584
   2365.6   0.10614
   2374.3   0.10645
   2383.0   0.10677
   2391.8   0.10709
   2400.6   0.10741
   2409.6   0.10773
   2418.6   0.10806
   2427.6   0.10840
   2436.7   0.10873
   2445.9   0.10907
   2455.2   0.10940
   2464.5   0.10975
   2473.9   0.11010
   2483.4   0.11046
   2493.0   0.11083
   2502.6   0.11119
   2512.3   0.11155
   2522.1   0.11191
   2531.9   0.11226
   2541.9   0.11263
   2551.9   0.11301
   2561.9   0.11338
   2572.1   0.11375
   2582.4   0.11413
   2592.7   0.11450
   2603.1   0.11485
   2613.6   0.11519
   2624.2   0.11553
   2634.9   0.11585
   2645.6   0.11614
   2656.4   0.11643
   2667.4   0.11667
   2678.4   0.11683
   2689.5   0.11692
   2700.7   0.11691
   2712.0   0.11682
   2723.4   0.11665
   2734.9   0.11637
   2746.5   0.11595
   2758.2   0.11542
   2770.0   0.11484
   2781.9   0.11433
   2793.9   0.11393
   2805.9   0.11367
   2818.1   0.11356
   2830.4   0.11358
   2842.9   0.11369
   2855.4   0.11387
   2868.0   0.11409
   2880.8   0.11432
   2893.6   0.11456
   2906.6   0.11482
   2919.7   0.11509
   2932.9   0.11536
   2946.2   0.11564
   2959.7   0.11594
   2973.3   0.11626
   2987.0   0.11660
   3000.8   0.11696
   3014.8   0.11732
   3028.8   0.11767
   3043.1   0.11803
   3057.4   0.11838
   3071.9   0.11872
   3086.5   0.11908
   3101.3   0.11947
   3116.2   0.11987
   3131.3   0.12026
   3146.5   0.12064
   3161.8   0.12103
   3177.3   0.12141
   3193.0   0.12179
   3208.8   0.12217
   3224.7   0.12256
   3240.9   0.12293
   3257.1   0.12329
   3273.6   0.12367
   3290.2   0.12404
   3307.0   0.12440
   3324.0   0.12473
   3341.1   0.12503
   3358.4   0.12524
   3375.9   0.12549
   3393.6   0.12582
   3411.4   0.12613
   3429.5   0.12651
   3447.7   0.12695
   3466.2   0.12732
   3484.8   0.12765
   3503.6   0.12804
   3522.7   0.12845
   3541.9   0.12885
   3561.4   0.12921
   3581.1   0.12954
   3601.0   0.12989
   3621.1   0.13023
   3641.4   0.13056
   3662.0   0.13091
   3682.8   0.13127
   3703.8   0.13162
   3725.1   0.13196
   3746.7   0.13230
   3768.4   0.13263
   3790.5   0.13295
   3812.8   0.13325
   3835.3   0.13351
   3858.2   0.13375
   3881.3   0.13401
   3904.6   0.13426
   3928.3   0.13447
   3952.3   0.13468
   3976.5   0.13490
   4001.1   0.13510
   4025.9   0.13530
   4051.1   0.13547
   4076.6   0.13565
   4102.4   0.13581
   4128.5   0.13596
   4155.0   0.13615
   4181.8   0.13634
   4208.9   0.13646
   4236.4   0.13656
   4264.3   0.13666
   4292.5   0.13669
   4321.1   0.13671
   4350.1   0.13677
   4379.5   0.13686
   4409.3   0.13696
   4439.5   0.13702
   4470.2   0.13695
   4501.2   0.13677
   4532.7   0.13647
   4564.6   0.13595
   4597.0   0.13532
   4629.8   0.13454
   4663.1   0.13364
   4696.9   0.13271
   4731.2   0.13173
   4766.0   0.13078



 BNR1DH032           .ASC                        

 DH-CMP-032                                                              
 70181, Collection length: 295.97 sec                                                                   

 Source Ang: 30.00   Detect Ang:  0.00  Volt: 1.222
 Date: 24-OCT-13   Time: 16:38:57
