   461
    300.0   0.07802   0.00341
    305.0   0.07900   0.00208
    310.0   0.07801   0.00027
    315.0   0.08038   0.00034
    320.0   0.07706   0.00007
    325.0   0.07745   0.00095
    330.0   0.07799   0.00079
    335.0   0.07928   0.00069
    340.0   0.08014   0.00025
    345.0   0.08178   0.00114
    350.0   0.08375   0.00090
    355.0   0.08569   0.00041
    360.0   0.08782   0.00005
    365.0   0.09060   0.00056
    370.0   0.09372   0.00030
    375.0   0.09726   0.00008
    380.0   0.10023   0.00051
    385.0   0.10431   0.00037
    390.0   0.10712   0.00013
    395.0   0.11132   0.00071
    400.0   0.11446   0.00111
    405.0   0.11849   0.00134
    410.0   0.12102   0.00002
    415.0   0.12471   0.00027
    420.0   0.12855   0.00024
    425.0   0.13204   0.00028
    430.0   0.13673   0.00021
    435.0   0.14011   0.00031
    440.0   0.14527   0.00025
    445.0   0.14800   0.00016
    450.0   0.15003   0.00040
    455.0   0.15162   0.00030
    460.0   0.15336   0.00034
    465.0   0.15415   0.00012
    470.0   0.15519   0.00012
    475.0   0.15657   0.00029
    480.0   0.15813   0.00029
    485.0   0.15986   0.00011
    490.0   0.16207   0.00037
    495.0   0.16466   0.00009
    500.0   0.16742   0.00021
    505.0   0.17066   0.00011
    510.0   0.17465   0.00013
    515.0   0.17862   0.00038
    520.0   0.18235   0.00037
    525.0   0.18615   0.00035
    530.0   0.18958   0.00019
    535.0   0.19295   0.00037
    540.0   0.19577   0.00013
    545.0   0.19851   0.00044
    550.0   0.20118   0.00024
    555.0   0.20279   0.00015
    560.0   0.20507   0.00023
    565.0   0.20674   0.00010
    570.0   0.20830   0.00014
    575.0   0.20926   0.00018
    580.0   0.21029   0.00004
    585.0   0.21160   0.00010
    590.0   0.21258   0.00002
    595.0   0.21307   0.00007
    600.0   0.21407   0.00008
    605.0   0.21511   0.00001
    610.0   0.21622   0.00011
    615.0   0.21713   0.00017
    620.0   0.21776   0.00027
    625.0   0.21860   0.00014
    630.0   0.21937   0.00007
    635.0   0.21997   0.00012
    640.0   0.22074   0.00049
    645.0   0.22130   0.00015
    650.0   0.22258   0.00024
    655.0   0.22294   0.00035
    660.0   0.22365   0.00003
    665.0   0.22388   0.00027
    670.0   0.22458   0.00057
    675.0   0.22569   0.00000
    680.0   0.22631   0.00026
    685.0   0.22692   0.00042
    690.0   0.22812   0.00016
    695.0   0.22849   0.00036
    700.0   0.22947   0.00046
    705.0   0.23008   0.00021
    710.0   0.23036   0.00024
    715.0   0.23112   0.00051
    720.0   0.23166   0.00046
    725.0   0.23231   0.00026
    730.0   0.23232   0.00076
    735.0   0.23267   0.00075
    740.0   0.23290   0.00075
    745.0   0.23321   0.00075
    750.0   0.23404   0.00084
    755.0   0.23380   0.00076
    760.0   0.23410   0.00082
    765.0   0.23364   0.00078
    770.0   0.23289   0.00077
    775.0   0.23314   0.00087
    780.0   0.23351   0.00090
    785.0   0.23293   0.00118
    790.0   0.23305   0.00064
    795.0   0.23171   0.00128
    800.0   0.23179   0.00053
    805.0   0.23124   0.00062
    810.0   0.23065   0.00064
    815.0   0.22936   0.00054
    820.0   0.22903   0.00049
    825.0   0.22864   0.00111
    830.0   0.22719   0.00084
    835.0   0.22673   0.00058
    840.0   0.22633   0.00106
    845.0   0.22509   0.00108
    850.0   0.22446   0.00120
    855.0   0.22321   0.00081
    860.0   0.22314   0.00143
    865.0   0.22069   0.00130
    870.0   0.21988   0.00066
    875.0   0.21859   0.00046
    880.0   0.21884   0.00021
    885.0   0.21726   0.00008
    890.0   0.21695   0.00001
    895.0   0.21565   0.00026
    900.0   0.21565   0.00030
    905.0   0.21521   0.00097
    910.0   0.21492   0.00047
    915.0   0.21470   0.00083
    920.0   0.21391   0.00165
    925.0   0.21398   0.00088
    930.0   0.21371   0.00053
    935.0   0.21323   0.00051
    940.0   0.21323   0.00095
    945.0   0.21385   0.00033
    950.0   0.21346   0.00176
    955.0   0.21433   0.00088
    960.0   0.21475   0.00032
    965.0   0.21535   0.00057
    970.0   0.21582   0.00098
    975.0   0.21635   0.00151
    980.0   0.21729   0.00130
    985.0   0.21756   0.00081
    990.0   0.21825   0.00093
    995.0   0.21922   0.00150
   1000.0   0.21983   0.00150
   1005.0   0.22040   0.00089
   1010.0   0.22167   0.00073
   1015.0   0.22208   0.00102
   1020.0   0.22258   0.00157
   1025.0   0.22401   0.00146
   1030.0   0.22484   0.00160
   1035.0   0.22609   0.00122
   1040.0   0.22694   0.00138
   1045.0   0.22794   0.00104
   1050.0   0.22902   0.00134
   1055.0   0.23030   0.00131
   1060.0   0.23134   0.00165
   1065.0   0.23207   0.00120
   1070.0   0.23373   0.00152
   1075.0   0.23456   0.00134
   1080.0   0.23537   0.00067
   1085.0   0.23683   0.00153
   1090.0   0.23789   0.00133
   1095.0   0.23938   0.00077
   1100.0   0.24033   0.00160
   1105.0   0.24095   0.00137
   1110.0   0.24218   0.00154
   1115.0   0.24350   0.00135
   1120.0   0.24440   0.00183
   1125.0   0.24517   0.00110
   1130.0   0.24628   0.00111
   1135.0   0.24692   0.00099
   1140.0   0.24813   0.00141
   1145.0   0.24904   0.00190
   1150.0   0.24979   0.00132
   1155.0   0.25084   0.00120
   1160.0   0.25120   0.00106
   1165.0   0.25202   0.00136
   1170.0   0.25286   0.00110
   1175.0   0.25337   0.00095
   1180.0   0.25379   0.00158
   1185.0   0.25515   0.00147
   1190.0   0.25557   0.00141
   1195.0   0.25620   0.00100
   1200.0   0.25715   0.00162
   1205.0   0.25731   0.00176
   1210.0   0.25796   0.00143
   1215.0   0.25887   0.00196
   1220.0   0.25911   0.00171
   1225.0   0.25987   0.00221
   1230.0   0.25998   0.00194
   1235.0   0.26102   0.00140
   1240.0   0.26145   0.00182
   1245.0   0.26255   0.00211
   1250.0   0.26239   0.00170
   1255.0   0.26308   0.00176
   1260.0   0.26387   0.00148
   1265.0   0.26394   0.00130
   1270.0   0.26448   0.00157
   1275.0   0.26539   0.00124
   1280.0   0.26623   0.00149
   1285.0   0.26633   0.00177
   1290.0   0.26732   0.00155
   1295.0   0.26792   0.00147
   1300.0   0.26859   0.00166
   1305.0   0.26923   0.00150
   1310.0   0.26966   0.00174
   1315.0   0.27048   0.00154
   1320.0   0.27115   0.00168
   1325.0   0.27202   0.00135
   1330.0   0.27311   0.00164
   1335.0   0.27298   0.00158
   1340.0   0.27387   0.00147
   1345.0   0.27418   0.00139
   1350.0   0.27444   0.00130
   1355.0   0.27436   0.00194
   1360.0   0.27496   0.00170
   1365.0   0.27582   0.00179
   1370.0   0.27606   0.00153
   1375.0   0.27740   0.00217
   1380.0   0.27729   0.00160
   1385.0   0.27810   0.00185
   1390.0   0.27905   0.00212
   1395.0   0.27992   0.00165
   1400.0   0.28064   0.00173
   1405.0   0.28162   0.00182
   1410.0   0.28216   0.00153
   1415.0   0.28309   0.00147
   1420.0   0.28339   0.00175
   1425.0   0.28416   0.00103
   1430.0   0.28461   0.00148
   1435.0   0.28540   0.00091
   1440.0   0.28634   0.00089
   1445.0   0.28671   0.00165
   1450.0   0.28751   0.00167
   1455.0   0.28765   0.00146
   1460.0   0.28807   0.00185
   1465.0   0.28928   0.00138
   1470.0   0.28929   0.00175
   1475.0   0.28954   0.00234
   1480.0   0.29049   0.00152
   1485.0   0.29127   0.00212
   1490.0   0.29098   0.00159
   1495.0   0.29144   0.00156
   1500.0   0.29215   0.00127
   1505.0   0.29276   0.00189
   1510.0   0.29320   0.00190
   1515.0   0.29291   0.00201
   1520.0   0.29340   0.00152
   1525.0   0.29398   0.00202
   1530.0   0.29458   0.00101
   1535.0   0.29412   0.00166
   1540.0   0.29433   0.00185
   1545.0   0.29438   0.00203
   1550.0   0.29476   0.00153
   1555.0   0.29502   0.00106
   1560.0   0.29547   0.00118
   1565.0   0.29562   0.00212
   1570.0   0.29525   0.00151
   1575.0   0.29598   0.00192
   1580.0   0.29607   0.00204
   1585.0   0.29567   0.00164
   1590.0   0.29595   0.00191
   1595.0   0.29678   0.00151
   1600.0   0.29618   0.00149
   1605.0   0.29624   0.00174
   1610.0   0.29663   0.00183
   1615.0   0.29607   0.00165
   1620.0   0.29684   0.00205
   1625.0   0.29613   0.00167
   1630.0   0.29643   0.00249
   1635.0   0.29642   0.00203
   1640.0   0.29642   0.00242
   1645.0   0.29628   0.00193
   1650.0   0.29728   0.00160
   1655.0   0.29681   0.00189
   1660.0   0.29682   0.00172
   1665.0   0.29615   0.00201
   1670.0   0.29610   0.00152
   1675.0   0.29657   0.00143
   1680.0   0.29641   0.00134
   1685.0   0.29647   0.00150
   1690.0   0.29642   0.00174
   1695.0   0.29650   0.00238
   1700.0   0.29711   0.00109
   1705.0   0.29673   0.00081
   1710.0   0.29624   0.00086
   1715.0   0.29673   0.00107
   1720.0   0.29619   0.00095
   1725.0   0.29606   0.00077
   1730.0   0.29619   0.00091
   1735.0   0.29554   0.00106
   1740.0   0.29578   0.00069
   1745.0   0.29572   0.00114
   1750.0   0.29556   0.00072
   1755.0   0.29515   0.00019
   1760.0   0.29465   0.00014
   1765.0   0.29504   0.00008
   1770.0   0.29505   0.00008
   1775.0   0.29503   0.00002
   1780.0   0.29494   0.00019
   1785.0   0.29449   0.00007
   1790.0   0.29431   0.00009
   1795.0   0.29421   0.00037
   1800.0   0.29389   0.00009
   1805.0   0.29386   0.00036
   1810.0   0.29308   0.00038
   1815.0   0.29275   0.00020
   1820.0   0.29315   0.00037
   1825.0   0.29352   0.00040
   1830.0   0.29240   0.00120
   1835.0   0.29217   0.00102
   1840.0   0.29242   0.00052
   1845.0   0.29238   0.00057
   1850.0   0.29264   0.00097
   1855.0   0.29253   0.00114
   1860.0   0.29235   0.00089
   1865.0   0.29145   0.00094
   1870.0   0.29268   0.00049
   1875.0   0.29291   0.00021
   1880.0   0.29285   0.00049
   1885.0   0.29238   0.00020
   1890.0   0.29221   0.00067
   1895.0   0.29076   0.00030
   1900.0   0.29070   0.00045
   1905.0   0.29062   0.00053
   1910.0   0.29046   0.00052
   1915.0   0.29060   0.00046
   1920.0   0.29104   0.00016
   1925.0   0.29141   0.00057
   1930.0   0.29144   0.00038
   1935.0   0.29177   0.00045
   1940.0   0.29252   0.00022
   1945.0   0.29288   0.00010
   1950.0   0.29316   0.00036
   1955.0   0.29343   0.00026
   1960.0   0.29364   0.00036
   1965.0   0.29381   0.00046
   1970.0   0.29468   0.00061
   1975.0   0.29459   0.00006
   1980.0   0.29495   0.00044
   1985.0   0.29559   0.00081
   1990.0   0.29597   0.00015
   1995.0   0.29613   0.00043
   2000.0   0.29669   0.00022
   2005.0   0.29711   0.00015
   2010.0   0.29780   0.00050
   2015.0   0.29785   0.00049
   2020.0   0.29827   0.00033
   2025.0   0.29888   0.00038
   2030.0   0.29930   0.00086
   2035.0   0.29969   0.00059
   2040.0   0.30027   0.00061
   2045.0   0.30077   0.00030
   2050.0   0.30079   0.00055
   2055.0   0.30108   0.00041
   2060.0   0.30127   0.00033
   2065.0   0.30178   0.00044
   2070.0   0.30221   0.00064
   2075.0   0.30251   0.00046
   2080.0   0.30285   0.00043
   2085.0   0.30388   0.00038
   2090.0   0.30423   0.00007
   2095.0   0.30518   0.00036
   2100.0   0.30443   0.00075
   2105.0   0.30463   0.00044
   2110.0   0.30550   0.00073
   2115.0   0.30626   0.00031
   2120.0   0.30630   0.00031
   2125.0   0.30655   0.00004
   2130.0   0.30710   0.00052
   2135.0   0.30686   0.00092
   2140.0   0.30706   0.00025
   2145.0   0.30698   0.00058
   2150.0   0.30777   0.00059
   2155.0   0.30730   0.00101
   2160.0   0.30806   0.00074
   2165.0   0.30837   0.00041
   2170.0   0.30956   0.00023
   2175.0   0.30938   0.00041
   2180.0   0.31016   0.00065
   2185.0   0.31070   0.00065
   2190.0   0.31133   0.00043
   2195.0   0.31151   0.00068
   2200.0   0.31186   0.00068
   2205.0   0.31218   0.00051
   2210.0   0.31321   0.00028
   2215.0   0.31347   0.00049
   2220.0   0.31427   0.00041
   2225.0   0.31446   0.00071
   2230.0   0.31510   0.00040
   2235.0   0.31582   0.00052
   2240.0   0.31618   0.00009
   2245.0   0.31646   0.00019
   2250.0   0.31723   0.00012
   2255.0   0.31793   0.00029
   2260.0   0.31864   0.00041
   2265.0   0.31935   0.00075
   2270.0   0.31996   0.00077
   2275.0   0.32037   0.00000
   2280.0   0.32097   0.00025
   2285.0   0.32154   0.00045
   2290.0   0.32231   0.00046
   2295.0   0.32274   0.00035
   2300.0   0.32325   0.00013
   2305.0   0.32349   0.00041
   2310.0   0.32417   0.00022
   2315.0   0.32433   0.00008
   2320.0   0.32561   0.00042
   2325.0   0.32534   0.00009
   2330.0   0.32637   0.00046
   2335.0   0.32633   0.00014
   2340.0   0.32656   0.00007
   2345.0   0.32687   0.00008
   2350.0   0.32720   0.00007
   2355.0   0.32731   0.00005
   2360.0   0.32751   0.00002
   2365.0   0.32751   0.00022
   2370.0   0.32777   0.00036
   2375.0   0.32834   0.00051
   2380.0   0.32873   0.00017
   2385.0   0.32907   0.00060
   2390.0   0.32904   0.00027
   2395.0   0.32990   0.00014
   2400.0   0.32971   0.00012
   2405.0   0.33025   0.00023
   2410.0   0.33048   0.00013
   2415.0   0.33110   0.00062
   2420.0   0.33164   0.00045
   2425.0   0.33243   0.00017
   2430.0   0.33245   0.00039
   2435.0   0.33324   0.00025
   2440.0   0.33377   0.00069
   2445.0   0.33311   0.00079
   2450.0   0.33376   0.00074
   2455.0   0.33415   0.00063
   2460.0   0.33452   0.00028
   2465.0   0.33528   0.00035
   2470.0   0.33652   0.00044
   2475.0   0.33696   0.00053
   2480.0   0.33699   0.00089
   2485.0   0.33747   0.00018
   2490.0   0.33791   0.00043
   2495.0   0.33898   0.00012
   2500.0   0.33963   0.00033
   2505.0   0.34039   0.00044
   2510.0   0.34014   0.00110
   2515.0   0.34199   0.00101
   2520.0   0.34201   0.00135
   2525.0   0.34223   0.00183
   2530.0   0.34390   0.00161
   2535.0   0.34404   0.00178
   2540.0   0.34471   0.00202
   2545.0   0.34448   0.00134
   2550.0   0.34570   0.00167
   2555.0   0.34378   0.00287
   2560.0   0.34376   0.00280
   2565.0   0.34456   0.00231
   2570.0   0.34427   0.00272
   2575.0   0.34450   0.00249
   2580.0   0.34310   0.00211
   2585.0   0.34351   0.00093
   2590.0   0.34297   0.00235
   2595.0   0.34384   0.00191
   2600.0   0.34140   0.00310



 C4LU05              .ASC                        

 LU-CMP-005-4                                                            
 LUNA 20 BRECCIA POWDER (2014) 45-100 UM VIAL #10  6.5 MG                
 RATIOS ADJUSTED USING NBS HALON CALIBRATION TABLE                       

 Source Ang: 30.00   Detect Ang:  0.00  Volt: 0.777
 Date: 18-JUN-93   Time: 14:43:23
