       224
    320.00   .051089   .002090
    330.00   .051811   .001766
    340.00   .052961   .001855
    350.00   .054152   .001429
    360.00   .054592   .001149
    370.00   .055889   .001384
    380.00   .057571   .000975
    390.00   .058612   .001024
    400.00   .059777   .001263
    410.00   .061216   .001039
    420.00   .062671   .001346
    430.00   .063706   .001464
    440.00   .064952   .001303
    450.00   .065908   .001204
    460.00   .067060   .001702
    470.00   .068000   .001515
    480.00   .068997   .001414
    490.00   .069907   .001331
    500.00   .070987   .001248
    510.00   .072011   .001201
    520.00   .073043   .001430
    530.00   .074132   .001370
    540.00   .075045   .001355
    550.00   .075896   .001300
    560.00   .076788   .001273
    570.00   .077753   .001251
    580.00   .078754   .001266
    590.00   .079597   .001226
    600.00   .080435   .001237
    610.00   .081433   .001233
    620.00   .082200   .001249
    630.00   .083087   .001237
    640.00   .083979   .001253
    650.00   .084729   .001295
    660.00   .085663   .001334
    670.00   .086538   .001326
    680.00   .087327   .001291
    690.00   .088140   .001286
    700.00   .088908   .001289
    710.00   .089828   .001349
    720.00   .090590   .001391
    730.00   .091180   .001429
    740.00   .092203   .001663
    750.00   .092922   .001726
    760.00   .093707   .001836
    770.00   .094284   .001273
    780.00   .094983   .001325
    790.00   .095716   .001405
    800.00   .096409   .001518
    810.00   .097067   .001584
    820.00   .097499   .001683
    830.00   .097941   .001747
    840.00   .098557   .001749
    850.00   .099086   .001743
    860.00   .099564   .003096
    870.00   .099559   .003875
    880.00   .099537   .003271
    890.00   .099605   .002787
    900.00   .099716   .002590
    910.00   .100160   .002403
    920.00   .100511   .002175
    930.00   .100770   .001946
    940.00   .101150   .001839
    950.00   .101624   .001726
    960.00   .102181   .001570
    970.00   .102567   .001469
    980.00   .103101   .001239
    990.00   .103580   .001200
   1000.00   .104309   .001152
   1010.00   .104761   .001253
   1020.00   .105520   .001524
   1030.00   .105911   .001577
   1040.00   .106678   .001455
   1050.00   .107248   .001368
   1060.00   .108142   .001330
   1070.00   .108803   .001318
   1080.00   .109616   .001393
   1090.00   .110316   .001245
   1100.00   .110858   .001253
   1110.00   .111574   .001292
   1120.00   .112306   .001728
   1130.00   .112889   .001645
   1140.00   .113709   .001576
   1150.00   .114215   .001538
   1160.00   .115095   .001512
   1170.00   .115581   .001451
   1180.00   .116420   .001355
   1190.00   .116822   .001445
   1200.00   .117427   .001415
   1210.00   .118216   .001316
   1220.00   .119060   .001398
   1230.00   .119757   .001483
   1240.00   .120175   .001381
   1250.00   .120909   .001293
   1260.00   .121679   .001373
   1270.00   .122409   .001299
   1280.00   .123021   .001299
   1290.00   .123963   .001176
   1300.00   .124818   .001270
   1310.00   .125686   .001181
   1320.00   .126545   .001194
   1330.00   .127465   .001360
   1340.00   .128206   .001408
   1350.00   .128892   .001450
   1360.00   .129528   .001476
   1370.00   .130359   .001314
   1380.00   .131234   .001504
   1390.00   .132367   .001417
   1400.00   .133168   .001402
   1410.00   .134068   .001366
   1420.00   .134598   .001273
   1430.00   .135763   .001295
   1440.00   .136306   .001458
   1450.00   .137050   .001430
   1460.00   .138081   .001344
   1470.00   .138890   .001618
   1480.00   .139639   .001428
   1490.00   .140174   .001325
   1500.00   .140998   .001524
   1510.00   .141707   .001436
   1520.00   .142694   .001406
   1530.00   .143120   .001312
   1540.00   .143937   .001360
   1550.00   .144399   .001447
   1560.00   .145081   .001433
   1570.00   .145814   .001416
   1580.00   .146469   .001512
   1590.00   .147020   .001292
   1600.00   .147697   .001447
   1610.00   .148656   .001623
   1620.00   .149294   .001511
   1630.00   .149576   .001655
   1640.00   .150114   .001620
   1650.00   .151066   .001717
   1660.00   .151350   .001398
   1670.00   .152256   .001424
   1680.00   .152742   .001548
   1690.00   .153598   .001593
   1700.00   .153951   .001624
   1710.00   .154496   .001740
   1720.00   .155217   .001614
   1730.00   .155575   .001536
   1740.00   .155856   .001504
   1750.00   .156206   .001569
   1760.00   .156712   .001654
   1770.00   .157324   .001741
   1780.00   .157742   .001711
   1790.00   .158424   .001731
   1800.00   .158549   .001628
   1810.00   .159212   .001710
   1820.00   .159631   .001689
   1830.00   .160038   .001680
   1840.00   .160781   .001787
   1850.00   .161232   .001700
   1860.00   .161754   .001721
   1870.00   .161813   .001908
   1880.00   .162659   .001701
   1890.00   .162837   .001736
   1900.00   .163499   .001659
   1910.00   .163839   .001649
   1920.00   .164325   .001613
   1930.00   .165236   .001691
   1940.00   .165561   .001732
   1950.00   .166298   .001476
   1960.00   .166651   .001601
   1970.00   .167229   .001580
   1980.00   .167753   .001610
   1990.00   .168788   .001665
   2000.00   .169280   .001677
   2010.00   .170238   .001708
   2020.00   .170285   .001717
   2030.00   .170927   .001758
   2040.00   .171480   .001662
   2050.00   .172282   .001502
   2060.00   .172571   .001633
   2070.00   .173484   .001567
   2080.00   .174046   .001735
   2090.00   .175009   .001657
   2100.00   .175477   .001770
   2110.00   .176039   .001608
   2120.00   .176668   .001604
   2130.00   .177677   .001912
   2140.00   .178220   .001704
   2150.00   .178793   .001797
   2160.00   .179889   .001731
   2170.00   .180655   .001506
   2180.00   .181303   .001592
   2190.00   .182093   .001727
   2200.00   .182390   .001856
   2210.00   .183087   .001949
   2220.00   .184109   .001889
   2230.00   .184286   .002003
   2240.00   .185409   .001980
   2250.00   .186107   .002092
   2260.00   .186922   .001780
   2270.00   .187501   .001918
   2280.00   .188316   .001770
   2290.00   .189330   .001754
   2300.00   .189467   .001914
   2310.00   .190472   .001920
   2320.00   .191230   .001857
   2330.00   .191790   .001952
   2340.00   .192737   .001992
   2350.00   .193031   .001794
   2360.00   .193703   .001701
   2370.00   .194622   .001902
   2380.00   .195058   .001958
   2390.00   .195871   .001933
   2400.00   .196773   .001874
   2410.00   .197120   .001928
   2420.00   .198148   .002007
   2430.00   .198804   .001869
   2440.00   .199264   .001804
   2450.00   .200123   .001931
   2460.00   .200532   .001967
   2470.00   .201170   .001857
   2480.00   .202210   .001805
   2490.00   .202632   .001865
   2500.00   .202986   .001711
   2510.00   .203773   .001692
   2520.00   .204188   .001794
   2530.00   .204628   .001621
   2540.00   .205113   .001760
   2550.00   .206788   .001923



 CALS151.ASC             

 LS-BWD-151
 62231.58 agglutinate magnetic separate 125-250 um at (i,e)=(30,0)
 Albedo adjusted to the visible range
 
 Source Ang:  30.00, Detect Ang:    .00, Volt:  .777
 Date: 05-NOV-21, Time: 13:54:33
 
 RATIOS ADJUSTED USING RELAB SPECTRALON CALIBRATION TABLE
