       224
    320.00   .042648   .002364
    330.00   .043329   .002073
    340.00   .044379   .002153
    350.00   .045613   .001736
    360.00   .046436   .001502
    370.00   .047992   .001740
    380.00   .049959   .001375
    390.00   .051302   .001455
    400.00   .052658   .001714
    410.00   .054401   .001531
    420.00   .055903   .001681
    430.00   .056731   .001794
    440.00   .057895   .001656
    450.00   .058642   .001464
    460.00   .059668   .001885
    470.00   .060516   .001734
    480.00   .061312   .001603
    490.00   .062280   .001525
    500.00   .063310   .001468
    510.00   .064004   .001408
    520.00   .065756   .001594
    530.00   .066931   .001549
    540.00   .067922   .001510
    550.00   .068569   .001468
    560.00   .069784   .001432
    570.00   .070775   .001438
    580.00   .071631   .001415
    590.00   .072316   .001424
    600.00   .072867   .001419
    610.00   .073602   .001421
    620.00   .074215   .001442
    630.00   .074817   .001462
    640.00   .075504   .001494
    650.00   .076128   .001520
    660.00   .076904   .001565
    670.00   .077675   .001583
    680.00   .078468   .001591
    690.00   .079062   .001584
    700.00   .079729   .001625
    710.00   .080449   .001664
    720.00   .081132   .001712
    730.00   .081446   .001784
    740.00   .081775   .001979
    750.00   .081829   .002085
    760.00   .081552   .002185
    770.00   .080914   .001745
    780.00   .080083   .001787
    790.00   .078893   .001852
    800.00   .077397   .001967
    810.00   .075669   .002004
    820.00   .073696   .002059
    830.00   .071852   .002109
    840.00   .070250   .002110
    850.00   .068614   .002113
    860.00   .067212   .003156
    870.00   .065918   .003636
    880.00   .064666   .003121
    890.00   .063468   .002657
    900.00   .062815   .002451
    910.00   .062240   .002212
    920.00   .061760   .002155
    930.00   .061308   .001994
    940.00   .061197   .001781
    950.00   .060980   .001707
    960.00   .060895   .001608
    970.00   .061144   .001476
    980.00   .061254   .001372
    990.00   .061557   .001323
   1000.00   .061948   .001347
   1010.00   .062521   .001246
   1020.00   .063545   .001557
   1030.00   .064371   .001420
   1040.00   .065346   .001425
   1050.00   .066129   .001364
   1060.00   .067371   .001360
   1070.00   .068538   .001265
   1080.00   .069893   .001210
   1090.00   .071115   .001224
   1100.00   .072687   .001291
   1110.00   .073892   .001202
   1120.00   .075343   .001660
   1130.00   .076643   .001679
   1140.00   .077767   .001576
   1150.00   .078752   .001518
   1160.00   .079861   .001539
   1170.00   .080627   .001462
   1180.00   .081618   .001434
   1190.00   .082188   .001472
   1200.00   .083025   .001445
   1210.00   .083632   .001436
   1220.00   .084435   .001389
   1230.00   .085079   .001548
   1240.00   .085691   .001434
   1250.00   .086308   .001426
   1260.00   .086902   .001391
   1270.00   .087395   .001336
   1280.00   .088135   .001429
   1290.00   .089031   .001378
   1300.00   .089694   .001434
   1310.00   .090535   .001448
   1320.00   .091452   .001404
   1330.00   .092244   .001408
   1340.00   .092882   .001398
   1350.00   .093670   .001430
   1360.00   .094425   .001433
   1370.00   .095183   .001462
   1380.00   .095884   .001528
   1390.00   .096688   .001401
   1400.00   .097379   .001497
   1410.00   .098157   .001494
   1420.00   .098675   .001395
   1430.00   .099405   .001509
   1440.00   .099906   .001520
   1450.00   .100403   .001512
   1460.00   .100783   .001485
   1470.00   .101317   .001493
   1480.00   .101705   .001420
   1490.00   .101754   .001375
   1500.00   .102015   .001489
   1510.00   .102050   .001413
   1520.00   .102233   .001461
   1530.00   .102248   .001497
   1540.00   .102342   .001479
   1550.00   .102336   .001549
   1560.00   .102185   .001477
   1570.00   .101861   .001423
   1580.00   .101706   .001468
   1590.00   .101450   .001463
   1600.00   .101071   .001480
   1610.00   .100704   .001418
   1620.00   .100514   .001433
   1630.00   .100049   .001485
   1640.00   .099559   .001454
   1650.00   .099204   .001558
   1660.00   .098432   .001451
   1670.00   .097955   .001388
   1680.00   .097371   .001451
   1690.00   .096901   .001462
   1700.00   .096348   .001442
   1710.00   .095908   .001433
   1720.00   .095155   .001465
   1730.00   .094642   .001362
   1740.00   .094161   .001411
   1750.00   .093392   .001348
   1760.00   .093114   .001338
   1770.00   .092333   .001358
   1780.00   .091843   .001602
   1790.00   .091267   .001575
   1800.00   .090842   .001592
   1810.00   .090238   .001881
   1820.00   .089662   .001935
   1830.00   .089164   .002018
   1840.00   .089030   .001937
   1850.00   .088657   .001931
   1860.00   .088376   .001897
   1870.00   .087977   .001851
   1880.00   .087600   .001830
   1890.00   .087327   .001825
   1900.00   .087084   .001786
   1910.00   .086918   .001831
   1920.00   .086753   .001793
   1930.00   .086766   .001790
   1940.00   .086310   .001724
   1950.00   .086130   .001716
   1960.00   .086157   .001662
   1970.00   .086143   .001625
   1980.00   .086150   .001661
   1990.00   .086096   .001686
   2000.00   .086109   .001647
   2010.00   .086374   .001599
   2020.00   .086240   .001641
   2030.00   .086406   .001638
   2040.00   .086554   .001540
   2050.00   .086605   .001624
   2060.00   .086750   .001617
   2070.00   .086895   .001615
   2080.00   .087049   .001575
   2090.00   .087490   .001603
   2100.00   .087708   .001607
   2110.00   .088038   .001601
   2120.00   .088252   .001610
   2130.00   .088662   .001629
   2140.00   .088918   .001577
   2150.00   .089394   .001537
   2160.00   .089763   .001623
   2170.00   .090308   .001619
   2180.00   .090731   .001700
   2190.00   .091087   .001635
   2200.00   .091460   .001714
   2210.00   .092091   .001801
   2220.00   .092609   .001720
   2230.00   .092938   .001838
   2240.00   .093661   .001836
   2250.00   .094105   .001756
   2260.00   .094706   .001800
   2270.00   .095370   .001867
   2280.00   .095940   .001865
   2290.00   .096751   .001902
   2300.00   .097241   .001949
   2310.00   .097994   .001812
   2320.00   .098663   .001706
   2330.00   .099386   .001802
   2340.00   .099938   .001883
   2350.00   .100718   .001890
   2360.00   .101488   .001886
   2370.00   .102301   .001919
   2380.00   .103198   .001994
   2390.00   .103777   .001983
   2400.00   .104792   .002054
   2410.00   .105427   .002118
   2420.00   .106591   .002056
   2430.00   .107517   .002035
   2440.00   .108399   .002173
   2450.00   .109497   .002167
   2460.00   .110234   .002206
   2470.00   .111279   .002305
   2480.00   .112358   .002257
   2490.00   .113632   .002267
   2500.00   .114076   .002070
   2510.00   .115241   .002157
   2520.00   .116298   .002178
   2530.00   .117337   .002233
   2540.00   .118002   .002258
   2550.00   .119738   .002253



 CALS158.ASC             

 LS-BWD-158
 15041 low-agglutinate magnetic separate 125-250 um at (i,e)=(30,0)
 Albedo adjusted to the visible range
 
 Source Ang:  30.00, Detect Ang:    .00, Volt:  .777
 Date: 05-NOV-21, Time: 13:54:33
 
 RATIOS ADJUSTED USING RELAB SPECTRALON CALIBRATION TABLE
