       224
    320.00   .037532   .008060
    330.00   .037744   .005551
    340.00   .039023   .005364
    350.00   .040428   .003826
    360.00   .041613   .022628
    370.00   .043042   .011365
    380.00   .044345   .005363
    390.00   .044777   .004816
    400.00   .045665   .002848
    410.00   .046728   .001955
    420.00   .047869   .001472
    430.00   .048913   .001264
    440.00   .050088   .001160
    450.00   .051138   .001092
    460.00   .052123   .001084
    470.00   .053196   .001088
    480.00   .054250   .001019
    490.00   .055428   .001021
    500.00   .056376   .001045
    510.00   .057307   .001070
    520.00   .058392   .001080
    530.00   .059442   .001034
    540.00   .060334   .001060
    550.00   .061125   .001097
    560.00   .062177   .001105
    570.00   .063015   .001085
    580.00   .063936   .001107
    590.00   .064710   .001111
    600.00   .065388   .001111
    610.00   .066168   .001123
    620.00   .066856   .001177
    630.00   .067518   .001185
    640.00   .068296   .001173
    650.00   .069170   .001119
    660.00   .069582   .001190
    670.00   .070416   .001183
    680.00   .071148   .001213
    690.00   .071936   .001271
    700.00   .072492   .001282
    710.00   .073200   .001267
    720.00   .073863   .001311
    730.00   .074415   .001405
    740.00   .074949   .001404
    750.00   .075387   .001467
    760.00   .075658   .001584
    770.00   .075780   .001731
    780.00   .076055   .001945
    790.00   .075924   .002038
    800.00   .075568   .002243
    810.00   .075539   .002356
    820.00   .075153   .002489
    830.00   .074949   .002597
    840.00   .074474   .002612
    850.00   .074262   .002674
    860.00   .074003   .002597
    870.00   .073758   .003870
    880.00   .073192   .003607
    890.00   .073008   .003389
    900.00   .072602   .003151
    910.00   .072498   .002921
    920.00   .072361   .002691
    930.00   .072311   .002422
    940.00   .072293   .002157
    950.00   .072359   .001904
    960.00   .072453   .001675
    970.00   .072684   .001462
    980.00   .072809   .001280
    990.00   .073105   .001123
   1000.00   .073529   .001453
   1010.00   .074141   .001363
   1020.00   .074708   .001188
   1030.00   .075270   .001152
   1040.00   .075935   .001074
   1050.00   .076503   .000983
   1060.00   .077395   .000929
   1070.00   .078006   .000969
   1080.00   .078870   .000869
   1090.00   .079774   .001208
   1100.00   .080595   .001182
   1110.00   .081327   .001178
   1120.00   .082343   .001123
   1130.00   .083022   .001105
   1140.00   .083978   .001074
   1150.00   .084722   .001075
   1160.00   .085542   .001064
   1170.00   .086200   .000966
   1180.00   .086819   .001007
   1190.00   .087244   .001007
   1200.00   .087907   .000997
   1210.00   .088473   .001031
   1220.00   .089041   .001023
   1230.00   .089666   .000988
   1240.00   .090252   .001023
   1250.00   .090794   .001042
   1260.00   .091349   .001012
   1270.00   .092010   .000990
   1280.00   .092604   .000999
   1290.00   .093278   .001266
   1300.00   .093978   .001277
   1310.00   .094471   .001315
   1320.00   .095015   .001311
   1330.00   .095814   .001241
   1340.00   .096616   .001255
   1350.00   .097206   .001261
   1360.00   .097761   .001314
   1370.00   .098199   .001299
   1380.00   .098958   .001394
   1390.00   .099647   .001237
   1400.00   .100260   .001358
   1410.00   .100857   .001326
   1420.00   .101484   .001306
   1430.00   .102238   .001310
   1440.00   .102864   .001257
   1450.00   .103439   .001156
   1460.00   .103987   .001214
   1470.00   .104468   .001201
   1480.00   .104896   .001216
   1490.00   .105317   .001225
   1500.00   .105709   .001216
   1510.00   .106120   .001219
   1520.00   .106624   .001208
   1530.00   .107036   .001186
   1540.00   .107446   .001149
   1550.00   .107799   .001185
   1560.00   .108032   .001187
   1570.00   .108183   .001160
   1580.00   .108474   .001206
   1590.00   .108865   .001194
   1600.00   .108920   .001232
   1610.00   .109196   .001129
   1620.00   .109375   .001150
   1630.00   .109452   .001129
   1640.00   .109646   .001159
   1650.00   .109876   .001073
   1660.00   .110036   .001138
   1670.00   .110173   .001137
   1680.00   .110395   .001125
   1690.00   .110542   .001134
   1700.00   .110614   .001172
   1710.00   .110542   .001107
   1720.00   .110761   .001044
   1730.00   .110674   .001091
   1740.00   .110629   .001112
   1750.00   .110566   .001142
   1760.00   .110791   .001169
   1770.00   .110931   .001089
   1780.00   .110737   .001197
   1790.00   .110738   .001178
   1800.00   .110808   .001272
   1810.00   .111112   .001339
   1820.00   .111257   .001330
   1830.00   .111486   .001402
   1840.00   .111463   .001517
   1850.00   .111652   .001486
   1860.00   .111651   .001472
   1870.00   .111651   .001443
   1880.00   .111678   .001402
   1890.00   .111786   .001378
   1900.00   .111781   .001343
   1910.00   .111871   .001349
   1920.00   .111963   .001402
   1930.00   .111954   .001373
   1940.00   .111989   .001374
   1950.00   .112297   .001481
   1960.00   .112500   .001450
   1970.00   .112634   .001495
   1980.00   .112988   .001419
   1990.00   .113042   .001461
   2000.00   .113308   .001437
   2010.00   .113693   .001427
   2020.00   .113790   .001569
   2030.00   .113948   .001554
   2040.00   .114130   .001631
   2050.00   .114517   .001602
   2060.00   .114825   .001616
   2070.00   .115122   .001694
   2080.00   .115389   .001645
   2090.00   .115874   .001674
   2100.00   .116170   .001636
   2110.00   .116579   .001684
   2120.00   .116800   .001658
   2130.00   .117309   .001699
   2140.00   .117749   .001744
   2150.00   .118344   .001719
   2160.00   .118800   .001724
   2170.00   .119392   .001745
   2180.00   .119838   .001836
   2190.00   .120439   .001781
   2200.00   .121000   .001751
   2210.00   .121575   .001805
   2220.00   .121929   .001833
   2230.00   .122281   .001896
   2240.00   .122905   .001896
   2250.00   .123284   .001912
   2260.00   .123764   .001804
   2270.00   .124540   .001881
   2280.00   .124854   .001936
   2290.00   .125471   .001958
   2300.00   .126086   .001907
   2310.00   .126753   .001969
   2320.00   .127217   .001909
   2330.00   .127792   .002019
   2340.00   .128540   .002053
   2350.00   .129046   .002078
   2360.00   .129817   .002133
   2370.00   .130428   .002102
   2380.00   .130939   .002084
   2390.00   .131390   .002050
   2400.00   .132163   .002155
   2410.00   .132617   .002113
   2420.00   .133369   .002092
   2430.00   .133982   .002132
   2440.00   .134522   .001914
   2450.00   .135305   .001982
   2460.00   .135921   .002137
   2470.00   .136811   .002210
   2480.00   .137562   .002091
   2490.00   .138234   .002205
   2500.00   .138700   .002168
   2510.00   .139497   .002149
   2520.00   .139971   .002077
   2530.00   .141036   .002093
   2540.00   .141583   .002091
   2550.00   .142303   .002120



 CALS142.ASC            

 LS-BWD-142
 15041 bulk 125-250 um at (i,e)=(30,0)
 No depolarizer was used over the wavelength range of 1800-2550 nm
 Albedo adjusted to the visible range
 
 Source Ang:  30.00, Detect Ang:    .00, Volt:  .777
 Date: 20-FEB-19, Time: 10:11:36
 
 RATIOS ADJUSTED USING RELAB SPECTRALON CALIBRATION TABLE
