       461
    300.00   .085912   .015646
    305.00   .086777   .013512
    310.00   .089353   .012302
    315.00   .091805   .011459
    320.00   .094658   .010678
    325.00   .097955   .010493
    330.00   .100703   .010416
    335.00   .102786   .010367
    340.00   .104675   .010143
    345.00   .106809   .010376
    350.00   .108526   .009999
    355.00   .110579   .009741
    360.00   .113256   .009609
    365.00   .114182   .009357
    370.00   .116006   .009479
    375.00   .116728   .009158
    380.00   .118234   .008709
    385.00   .118910   .008621
    390.00   .120353   .008608
    395.00   .120921   .008775
    400.00   .121866   .013892
    405.00   .122647   .013705
    410.00   .122921   .013620
    415.00   .123167   .013513
    420.00   .123130   .013400
    425.00   .122982   .013334
    430.00   .122968   .013269
    435.00   .122418   .017688
    440.00   .122084   .017597
    445.00   .121598   .017553
    450.00   .121397   .017495
    455.00   .120972   .017576
    460.00   .120336   .017468
    465.00   .119940   .017387
    470.00   .119530   .017294
    475.00   .119020   .017211
    480.00   .118463   .017157
    485.00   .118454   .017233
    490.00   .118130   .017204
    495.00   .117555   .016895
    500.00   .117089   .016815
    505.00   .117085   .016996
    510.00   .116654   .016869
    515.00   .116364   .016781
    520.00   .116264   .016833
    525.00   .115796   .016753
    530.00   .115680   .016742
    535.00   .115496   .016507
    540.00   .115136   .016558
    545.00   .114951   .016475
    550.00   .114626   .016574
    555.00   .114489   .016393
    560.00   .114178   .016383
    565.00   .113917   .016228
    570.00   .113885   .016194
    575.00   .113584   .016171
    580.00   .113555   .016157
    585.00   .113474   .016069
    590.00   .113371   .016056
    595.00   .113197   .016036
    600.00   .112965   .016129
    605.00   .112991   .016003
    610.00   .112962   .016039
    615.00   .112876   .015933
    620.00   .112967   .016034
    625.00   .112843   .015841
    630.00   .112850   .015881
    635.00   .113056   .016024
    640.00   .113105   .015934
    645.00   .112953   .015828
    650.00   .113120   .015970
    655.00   .113365   .015846
    660.00   .113657   .015926
    665.00   .113725   .015825
    670.00   .114151   .015852
    675.00   .114244   .015881
    680.00   .114600   .015986
    685.00   .114985   .016028
    690.00   .115069   .016059
    695.00   .115251   .015868
    700.00   .115906   .016069
    705.00   .116150   .016190
    710.00   .116458   .016027
    715.00   .116617   .016239
    720.00   .116827   .016190
    725.00   .117081   .016246
    730.00   .117148   .016095
    735.00   .117390   .016262
    740.00   .117657   .016421
    745.00   .117879   .016289
    750.00   .117834   .016476
    755.00   .117897   .016382
    760.00   .117951   .016337
    765.00   .117945   .016346
    770.00   .117982   .016325
    775.00   .117856   .016276
    780.00   .117903   .016310
    785.00   .117821   .016439
    790.00   .117702   .016415
    795.00   .117518   .016453
    800.00   .117380   .016511
    805.00   .116934   .016513
    810.00   .116622   .016441
    815.00   .116181   .016448
    820.00   .115687   .016409
    825.00   .115149   .016399
    830.00   .114590   .016316
    835.00   .114291   .016416
    840.00   .113031   .016096
    845.00   .112590   .016030
    850.00   .111777   .017982
    855.00   .111076   .017406
    860.00   .110663   .016847
    865.00   .109831   .016403
    870.00   .109453   .016055
    875.00   .108849   .015855
    880.00   .108151   .015336
    885.00   .107617   .014416
    890.00   .106950   .014136
    895.00   .106168   .013872
    900.00   .105616   .013663
    905.00   .104825   .013475
    910.00   .104340   .013210
    915.00   .103872   .012994
    920.00   .103470   .012742
    925.00   .102952   .012560
    930.00   .102636   .012466
    935.00   .102417   .012386
    940.00   .102041   .012208
    945.00   .101885   .012022
    950.00   .101818   .011887
    955.00   .101779   .011675
    960.00   .101734   .011551
    965.00   .101865   .011501
    970.00   .101926   .011474
    975.00   .102082   .011467
    980.00   .102220   .011501
    985.00   .102367   .011490
    990.00   .102525   .011419
    995.00   .102656   .011390
   1000.00   .102908   .011261
   1005.00   .102839   .011318
   1010.00   .103256   .011527
   1015.00   .103278   .011361
   1020.00   .103171   .011488
   1025.00   .103386   .011380
   1030.00   .103667   .011445
   1035.00   .103396   .011509
   1040.00   .103527   .011453
   1045.00   .103613   .011587
   1050.00   .103588   .011451
   1055.00   .103561   .011687
   1060.00   .103747   .011581
   1065.00   .103778   .011363
   1070.00   .103748   .011522
   1075.00   .103759   .011500
   1080.00   .103730   .011513
   1085.00   .103715   .011532
   1090.00   .103832   .011537
   1095.00   .103922   .011510
   1100.00   .103969   .011511
   1105.00   .104054   .011542
   1110.00   .104093   .011512
   1115.00   .104107   .011499
   1120.00   .104133   .011498
   1125.00   .104168   .011502
   1130.00   .104223   .011454
   1135.00   .104248   .011424
   1140.00   .104245   .011423
   1145.00   .104216   .011398
   1150.00   .104178   .011365
   1155.00   .104151   .011447
   1160.00   .104119   .011322
   1165.00   .104131   .011240
   1170.00   .103893   .011333
   1175.00   .103804   .011263
   1180.00   .103787   .011241
   1185.00   .103702   .011211
   1190.00   .103541   .011047
   1195.00   .103512   .011190
   1200.00   .103425   .011136
   1205.00   .103337   .011157
   1210.00   .103240   .011134
   1215.00   .103120   .011145
   1220.00   .103065   .011126
   1225.00   .103061   .011111
   1230.00   .103043   .011069
   1235.00   .103030   .011072
   1240.00   .103068   .010955
   1245.00   .102990   .011088
   1250.00   .102851   .011119
   1255.00   .102937   .011027
   1260.00   .102807   .011081
   1265.00   .102901   .010932
   1270.00   .102922   .011083
   1275.00   .102900   .011175
   1280.00   .102919   .011061
   1285.00   .102853   .010914
   1290.00   .102919   .010983
   1295.00   .102954   .010862
   1300.00   .103093   .010956
   1305.00   .103021   .010866
   1310.00   .103011   .010913
   1315.00   .102979   .010934
   1320.00   .102976   .010945
   1325.00   .102976   .010946
   1330.00   .102939   .010954
   1335.00   .102850   .010945
   1340.00   .102820   .010900
   1345.00   .102754   .010862
   1350.00   .102644   .010861
   1355.00   .102563   .010855
   1360.00   .102593   .010828
   1365.00   .102592   .010797
   1370.00   .102492   .010799
   1375.00   .102627   .010804
   1380.00   .102710   .010772
   1385.00   .102742   .010787
   1390.00   .102837   .010822
   1395.00   .103000   .010825
   1400.00   .103081   .010842
   1405.00   .103137   .010835
   1410.00   .103257   .010804
   1415.00   .103346   .010823
   1420.00   .103389   .010817
   1425.00   .103412   .010739
   1430.00   .103489   .010765
   1435.00   .103514   .010576
   1440.00   .103603   .010884
   1445.00   .103560   .010776
   1450.00   .103623   .010704
   1455.00   .103655   .010923
   1460.00   .103586   .010856
   1465.00   .103608   .010904
   1470.00   .103698   .010793
   1475.00   .103703   .010812
   1480.00   .103595   .010793
   1485.00   .103649   .010830
   1490.00   .103713   .010823
   1495.00   .103448   .010824
   1500.00   .103400   .010844
   1505.00   .103463   .010752
   1510.00   .103417   .010744
   1515.00   .103489   .010882
   1520.00   .103738   .010678
   1525.00   .103740   .010694
   1530.00   .103662   .010570
   1535.00   .103635   .010614
   1540.00   .103663   .010608
   1545.00   .103715   .010677
   1550.00   .103653   .010774
   1555.00   .103594   .010696
   1560.00   .103459   .010587
   1565.00   .103477   .010508
   1570.00   .103789   .010590
   1575.00   .103790   .010823
   1580.00   .103777   .010634
   1585.00   .103491   .010559
   1590.00   .103479   .010465
   1595.00   .103495   .010513
   1600.00   .103657   .010531
   1605.00   .103493   .010379
   1610.00   .103457   .010504
   1615.00   .103487   .010329
   1620.00   .103280   .010428
   1625.00   .103179   .010305
   1630.00   .103159   .010370
   1635.00   .103246   .010266
   1640.00   .103453   .010275
   1645.00   .103302   .010254
   1650.00   .103150   .010159
   1655.00   .103189   .010220
   1660.00   .103384   .010341
   1665.00   .103423   .010176
   1670.00   .103364   .010163
   1675.00   .103323   .010095
   1680.00   .103268   .010309
   1685.00   .103252   .010358
   1690.00   .103049   .010396
   1695.00   .103122   .010314
   1700.00   .103154   .010126
   1705.00   .103067   .011211
   1710.00   .102991   .011151
   1715.00   .103093   .011325
   1720.00   .103070   .011499
   1725.00   .102846   .011462
   1730.00   .102906   .011446
   1735.00   .102710   .011179
   1740.00   .102619   .011365
   1745.00   .102468   .011051
   1750.00   .102285   .011145
   1755.00   .102219   .011105
   1760.00   .102122   .011096
   1765.00   .102090   .011076
   1770.00   .102022   .011103
   1775.00   .101985   .011125
   1780.00   .101877   .011117
   1785.00   .101786   .011128
   1790.00   .101725   .011156
   1795.00   .101647   .011114
   1800.00   .101696   .007798
   1805.00   .101220   .004385
   1810.00   .100753   .004389
   1815.00   .100586   .004442
   1820.00   .100371   .004503
   1825.00   .100029   .004331
   1830.00   .099750   .004349
   1835.00   .099755   .004429
   1840.00   .099593   .004328
   1845.00   .099368   .004225
   1850.00   .099308   .004298
   1855.00   .099068   .004304
   1860.00   .098916   .004331
   1865.00   .098674   .004322
   1870.00   .098518   .004280
   1875.00   .098322   .004272
   1880.00   .098200   .004272
   1885.00   .097927   .004255
   1890.00   .097683   .004254
   1895.00   .097540   .004314
   1900.00   .097422   .004334
   1905.00   .097381   .004343
   1910.00   .097380   .004365
   1915.00   .097435   .004384
   1920.00   .097423   .004350
   1925.00   .097411   .004350
   1930.00   .097494   .004288
   1935.00   .097423   .004253
   1940.00   .097033   .004235
   1945.00   .097206   .004211
   1950.00   .097081   .004216
   1955.00   .097017   .004132
   1960.00   .096760   .004208
   1965.00   .096900   .004272
   1970.00   .096901   .004265
   1975.00   .096715   .004281
   1980.00   .096974   .004209
   1985.00   .096743   .004215
   1990.00   .096940   .004244
   1995.00   .096793   .004180
   2000.00   .096739   .004136
   2005.00   .096670   .004156
   2010.00   .096678   .004164
   2015.00   .096646   .004186
   2020.00   .096748   .004213
   2025.00   .096837   .004223
   2030.00   .096906   .004251
   2035.00   .096959   .004265
   2040.00   .097026   .004265
   2045.00   .096973   .004249
   2050.00   .096984   .004249
   2055.00   .096990   .004221
   2060.00   .096968   .004310
   2065.00   .096981   .004176
   2070.00   .096988   .004185
   2075.00   .096797   .004219
   2080.00   .096948   .004230
   2085.00   .096999   .004103
   2090.00   .096984   .004135
   2095.00   .097029   .004027
   2100.00   .096907   .004188
   2105.00   .096834   .004171
   2110.00   .096867   .004210
   2115.00   .096739   .004218
   2120.00   .096633   .004222
   2125.00   .096612   .004245
   2130.00   .096786   .004301
   2135.00   .096643   .004122
   2140.00   .096779   .004097
   2145.00   .096842   .003729
   2150.00   .096971   .003766
   2155.00   .097125   .003700
   2160.00   .097263   .003789
   2165.00   .097183   .003802
   2170.00   .097423   .003812
   2175.00   .097334   .003780
   2180.00   .097507   .003737
   2185.00   .097476   .003758
   2190.00   .097656   .003802
   2195.00   .097614   .003795
   2200.00   .097761   .003794
   2205.00   .097818   .003876
   2210.00   .098001   .003850
   2215.00   .098170   .003861
   2220.00   .098140   .003715
   2225.00   .098074   .003704
   2230.00   .098018   .003691
   2235.00   .097956   .003706
   2240.00   .097904   .003736
   2245.00   .097919   .003741
   2250.00   .097925   .003728
   2255.00   .097898   .003695
   2260.00   .097897   .003670
   2265.00   .097902   .003650
   2270.00   .097936   .003632
   2275.00   .098005   .003612
   2280.00   .098229   .003575
   2285.00   .098222   .003525
   2290.00   .098277   .003474
   2295.00   .098243   .003525
   2300.00   .098167   .003453
   2305.00   .098393   .003524
   2310.00   .098357   .003603
   2315.00   .098320   .003561
   2320.00   .098258   .003568
   2325.00   .098348   .003603
   2330.00   .098366   .003610
   2335.00   .098508   .003605
   2340.00   .098508   .003636
   2345.00   .098410   .003616
   2350.00   .098436   .003590
   2355.00   .098396   .003593
   2360.00   .098503   .003466
   2365.00   .098496   .003410
   2370.00   .098686   .003489
   2375.00   .098841   .003552
   2380.00   .098880   .003523
   2385.00   .098804   .003525
   2390.00   .098725   .003553
   2395.00   .098725   .003557
   2400.00   .098764   .003510
   2405.00   .098803   .003455
   2410.00   .098725   .003447
   2415.00   .098788   .003415
   2420.00   .098846   .003496
   2425.00   .099314   .003598
   2430.00   .099367   .003532
   2435.00   .099186   .003495
   2440.00   .099147   .003559
   2445.00   .099193   .003582
   2450.00   .099191   .003569
   2455.00   .099093   .003600
   2460.00   .098926   .003604
   2465.00   .098823   .003619
   2470.00   .098799   .003614
   2475.00   .098735   .003645
   2480.00   .098714   .003772
   2485.00   .098735   .003711
   2490.00   .098979   .003724
   2495.00   .098981   .003661
   2500.00   .099009   .003673
   2505.00   .099163   .003714
   2510.00   .099240   .003733
   2515.00   .099217   .003687
   2520.00   .099241   .003636
   2525.00   .099345   .003616
   2530.00   .099496   .003806
   2535.00   .099330   .003414
   2540.00   .099159   .003549
   2545.00   .099379   .003546
   2550.00   .099883   .003569
   2555.00   .099588   .003715
   2560.00   .099740   .004061
   2565.00   .100087   .003747
   2570.00   .099990   .003880
   2575.00   .100405   .003646
   2580.00   .100944   .003727
   2585.00   .100960   .003634
   2590.00   .101012   .003651
   2595.00   .100409   .003622
   2600.00   .101042   .003689



 CBLR257.ASC            

 LR-CMP-257
 61016,546 chip Spot B (Dark diffuse)
 No depolarizer was used over the ranges of 300-400 & 1800-2600 nm
 Albedo adjusted to the visible range
 
 Source Ang:  30.00, Detect Ang:    .00, Volt:  .777
 Date: 23-APR-19, Time: 15:02:42
 
 RATIOS ADJUSTED USING RELAB SPECTRALON CALIBRATION TABLE
