       224
    320.00   .049956   .008705
    330.00   .050655   .006062
    340.00   .051961   .005875
    350.00   .053085   .004186
    360.00   .054053   .001538
    370.00   .055557   .000985
    380.00   .057415   .000709
    390.00   .058814   .000548
    400.00   .060114   .001622
    410.00   .061375   .001095
    420.00   .062613   .000928
    430.00   .063850   .001015
    440.00   .065140   .000915
    450.00   .066283   .000801
    460.00   .067511   .000760
    470.00   .068424   .000719
    480.00   .069649   .000685
    490.00   .070700   .000675
    500.00   .071753   .000655
    510.00   .072877   .000771
    520.00   .073912   .000772
    530.00   .074813   .000759
    540.00   .075917   .000790
    550.00   .076694   .000819
    560.00   .077581   .000791
    570.00   .078495   .000839
    580.00   .079283   .000838
    590.00   .080221   .000889
    600.00   .080936   .000847
    610.00   .081756   .000867
    620.00   .082451   .001003
    630.00   .083311   .000995
    640.00   .084102   .001047
    650.00   .084654   .000938
    660.00   .085523   .001064
    670.00   .086330   .001055
    680.00   .087157   .001104
    690.00   .087960   .001147
    700.00   .088747   .001143
    710.00   .089286   .001207
    720.00   .090063   .001205
    730.00   .090685   .001350
    740.00   .091445   .001376
    750.00   .092221   .001416
    760.00   .092729   .001572
    770.00   .093569   .001733
    780.00   .093990   .001872
    790.00   .094486   .002007
    800.00   .094854   .002249
    810.00   .095331   .002448
    820.00   .095815   .002650
    830.00   .095976   .002650
    840.00   .096213   .002732
    850.00   .096596   .004251
    860.00   .096754   .003914
    870.00   .096606   .003626
    880.00   .096465   .003433
    890.00   .096340   .002952
    900.00   .095872   .002704
    910.00   .095803   .002469
    920.00   .096117   .002295
    930.00   .096184   .002090
    940.00   .096277   .001836
    950.00   .096887   .001579
    960.00   .097278   .001367
    970.00   .097569   .001180
    980.00   .098286   .001535
    990.00   .099106   .001406
   1000.00   .099544   .001717
   1010.00   .100149   .002001
   1020.00   .100451   .001831
   1030.00   .101370   .001829
   1040.00   .101793   .001697
   1050.00   .102364   .001728
   1060.00   .102807   .001596
   1070.00   .103504   .001690
   1080.00   .104093   .001610
   1090.00   .104543   .001891
   1100.00   .105600   .001967
   1110.00   .106101   .001902
   1120.00   .106482   .001841
   1130.00   .107165   .001870
   1140.00   .107938   .001950
   1150.00   .108285   .001822
   1160.00   .108944   .001779
   1170.00   .109590   .001855
   1180.00   .110172   .001645
   1190.00   .110861   .001714
   1200.00   .111442   .001872
   1210.00   .111996   .001755
   1220.00   .112336   .001742
   1230.00   .113044   .001867
   1240.00   .113495   .001791
   1250.00   .114319   .001819
   1260.00   .115174   .001744
   1270.00   .115439   .001790
   1280.00   .116047   .001864
   1290.00   .117028   .002129
   1300.00   .117736   .002077
   1310.00   .118474   .002126
   1320.00   .119280   .002130
   1330.00   .119824   .002001
   1340.00   .120510   .001983
   1350.00   .120772   .002049
   1360.00   .121229   .002085
   1370.00   .121853   .002124
   1380.00   .122440   .002161
   1390.00   .123396   .002145
   1400.00   .124196   .002161
   1410.00   .125093   .002151
   1420.00   .125883   .002202
   1430.00   .126698   .002129
   1440.00   .127756   .002188
   1450.00   .128139   .002320
   1460.00   .129097   .002202
   1470.00   .129604   .002144
   1480.00   .130503   .002274
   1490.00   .131148   .002329
   1500.00   .131784   .002377
   1510.00   .132286   .002337
   1520.00   .133087   .002392
   1530.00   .133792   .002263
   1540.00   .134212   .002324
   1550.00   .134795   .002453
   1560.00   .135155   .002512
   1570.00   .135917   .002332
   1580.00   .136312   .002368
   1590.00   .136949   .002503
   1600.00   .137449   .002613
   1610.00   .138035   .002634
   1620.00   .138507   .002641
   1630.00   .138764   .002548
   1640.00   .139260   .002628
   1650.00   .139875   .002453
   1660.00   .140323   .002615
   1670.00   .140904   .002614
   1680.00   .141565   .002835
   1690.00   .142246   .002675
   1700.00   .142421   .002683
   1710.00   .142617   .002725
   1720.00   .143193   .002901
   1730.00   .143369   .002697
   1740.00   .143739   .002882
   1750.00   .144162   .002711
   1760.00   .144535   .002685
   1770.00   .144761   .003014
   1780.00   .145397   .003966
   1790.00   .145616   .003997
   1800.00   .146055   .003916
   1810.00   .146089   .004963
   1820.00   .146436   .004973
   1830.00   .146509   .005037
   1840.00   .146763   .005153
   1850.00   .147228   .005172
   1860.00   .147601   .005215
   1870.00   .147955   .005271
   1880.00   .148211   .005288
   1890.00   .148529   .005309
   1900.00   .149005   .005393
   1910.00   .149402   .005440
   1920.00   .149852   .005494
   1930.00   .150377   .005487
   1940.00   .150697   .005339
   1950.00   .151651   .005268
   1960.00   .151623   .005547
   1970.00   .152043   .005439
   1980.00   .152855   .005539
   1990.00   .152973   .005586
   2000.00   .153390   .005582
   2010.00   .154050   .005728
   2020.00   .154518   .005703
   2030.00   .154997   .005912
   2040.00   .155276   .005833
   2050.00   .156084   .005569
   2060.00   .156658   .005766
   2070.00   .156795   .005859
   2080.00   .157449   .005827
   2090.00   .157924   .005982
   2100.00   .158438   .006131
   2110.00   .159158   .006035
   2120.00   .159729   .005876
   2130.00   .160639   .005977
   2140.00   .160612   .005987
   2150.00   .161409   .005996
   2160.00   .161983   .005996
   2170.00   .162484   .006092
   2180.00   .163154   .006089
   2190.00   .164122   .006466
   2200.00   .164559   .006139
   2210.00   .165355   .006150
   2220.00   .165472   .006019
   2230.00   .166460   .006186
   2240.00   .167009   .006493
   2250.00   .167819   .006408
   2260.00   .168419   .006478
   2270.00   .168681   .006438
   2280.00   .170014   .006366
   2290.00   .170508   .006330
   2300.00   .170857   .006256
   2310.00   .171359   .006534
   2320.00   .171978   .006576
   2330.00   .172996   .006444
   2340.00   .173530   .006511
   2350.00   .174159   .006530
   2360.00   .174456   .006565
   2370.00   .174613   .006651
   2380.00   .175420   .006833
   2390.00   .176165   .006775
   2400.00   .176990   .006759
   2410.00   .177174   .006959
   2420.00   .178118   .006727
   2430.00   .178538   .006847
   2440.00   .179321   .006937
   2450.00   .179999   .006917
   2460.00   .180341   .006979
   2470.00   .180649   .006764
   2480.00   .181607   .006510
   2490.00   .182158   .006745
   2500.00   .182476   .006621
   2510.00   .183224   .006654
   2520.00   .183541   .006862
   2530.00   .184055   .006775
   2540.00   .184425   .006919
   2550.00   .185781   .007047



 CBLS141.ASC             

 LS-BWD-141
 62231 agglutinate (hand-picked) 125-250 um at (i,e)=(30,5)
 No depolarizer was used over the wavelength range of 1800-2550 nm
 Albedo adjusted to the visible range
 
 Source Ang:  30.00, Detect Ang:   5.00, Volt:  .777
 Date: 13-FEB-19, Time: 12:37:39
 
 RATIOS ADJUSTED USING RELAB SPECTRALON CALIBRATION TABLE
