   461
    300.0   0.03002   0.00662
    305.0   0.03065   0.00327
    310.0   0.03174   0.00455
    315.0   0.03277   0.00064
    320.0   0.03341   0.00000
    325.0   0.03358   0.00123
    330.0   0.03394   0.00069
    335.0   0.03431   0.00015
    340.0   0.03416   0.00115
    345.0   0.03534   0.00058
    350.0   0.03495   0.00086
    355.0   0.03552   0.00003
    360.0   0.03618   0.00063
    365.0   0.03666   0.00021
    370.0   0.03675   0.00016
    375.0   0.03732   0.00042
    380.0   0.03758   0.00027
    385.0   0.03789   0.00006
    390.0   0.03873   0.00021
    395.0   0.03898   0.00021
    400.0   0.03914   0.00025
    405.0   0.03984   0.00053
    410.0   0.04002   0.00023
    415.0   0.04045   0.00001
    420.0   0.04047   0.00016
    425.0   0.04073   0.00029
    430.0   0.04111   0.00018
    435.0   0.04136   0.00020
    440.0   0.04168   0.00029
    445.0   0.04197   0.00025
    450.0   0.04269   0.00036
    455.0   0.04291   0.00037
    460.0   0.04322   0.00044
    465.0   0.04344   0.00037
    470.0   0.04376   0.00029
    475.0   0.04417   0.00028
    480.0   0.04447   0.00040
    485.0   0.04479   0.00032
    490.0   0.04514   0.00034
    495.0   0.04553   0.00044
    500.0   0.04588   0.00034
    505.0   0.04609   0.00031
    510.0   0.04641   0.00039
    515.0   0.04677   0.00037
    520.0   0.04737   0.00047
    525.0   0.04766   0.00044
    530.0   0.04806   0.00040
    535.0   0.04852   0.00048
    540.0   0.04877   0.00037
    545.0   0.04907   0.00039
    550.0   0.04933   0.00043
    555.0   0.04972   0.00044
    560.0   0.04998   0.00036
    565.0   0.05029   0.00036
    570.0   0.05056   0.00031
    575.0   0.05096   0.00041
    580.0   0.05125   0.00033
    585.0   0.05146   0.00028
    590.0   0.05172   0.00024
    595.0   0.05205   0.00031
    600.0   0.05236   0.00034
    605.0   0.05253   0.00041
    610.0   0.05299   0.00036
    615.0   0.05336   0.00034
    620.0   0.05364   0.00031
    625.0   0.05391   0.00038
    630.0   0.05419   0.00030
    635.0   0.05449   0.00026
    640.0   0.05469   0.00021
    645.0   0.05498   0.00017
    650.0   0.05521   0.00017
    655.0   0.05555   0.00017
    660.0   0.05557   0.00025
    665.0   0.05585   0.00022
    670.0   0.05611   0.00017
    675.0   0.05626   0.00018
    680.0   0.05647   0.00017
    685.0   0.05667   0.00008
    690.0   0.05706   0.00010
    695.0   0.05723   0.00009
    700.0   0.05757   0.00010
    705.0   0.05776   0.00013
    710.0   0.05795   0.00016
    715.0   0.05805   0.00015
    720.0   0.05826   0.00006
    725.0   0.05848   0.00002
    730.0   0.05874   0.00003
    735.0   0.05882   0.00002
    740.0   0.05904   0.00015
    745.0   0.05935   0.00003
    750.0   0.05922   0.00024
    755.0   0.05944   0.00018
    760.0   0.05932   0.00008
    765.0   0.05958   0.00003
    770.0   0.05962   0.00005
    775.0   0.05967   0.00012
    780.0   0.05979   0.00026
    785.0   0.05975   0.00005
    790.0   0.05962   0.00043
    795.0   0.06001   0.00027
    800.0   0.05999   0.00037
    805.0   0.05959   0.00065
    810.0   0.06014   0.00048
    815.0   0.06010   0.00050
    820.0   0.05983   0.00065
    825.0   0.05995   0.00087
    830.0   0.05935   0.00043
    835.0   0.05949   0.00039
    840.0   0.05926   0.00064
    845.0   0.05946   0.00043
    850.0   0.05897   0.00033
    855.0   0.05882   0.00023
    860.0   0.05855   0.00151
    865.0   0.05824   0.00022
    870.0   0.05878   0.00059
    875.0   0.05911   0.00055
    880.0   0.05938   0.00058
    885.0   0.05877   0.00071
    890.0   0.05883   0.00011
    895.0   0.05827   0.00027
    900.0   0.05788   0.00019
    905.0   0.05815   0.00016
    910.0   0.05747   0.00062
    915.0   0.05808   0.00024
    920.0   0.05819   0.00027
    925.0   0.05815   0.00009
    930.0   0.05786   0.00005
    935.0   0.05789   0.00040
    940.0   0.05790   0.00012
    945.0   0.05814   0.00007
    950.0   0.05780   0.00031
    955.0   0.05794   0.00015
    960.0   0.05807   0.00021
    965.0   0.05794   0.00032
    970.0   0.05748   0.00008
    975.0   0.05772   0.00029
    980.0   0.05813   0.00003
    985.0   0.05794   0.00016
    990.0   0.05820   0.00008
    995.0   0.05810   0.00055
   1000.0   0.05830   0.00007
   1005.0   0.05832   0.00015
   1010.0   0.05843   0.00019
   1015.0   0.05894   0.00011
   1020.0   0.05917   0.00017
   1025.0   0.05916   0.00004
   1030.0   0.05956   0.00015
   1035.0   0.05957   0.00004
   1040.0   0.05993   0.00005
   1045.0   0.06019   0.00003
   1050.0   0.06060   0.00034
   1055.0   0.06094   0.00009
   1060.0   0.06103   0.00006
   1065.0   0.06140   0.00004
   1070.0   0.06152   0.00028
   1075.0   0.06188   0.00022
   1080.0   0.06257   0.00003
   1085.0   0.06292   0.00015
   1090.0   0.06329   0.00005
   1095.0   0.06400   0.00009
   1100.0   0.06422   0.00023
   1105.0   0.06423   0.00004
   1110.0   0.06533   0.00039
   1115.0   0.06601   0.00064
   1120.0   0.06602   0.00020
   1125.0   0.06682   0.00003
   1130.0   0.06719   0.00029
   1135.0   0.06743   0.00007
   1140.0   0.06769   0.00018
   1145.0   0.06829   0.00025
   1150.0   0.06876   0.00024
   1155.0   0.06905   0.00049
   1160.0   0.06955   0.00045
   1165.0   0.06967   0.00055
   1170.0   0.07008   0.00043
   1175.0   0.07036   0.00031
   1180.0   0.07073   0.00074
   1185.0   0.07103   0.00073
   1190.0   0.07153   0.00023
   1195.0   0.07138   0.00026
   1200.0   0.07135   0.00014
   1205.0   0.07187   0.00031
   1210.0   0.07277   0.00013
   1215.0   0.07272   0.00012
   1220.0   0.07278   0.00009
   1225.0   0.07252   0.00032
   1230.0   0.07310   0.00012
   1235.0   0.07313   0.00020
   1240.0   0.07359   0.00004
   1245.0   0.07368   0.00015
   1250.0   0.07408   0.00043
   1255.0   0.07407   0.00006
   1260.0   0.07446   0.00010
   1265.0   0.07443   0.00004
   1270.0   0.07484   0.00023
   1275.0   0.07479   0.00019
   1280.0   0.07513   0.00035
   1285.0   0.07527   0.00020
   1290.0   0.07575   0.00024
   1295.0   0.07570   0.00009
   1300.0   0.07625   0.00018
   1305.0   0.07665   0.00008
   1310.0   0.07678   0.00024
   1315.0   0.07694   0.00026
   1320.0   0.07720   0.00006
   1325.0   0.07750   0.00012
   1330.0   0.07790   0.00027
   1335.0   0.07823   0.00025
   1340.0   0.07868   0.00055
   1345.0   0.07862   0.00002
   1350.0   0.07870   0.00000
   1355.0   0.07857   0.00048
   1360.0   0.07924   0.00011
   1365.0   0.07895   0.00094
   1370.0   0.07966   0.00043
   1375.0   0.07971   0.00044
   1380.0   0.08006   0.00025
   1385.0   0.08036   0.00026
   1390.0   0.08131   0.00004
   1395.0   0.08105   0.00000
   1400.0   0.08180   0.00033
   1405.0   0.08213   0.00069
   1410.0   0.08241   0.00010
   1415.0   0.08306   0.00011
   1420.0   0.08311   0.00007
   1425.0   0.08353   0.00005
   1430.0   0.08406   0.00018
   1435.0   0.08438   0.00026
   1440.0   0.08469   0.00000
   1445.0   0.08480   0.00002
   1450.0   0.08536   0.00003
   1455.0   0.08574   0.00001
   1460.0   0.08656   0.00026
   1465.0   0.08674   0.00015
   1470.0   0.08694   0.00054
   1475.0   0.08672   0.00016
   1480.0   0.08739   0.00048
   1485.0   0.08785   0.00041
   1490.0   0.08812   0.00060
   1495.0   0.08829   0.00026
   1500.0   0.08830   0.00036
   1505.0   0.08876   0.00034
   1510.0   0.08913   0.00023
   1515.0   0.08961   0.00031
   1520.0   0.08992   0.00040
   1525.0   0.08996   0.00034
   1530.0   0.09018   0.00009
   1535.0   0.09001   0.00029
   1540.0   0.09067   0.00034
   1545.0   0.09057   0.00079
   1550.0   0.09124   0.00029
   1555.0   0.09161   0.00014
   1560.0   0.09146   0.00055
   1565.0   0.09210   0.00065
   1570.0   0.09211   0.00011
   1575.0   0.09229   0.00060
   1580.0   0.09247   0.00025
   1585.0   0.09253   0.00048
   1590.0   0.09298   0.00008
   1595.0   0.09262   0.00005
   1600.0   0.09280   0.00015
   1605.0   0.09302   0.00045
   1610.0   0.09382   0.00061
   1615.0   0.09394   0.00011
   1620.0   0.09421   0.00006
   1625.0   0.09410   0.00065
   1630.0   0.09399   0.00019
   1635.0   0.09382   0.00021
   1640.0   0.09444   0.00036
   1645.0   0.09480   0.00017
   1650.0   0.09435   0.00021
   1655.0   0.09449   0.00039
   1660.0   0.09500   0.00007
   1665.0   0.09551   0.00026
   1670.0   0.09564   0.00017
   1675.0   0.09562   0.00047
   1680.0   0.09595   0.00002
   1685.0   0.09630   0.00060
   1690.0   0.09609   0.00003
   1695.0   0.09581   0.00020
   1700.0   0.09698   0.00034
   1705.0   0.09691   0.00044
   1710.0   0.09662   0.00035
   1715.0   0.09681   0.00014
   1720.0   0.09647   0.00053
   1725.0   0.09681   0.00008
   1730.0   0.09683   0.00013
   1735.0   0.09703   0.00034
   1740.0   0.09696   0.00033
   1745.0   0.09706   0.00004
   1750.0   0.09706   0.00013
   1755.0   0.09707   0.00034
   1760.0   0.09739   0.00031
   1765.0   0.09765   0.00034
   1770.0   0.09729   0.00038
   1775.0   0.09737   0.00023
   1780.0   0.09747   0.00044
   1785.0   0.09802   0.00026
   1790.0   0.09799   0.00051
   1795.0   0.09846   0.00052
   1800.0   0.09814   0.00043
   1805.0   0.09804   0.00076
   1810.0   0.09817   0.00023
   1815.0   0.09826   0.00049
   1820.0   0.09884   0.00081
   1825.0   0.09865   0.00012
   1830.0   0.09924   0.00069
   1835.0   0.09887   0.00068
   1840.0   0.09907   0.00088
   1845.0   0.09889   0.00053
   1850.0   0.09909   0.00064
   1855.0   0.09950   0.00084
   1860.0   0.09964   0.00051
   1865.0   0.09938   0.00061
   1870.0   0.09949   0.00128
   1875.0   0.09978   0.00065
   1880.0   0.09987   0.00039
   1885.0   0.09965   0.00071
   1890.0   0.09989   0.00047
   1895.0   0.10009   0.00041
   1900.0   0.09991   0.00075
   1905.0   0.10023   0.00097
   1910.0   0.10025   0.00100
   1915.0   0.10024   0.00034
   1920.0   0.10030   0.00078
   1925.0   0.10024   0.00051
   1930.0   0.10046   0.00048
   1935.0   0.10038   0.00042
   1940.0   0.10051   0.00052
   1945.0   0.10040   0.00029
   1950.0   0.10079   0.00005
   1955.0   0.10116   0.00004
   1960.0   0.10115   0.00009
   1965.0   0.10089   0.00010
   1970.0   0.10101   0.00000
   1975.0   0.10139   0.00017
   1980.0   0.10142   0.00006
   1985.0   0.10112   0.00026
   1990.0   0.10165   0.00009
   1995.0   0.10173   0.00032
   2000.0   0.10174   0.00014
   2005.0   0.10175   0.00012
   2010.0   0.10216   0.00009
   2015.0   0.10196   0.00007
   2020.0   0.10216   0.00003
   2025.0   0.10241   0.00032
   2030.0   0.10261   0.00000
   2035.0   0.10234   0.00016
   2040.0   0.10276   0.00052
   2045.0   0.10279   0.00008
   2050.0   0.10284   0.00028
   2055.0   0.10349   0.00029
   2060.0   0.10302   0.00000
   2065.0   0.10328   0.00052
   2070.0   0.10335   0.00031
   2075.0   0.10380   0.00041
   2080.0   0.10407   0.00010
   2085.0   0.10388   0.00013
   2090.0   0.10411   0.00032
   2095.0   0.10447   0.00017
   2100.0   0.10466   0.00053
   2105.0   0.10460   0.00004
   2110.0   0.10469   0.00031
   2115.0   0.10479   0.00016
   2120.0   0.10504   0.00003
   2125.0   0.10534   0.00031
   2130.0   0.10556   0.00053
   2135.0   0.10547   0.00018
   2140.0   0.10553   0.00018
   2145.0   0.10559   0.00032
   2150.0   0.10550   0.00012
   2155.0   0.10574   0.00025
   2160.0   0.10606   0.00040
   2165.0   0.10588   0.00023
   2170.0   0.10644   0.00016
   2175.0   0.10628   0.00028
   2180.0   0.10656   0.00024
   2185.0   0.10704   0.00035
   2190.0   0.10690   0.00006
   2195.0   0.10727   0.00028
   2200.0   0.10755   0.00009
   2205.0   0.10769   0.00000
   2210.0   0.10828   0.00012
   2215.0   0.10808   0.00030
   2220.0   0.10821   0.00018
   2225.0   0.10859   0.00051
   2230.0   0.10863   0.00018
   2235.0   0.10876   0.00017
   2240.0   0.10922   0.00008
   2245.0   0.10937   0.00018
   2250.0   0.10957   0.00013
   2255.0   0.11007   0.00001
   2260.0   0.11056   0.00006
   2265.0   0.11052   0.00013
   2270.0   0.11060   0.00021
   2275.0   0.11142   0.00030
   2280.0   0.11124   0.00001
   2285.0   0.11200   0.00027
   2290.0   0.11199   0.00015
   2295.0   0.11232   0.00005
   2300.0   0.11265   0.00001
   2305.0   0.11295   0.00012
   2310.0   0.11316   0.00046
   2315.0   0.11328   0.00001
   2320.0   0.11371   0.00031
   2325.0   0.11384   0.00001
   2330.0   0.11385   0.00029
   2335.0   0.11449   0.00047
   2340.0   0.11459   0.00023
   2345.0   0.11495   0.00034
   2350.0   0.11489   0.00022
   2355.0   0.11501   0.00010
   2360.0   0.11557   0.00011
   2365.0   0.11596   0.00044
   2370.0   0.11647   0.00004
   2375.0   0.11664   0.00024
   2380.0   0.11736   0.00046
   2385.0   0.11730   0.00022
   2390.0   0.11763   0.00060
   2395.0   0.11851   0.00034
   2400.0   0.11877   0.00052
   2405.0   0.11914   0.00000
   2410.0   0.11888   0.00014
   2415.0   0.11967   0.00041
   2420.0   0.11981   0.00013
   2425.0   0.12058   0.00020
   2430.0   0.12102   0.00009
   2435.0   0.12142   0.00043
   2440.0   0.12180   0.00126
   2445.0   0.12260   0.00143
   2450.0   0.12284   0.00004
   2455.0   0.12338   0.00047
   2460.0   0.12371   0.00078
   2465.0   0.12427   0.00062
   2470.0   0.12464   0.00089
   2475.0   0.12539   0.00041
   2480.0   0.12555   0.00042
   2485.0   0.12585   0.00041
   2490.0   0.12605   0.00049
   2495.0   0.12610   0.00033
   2500.0   0.12680   0.00101
   2505.0   0.12685   0.00113
   2510.0   0.12745   0.00032
   2515.0   0.12721   0.00009
   2520.0   0.12819   0.00007
   2525.0   0.12837   0.00012
   2530.0   0.12877   0.00004
   2535.0   0.12940   0.00034
   2540.0   0.12961   0.00041
   2545.0   0.13089   0.00007
   2550.0   0.13133   0.00044
   2555.0   0.13181   0.00029
   2560.0   0.13119   0.00022
   2565.0   0.13322   0.00099
   2570.0   0.13311   0.00054
   2575.0   0.13353   0.00002
   2580.0   0.13378   0.00020
   2585.0   0.13401   0.00137
   2590.0   0.13489   0.00122
   2595.0   0.13460   0.00052
   2600.0   0.13488   0.00006



 CBLU03      .ASC                        

 LU-CMP-003-B                                                            
 LUNA 16 45-94 UM   1637,3                                               
 RATIOS ADJUSTED USING NBS HALON CALIBRATION TABLE                       

 Source Ang: 30.00   Detect Ang:  0.00  Volt: 0.777
 Date: 17-JUN-92   Time: 15:41:29
