       461
    300.00   .085334   .033077
    305.00   .085351   .032627
    310.00   .086806   .031647
    315.00   .089819   .031620
    320.00   .092631   .031839
    325.00   .095903   .031798
    330.00   .100066   .032425
    335.00   .105025   .032683
    340.00   .109910   .032845
    345.00   .115505   .033117
    350.00   .121098   .032992
    355.00   .126435   .032974
    360.00   .131085   .032860
    365.00   .136168   .032876
    370.00   .140795   .032829
    375.00   .144361   .032678
    380.00   .147803   .031800
    385.00   .151284   .032074
    390.00   .153753   .032108
    395.00   .156020   .032242
    400.00   .158047   .035717
    405.00   .159915   .035474
    410.00   .161365   .035474
    415.00   .162230   .035492
    420.00   .162593   .035262
    425.00   .162869   .035091
    430.00   .163255   .035235
    435.00   .163419   .037769
    440.00   .163096   .037684
    445.00   .163134   .037715
    450.00   .162891   .037481
    455.00   .162475   .037456
    460.00   .162448   .037489
    465.00   .161810   .037239
    470.00   .161652   .037180
    475.00   .161465   .037246
    480.00   .160984   .037152
    485.00   .160299   .036862
    490.00   .159855   .036802
    495.00   .159656   .036639
    500.00   .159105   .036560
    505.00   .158347   .036503
    510.00   .157772   .036318
    515.00   .157780   .036334
    520.00   .157527   .036159
    525.00   .157405   .036125
    530.00   .156750   .035817
    535.00   .156664   .035852
    540.00   .155994   .035831
    545.00   .155411   .035681
    550.00   .155071   .035456
    555.00   .154873   .035329
    560.00   .154484   .035206
    565.00   .154345   .035204
    570.00   .154199   .035170
    575.00   .153890   .035096
    580.00   .153886   .035022
    585.00   .153635   .035041
    590.00   .153282   .034789
    595.00   .152972   .034781
    600.00   .152452   .034568
    605.00   .152314   .034656
    610.00   .151969   .034444
    615.00   .152087   .034320
    620.00   .151675   .034445
    625.00   .151439   .034368
    630.00   .151469   .034343
    635.00   .151077   .034085
    640.00   .151116   .034284
    645.00   .150899   .034233
    650.00   .150679   .034221
    655.00   .150556   .034329
    660.00   .150787   .034109
    665.00   .150721   .034232
    670.00   .150214   .033882
    675.00   .150015   .034035
    680.00   .149388   .033831
    685.00   .149280   .033828
    690.00   .149096   .033771
    695.00   .148924   .033798
    700.00   .148989   .033816
    705.00   .148965   .033701
    710.00   .149008   .033671
    715.00   .149037   .033618
    720.00   .149168   .033639
    725.00   .149227   .033647
    730.00   .149310   .033642
    735.00   .149422   .033627
    740.00   .149458   .033613
    745.00   .149729   .033582
    750.00   .149880   .033478
    755.00   .149854   .033529
    760.00   .149857   .033517
    765.00   .149848   .033545
    770.00   .149852   .033526
    775.00   .149562   .033498
    780.00   .149635   .033520
    785.00   .149541   .033560
    790.00   .149428   .033520
    795.00   .149291   .033557
    800.00   .149286   .033611
    805.00   .149219   .033773
    810.00   .148973   .033634
    815.00   .148668   .033508
    820.00   .148235   .033685
    825.00   .147856   .033319
    830.00   .147677   .033444
    835.00   .147123   .033435
    840.00   .146775   .033602
    845.00   .146170   .033694
    850.00   .145604   .033997
    855.00   .145119   .033997
    860.00   .144689   .033484
    865.00   .144262   .033454
    870.00   .143872   .033342
    875.00   .143203   .033075
    880.00   .142793   .033101
    885.00   .142218   .032316
    890.00   .141892   .032154
    895.00   .141641   .031976
    900.00   .141441   .031864
    905.00   .141352   .031732
    910.00   .141358   .031759
    915.00   .141128   .031673
    920.00   .140954   .031553
    925.00   .140727   .031541
    930.00   .140370   .031457
    935.00   .140004   .031421
    940.00   .139508   .031325
    945.00   .139268   .031361
    950.00   .138800   .030831
    955.00   .138187   .030898
    960.00   .137301   .030830
    965.00   .136786   .030754
    970.00   .136195   .030580
    975.00   .135814   .030666
    980.00   .135332   .030103
    985.00   .135105   .030271
    990.00   .134554   .030313
    995.00   .134432   .030155
   1000.00   .134026   .030056
   1005.00   .134044   .029878
   1010.00   .133669   .029958
   1015.00   .133493   .029840
   1020.00   .133278   .029727
   1025.00   .133102   .029707
   1030.00   .133080   .029734
   1035.00   .132800   .029524
   1040.00   .132797   .029776
   1045.00   .132685   .029442
   1050.00   .132504   .029608
   1055.00   .132417   .029805
   1060.00   .132222   .029675
   1065.00   .132381   .029833
   1070.00   .132596   .029604
   1075.00   .132413   .029548
   1080.00   .132442   .029560
   1085.00   .132679   .029432
   1090.00   .132690   .029622
   1095.00   .132985   .029577
   1100.00   .133050   .029542
   1105.00   .133159   .029533
   1110.00   .133318   .029623
   1115.00   .133361   .029623
   1120.00   .133108   .029565
   1125.00   .133183   .029430
   1130.00   .133400   .029629
   1135.00   .133318   .029601
   1140.00   .133272   .029371
   1145.00   .133158   .029423
   1150.00   .133197   .029367
   1155.00   .133141   .029506
   1160.00   .132974   .029416
   1165.00   .132834   .029459
   1170.00   .132862   .029391
   1175.00   .132848   .029425
   1180.00   .132781   .029402
   1185.00   .132804   .029374
   1190.00   .132694   .029382
   1195.00   .132800   .029455
   1200.00   .132707   .029337
   1205.00   .132490   .029326
   1210.00   .132533   .029313
   1215.00   .132442   .029340
   1220.00   .132539   .029353
   1225.00   .132401   .029296
   1230.00   .132287   .029181
   1235.00   .132326   .029121
   1240.00   .132348   .029202
   1245.00   .132486   .029198
   1250.00   .132510   .029207
   1255.00   .132552   .029201
   1260.00   .132558   .029186
   1265.00   .132575   .029171
   1270.00   .132675   .029155
   1275.00   .132872   .029159
   1280.00   .132878   .029085
   1285.00   .132883   .029076
   1290.00   .132993   .029055
   1295.00   .133071   .029029
   1300.00   .133366   .029037
   1305.00   .133384   .028986
   1310.00   .133614   .028935
   1315.00   .133664   .028865
   1320.00   .134073   .029028
   1325.00   .134064   .029257
   1330.00   .134052   .029574
   1335.00   .134158   .029370
   1340.00   .134282   .029399
   1345.00   .134511   .029398
   1350.00   .134693   .029369
   1355.00   .134912   .029380
   1360.00   .135198   .029437
   1365.00   .135389   .029450
   1370.00   .135495   .029440
   1375.00   .135628   .029370
   1380.00   .135793   .029528
   1385.00   .135954   .029336
   1390.00   .136143   .029295
   1395.00   .136209   .029246
   1400.00   .136313   .029247
   1405.00   .136458   .029269
   1410.00   .136631   .029302
   1415.00   .136780   .029320
   1420.00   .137007   .029303
   1425.00   .137243   .029235
   1430.00   .137404   .029231
   1435.00   .137610   .029263
   1440.00   .137597   .029355
   1445.00   .137748   .029261
   1450.00   .137928   .029112
   1455.00   .138000   .029101
   1460.00   .138176   .029215
   1465.00   .138293   .029403
   1470.00   .138410   .029346
   1475.00   .138148   .029362
   1480.00   .138479   .029260
   1485.00   .138356   .029144
   1490.00   .138737   .029154
   1495.00   .138913   .029186
   1500.00   .138786   .029172
   1505.00   .138895   .029277
   1510.00   .138937   .029169
   1515.00   .138996   .029048
   1520.00   .138939   .029252
   1525.00   .139117   .029187
   1530.00   .139084   .029147
   1535.00   .139243   .029216
   1540.00   .139304   .029190
   1545.00   .139259   .029145
   1550.00   .139267   .029125
   1555.00   .139381   .029262
   1560.00   .139210   .029169
   1565.00   .139266   .029130
   1570.00   .139278   .029104
   1575.00   .139314   .028902
   1580.00   .139376   .029131
   1585.00   .139333   .029130
   1590.00   .139297   .029110
   1595.00   .139331   .029165
   1600.00   .139188   .029217
   1605.00   .139068   .029190
   1610.00   .138932   .029179
   1615.00   .138810   .029134
   1620.00   .138691   .029117
   1625.00   .138567   .028990
   1630.00   .138574   .029043
   1635.00   .138597   .029043
   1640.00   .138656   .029053
   1645.00   .138670   .029051
   1650.00   .138652   .029035
   1655.00   .138538   .029021
   1660.00   .138594   .029008
   1665.00   .138689   .029150
   1670.00   .138671   .029198
   1675.00   .138652   .029105
   1680.00   .138666   .029112
   1685.00   .138653   .029110
   1690.00   .138542   .029123
   1695.00   .138378   .028980
   1700.00   .138259   .028850
   1705.00   .137836   .028343
   1710.00   .137919   .028471
   1715.00   .137938   .028454
   1720.00   .137775   .028477
   1725.00   .137796   .028418
   1730.00   .137641   .028588
   1735.00   .137458   .028460
   1740.00   .137592   .028565
   1745.00   .137390   .028615
   1750.00   .137292   .028646
   1755.00   .137487   .028704
   1760.00   .137314   .028576
   1765.00   .137075   .028466
   1770.00   .136925   .028391
   1775.00   .136802   .028378
   1780.00   .136785   .028423
   1785.00   .136774   .028436
   1790.00   .136755   .028460
   1795.00   .136756   .028480
   1800.00   .136672   .028913
   1805.00   .136814   .029351
   1810.00   .136988   .029332
   1815.00   .137114   .029322
   1820.00   .137012   .029144
   1825.00   .136683   .029078
   1830.00   .136913   .029160
   1835.00   .136714   .028977
   1840.00   .136844   .029021
   1845.00   .136886   .029041
   1850.00   .136800   .028992
   1855.00   .136781   .028970
   1860.00   .136727   .028929
   1865.00   .136686   .028896
   1870.00   .136682   .028852
   1875.00   .136494   .028853
   1880.00   .136647   .028856
   1885.00   .136495   .028816
   1890.00   .136055   .028786
   1895.00   .136112   .028805
   1900.00   .136104   .028785
   1905.00   .136255   .028834
   1910.00   .136467   .028874
   1915.00   .136583   .028841
   1920.00   .136569   .028830
   1925.00   .136621   .028866
   1930.00   .136638   .028865
   1935.00   .136626   .028854
   1940.00   .136766   .028907
   1945.00   .136624   .028887
   1950.00   .136289   .028782
   1955.00   .136319   .028886
   1960.00   .136279   .028784
   1965.00   .136413   .028848
   1970.00   .136439   .028785
   1975.00   .136339   .028979
   1980.00   .136126   .028920
   1985.00   .135988   .028846
   1990.00   .136025   .028716
   1995.00   .135919   .028791
   2000.00   .135566   .028826
   2005.00   .135539   .028796
   2010.00   .135532   .028674
   2015.00   .135456   .028651
   2020.00   .135494   .028792
   2025.00   .135484   .028732
   2030.00   .135352   .028680
   2035.00   .135350   .028678
   2040.00   .135584   .028762
   2045.00   .135413   .028608
   2050.00   .135276   .028496
   2055.00   .135375   .028508
   2060.00   .135401   .028450
   2065.00   .135346   .028486
   2070.00   .135455   .028471
   2075.00   .135264   .028468
   2080.00   .135677   .028562
   2085.00   .135580   .028565
   2090.00   .135822   .028507
   2095.00   .135761   .028552
   2100.00   .135921   .028524
   2105.00   .135992   .028544
   2110.00   .136435   .028602
   2115.00   .136282   .028693
   2120.00   .136342   .028698
   2125.00   .136314   .028624
   2130.00   .136524   .028458
   2135.00   .136458   .028564
   2140.00   .136728   .028160
   2145.00   .137384   .027682
   2150.00   .137423   .027755
   2155.00   .137317   .027689
   2160.00   .137541   .027788
   2165.00   .137636   .027728
   2170.00   .137954   .027686
   2175.00   .137884   .027648
   2180.00   .138012   .027649
   2185.00   .138261   .027690
   2190.00   .138301   .027603
   2195.00   .138392   .027738
   2200.00   .138425   .027791
   2205.00   .138485   .027773
   2210.00   .138987   .027925
   2215.00   .138923   .027750
   2220.00   .139193   .027890
   2225.00   .139146   .027910
   2230.00   .139269   .028025
   2235.00   .139495   .028103
   2240.00   .139448   .028067
   2245.00   .139660   .028216
   2250.00   .139753   .028038
   2255.00   .140447   .027599
   2260.00   .140340   .027529
   2265.00   .140532   .027381
   2270.00   .140639   .027423
   2275.00   .140564   .027365
   2280.00   .140833   .027489
   2285.00   .140944   .027457
   2290.00   .141155   .027617
   2295.00   .141209   .027537
   2300.00   .141386   .027623
   2305.00   .141305   .027459
   2310.00   .141404   .027322
   2315.00   .141420   .027266
   2320.00   .141460   .027382
   2325.00   .141667   .027352
   2330.00   .141766   .027423
   2335.00   .141921   .027522
   2340.00   .141859   .027509
   2345.00   .141710   .027525
   2350.00   .142113   .027537
   2355.00   .141979   .027468
   2360.00   .142132   .027324
   2365.00   .142121   .027245
   2370.00   .142156   .027332
   2375.00   .142368   .027436
   2380.00   .142369   .027360
   2385.00   .142489   .027463
   2390.00   .142880   .027431
   2395.00   .142622   .027525
   2400.00   .143030   .027348
   2405.00   .143036   .027333
   2410.00   .142887   .027194
   2415.00   .143247   .027376
   2420.00   .143356   .027319
   2425.00   .143521   .027490
   2430.00   .143356   .027465
   2435.00   .143741   .027563
   2440.00   .143897   .027593
   2445.00   .143816   .027760
   2450.00   .144119   .027617
   2455.00   .144324   .027584
   2460.00   .143992   .027491
   2465.00   .144239   .027435
   2470.00   .144476   .027389
   2475.00   .145032   .027544
   2480.00   .144903   .027703
   2485.00   .145215   .027708
   2490.00   .145303   .027623
   2495.00   .145514   .027765
   2500.00   .145234   .027721
   2505.00   .145451   .027697
   2510.00   .145285   .027690
   2515.00   .144936   .027636
   2520.00   .144902   .027576
   2525.00   .145220   .027439
   2530.00   .145103   .027274
   2535.00   .144949   .027121
   2540.00   .144846   .027022
   2545.00   .144682   .026933
   2550.00   .144917   .026954
   2555.00   .144533   .026863
   2560.00   .144229   .026824
   2565.00   .144233   .026761
   2570.00   .144086   .026691
   2575.00   .143678   .026522
   2580.00   .143642   .026472
   2585.00   .143173   .026337
   2590.00   .143192   .026272
   2595.00   .142786   .026170
   2600.00   .142690   .025936



 CCLR257.ASC             

 LR-CMP-257
 Lunar anorthosite 61016,546 chip
 Spot C (Large clear crystal)
 No depolarizer was used over the ranges of 300-400 & 1800-2600 nm
 Albedo adjusted to the visible range
 
 Source Ang:  30.00, Detect Ang:    .00, Volt:  .777
 Date: 25-APR-19, Time: 11:12:38
 
 RATIOS ADJUSTED USING RELAB SPECTRALON CALIBRATION TABLE
