       224
    320.00   .059622   .007244
    330.00   .060688   .005071
    340.00   .061995   .004897
    350.00   .063596   .003555
    360.00   .064696   .001393
    370.00   .066288   .000989
    380.00   .068596   .000748
    390.00   .069984   .000784
    400.00   .071908   .001732
    410.00   .073354   .001343
    420.00   .074831   .001089
    430.00   .076304   .001239
    440.00   .077702   .001131
    450.00   .079099   .001039
    460.00   .080412   .001011
    470.00   .081640   .000999
    480.00   .082797   .000928
    490.00   .084220   .001006
    500.00   .085304   .000941
    510.00   .086510   .001022
    520.00   .087739   .001058
    530.00   .088868   .001040
    540.00   .089739   .001040
    550.00   .090784   .001009
    560.00   .091796   .001025
    570.00   .092680   .001041
    580.00   .093618   .001107
    590.00   .094487   .001117
    600.00   .095368   .001105
    610.00   .096371   .001090
    620.00   .097241   .001154
    630.00   .097976   .001195
    640.00   .099070   .001204
    650.00   .099808   .001256
    660.00   .100799   .001207
    670.00   .101506   .001295
    680.00   .102378   .001279
    690.00   .103207   .001351
    700.00   .103972   .001368
    710.00   .104783   .001357
    720.00   .105609   .001448
    730.00   .106366   .001488
    740.00   .107071   .001478
    750.00   .107754   .001587
    760.00   .108427   .001751
    770.00   .109504   .001899
    780.00   .110359   .002034
    790.00   .110901   .002197
    800.00   .111459   .002348
    810.00   .111965   .002416
    820.00   .112427   .002572
    830.00   .112872   .006240
    840.00   .113410   .005753
    850.00   .113369   .005284
    860.00   .113133   .004798
    870.00   .113317   .004877
    880.00   .112790   .004154
    890.00   .112716   .003533
    900.00   .112564   .003250
    910.00   .112723   .003033
    920.00   .112951   .002823
    930.00   .113111   .002681
    940.00   .113143   .002446
    950.00   .113463   .002175
    960.00   .113847   .002003
    970.00   .114465   .001882
    980.00   .114990   .001713
    990.00   .115568   .001651
   1000.00   .116662   .001917
   1010.00   .117369   .002001
   1020.00   .117922   .001933
   1030.00   .118535   .001843
   1040.00   .119012   .001797
   1050.00   .119763   .001678
   1060.00   .120613   .001731
   1070.00   .120954   .001705
   1080.00   .121952   .001619
   1090.00   .122797   .001947
   1100.00   .123274   .001996
   1110.00   .124047   .001906
   1120.00   .124775   .002006
   1130.00   .125449   .001900
   1140.00   .126065   .001876
   1150.00   .126609   .001712
   1160.00   .127259   .001943
   1170.00   .128090   .001888
   1180.00   .128709   .001838
   1190.00   .129264   .001865
   1200.00   .129927   .001832
   1210.00   .130603   .001811
   1220.00   .131255   .001781
   1230.00   .131748   .001840
   1240.00   .132673   .001971
   1250.00   .133091   .001964
   1260.00   .133799   .001819
   1270.00   .134596   .001899
   1280.00   .135288   .001882
   1290.00   .136148   .002060
   1300.00   .136797   .002188
   1310.00   .137545   .002184
   1320.00   .138384   .002202
   1330.00   .139216   .002130
   1340.00   .139806   .002244
   1350.00   .140659   .002280
   1360.00   .141418   .002252
   1370.00   .142005   .002257
   1380.00   .142717   .002411
   1390.00   .143740   .002406
   1400.00   .144476   .002283
   1410.00   .145072   .002355
   1420.00   .145803   .002319
   1430.00   .146759   .002516
   1440.00   .147584   .002534
   1450.00   .148407   .002608
   1460.00   .149142   .002331
   1470.00   .149847   .002463
   1480.00   .150546   .002462
   1490.00   .151097   .002521
   1500.00   .151603   .002499
   1510.00   .152567   .002531
   1520.00   .153269   .002743
   1530.00   .153815   .002611
   1540.00   .154249   .002417
   1550.00   .154746   .002484
   1560.00   .155501   .002580
   1570.00   .156385   .002586
   1580.00   .156779   .002716
   1590.00   .157461   .002770
   1600.00   .157874   .002779
   1610.00   .158395   .002681
   1620.00   .159045   .002729
   1630.00   .159422   .002731
   1640.00   .159839   .002773
   1650.00   .160713   .002875
   1660.00   .161206   .002881
   1670.00   .161749   .002811
   1680.00   .162367   .002951
   1690.00   .163031   .002901
   1700.00   .163308   .003041
   1710.00   .164049   .003156
   1720.00   .164484   .003019
   1730.00   .164797   .003102
   1740.00   .165229   .002980
   1750.00   .165365   .003141
   1760.00   .165736   .003269
   1770.00   .166297   .002975
   1780.00   .166425   .004373
   1790.00   .166906   .004429
   1800.00   .167442   .004485
   1810.00   .167440   .005917
   1820.00   .167682   .005694
   1830.00   .167975   .005629
   1840.00   .168740   .005703
   1850.00   .169003   .005788
   1860.00   .169125   .005867
   1870.00   .169446   .005751
   1880.00   .169925   .005838
   1890.00   .170079   .005819
   1900.00   .170350   .005940
   1910.00   .170954   .005992
   1920.00   .171654   .006078
   1930.00   .172080   .006051
   1940.00   .172462   .006115
   1950.00   .173014   .006285
   1960.00   .173397   .006228
   1970.00   .173802   .006181
   1980.00   .174262   .006379
   1990.00   .174874   .006358
   2000.00   .175210   .006259
   2010.00   .175733   .006296
   2020.00   .176282   .006320
   2030.00   .176770   .006326
   2040.00   .177293   .006372
   2050.00   .177578   .006475
   2060.00   .178053   .006367
   2070.00   .178523   .006647
   2080.00   .179492   .006575
   2090.00   .180123   .006751
   2100.00   .180444   .006611
   2110.00   .181222   .006608
   2120.00   .181644   .006678
   2130.00   .182534   .006583
   2140.00   .183100   .006493
   2150.00   .183650   .006402
   2160.00   .184729   .006559
   2170.00   .184966   .006599
   2180.00   .185497   .006659
   2190.00   .186104   .006862
   2200.00   .186888   .006920
   2210.00   .187624   .007035
   2220.00   .188268   .007105
   2230.00   .188727   .007018
   2240.00   .189856   .006998
   2250.00   .190011   .006863
   2260.00   .190709   .006834
   2270.00   .191598   .007142
   2280.00   .192297   .007138
   2290.00   .193098   .007114
   2300.00   .193451   .007058
   2310.00   .194180   .007206
   2320.00   .194941   .007188
   2330.00   .195720   .007194
   2340.00   .196156   .007174
   2350.00   .196508   .007233
   2360.00   .197375   .007223
   2370.00   .197963   .007279
   2380.00   .198628   .007291
   2390.00   .199366   .007300
   2400.00   .200154   .007455
   2410.00   .200531   .007383
   2420.00   .201161   .007354
   2430.00   .201391   .007460
   2440.00   .202281   .007461
   2450.00   .202673   .007684
   2460.00   .203267   .007540
   2470.00   .204044   .007552
   2480.00   .204792   .007497
   2490.00   .205230   .007505
   2500.00   .205659   .007588
   2510.00   .206363   .007819
   2520.00   .206500   .007779
   2530.00   .207011   .007691
   2540.00   .207170   .007778
   2550.00   .209233   .008154



 CCLS141.ASC             

 LS-BWD-141
 62231 agglutinate (hand-picked) 125-250 um at (i,e)=(30,15)
 No depolarizer was used over the wavelength range of 1800-2550 nm
 Albedo adjusted to the visible range
 
 Source Ang:  30.00, Detect Ang:  15.00, Volt:  .777
 Date: 01-FEB-19, Time: 15:25:14
 
 RATIOS ADJUSTED USING RELAB SPECTRALON CALIBRATION TABLE
