   461
    300.0   0.11063   0.00023
    305.0   0.11023   0.00079
    310.0   0.11174   0.00432
    315.0   0.11642   0.00205
    320.0   0.11985   0.00088
    325.0   0.12230   0.00205
    330.0   0.12512   0.00225
    335.0   0.12880   0.00101
    340.0   0.13035   0.00172
    345.0   0.13380   0.00181
    350.0   0.13653   0.00201
    355.0   0.13850   0.00170
    360.0   0.14074   0.00154
    365.0   0.14319   0.00207
    370.0   0.14494   0.00218
    375.0   0.14738   0.00179
    380.0   0.14893   0.00195
    385.0   0.15119   0.00222
    390.0   0.15282   0.00240
    395.0   0.15459   0.00233
    400.0   0.15627   0.00248
    405.0   0.15828   0.00328
    410.0   0.15889   0.00158
    415.0   0.16024   0.00263
    420.0   0.16071   0.00183
    425.0   0.16181   0.00223
    430.0   0.16262   0.00223
    435.0   0.16351   0.00202
    440.0   0.16402   0.00175
    445.0   0.16462   0.00211
    450.0   0.16482   0.00191
    455.0   0.16527   0.00179
    460.0   0.16583   0.00191
    465.0   0.16614   0.00217
    470.0   0.16662   0.00235
    475.0   0.16756   0.00142
    480.0   0.16772   0.00123
    485.0   0.16821   0.00170
    490.0   0.16839   0.00170
    495.0   0.16906   0.00167
    500.0   0.16980   0.00167
    505.0   0.16982   0.00175
    510.0   0.17105   0.00129
    515.0   0.17107   0.00156
    520.0   0.17168   0.00087
    525.0   0.17222   0.00151
    530.0   0.17255   0.00125
    535.0   0.17297   0.00147
    540.0   0.17341   0.00107
    545.0   0.17372   0.00057
    550.0   0.17415   0.00086
    555.0   0.17483   0.00062
    560.0   0.17476   0.00123
    565.0   0.17501   0.00095
    570.0   0.17529   0.00103
    575.0   0.17575   0.00109
    580.0   0.17585   0.00112
    585.0   0.17625   0.00078
    590.0   0.17659   0.00080
    595.0   0.17680   0.00060
    600.0   0.17728   0.00056
    605.0   0.17752   0.00031
    610.0   0.17793   0.00030
    615.0   0.17841   0.00003
    620.0   0.17872   0.00014
    625.0   0.17943   0.00006
    630.0   0.17997   0.00015
    635.0   0.18007   0.00009
    640.0   0.18079   0.00007
    645.0   0.18134   0.00025
    650.0   0.18174   0.00038
    655.0   0.18230   0.00043
    660.0   0.18275   0.00045
    665.0   0.18353   0.00029
    670.0   0.18378   0.00027
    675.0   0.18428   0.00040
    680.0   0.18478   0.00057
    685.0   0.18513   0.00040
    690.0   0.18556   0.00046
    695.0   0.18609   0.00038
    700.0   0.18648   0.00056
    705.0   0.18678   0.00079
    710.0   0.18693   0.00048
    715.0   0.18764   0.00027
    720.0   0.18822   0.00040
    725.0   0.18883   0.00037
    730.0   0.18934   0.00008
    735.0   0.18968   0.00033
    740.0   0.19030   0.00057
    745.0   0.19045   0.00055
    750.0   0.19175   0.00122
    755.0   0.19156   0.00091
    760.0   0.19199   0.00037
    765.0   0.19153   0.00029
    770.0   0.19159   0.00061
    775.0   0.19141   0.00021
    780.0   0.19192   0.00077
    785.0   0.19164   0.00040
    790.0   0.19133   0.00044
    795.0   0.19131   0.00114
    800.0   0.19108   0.00140
    805.0   0.19100   0.00091
    810.0   0.19034   0.00143
    815.0   0.19024   0.00166
    820.0   0.18937   0.00129
    825.0   0.18836   0.00125
    830.0   0.18773   0.00176
    835.0   0.18705   0.00220
    840.0   0.18577   0.00216
    845.0   0.18523   0.00189
    850.0   0.18411   0.00174
    855.0   0.18216   0.00218
    860.0   0.18112   0.00205
    865.0   0.18007   0.00195
    870.0   0.17897   0.00196
    875.0   0.17805   0.00205
    880.0   0.17706   0.00223
    885.0   0.17634   0.00218
    890.0   0.17525   0.00162
    895.0   0.17483   0.00197
    900.0   0.17404   0.00251
    905.0   0.17365   0.00259
    910.0   0.17300   0.00242
    915.0   0.17226   0.00244
    920.0   0.17208   0.00221
    925.0   0.17156   0.00214
    930.0   0.17126   0.00265
    935.0   0.17180   0.00230
    940.0   0.17194   0.00288
    945.0   0.17194   0.00264
    950.0   0.17226   0.00303
    955.0   0.17267   0.00343
    960.0   0.17319   0.00332
    965.0   0.17324   0.00358
    970.0   0.17402   0.00325
    975.0   0.17458   0.00318
    980.0   0.17509   0.00331
    985.0   0.17596   0.00326
    990.0   0.17640   0.00352
    995.0   0.17705   0.00353
   1000.0   0.17736   0.00388
   1005.0   0.17816   0.00391
   1010.0   0.17863   0.00402
   1015.0   0.17902   0.00400
   1020.0   0.17985   0.00307
   1025.0   0.18052   0.00365
   1030.0   0.18099   0.00351
   1035.0   0.18130   0.00375
   1040.0   0.18178   0.00367
   1045.0   0.18282   0.00268
   1050.0   0.18273   0.00353
   1055.0   0.18272   0.00439
   1060.0   0.18340   0.00395
   1065.0   0.18397   0.00387
   1070.0   0.18434   0.00441
   1075.0   0.18480   0.00381
   1080.0   0.18560   0.00447
   1085.0   0.18586   0.00455
   1090.0   0.18623   0.00448
   1095.0   0.18669   0.00434
   1100.0   0.18725   0.00370
   1105.0   0.18758   0.00462
   1110.0   0.18785   0.00415
   1115.0   0.18802   0.00428
   1120.0   0.18801   0.00440
   1125.0   0.18891   0.00400
   1130.0   0.18889   0.00451
   1135.0   0.18935   0.00419
   1140.0   0.18949   0.00446
   1145.0   0.18963   0.00450
   1150.0   0.18956   0.00459
   1155.0   0.18957   0.00439
   1160.0   0.18956   0.00474
   1165.0   0.18941   0.00467
   1170.0   0.18967   0.00450
   1175.0   0.19006   0.00422
   1180.0   0.19046   0.00402
   1185.0   0.18978   0.00437
   1190.0   0.18993   0.00450
   1195.0   0.19025   0.00446
   1200.0   0.19032   0.00504
   1205.0   0.19059   0.00557
   1210.0   0.19102   0.00510
   1215.0   0.19076   0.00540
   1220.0   0.19069   0.00536
   1225.0   0.19091   0.00552
   1230.0   0.19091   0.00523
   1235.0   0.19086   0.00504
   1240.0   0.19060   0.00549
   1245.0   0.19062   0.00575
   1250.0   0.19087   0.00589
   1255.0   0.19097   0.00529
   1260.0   0.19146   0.00555
   1265.0   0.19181   0.00501
   1270.0   0.19138   0.00553
   1275.0   0.19144   0.00544
   1280.0   0.19145   0.00518
   1285.0   0.19180   0.00574
   1290.0   0.19229   0.00528
   1295.0   0.19239   0.00565
   1300.0   0.19231   0.00585
   1305.0   0.19293   0.00578
   1310.0   0.19300   0.00614
   1315.0   0.19297   0.00592
   1320.0   0.19356   0.00586
   1325.0   0.19356   0.00566
   1330.0   0.19406   0.00527
   1335.0   0.19440   0.00522
   1340.0   0.19511   0.00520
   1345.0   0.19540   0.00485
   1350.0   0.19594   0.00514
   1355.0   0.19596   0.00529
   1360.0   0.19633   0.00492
   1365.0   0.19639   0.00495
   1370.0   0.19655   0.00500
   1375.0   0.19733   0.00511
   1380.0   0.19786   0.00493
   1385.0   0.19698   0.00581
   1390.0   0.19857   0.00484
   1395.0   0.19929   0.00501
   1400.0   0.19932   0.00474
   1405.0   0.19989   0.00474
   1410.0   0.20033   0.00498
   1415.0   0.20085   0.00469
   1420.0   0.20101   0.00499
   1425.0   0.20145   0.00508
   1430.0   0.20201   0.00477
   1435.0   0.20226   0.00474
   1440.0   0.20296   0.00483
   1445.0   0.20313   0.00493
   1450.0   0.20335   0.00516
   1455.0   0.20380   0.00468
   1460.0   0.20417   0.00495
   1465.0   0.20466   0.00421
   1470.0   0.20479   0.00436
   1475.0   0.20534   0.00436
   1480.0   0.20519   0.00468
   1485.0   0.20543   0.00440
   1490.0   0.20525   0.00505
   1495.0   0.20625   0.00414
   1500.0   0.20658   0.00403
   1505.0   0.20640   0.00461
   1510.0   0.20663   0.00399
   1515.0   0.20706   0.00364
   1520.0   0.20734   0.00322
   1525.0   0.20753   0.00391
   1530.0   0.20794   0.00405
   1535.0   0.20766   0.00430
   1540.0   0.20807   0.00339
   1545.0   0.20817   0.00336
   1550.0   0.20837   0.00344
   1555.0   0.20840   0.00272
   1560.0   0.20826   0.00273
   1565.0   0.20845   0.00277
   1570.0   0.20892   0.00260
   1575.0   0.20868   0.00250
   1580.0   0.20837   0.00265
   1585.0   0.20881   0.00250
   1590.0   0.20821   0.00261
   1595.0   0.20834   0.00205
   1600.0   0.20871   0.00224
   1605.0   0.20886   0.00150
   1610.0   0.20816   0.00121
   1615.0   0.20781   0.00209
   1620.0   0.20739   0.00238
   1625.0   0.20792   0.00065
   1630.0   0.20748   0.00050
   1635.0   0.20774   0.00052
   1640.0   0.20783   0.00038
   1645.0   0.20754   0.00028
   1650.0   0.20722   0.00008
   1655.0   0.20724   0.00017
   1660.0   0.20667   0.00065
   1665.0   0.20622   0.00088
   1670.0   0.20599   0.00077
   1675.0   0.20617   0.00038
   1680.0   0.20577   0.00038
   1685.0   0.20587   0.00075
   1690.0   0.20556   0.00131
   1695.0   0.20574   0.00132
   1700.0   0.20549   0.00167
   1705.0   0.20510   0.00147
   1710.0   0.20498   0.00183
   1715.0   0.20466   0.00174
   1720.0   0.20468   0.00133
   1725.0   0.20413   0.00187
   1730.0   0.20384   0.00189
   1735.0   0.20383   0.00179
   1740.0   0.20351   0.00217
   1745.0   0.20324   0.00192
   1750.0   0.20274   0.00171
   1755.0   0.20278   0.00133
   1760.0   0.20257   0.00125
   1765.0   0.20223   0.00138
   1770.0   0.20201   0.00105
   1775.0   0.20218   0.00125
   1780.0   0.20199   0.00128
   1785.0   0.20172   0.00052
   1790.0   0.20175   0.00093
   1795.0   0.20160   0.00088
   1800.0   0.20158   0.00069
   1805.0   0.20131   0.00083
   1810.0   0.20158   0.00132
   1815.0   0.20192   0.00106
   1820.0   0.20146   0.00097
   1825.0   0.20091   0.00092
   1830.0   0.20154   0.00081
   1835.0   0.20132   0.00068
   1840.0   0.20103   0.00100
   1845.0   0.20060   0.00081
   1850.0   0.20035   0.00098
   1855.0   0.20016   0.00052
   1860.0   0.20014   0.00078
   1865.0   0.20068   0.00076
   1870.0   0.20089   0.00107
   1875.0   0.19977   0.00090
   1880.0   0.19955   0.00104
   1885.0   0.19981   0.00103
   1890.0   0.19990   0.00084
   1895.0   0.20013   0.00075
   1900.0   0.20024   0.00069
   1905.0   0.19984   0.00070
   1910.0   0.19983   0.00059
   1915.0   0.19981   0.00037
   1920.0   0.19981   0.00055
   1925.0   0.19972   0.00069
   1930.0   0.19993   0.00029
   1935.0   0.19985   0.00014
   1940.0   0.19979   0.00017
   1945.0   0.19972   0.00019
   1950.0   0.20008   0.00045
   1955.0   0.20031   0.00040
   1960.0   0.20037   0.00026
   1965.0   0.20068   0.00063
   1970.0   0.20058   0.00023
   1975.0   0.20066   0.00006
   1980.0   0.20094   0.00038
   1985.0   0.20120   0.00012
   1990.0   0.20095   0.00009
   1995.0   0.20110   0.00012
   2000.0   0.20150   0.00001
   2005.0   0.20165   0.00032
   2010.0   0.20186   0.00008
   2015.0   0.20206   0.00011
   2020.0   0.20218   0.00009
   2025.0   0.20226   0.00021
   2030.0   0.20238   0.00014
   2035.0   0.20244   0.00002
   2040.0   0.20293   0.00006
   2045.0   0.20302   0.00021
   2050.0   0.20326   0.00016
   2055.0   0.20357   0.00007
   2060.0   0.20362   0.00028
   2065.0   0.20400   0.00042
   2070.0   0.20431   0.00013
   2075.0   0.20453   0.00028
   2080.0   0.20508   0.00026
   2085.0   0.20547   0.00033
   2090.0   0.20574   0.00031
   2095.0   0.20603   0.00025
   2100.0   0.20630   0.00014
   2105.0   0.20655   0.00025
   2110.0   0.20698   0.00033
   2115.0   0.20719   0.00046
   2120.0   0.20752   0.00048
   2125.0   0.20796   0.00018
   2130.0   0.20833   0.00070
   2135.0   0.20836   0.00062
   2140.0   0.20864   0.00047
   2145.0   0.20891   0.00039
   2150.0   0.20893   0.00040
   2155.0   0.20942   0.00079
   2160.0   0.20967   0.00077
   2165.0   0.20986   0.00069
   2170.0   0.21059   0.00060
   2175.0   0.21092   0.00069
   2180.0   0.21119   0.00081
   2185.0   0.21185   0.00075
   2190.0   0.21215   0.00053
   2195.0   0.21262   0.00095
   2200.0   0.21283   0.00085
   2205.0   0.21337   0.00100
   2210.0   0.21388   0.00102
   2215.0   0.21421   0.00132
   2220.0   0.21452   0.00093
   2225.0   0.21472   0.00101
   2230.0   0.21476   0.00123
   2235.0   0.21550   0.00079
   2240.0   0.21561   0.00049
   2245.0   0.21601   0.00099
   2250.0   0.21644   0.00077
   2255.0   0.21670   0.00120
   2260.0   0.21759   0.00085
   2265.0   0.21766   0.00093
   2270.0   0.21805   0.00142
   2275.0   0.21829   0.00067
   2280.0   0.21895   0.00102
   2285.0   0.21905   0.00084
   2290.0   0.21922   0.00101
   2295.0   0.21982   0.00107
   2300.0   0.21984   0.00125
   2305.0   0.22020   0.00123
   2310.0   0.22073   0.00070
   2315.0   0.22083   0.00109
   2320.0   0.22133   0.00097
   2325.0   0.22149   0.00102
   2330.0   0.22178   0.00133
   2335.0   0.22176   0.00137
   2340.0   0.22197   0.00092
   2345.0   0.22220   0.00087
   2350.0   0.22218   0.00180
   2355.0   0.22254   0.00174
   2360.0   0.22251   0.00148
   2365.0   0.22293   0.00193
   2370.0   0.22345   0.00166
   2375.0   0.22353   0.00135
   2380.0   0.22373   0.00102
   2385.0   0.22411   0.00084
   2390.0   0.22446   0.00118
   2395.0   0.22479   0.00139
   2400.0   0.22514   0.00151
   2405.0   0.22546   0.00181
   2410.0   0.22592   0.00162
   2415.0   0.22640   0.00164
   2420.0   0.22640   0.00153
   2425.0   0.22646   0.00133
   2430.0   0.22686   0.00090
   2435.0   0.22706   0.00158
   2440.0   0.22740   0.00148
   2445.0   0.22786   0.00177
   2450.0   0.22821   0.00200
   2455.0   0.22854   0.00153
   2460.0   0.22895   0.00165
   2465.0   0.22941   0.00182
   2470.0   0.22943   0.00235
   2475.0   0.23105   0.00222
   2480.0   0.23147   0.00214
   2485.0   0.23172   0.00239
   2490.0   0.23183   0.00273
   2495.0   0.23198   0.00280
   2500.0   0.23223   0.00290
   2505.0   0.23281   0.00284
   2510.0   0.23283   0.00372
   2515.0   0.23339   0.00338
   2520.0   0.23336   0.00376
   2525.0   0.23430   0.00402
   2530.0   0.23465   0.00431
   2535.0   0.23408   0.00485
   2540.0   0.23519   0.00412
   2545.0   0.23552   0.00445
   2550.0   0.23444   0.00494
   2555.0   0.23524   0.00482
   2560.0   0.23742   0.00543
   2565.0   0.23538   0.00470
   2570.0   0.23636   0.00514
   2575.0   0.23611   0.00537
   2580.0   0.23717   0.00556
   2585.0   0.23736   0.00459
   2590.0   0.23746   0.00445
   2595.0   0.23720   0.00448
   2600.0   0.23741   0.00541



 CCLS67      .ASC                        

 LS-CMP-067-C                                                            
 67701,182   250-500 UM SEPARATE                                         
 RATIOS ADJUSTED USING NBS HALON CALIBRATION TABLE                       

 Source Ang: 30.00   Detect Ang:  0.00  Volt: 0.777
 Date:  9-DEC-93   Time: 11:35:24
