       224
    320.00   .041147   .007957
    330.00   .041295   .005479
    340.00   .042600   .005312
    350.00   .043868   .003783
    360.00   .045249   .019861
    370.00   .046167   .011550
    380.00   .047403   .007704
    390.00   .047953   .004448
    400.00   .048733   .002594
    410.00   .049529   .001745
    420.00   .050513   .001241
    430.00   .051538   .001001
    440.00   .052584   .000909
    450.00   .053754   .000817
    460.00   .054711   .000760
    470.00   .055640   .000706
    480.00   .056696   .000686
    490.00   .057897   .000622
    500.00   .058790   .000665
    510.00   .059667   .000708
    520.00   .060628   .000733
    530.00   .061709   .000719
    540.00   .062675   .000711
    550.00   .063513   .000636
    560.00   .064336   .000684
    570.00   .065293   .000708
    580.00   .066227   .000660
    590.00   .066960   .000661
    600.00   .067681   .000695
    610.00   .068498   .000721
    620.00   .069193   .000740
    630.00   .069817   .000764
    640.00   .070608   .000798
    650.00   .071297   .000711
    660.00   .071987   .000770
    670.00   .072625   .000780
    680.00   .073444   .000784
    690.00   .073953   .000853
    700.00   .074553   .000786
    710.00   .075204   .000865
    720.00   .076008   .000947
    730.00   .076627   .000954
    740.00   .077227   .001004
    750.00   .077659   .001132
    760.00   .078148   .001191
    770.00   .078600   .001410
    780.00   .078893   .001486
    790.00   .079193   .001711
    800.00   .079716   .001892
    810.00   .079813   .002062
    820.00   .079875   .002188
    830.00   .080177   .002287
    840.00   .080306   .002303
    850.00   .080495   .002364
    860.00   .080483   .002322
    870.00   .080512   .003513
    880.00   .080256   .003330
    890.00   .080172   .003423
    900.00   .080080   .002985
    910.00   .080195   .002668
    920.00   .080421   .002453
    930.00   .080567   .002227
    940.00   .080817   .001992
    950.00   .081047   .001759
    960.00   .081236   .001546
    970.00   .081512   .001357
    980.00   .081689   .001276
    990.00   .081905   .001219
   1000.00   .082252   .001181
   1010.00   .082636   .001148
   1020.00   .082989   .001122
   1030.00   .083581   .001041
   1040.00   .084120   .000984
   1050.00   .084771   .000908
   1060.00   .085621   .000887
   1070.00   .086357   .000856
   1080.00   .087174   .000789
   1090.00   .087721   .001172
   1100.00   .088395   .001091
   1110.00   .089199   .001002
   1120.00   .089982   .001023
   1130.00   .090765   .000956
   1140.00   .091445   .000938
   1150.00   .092095   .000883
   1160.00   .092786   .000872
   1170.00   .093367   .000818
   1180.00   .094043   .000825
   1190.00   .094503   .000790
   1200.00   .095125   .000783
   1210.00   .095835   .000778
   1220.00   .096386   .000759
   1230.00   .096923   .000714
   1240.00   .097664   .000691
   1250.00   .098213   .000729
   1260.00   .098965   .000656
   1270.00   .099650   .000705
   1280.00   .100362   .000696
   1290.00   .101252   .000970
   1300.00   .101973   .000929
   1310.00   .102687   .000867
   1320.00   .103415   .000880
   1330.00   .104100   .000863
   1340.00   .104905   .000863
   1350.00   .105795   .000836
   1360.00   .106756   .000980
   1370.00   .107407   .000899
   1380.00   .108191   .000980
   1390.00   .108772   .000905
   1400.00   .109388   .000903
   1410.00   .110182   .000918
   1420.00   .111065   .000896
   1430.00   .111769   .000836
   1440.00   .112566   .000832
   1450.00   .113318   .000834
   1460.00   .113745   .000902
   1470.00   .114608   .000887
   1480.00   .115098   .000881
   1490.00   .115527   .000873
   1500.00   .116248   .000853
   1510.00   .116889   .000840
   1520.00   .117580   .000888
   1530.00   .118138   .000870
   1540.00   .118928   .000891
   1550.00   .119288   .000904
   1560.00   .120008   .000941
   1570.00   .120412   .000898
   1580.00   .120932   .000893
   1590.00   .121419   .000877
   1600.00   .121908   .000904
   1610.00   .122441   .000918
   1620.00   .123016   .000936
   1630.00   .123286   .000896
   1640.00   .123653   .000909
   1650.00   .124354   .000904
   1660.00   .124639   .000940
   1670.00   .125209   .000976
   1680.00   .125689   .000972
   1690.00   .126029   .000954
   1700.00   .126270   .000980
   1710.00   .126974   .000973
   1720.00   .127268   .000961
   1730.00   .127405   .000918
   1740.00   .127655   .000951
   1750.00   .127836   .000957
   1760.00   .127946   .000945
   1770.00   .128225   .000964
   1780.00   .129061   .001079
   1790.00   .129273   .001071
   1800.00   .129457   .001124
   1810.00   .129568   .001163
   1820.00   .129762   .001199
   1830.00   .129869   .001204
   1840.00   .130048   .001236
   1850.00   .130517   .001216
   1860.00   .130728   .001231
   1870.00   .131069   .001222
   1880.00   .131356   .001231
   1890.00   .131672   .001225
   1900.00   .132109   .001221
   1910.00   .132453   .001219
   1920.00   .132755   .001235
   1930.00   .133158   .001195
   1940.00   .133716   .001192
   1950.00   .134089   .001176
   1960.00   .134610   .001072
   1970.00   .135069   .001200
   1980.00   .135438   .001139
   1990.00   .135710   .001183
   2000.00   .136221   .001183
   2010.00   .136595   .001085
   2020.00   .137084   .001091
   2030.00   .137729   .001159
   2040.00   .137954   .001100
   2050.00   .138462   .001142
   2060.00   .138986   .001165
   2070.00   .139454   .001084
   2080.00   .140193   .001052
   2090.00   .140732   .001086
   2100.00   .141268   .001135
   2110.00   .141976   .001099
   2120.00   .142514   .001162
   2130.00   .143363   .001273
   2140.00   .143981   .001298
   2150.00   .144696   .001192
   2160.00   .145582   .001138
   2170.00   .146232   .001135
   2180.00   .146716   .001128
   2190.00   .147431   .001057
   2200.00   .148300   .001074
   2210.00   .148888   .001191
   2220.00   .149575   .001238
   2230.00   .150216   .001185
   2240.00   .150912   .001223
   2250.00   .151632   .001221
   2260.00   .152289   .001227
   2270.00   .153337   .001122
   2280.00   .153987   .001105
   2290.00   .154778   .001147
   2300.00   .155416   .001122
   2310.00   .156062   .001142
   2320.00   .157028   .001090
   2330.00   .157635   .001079
   2340.00   .158288   .001080
   2350.00   .158853   .001173
   2360.00   .159589   .001110
   2370.00   .160394   .001193
   2380.00   .161092   .001214
   2390.00   .162112   .001162
   2400.00   .162868   .001229
   2410.00   .163400   .001220
   2420.00   .164245   .001234
   2430.00   .165288   .001217
   2440.00   .165895   .001216
   2450.00   .166478   .001211
   2460.00   .167169   .001192
   2470.00   .167596   .001286
   2480.00   .168982   .001137
   2490.00   .169583   .001162
   2500.00   .170221   .001153
   2510.00   .170811   .001218
   2520.00   .171183   .001316
   2530.00   .171161   .001269
   2540.00   .171582   .001320
   2550.00   .173270   .001411



 CCLS143.ASC             

 LS-BWD-143
 15041 agglutinate (hand-picked) 125-250 um at (i,e)=(30,15)
 No depolarizer was used over the wavelength range of 1800-2550 nm
 Albedo adjusted to the visible range
 
 Source Ang:  30.00, Detect Ang:  15.00, Volt:  .777
 Date: 22-FEB-19, Time: 11:26:26
 
 RATIOS ADJUSTED USING RELAB SPECTRALON CALIBRATION TABLE
