   461
    300.0   0.10121   0.00214
    305.0   0.10329   0.00583
    310.0   0.10734   0.00046
    315.0   0.11121   0.00124
    320.0   0.11273   0.00083
    325.0   0.11632   0.00114
    330.0   0.11816   0.00053
    335.0   0.12192   0.00057
    340.0   0.12344   0.00037
    345.0   0.12676   0.00041
    350.0   0.12851   0.00043
    355.0   0.13137   0.00016
    360.0   0.13352   0.00050
    365.0   0.13562   0.00012
    370.0   0.13823   0.00002
    375.0   0.14066   0.00044
    380.0   0.14235   0.00018
    385.0   0.14485   0.00043
    390.0   0.14739   0.00060
    395.0   0.14947   0.00029
    400.0   0.15109   0.00029
    405.0   0.15271   0.00064
    410.0   0.15433   0.00029
    415.0   0.15604   0.00064
    420.0   0.15728   0.00050
    425.0   0.15843   0.00060
    430.0   0.15953   0.00089
    435.0   0.16074   0.00053
    440.0   0.16151   0.00016
    445.0   0.16218   0.00037
    450.0   0.16258   0.00009
    455.0   0.16290   0.00041
    460.0   0.16374   0.00034
    465.0   0.16418   0.00060
    470.0   0.16461   0.00047
    475.0   0.16545   0.00037
    480.0   0.16586   0.00007
    485.0   0.16676   0.00015
    490.0   0.16672   0.00025
    495.0   0.16735   0.00042
    500.0   0.16810   0.00037
    505.0   0.16805   0.00052
    510.0   0.16937   0.00029
    515.0   0.16978   0.00040
    520.0   0.17059   0.00016
    525.0   0.17093   0.00009
    530.0   0.17160   0.00040
    535.0   0.17212   0.00025
    540.0   0.17280   0.00009
    545.0   0.17336   0.00002
    550.0   0.17340   0.00009
    555.0   0.17420   0.00031
    560.0   0.17413   0.00056
    565.0   0.17447   0.00073
    570.0   0.17488   0.00045
    575.0   0.17526   0.00040
    580.0   0.17559   0.00049
    585.0   0.17600   0.00059
    590.0   0.17642   0.00061
    595.0   0.17692   0.00069
    600.0   0.17750   0.00055
    605.0   0.17752   0.00061
    610.0   0.17832   0.00061
    615.0   0.17902   0.00061
    620.0   0.17987   0.00048
    625.0   0.18056   0.00062
    630.0   0.18123   0.00064
    635.0   0.18172   0.00041
    640.0   0.18259   0.00053
    645.0   0.18317   0.00023
    650.0   0.18371   0.00049
    655.0   0.18439   0.00040
    660.0   0.18487   0.00048
    665.0   0.18557   0.00066
    670.0   0.18626   0.00055
    675.0   0.18687   0.00034
    680.0   0.18736   0.00049
    685.0   0.18788   0.00018
    690.0   0.18863   0.00057
    695.0   0.18940   0.00031
    700.0   0.18986   0.00016
    705.0   0.19039   0.00030
    710.0   0.19071   0.00033
    715.0   0.19168   0.00032
    720.0   0.19266   0.00011
    725.0   0.19330   0.00068
    730.0   0.19418   0.00075
    735.0   0.19492   0.00044
    740.0   0.19559   0.00015
    745.0   0.19634   0.00019
    750.0   0.19735   0.00438
    755.0   0.19788   0.00414
    760.0   0.19828   0.00373
    765.0   0.19816   0.00334
    770.0   0.19886   0.00347
    775.0   0.19889   0.00338
    780.0   0.19906   0.00317
    785.0   0.19911   0.00305
    790.0   0.19966   0.00330
    795.0   0.19944   0.00294
    800.0   0.19909   0.00288
    805.0   0.19954   0.00273
    810.0   0.19906   0.00276
    815.0   0.19859   0.00244
    820.0   0.19871   0.00281
    825.0   0.19813   0.00285
    830.0   0.19739   0.00257
    835.0   0.19660   0.00282
    840.0   0.19581   0.00255
    845.0   0.19510   0.00241
    850.0   0.19443   0.00268
    855.0   0.19378   0.00512
    860.0   0.19279   0.00469
    865.0   0.19142   0.00457
    870.0   0.19055   0.00408
    875.0   0.18974   0.00342
    880.0   0.18870   0.00310
    885.0   0.18762   0.00324
    890.0   0.18690   0.00234
    895.0   0.18595   0.00208
    900.0   0.18594   0.00292
    905.0   0.18532   0.00269
    910.0   0.18448   0.00233
    915.0   0.18453   0.00250
    920.0   0.18458   0.00260
    925.0   0.18386   0.00253
    930.0   0.18411   0.00234
    935.0   0.18410   0.00121
    940.0   0.18416   0.00162
    945.0   0.18480   0.00146
    950.0   0.18533   0.00225
    955.0   0.18607   0.00189
    960.0   0.18634   0.00135
    965.0   0.18708   0.00140
    970.0   0.18783   0.00136
    975.0   0.18894   0.00135
    980.0   0.18962   0.00111
    985.0   0.19095   0.00084
    990.0   0.19162   0.00075
    995.0   0.19226   0.00073
   1000.0   0.19303   0.00117
   1005.0   0.19392   0.00147
   1010.0   0.19473   0.00099
   1015.0   0.19552   0.00089
   1020.0   0.19640   0.00033
   1025.0   0.19761   0.00037
   1030.0   0.19797   0.00034
   1035.0   0.19860   0.00017
   1040.0   0.19934   0.00055
   1045.0   0.20008   0.00012
   1050.0   0.20095   0.00006
   1055.0   0.20098   0.00033
   1060.0   0.20194   0.00020
   1065.0   0.20265   0.00012
   1070.0   0.20313   0.00017
   1075.0   0.20358   0.00077
   1080.0   0.20454   0.00050
   1085.0   0.20539   0.00017
   1090.0   0.20598   0.00033
   1095.0   0.20685   0.00048
   1100.0   0.20741   0.00117
   1105.0   0.20801   0.00090
   1110.0   0.20905   0.00080
   1115.0   0.20950   0.00046
   1120.0   0.20956   0.00075
   1125.0   0.21045   0.00136
   1130.0   0.21109   0.00060
   1135.0   0.21131   0.00202
   1140.0   0.21191   0.00132
   1145.0   0.21192   0.00132
   1150.0   0.21196   0.00126
   1155.0   0.21217   0.00185
   1160.0   0.21240   0.00189
   1165.0   0.21255   0.00178
   1170.0   0.21348   0.00168
   1175.0   0.21339   0.00235
   1180.0   0.21357   0.00274
   1185.0   0.21364   0.00215
   1190.0   0.21359   0.00273
   1195.0   0.21414   0.00269
   1200.0   0.21425   0.00224
   1205.0   0.21480   0.00226
   1210.0   0.21499   0.00256
   1215.0   0.21513   0.00235
   1220.0   0.21507   0.00199
   1225.0   0.21575   0.00236
   1230.0   0.21549   0.00263
   1235.0   0.21584   0.00319
   1240.0   0.21589   0.00280
   1245.0   0.21586   0.00296
   1250.0   0.21610   0.00256
   1255.0   0.21659   0.00331
   1260.0   0.21682   0.00295
   1265.0   0.21748   0.00333
   1270.0   0.21755   0.00339
   1275.0   0.21772   0.00366
   1280.0   0.21811   0.00398
   1285.0   0.21868   0.00363
   1290.0   0.21879   0.00473
   1295.0   0.21928   0.00420
   1300.0   0.21940   0.00394
   1305.0   0.22013   0.00406
   1310.0   0.22022   0.00441
   1315.0   0.22072   0.00446
   1320.0   0.22104   0.00489
   1325.0   0.22165   0.00447
   1330.0   0.22229   0.00546
   1335.0   0.22271   0.00533
   1340.0   0.22340   0.00559
   1345.0   0.22349   0.00578
   1350.0   0.22407   0.00628
   1355.0   0.22410   0.00559
   1360.0   0.22453   0.00618
   1365.0   0.22537   0.00579
   1370.0   0.22591   0.00609
   1375.0   0.22642   0.00607
   1380.0   0.22632   0.00603
   1385.0   0.22698   0.00487
   1390.0   0.22817   0.00643
   1395.0   0.22892   0.00627
   1400.0   0.22887   0.00684
   1405.0   0.22934   0.00675
   1410.0   0.23026   0.00660
   1415.0   0.23066   0.00755
   1420.0   0.23094   0.00640
   1425.0   0.23144   0.00701
   1430.0   0.23227   0.00699
   1435.0   0.23244   0.00709
   1440.0   0.23294   0.00726
   1445.0   0.23289   0.00724
   1450.0   0.23349   0.00689
   1455.0   0.23385   0.00736
   1460.0   0.23437   0.00736
   1465.0   0.23506   0.00765
   1470.0   0.23501   0.00764
   1475.0   0.23565   0.00791
   1480.0   0.23601   0.00737
   1485.0   0.23648   0.00764
   1490.0   0.23590   0.00717
   1495.0   0.23721   0.00803
   1500.0   0.23754   0.00791
   1505.0   0.23739   0.00767
   1510.0   0.23793   0.00812
   1515.0   0.23811   0.00830
   1520.0   0.23895   0.00894
   1525.0   0.23934   0.00861
   1530.0   0.23936   0.00862
   1535.0   0.23915   0.00798
   1540.0   0.24011   0.00866
   1545.0   0.24019   0.00867
   1550.0   0.24036   0.00915
   1555.0   0.24073   0.00957
   1560.0   0.24100   0.00954
   1565.0   0.24153   0.00924
   1570.0   0.24179   0.00955
   1575.0   0.24176   0.00926
   1580.0   0.24174   0.00917
   1585.0   0.24226   0.00896
   1590.0   0.24197   0.00906
   1595.0   0.24228   0.00968
   1600.0   0.24280   0.00932
   1605.0   0.24289   0.00990
   1610.0   0.24280   0.00923
   1615.0   0.24273   0.00886
   1620.0   0.24218   0.00772
   1625.0   0.24258   0.01053
   1630.0   0.24288   0.00985
   1635.0   0.24291   0.01006
   1640.0   0.24312   0.01060
   1645.0   0.24319   0.01052
   1650.0   0.24314   0.01037
   1655.0   0.24326   0.01033
   1660.0   0.24229   0.01054
   1665.0   0.24272   0.00979
   1670.0   0.24253   0.01021
   1675.0   0.24321   0.00978
   1680.0   0.24236   0.01045
   1685.0   0.24244   0.01050
   1690.0   0.24222   0.01084
   1695.0   0.24251   0.01100
   1700.0   0.24278   0.00688
   1705.0   0.24243   0.00694
   1710.0   0.24230   0.00671
   1715.0   0.24227   0.00715
   1720.0   0.24214   0.00700
   1725.0   0.24210   0.00712
   1730.0   0.24194   0.00724
   1735.0   0.24215   0.00767
   1740.0   0.24180   0.00747
   1745.0   0.24171   0.00777
   1750.0   0.24143   0.00722
   1755.0   0.24148   0.00436
   1760.0   0.24141   0.00507
   1765.0   0.24103   0.00447
   1770.0   0.24086   0.00460
   1775.0   0.24093   0.00452
   1780.0   0.24091   0.00465
   1785.0   0.24075   0.00549
   1790.0   0.24105   0.00470
   1795.0   0.24092   0.00470
   1800.0   0.24117   0.00535
   1805.0   0.24079   0.00518
   1810.0   0.24120   0.00465
   1815.0   0.24129   0.00472
   1820.0   0.24124   0.00473
   1825.0   0.24050   0.00493
   1830.0   0.24141   0.00446
   1835.0   0.24125   0.00470
   1840.0   0.24124   0.00538
   1845.0   0.24095   0.00593
   1850.0   0.24066   0.00561
   1855.0   0.24061   0.00619
   1860.0   0.24077   0.00634
   1865.0   0.24153   0.00466
   1870.0   0.24179   0.00474
   1875.0   0.24060   0.00784
   1880.0   0.24062   0.00658
   1885.0   0.24103   0.00546
   1890.0   0.24090   0.00589
   1895.0   0.24112   0.00509
   1900.0   0.24160   0.00531
   1905.0   0.24110   0.00692
   1910.0   0.24089   0.00679
   1915.0   0.24116   0.00660
   1920.0   0.24101   0.00688
   1925.0   0.24094   0.00694
   1930.0   0.24129   0.00680
   1935.0   0.24143   0.00753
   1940.0   0.24146   0.00753
   1945.0   0.24167   0.00797
   1950.0   0.24210   0.00712
   1955.0   0.24229   0.00677
   1960.0   0.24231   0.00730
   1965.0   0.24292   0.00683
   1970.0   0.24280   0.00709
   1975.0   0.24309   0.00746
   1980.0   0.24333   0.00754
   1985.0   0.24390   0.00777
   1990.0   0.24374   0.00753
   1995.0   0.24378   0.00762
   2000.0   0.24471   0.00770
   2005.0   0.24508   0.00768
   2010.0   0.24522   0.00828
   2015.0   0.24573   0.00785
   2020.0   0.24575   0.00795
   2025.0   0.24615   0.00798
   2030.0   0.24611   0.00823
   2035.0   0.24647   0.00872
   2040.0   0.24662   0.00841
   2045.0   0.24708   0.00863
   2050.0   0.24727   0.00871
   2055.0   0.24777   0.00873
   2060.0   0.24796   0.00911
   2065.0   0.24799   0.00864
   2070.0   0.24829   0.00892
   2075.0   0.24852   0.00848
   2080.0   0.24930   0.00909
   2085.0   0.24921   0.00948
   2090.0   0.24933   0.00926
   2095.0   0.24984   0.00952
   2100.0   0.25010   0.00941
   2105.0   0.25024   0.00971
   2110.0   0.25090   0.00951
   2115.0   0.25131   0.00976
   2120.0   0.25166   0.00958
   2125.0   0.25212   0.00937
   2130.0   0.25241   0.00938
   2135.0   0.25262   0.00916
   2140.0   0.25313   0.00944
   2145.0   0.25340   0.00912
   2150.0   0.25371   0.00887
   2155.0   0.25439   0.00891
   2160.0   0.25464   0.00901
   2165.0   0.25476   0.00875
   2170.0   0.25576   0.00857
   2175.0   0.25625   0.00868
   2180.0   0.25643   0.00835
   2185.0   0.25727   0.00858
   2190.0   0.25764   0.00829
   2195.0   0.25790   0.00817
   2200.0   0.25879   0.00875
   2205.0   0.25933   0.00851
   2210.0   0.26000   0.00851
   2215.0   0.26010   0.00836
   2220.0   0.26060   0.00835
   2225.0   0.26141   0.00864
   2230.0   0.26141   0.00868
   2235.0   0.26226   0.00844
   2240.0   0.26248   0.00794
   2245.0   0.26272   0.00858
   2250.0   0.26302   0.00797
   2255.0   0.26334   0.00813
   2260.0   0.26383   0.00793
   2265.0   0.26437   0.00830
   2270.0   0.26484   0.00834
   2275.0   0.26534   0.00762
   2280.0   0.26561   0.00820
   2285.0   0.26598   0.00808
   2290.0   0.26631   0.00835
   2295.0   0.26654   0.00801
   2300.0   0.26657   0.00785
   2305.0   0.26703   0.00784
   2310.0   0.26767   0.00735
   2315.0   0.26748   0.00753
   2320.0   0.26829   0.00729
   2325.0   0.26854   0.00763
   2330.0   0.26867   0.00747
   2335.0   0.26855   0.00768
   2340.0   0.26924   0.00777
   2345.0   0.26938   0.00691
   2350.0   0.26956   0.00754
   2355.0   0.26994   0.00719
   2360.0   0.27038   0.00751
   2365.0   0.27035   0.00705
   2370.0   0.27120   0.00723
   2375.0   0.27199   0.00747
   2380.0   0.27223   0.00677
   2385.0   0.27251   0.00669
   2390.0   0.27254   0.00696
   2395.0   0.27343   0.00721
   2400.0   0.27362   0.00735
   2405.0   0.27418   0.00720
   2410.0   0.27466   0.00680
   2415.0   0.27455   0.00652
   2420.0   0.27495   0.00778
   2425.0   0.27514   0.00728
   2430.0   0.27594   0.00633
   2435.0   0.27607   0.00608
   2440.0   0.27648   0.00618
   2445.0   0.27676   0.00617
   2450.0   0.27756   0.00648
   2455.0   0.27740   0.00556
   2460.0   0.27820   0.00558
   2465.0   0.27840   0.00528
   2470.0   0.27833   0.00525
   2475.0   0.28008   0.00436
   2480.0   0.28065   0.00363
   2485.0   0.28065   0.00411
   2490.0   0.28123   0.00393
   2495.0   0.28151   0.00385
   2500.0   0.28206   0.00320
   2505.0   0.28298   0.00372
   2510.0   0.28290   0.00284
   2515.0   0.28343   0.00188
   2520.0   0.28380   0.00225
   2525.0   0.28464   0.00094
   2530.0   0.28520   0.00006
   2535.0   0.28450   0.00271
   2540.0   0.28586   0.00006
   2545.0   0.28630   0.00089
   2550.0   0.28520   0.00374
   2555.0   0.28627   0.00025
   2560.0   0.28816   0.00676
   2565.0   0.28614   0.00311
   2570.0   0.28683   0.00104
   2575.0   0.28729   0.00099
   2580.0   0.28813   0.00298
   2585.0   0.28859   0.00208
   2590.0   0.28888   0.00309
   2595.0   0.28829   0.00142
   2600.0   0.28930   0.00099



 CDLS67      .ASC                        

 LS-CMP-067-D                                                            
 67701,183   150-250 UM FRACTION                                         
 RATIOS ADJUSTED USING NBS HALON CALIBRATION TABLE                       

 Source Ang: 30.00   Detect Ang:  0.00  Volt: 0.777
 Date:  9-DEC-93   Time: 11:27:39
