       224
    320.00   .116961   .007737
    330.00   .120452   .005879
    340.00   .124379   .005990
    350.00   .129583   .004628
    360.00   .134031   .003272
    370.00   .138612   .003112
    380.00   .143839   .003269
    390.00   .147014   .003241
    400.00   .150703   .003980
    410.00   .153434   .003709
    420.00   .155892   .003711
    430.00   .158360   .004026
    440.00   .160261   .003970
    450.00   .162278   .003761
    460.00   .164250   .003970
    470.00   .165888   .004011
    480.00   .167587   .004044
    490.00   .169052   .003935
    500.00   .170880   .003973
    510.00   .172488   .004066
    520.00   .174576   .004206
    530.00   .175491   .004095
    540.00   .176891   .004016
    550.00   .178212   .003951
    560.00   .179772   .004042
    570.00   .181145   .003999
    580.00   .182336   .004142
    590.00   .183581   .003908
    600.00   .184475   .004020
    610.00   .185962   .004016
    620.00   .186964   .004053
    630.00   .188034   .003969
    640.00   .188951   .004162
    650.00   .190253   .004073
    660.00   .191425   .004012
    670.00   .192250   .003933
    680.00   .193626   .004045
    690.00   .194535   .003898
    700.00   .195339   .004054
    710.00   .195463   .004005
    720.00   .196125   .004056
    730.00   .196874   .003956
    740.00   .197561   .004034
    750.00   .198384   .003884
    760.00   .199479   .004062
    770.00   .199931   .004044
    780.00   .200341   .004077
    790.00   .200457   .004249
    800.00   .200484   .004244
    810.00   .199770   .004393
    820.00   .198978   .004359
    830.00   .197650   .004337
    840.00   .196781   .004442
    850.00   .195467   .004411
    860.00   .194748   .010478
    870.00   .193238   .008188
    880.00   .192343   .007100
    890.00   .191606   .007958
    900.00   .190703   .007693
    910.00   .190520   .007445
    920.00   .189594   .006789
    930.00   .189886   .006288
    940.00   .189664   .005845
    950.00   .190061   .005521
    960.00   .190569   .005869
    970.00   .191613   .005296
    980.00   .192392   .004318
    990.00   .193340   .004023
   1000.00   .195387   .004499
   1010.00   .196155   .004421
   1020.00   .197667   .003980
   1030.00   .198189   .003758
   1040.00   .199737   .003542
   1050.00   .200415   .003447
   1060.00   .201618   .003333
   1070.00   .202689   .003226
   1080.00   .203863   .003176
   1090.00   .205180   .003489
   1100.00   .206055   .003453
   1110.00   .207001   .003293
   1120.00   .207924   .003264
   1130.00   .208514   .003257
   1140.00   .209743   .002896
   1150.00   .209872   .002947
   1160.00   .211098   .002919
   1170.00   .211447   .002866
   1180.00   .211687   .002858
   1190.00   .212455   .002857
   1200.00   .212983   .002679
   1210.00   .213416   .002805
   1220.00   .213600   .002678
   1230.00   .214101   .002744
   1240.00   .214562   .002610
   1250.00   .215299   .002731
   1260.00   .216145   .002719
   1270.00   .216440   .002631
   1280.00   .216888   .002591
   1290.00   .218133   .002940
   1300.00   .218337   .002897
   1310.00   .219006   .003031
   1320.00   .220132   .002973
   1330.00   .220825   .002959
   1340.00   .221631   .002927
   1350.00   .222805   .003134
   1360.00   .223349   .003147
   1370.00   .223655   .003188
   1380.00   .225615   .003296
   1390.00   .225920   .003014
   1400.00   .226568   .003241
   1410.00   .228230   .003262
   1420.00   .228884   .003233
   1430.00   .229997   .003036
   1440.00   .230577   .003188
   1450.00   .231218   .003032
   1460.00   .232288   .003157
   1470.00   .232914   .003119
   1480.00   .232931   .002975
   1490.00   .234042   .003019
   1500.00   .233998   .003005
   1510.00   .234643   .003035
   1520.00   .235699   .003206
   1530.00   .236062   .003155
   1540.00   .236157   .003157
   1550.00   .236646   .003115
   1560.00   .237330   .003034
   1570.00   .237417   .003097
   1580.00   .237847   .003130
   1590.00   .237597   .003014
   1600.00   .238164   .003075
   1610.00   .238194   .003102
   1620.00   .238307   .003087
   1630.00   .238726   .003166
   1640.00   .238678   .003126
   1650.00   .238958   .002823
   1660.00   .239111   .003079
   1670.00   .239205   .003052
   1680.00   .239487   .003148
   1690.00   .239265   .003127
   1700.00   .239044   .003091
   1710.00   .238792   .003052
   1720.00   .238499   .002979
   1730.00   .238087   .002893
   1740.00   .238082   .002881
   1750.00   .237885   .002875
   1760.00   .237894   .002867
   1770.00   .237872   .002896
   1780.00   .237845   .002929
   1790.00   .237917   .002928
   1800.00   .237837   .003184
   1810.00   .238058   .003492
   1820.00   .238627   .003492
   1830.00   .238927   .003728
   1840.00   .238943   .003519
   1850.00   .239621   .003810
   1860.00   .239537   .003347
   1870.00   .239631   .003693
   1880.00   .239597   .003407
   1890.00   .239769   .003427
   1900.00   .240453   .003848
   1910.00   .240601   .003532
   1920.00   .240543   .003513
   1930.00   .241350   .003614
   1940.00   .241110   .003428
   1950.00   .241273   .003538
   1960.00   .241774   .003791
   1970.00   .241776   .003629
   1980.00   .242481   .003523
   1990.00   .242947   .003462
   2000.00   .242808   .003633
   2010.00   .243232   .003604
   2020.00   .243767   .003489
   2030.00   .244117   .003606
   2040.00   .244711   .003561
   2050.00   .245264   .003348
   2060.00   .245355   .003532
   2070.00   .245620   .003663
   2080.00   .246154   .003560
   2090.00   .247273   .003564
   2100.00   .247640   .003516
   2110.00   .248695   .003577
   2120.00   .249864   .003493
   2130.00   .249806   .003570
   2140.00   .250951   .003399
   2150.00   .250776   .003415
   2160.00   .251891   .003110
   2170.00   .252589   .002878
   2180.00   .253965   .003209
   2190.00   .254554   .003315
   2200.00   .254529   .003242
   2210.00   .255643   .003487
   2220.00   .256419   .003285
   2230.00   .257465   .003237
   2240.00   .258268   .003122
   2250.00   .259273   .003283
   2260.00   .259849   .003298
   2270.00   .260825   .003175
   2280.00   .261393   .003059
   2290.00   .262225   .002934
   2300.00   .262320   .003096
   2310.00   .263415   .002979
   2320.00   .264185   .003035
   2330.00   .265486   .003074
   2340.00   .266386   .003117
   2350.00   .266160   .002830
   2360.00   .266086   .003079
   2370.00   .266821   .003095
   2380.00   .268372   .003103
   2390.00   .268597   .003064
   2400.00   .269292   .003070
   2410.00   .270281   .003143
   2420.00   .270810   .003067
   2430.00   .271352   .003214
   2440.00   .271925   .003271
   2450.00   .273432   .002861
   2460.00   .273302   .003376
   2470.00   .274551   .003142
   2480.00   .274675   .002569
   2490.00   .276579   .002820
   2500.00   .276554   .002612
   2510.00   .276540   .002890
   2520.00   .276652   .002686
   2530.00   .277931   .002785
   2540.00   .277837   .002950
   2550.00   .280280   .003133



 CDLS140.ASC             

 LS-BWD-140
 62231 bulk 125-250 um at (i,e)=(30,45)
 No depolarizer was used over the wavelength range of 1800-2550 nm
 Albedo adjusted to the visible range
 
 Source Ang:  30.00, Detect Ang:  45.00, Volt:  .777
 Date: 31-JAN-19, Time: 14:11:31
 
 RATIOS ADJUSTED USING RELAB SPECTRALON CALIBRATION TABLE
