       224
    320.00   .049448   .009456
    330.00   .050359   .006558
    340.00   .052227   .006335
    350.00   .053075   .004543
    360.00   .054308   .021360
    370.00   .056471   .010787
    380.00   .058546   .008417
    390.00   .060273   .005081
    400.00   .061962   .003264
    410.00   .063540   .001536
    420.00   .064868   .001435
    430.00   .066576   .001586
    440.00   .067958   .001575
    450.00   .069310   .001603
    460.00   .070538   .001603
    470.00   .071575   .001610
    480.00   .072764   .001586
    490.00   .074208   .001656
    500.00   .075691   .001707
    510.00   .077131   .001844
    520.00   .078513   .001909
    530.00   .080034   .001952
    540.00   .081273   .001923
    550.00   .082307   .001891
    560.00   .083717   .001987
    570.00   .084838   .002043
    580.00   .085643   .002073
    590.00   .086776   .002033
    600.00   .087615   .002061
    610.00   .088608   .002140
    620.00   .089667   .002143
    630.00   .090458   .002126
    640.00   .091226   .002148
    650.00   .092384   .002184
    660.00   .093192   .002132
    670.00   .094262   .002137
    680.00   .094949   .002190
    690.00   .095901   .002231
    700.00   .096645   .002250
    710.00   .097338   .002179
    720.00   .097841   .002313
    730.00   .098603   .002348
    740.00   .098993   .002251
    750.00   .099427   .002339
    760.00   .099885   .002466
    770.00   .099877   .002563
    780.00   .099987   .002602
    790.00   .099933   .002668
    800.00   .099143   .002787
    810.00   .099001   .002976
    820.00   .098617   .003147
    830.00   .098260   .003114
    840.00   .097833   .003210
    850.00   .097533   .003049
    860.00   .097417   .005211
    870.00   .097309   .004650
    880.00   .096973   .005296
    890.00   .096459   .004720
    900.00   .096191   .004170
    910.00   .095950   .003766
    920.00   .095892   .003424
    930.00   .095864   .003130
    940.00   .095532   .002822
    950.00   .095786   .002586
    960.00   .095935   .002307
    970.00   .096063   .002081
    980.00   .096540   .001900
    990.00   .096693   .002005
   1000.00   .097056   .001967
   1010.00   .097304   .002072
   1020.00   .097914   .001896
   1030.00   .098740   .001932
   1040.00   .099421   .001870
   1050.00   .100188   .001970
   1060.00   .101106   .001941
   1070.00   .102073   .001973
   1080.00   .103145   .002063
   1090.00   .104209   .002281
   1100.00   .105167   .002305
   1110.00   .106035   .002348
   1120.00   .106954   .002234
   1130.00   .107908   .002329
   1140.00   .108881   .002380
   1150.00   .109738   .002322
   1160.00   .110698   .002410
   1170.00   .111531   .002379
   1180.00   .112201   .002346
   1190.00   .113001   .002417
   1200.00   .113766   .002483
   1210.00   .114310   .002474
   1220.00   .115066   .002390
   1230.00   .116003   .002451
   1240.00   .116602   .002572
   1250.00   .117224   .002514
   1260.00   .117819   .002542
   1270.00   .118548   .002506
   1280.00   .119222   .002621
   1290.00   .119876   .002737
   1300.00   .120530   .002830
   1310.00   .121389   .002918
   1320.00   .122169   .002733
   1330.00   .123004   .002796
   1340.00   .123763   .002859
   1350.00   .124427   .002831
   1360.00   .125105   .002780
   1370.00   .125744   .002919
   1380.00   .126602   .002894
   1390.00   .127599   .002813
   1400.00   .128324   .002936
   1410.00   .129040   .002838
   1420.00   .129658   .002993
   1430.00   .130696   .002857
   1440.00   .131178   .002933
   1450.00   .131915   .002995
   1460.00   .132618   .002931
   1470.00   .132923   .002884
   1480.00   .133398   .002956
   1490.00   .134182   .002958
   1500.00   .134552   .002839
   1510.00   .135074   .002862
   1520.00   .135551   .002881
   1530.00   .135886   .002815
   1540.00   .136073   .002707
   1550.00   .136756   .002925
   1560.00   .137045   .002610
   1570.00   .137206   .002617
   1580.00   .137499   .002595
   1590.00   .137620   .002588
   1600.00   .137788   .002788
   1610.00   .138140   .002700
   1620.00   .138358   .002713
   1630.00   .138491   .002628
   1640.00   .138428   .002552
   1650.00   .138725   .002544
   1660.00   .138937   .002565
   1670.00   .139162   .002562
   1680.00   .139232   .002565
   1690.00   .139408   .002658
   1700.00   .139292   .002685
   1710.00   .139294   .002398
   1720.00   .139302   .002406
   1730.00   .139091   .002494
   1740.00   .139200   .002462
   1750.00   .139222   .002444
   1760.00   .139059   .002394
   1770.00   .138955   .002300
   1780.00   .139068   .002962
   1790.00   .139110   .002992
   1800.00   .139154   .002971
   1810.00   .139362   .003391
   1820.00   .139234   .003427
   1830.00   .139253   .003445
   1840.00   .139243   .003459
   1850.00   .139258   .003475
   1860.00   .139247   .003460
   1870.00   .139337   .003403
   1880.00   .139400   .003438
   1890.00   .139576   .003288
   1900.00   .139634   .003602
   1910.00   .139568   .003417
   1920.00   .139746   .003514
   1930.00   .140577   .003472
   1940.00   .140442   .003394
   1950.00   .140862   .003518
   1960.00   .140991   .003460
   1970.00   .141067   .003594
   1980.00   .141423   .003619
   1990.00   .141554   .003543
   2000.00   .141913   .003489
   2010.00   .142433   .003524
   2020.00   .142620   .003531
   2030.00   .142799   .003515
   2040.00   .143073   .003487
   2050.00   .143245   .003665
   2060.00   .143677   .003577
   2070.00   .144165   .003551
   2080.00   .144651   .003501
   2090.00   .145058   .003574
   2100.00   .145480   .003671
   2110.00   .146145   .003853
   2120.00   .146527   .003787
   2130.00   .147204   .003774
   2140.00   .147780   .003870
   2150.00   .148640   .003784
   2160.00   .149092   .003796
   2170.00   .149618   .003897
   2180.00   .150068   .003875
   2190.00   .150618   .003861
   2200.00   .151194   .003905
   2210.00   .151442   .004032
   2220.00   .152148   .004118
   2230.00   .152570   .004030
   2240.00   .153157   .004129
   2250.00   .153948   .004143
   2260.00   .154645   .004185
   2270.00   .155239   .004274
   2280.00   .156063   .004214
   2290.00   .156501   .004285
   2300.00   .156980   .004332
   2310.00   .157752   .004401
   2320.00   .158498   .004410
   2330.00   .159399   .004509
   2340.00   .160185   .004468
   2350.00   .160551   .004570
   2360.00   .161199   .004446
   2370.00   .162053   .004552
   2380.00   .162751   .004497
   2390.00   .163484   .004650
   2400.00   .164147   .004545
   2410.00   .165064   .004554
   2420.00   .165602   .004538
   2430.00   .166511   .004623
   2440.00   .167111   .004719
   2450.00   .167741   .004964
   2460.00   .168618   .004900
   2470.00   .169439   .004910
   2480.00   .170541   .004654
   2490.00   .171291   .004880
   2500.00   .171961   .004898
   2510.00   .172931   .004880
   2520.00   .173370   .004890
   2530.00   .174399   .005179
   2540.00   .174808   .005069
   2550.00   .175628   .004877



 CDLS142.ASC             

 LS-BWD-142
 15041 bulk 125-250 um at (i,e)=(30,45)
 No depolarizer was used over the wavelength range of 1800-2550 nm
 Albedo adjusted to the visible range
 
 Source Ang:  30.00, Detect Ang:  45.00, Volt:  .777
 Date: 22-FEB-19, Time: 14:49:56
 
 RATIOS ADJUSTED USING RELAB SPECTRALON CALIBRATION TABLE
