   461
    300.0   0.03032   0.00095
    305.0   0.02931   0.00028
    310.0   0.02978   0.00035
    315.0   0.03013   0.00045
    320.0   0.03050   0.00041
    325.0   0.03036   0.00066
    330.0   0.03108   0.00085
    335.0   0.03104   0.00084
    340.0   0.03109   0.00096
    345.0   0.03147   0.00077
    350.0   0.03169   0.00068
    355.0   0.03189   0.00080
    360.0   0.03236   0.00046
    365.0   0.03275   0.00041
    370.0   0.03321   0.00063
    375.0   0.03362   0.00058
    380.0   0.03397   0.00060
    385.0   0.03432   0.00063
    390.0   0.03499   0.00057
    395.0   0.03507   0.00036
    400.0   0.03556   0.00025
    405.0   0.03582   0.00022
    410.0   0.03607   0.00068
    415.0   0.03650   0.00080
    420.0   0.03725   0.00091
    425.0   0.03743   0.00099
    430.0   0.03743   0.00098
    435.0   0.03779   0.00104
    440.0   0.03816   0.00112
    445.0   0.03854   0.00135
    450.0   0.03869   0.00157
    455.0   0.03888   0.00158
    460.0   0.03916   0.00176
    465.0   0.03945   0.00189
    470.0   0.03959   0.00199
    475.0   0.03983   0.00206
    480.0   0.04002   0.00215
    485.0   0.04015   0.00213
    490.0   0.04043   0.00226
    495.0   0.04066   0.00227
    500.0   0.04081   0.00223
    505.0   0.04076   0.00234
    510.0   0.04091   0.00219
    515.0   0.04121   0.00221
    520.0   0.04143   0.00221
    525.0   0.04171   0.00217
    530.0   0.04195   0.00217
    535.0   0.04242   0.00218
    540.0   0.04266   0.00215
    545.0   0.04278   0.00206
    550.0   0.04294   0.00211
    555.0   0.04311   0.00206
    560.0   0.04326   0.00191
    565.0   0.04337   0.00179
    570.0   0.04346   0.00179
    575.0   0.04370   0.00170
    580.0   0.04396   0.00170
    585.0   0.04409   0.00165
    590.0   0.04440   0.00160
    595.0   0.04463   0.00155
    600.0   0.04469   0.00145
    605.0   0.04484   0.00147
    610.0   0.04532   0.00141
    615.0   0.04572   0.00136
    620.0   0.04615   0.00125
    625.0   0.04644   0.00130
    630.0   0.04681   0.00126
    635.0   0.04704   0.00118
    640.0   0.04747   0.00116
    645.0   0.04782   0.00112
    650.0   0.04798   0.00099
    655.0   0.04805   0.00108
    660.0   0.04849   0.00104
    665.0   0.04868   0.00096
    670.0   0.04877   0.00087
    675.0   0.04904   0.00086
    680.0   0.04931   0.00083
    685.0   0.04964   0.00085
    690.0   0.04977   0.00080
    695.0   0.05002   0.00077
    700.0   0.05027   0.00088
    705.0   0.05076   0.00072
    710.0   0.05134   0.00069
    715.0   0.05148   0.00066
    720.0   0.05163   0.00054
    725.0   0.05205   0.00069
    730.0   0.05238   0.00074
    735.0   0.05290   0.00076
    740.0   0.05303   0.00081
    745.0   0.05339   0.00065
    750.0   0.05433   0.00096
    755.0   0.05438   0.00108
    760.0   0.05464   0.00170
    765.0   0.05489   0.00166
    770.0   0.05517   0.00142
    775.0   0.05528   0.00106
    780.0   0.05520   0.00146
    785.0   0.05554   0.00129
    790.0   0.05584   0.00118
    795.0   0.05587   0.00148
    800.0   0.05634   0.00143
    805.0   0.05643   0.00127
    810.0   0.05653   0.00195
    815.0   0.05595   0.00104
    820.0   0.05635   0.00132
    825.0   0.05613   0.00128
    830.0   0.05620   0.00123
    835.0   0.05627   0.00150
    840.0   0.05664   0.00145
    845.0   0.05626   0.00179
    850.0   0.05613   0.00162
    855.0   0.05566   0.00250
    860.0   0.05564   0.00210
    865.0   0.05501   0.00263
    870.0   0.05488   0.00221
    875.0   0.05487   0.00160
    880.0   0.05411   0.00208
    885.0   0.05364   0.00174
    890.0   0.05350   0.00213
    895.0   0.05319   0.00201
    900.0   0.05329   0.00171
    905.0   0.05304   0.00225
    910.0   0.05304   0.00191
    915.0   0.05286   0.00202
    920.0   0.05286   0.00178
    925.0   0.05296   0.00136
    930.0   0.05301   0.00158
    935.0   0.05250   0.00134
    940.0   0.05275   0.00126
    945.0   0.05229   0.00153
    950.0   0.05264   0.00108
    955.0   0.05222   0.00115
    960.0   0.05244   0.00112
    965.0   0.05252   0.00129
    970.0   0.05248   0.00094
    975.0   0.05231   0.00097
    980.0   0.05251   0.00110
    985.0   0.05266   0.00115
    990.0   0.05287   0.00095
    995.0   0.05288   0.00111
   1000.0   0.05302   0.00086
   1005.0   0.05326   0.00107
   1010.0   0.05326   0.00110
   1015.0   0.05378   0.00093
   1020.0   0.05405   0.00073
   1025.0   0.05421   0.00106
   1030.0   0.05464   0.00090
   1035.0   0.05491   0.00093
   1040.0   0.05538   0.00101
   1045.0   0.05585   0.00111
   1050.0   0.05608   0.00088
   1055.0   0.05631   0.00095
   1060.0   0.05679   0.00114
   1065.0   0.05733   0.00104
   1070.0   0.05786   0.00094
   1075.0   0.05830   0.00119
   1080.0   0.05870   0.00112
   1085.0   0.05928   0.00129
   1090.0   0.05970   0.00104
   1095.0   0.06040   0.00108
   1100.0   0.06106   0.00092
   1105.0   0.06167   0.00108
   1110.0   0.06230   0.00111
   1115.0   0.06288   0.00118
   1120.0   0.06347   0.00137
   1125.0   0.06366   0.00128
   1130.0   0.06403   0.00126
   1135.0   0.06460   0.00131
   1140.0   0.06518   0.00113
   1145.0   0.06578   0.00127
   1150.0   0.06602   0.00128
   1155.0   0.06637   0.00132
   1160.0   0.06672   0.00124
   1165.0   0.06722   0.00148
   1170.0   0.06788   0.00139
   1175.0   0.06821   0.00146
   1180.0   0.06835   0.00136
   1185.0   0.06871   0.00148
   1190.0   0.06904   0.00136
   1195.0   0.06927   0.00142
   1200.0   0.06921   0.00128
   1205.0   0.06970   0.00109
   1210.0   0.07009   0.00128
   1215.0   0.07018   0.00129
   1220.0   0.07029   0.00137
   1225.0   0.07071   0.00141
   1230.0   0.07110   0.00137
   1235.0   0.07160   0.00134
   1240.0   0.07198   0.00136
   1245.0   0.07188   0.00155
   1250.0   0.07200   0.00144
   1255.0   0.07255   0.00150
   1260.0   0.07274   0.00121
   1265.0   0.07298   0.00149
   1270.0   0.07317   0.00133
   1275.0   0.07313   0.00155
   1280.0   0.07332   0.00162
   1285.0   0.07359   0.00140
   1290.0   0.07371   0.00131
   1295.0   0.07415   0.00134
   1300.0   0.07445   0.00157
   1305.0   0.07466   0.00144
   1310.0   0.07483   0.00158
   1315.0   0.07494   0.00149
   1320.0   0.07537   0.00160
   1325.0   0.07541   0.00135
   1330.0   0.07610   0.00159
   1335.0   0.07619   0.00153
   1340.0   0.07648   0.00161
   1345.0   0.07679   0.00196
   1350.0   0.07733   0.00150
   1355.0   0.07736   0.00157
   1360.0   0.07903   0.00177
   1365.0   0.07764   0.00169
   1370.0   0.07786   0.00161
   1375.0   0.07869   0.00165
   1380.0   0.08039   0.00173
   1385.0   0.07812   0.00171
   1390.0   0.07967   0.00169
   1395.0   0.07995   0.00171
   1400.0   0.07956   0.00149
   1405.0   0.08026   0.00169
   1410.0   0.07989   0.00173
   1415.0   0.08034   0.00155
   1420.0   0.08080   0.00174
   1425.0   0.08123   0.00181
   1430.0   0.08167   0.00173
   1435.0   0.08223   0.00161
   1440.0   0.08277   0.00185
   1445.0   0.08273   0.00169
   1450.0   0.08314   0.00166
   1455.0   0.08328   0.00171
   1460.0   0.08366   0.00190
   1465.0   0.08376   0.00209
   1470.0   0.08392   0.00176
   1475.0   0.08418   0.00218
   1480.0   0.08470   0.00206
   1485.0   0.08499   0.00198
   1490.0   0.08503   0.00217
   1495.0   0.08535   0.00230
   1500.0   0.08559   0.00229
   1505.0   0.08600   0.00239
   1510.0   0.08644   0.00251
   1515.0   0.08629   0.00244
   1520.0   0.08644   0.00256
   1525.0   0.08677   0.00264
   1530.0   0.08697   0.00283
   1535.0   0.08710   0.00280
   1540.0   0.08731   0.00322
   1545.0   0.08740   0.00316
   1550.0   0.08755   0.00285
   1555.0   0.08785   0.00334
   1560.0   0.08771   0.00338
   1565.0   0.08786   0.00382
   1570.0   0.08800   0.00386
   1575.0   0.08810   0.00395
   1580.0   0.08820   0.00373
   1585.0   0.08827   0.00386
   1590.0   0.08852   0.00386
   1595.0   0.08851   0.00399
   1600.0   0.08853   0.00398
   1605.0   0.08863   0.00398
   1610.0   0.08858   0.00413
   1615.0   0.08924   0.00418
   1620.0   0.08897   0.00420
   1625.0   0.08899   0.00399
   1630.0   0.08931   0.00415
   1635.0   0.08930   0.00441
   1640.0   0.08928   0.00409
   1645.0   0.08938   0.00424
   1650.0   0.08955   0.00437
   1655.0   0.08988   0.00455
   1660.0   0.09043   0.00452
   1665.0   0.09059   0.00444
   1670.0   0.09056   0.00458
   1675.0   0.09073   0.00446
   1680.0   0.09069   0.00458
   1685.0   0.09079   0.00457
   1690.0   0.09087   0.00464
   1695.0   0.09076   0.00454
   1700.0   0.09117   0.00245
   1705.0   0.09132   0.00255
   1710.0   0.09135   0.00232
   1715.0   0.09121   0.00234
   1720.0   0.09134   0.00227
   1725.0   0.09125   0.00235
   1730.0   0.09143   0.00230
   1735.0   0.09136   0.00238
   1740.0   0.09162   0.00234
   1745.0   0.09179   0.00243
   1750.0   0.09188   0.00254
   1755.0   0.09193   0.00074
   1760.0   0.09215   0.00051
   1765.0   0.09191   0.00061
   1770.0   0.09205   0.00082
   1775.0   0.09250   0.00070
   1780.0   0.09253   0.00055
   1785.0   0.09276   0.00070
   1790.0   0.09292   0.00071
   1795.0   0.09332   0.00052
   1800.0   0.09320   0.00098
   1805.0   0.09346   0.00089
   1810.0   0.09400   0.00081
   1815.0   0.09455   0.00076
   1820.0   0.09353   0.00091
   1825.0   0.09361   0.00193
   1830.0   0.09379   0.00099
   1835.0   0.09473   0.00097
   1840.0   0.09257   0.00121
   1845.0   0.09469   0.00126
   1850.0   0.09311   0.00099
   1855.0   0.09449   0.00092
   1860.0   0.09356   0.00076
   1865.0   0.09767   0.00124
   1870.0   0.09565   0.00123
   1875.0   0.09209   0.00102
   1880.0   0.09527   0.00101
   1885.0   0.09554   0.00129
   1890.0   0.09527   0.00124
   1895.0   0.09727   0.00167
   1900.0   0.09639   0.00116
   1905.0   0.09482   0.00135
   1910.0   0.09597   0.00121
   1915.0   0.09616   0.00128
   1920.0   0.09603   0.00112
   1925.0   0.09671   0.00143
   1930.0   0.09665   0.00101
   1935.0   0.09712   0.00118
   1940.0   0.09682   0.00155
   1945.0   0.09738   0.00111
   1950.0   0.09778   0.00154
   1955.0   0.09778   0.00159
   1960.0   0.09788   0.00132
   1965.0   0.09796   0.00134
   1970.0   0.09835   0.00131
   1975.0   0.09844   0.00136
   1980.0   0.09862   0.00136
   1985.0   0.09894   0.00145
   1990.0   0.09926   0.00147
   1995.0   0.09951   0.00148
   2000.0   0.09971   0.00130
   2005.0   0.09956   0.00146
   2010.0   0.09966   0.00157
   2015.0   0.09968   0.00152
   2020.0   0.09984   0.00172
   2025.0   0.09977   0.00187
   2030.0   0.09979   0.00132
   2035.0   0.10036   0.00201
   2040.0   0.10033   0.00124
   2045.0   0.10098   0.00174
   2050.0   0.10076   0.00181
   2055.0   0.10084   0.00135
   2060.0   0.10088   0.00140
   2065.0   0.10110   0.00161
   2070.0   0.10128   0.00132
   2075.0   0.10156   0.00165
   2080.0   0.10181   0.00147
   2085.0   0.10188   0.00140
   2090.0   0.10235   0.00169
   2095.0   0.10209   0.00157
   2100.0   0.10192   0.00159
   2105.0   0.10219   0.00170
   2110.0   0.10224   0.00187
   2115.0   0.10246   0.00166
   2120.0   0.10279   0.00140
   2125.0   0.10266   0.00130
   2130.0   0.10289   0.00145
   2135.0   0.10296   0.00154
   2140.0   0.10321   0.00176
   2145.0   0.10342   0.00145
   2150.0   0.10354   0.00146
   2155.0   0.10398   0.00124
   2160.0   0.10420   0.00182
   2165.0   0.10408   0.00155
   2170.0   0.10438   0.00175
   2175.0   0.10451   0.00155
   2180.0   0.10487   0.00162
   2185.0   0.10540   0.00164
   2190.0   0.10523   0.00130
   2195.0   0.10580   0.00179
   2200.0   0.10576   0.00149
   2205.0   0.10629   0.00141
   2210.0   0.10672   0.00150
   2215.0   0.10701   0.00155
   2220.0   0.10705   0.00139
   2225.0   0.10717   0.00144
   2230.0   0.10756   0.00174
   2235.0   0.10783   0.00187
   2240.0   0.10776   0.00227
   2245.0   0.10851   0.00140
   2250.0   0.10873   0.00129
   2255.0   0.10913   0.00167
   2260.0   0.10911   0.00121
   2265.0   0.10953   0.00162
   2270.0   0.10993   0.00143
   2275.0   0.11039   0.00158
   2280.0   0.11071   0.00143
   2285.0   0.11091   0.00153
   2290.0   0.11120   0.00140
   2295.0   0.11153   0.00138
   2300.0   0.11213   0.00137
   2305.0   0.11202   0.00155
   2310.0   0.11180   0.00163
   2315.0   0.11167   0.00174
   2320.0   0.11226   0.00136
   2325.0   0.11222   0.00159
   2330.0   0.11316   0.00172
   2335.0   0.11301   0.00188
   2340.0   0.11348   0.00162
   2345.0   0.11357   0.00176
   2350.0   0.11399   0.00180
   2355.0   0.11411   0.00176
   2360.0   0.11433   0.00196
   2365.0   0.11426   0.00172
   2370.0   0.11520   0.00187
   2375.0   0.11536   0.00151
   2380.0   0.11615   0.00191
   2385.0   0.11612   0.00179
   2390.0   0.11682   0.00174
   2395.0   0.11720   0.00138
   2400.0   0.11739   0.00126
   2405.0   0.11812   0.00157
   2410.0   0.11888   0.00120
   2415.0   0.11893   0.00176
   2420.0   0.11798   0.00184
   2425.0   0.11857   0.00145
   2430.0   0.11910   0.00153
   2435.0   0.11931   0.00160
   2440.0   0.12035   0.00150
   2445.0   0.12090   0.00152
   2450.0   0.12113   0.00141
   2455.0   0.12181   0.00094
   2460.0   0.12260   0.00175
   2465.0   0.12299   0.00110
   2470.0   0.12374   0.00170
   2475.0   0.12278   0.00143
   2480.0   0.12434   0.00119
   2485.0   0.12455   0.00158
   2490.0   0.12509   0.00127
   2495.0   0.12516   0.00155
   2500.0   0.12687   0.00105
   2505.0   0.12623   0.00091
   2510.0   0.12762   0.00155
   2515.0   0.12783   0.00125
   2520.0   0.12849   0.00137
   2525.0   0.12933   0.00132
   2530.0   0.13118   0.00100
   2535.0   0.12712   0.00102
   2540.0   0.13260   0.00080
   2545.0   0.12950   0.00063
   2550.0   0.12790   0.00065
   2555.0   0.13112   0.00038
   2560.0   0.14011   0.00022
   2565.0   0.12630   0.00022
   2570.0   0.13463   0.00018
   2575.0   0.12970   0.00017
   2580.0   0.14033   0.00018
   2585.0   0.12657   0.00064
   2590.0   0.14004   0.00062
   2595.0   0.11814   0.00094
   2600.0   0.14699   0.00186



 CFFL49      .ASC                        

 LS-CMP-049-F                                                            
 25-45  FROM 10084,1780D SPLIT                                           
 RATIOS ADJUSTED USING NBS HALON CALIBRATION TABLE                       

 Source Ang: 30.00   Detect Ang:  0.00  Volt: 0.777
 Date: 30-NOV-92   Time: 13:16:49
