       224
    320.00   .039765   .008075
    330.00   .040245   .005537
    340.00   .041656   .005460
    350.00   .042475   .003941
    360.00   .042971   .001485
    370.00   .043965   .000975
    380.00   .045283   .000780
    390.00   .046530   .000674
    400.00   .047725   .001696
    410.00   .048660   .001224
    420.00   .049686   .001009
    430.00   .050591   .001061
    440.00   .051666   .000977
    450.00   .052586   .000889
    460.00   .053556   .000809
    470.00   .054528   .000786
    480.00   .055402   .000744
    490.00   .056332   .000777
    500.00   .057156   .000738
    510.00   .058135   .000849
    520.00   .058936   .000817
    530.00   .059875   .000842
    540.00   .060641   .000798
    550.00   .061434   .000858
    560.00   .062181   .000858
    570.00   .062980   .000856
    580.00   .063743   .000907
    590.00   .064453   .000874
    600.00   .065186   .000934
    610.00   .065802   .000931
    620.00   .066503   .000996
    630.00   .067090   .001062
    640.00   .067812   .001054
    650.00   .068561   .000981
    660.00   .069258   .001079
    670.00   .069878   .001098
    680.00   .070475   .001052
    690.00   .071150   .001146
    700.00   .071820   .001116
    710.00   .072404   .001188
    720.00   .073069   .001246
    730.00   .073667   .001328
    740.00   .074142   .001440
    750.00   .074766   .001466
    760.00   .075324   .001617
    770.00   .076234   .001716
    780.00   .076562   .001956
    790.00   .077142   .002125
    800.00   .077778   .002366
    810.00   .078089   .002497
    820.00   .078234   .002732
    830.00   .078755   .002835
    840.00   .078880   .002881
    850.00   .079137   .002871
    860.00   .079381   .004389
    870.00   .079474   .003989
    880.00   .079399   .003736
    890.00   .079294   .003467
    900.00   .079227   .003132
    910.00   .079400   .002958
    920.00   .079419   .002770
    930.00   .079800   .002668
    940.00   .080045   .002340
    950.00   .080476   .002140
    960.00   .080695   .001871
    970.00   .081238   .001741
    980.00   .081452   .001591
    990.00   .081836   .001486
   1000.00   .082243   .001863
   1010.00   .082877   .001742
   1020.00   .083328   .001711
   1030.00   .083827   .001593
   1040.00   .084180   .001569
   1050.00   .084879   .001442
   1060.00   .085307   .001431
   1070.00   .085841   .001432
   1080.00   .086485   .001445
   1090.00   .087020   .001585
   1100.00   .087528   .001627
   1110.00   .088060   .001683
   1120.00   .088655   .001552
   1130.00   .089187   .001598
   1140.00   .089697   .001553
   1150.00   .090172   .001524
   1160.00   .090694   .001459
   1170.00   .091105   .001538
   1180.00   .091753   .001640
   1190.00   .092201   .001522
   1200.00   .092599   .001474
   1210.00   .093269   .001439
   1220.00   .093912   .001515
   1230.00   .094303   .001542
   1240.00   .094906   .001601
   1250.00   .095255   .001510
   1260.00   .095971   .001432
   1270.00   .096456   .001578
   1280.00   .097070   .001584
   1290.00   .097657   .001777
   1300.00   .098329   .001780
   1310.00   .099083   .001757
   1320.00   .099575   .001796
   1330.00   .100129   .001785
   1340.00   .100801   .001840
   1350.00   .101148   .001846
   1360.00   .101549   .002007
   1370.00   .102214   .001919
   1380.00   .102933   .001932
   1390.00   .103914   .001998
   1400.00   .104415   .002082
   1410.00   .105064   .002050
   1420.00   .105692   .001943
   1430.00   .106429   .001849
   1440.00   .107257   .001974
   1450.00   .107783   .001907
   1460.00   .108587   .001963
   1470.00   .108863   .002009
   1480.00   .109605   .002065
   1490.00   .110096   .002020
   1500.00   .110847   .002103
   1510.00   .111337   .002086
   1520.00   .111975   .002054
   1530.00   .112644   .002101
   1540.00   .113289   .002192
   1550.00   .113871   .002292
   1560.00   .114324   .002250
   1570.00   .114729   .002171
   1580.00   .115384   .002300
   1590.00   .115804   .002309
   1600.00   .116402   .002292
   1610.00   .116784   .002318
   1620.00   .117256   .002313
   1630.00   .117677   .002290
   1640.00   .118217   .002285
   1650.00   .118684   .002403
   1660.00   .119238   .002439
   1670.00   .119578   .002494
   1680.00   .120126   .002408
   1690.00   .120734   .002475
   1700.00   .120925   .002498
   1710.00   .121132   .002499
   1720.00   .121744   .002476
   1730.00   .122009   .002483
   1740.00   .122286   .002539
   1750.00   .122838   .002663
   1760.00   .123197   .002606
   1770.00   .123578   .002596
   1780.00   .124117   .003501
   1790.00   .124435   .003585
   1800.00   .124656   .003553
   1810.00   .125063   .004410
   1820.00   .125639   .004539
   1830.00   .126437   .004706
   1840.00   .127028   .004545
   1850.00   .127267   .004648
   1860.00   .127510   .004663
   1870.00   .127692   .004707
   1880.00   .128026   .004749
   1890.00   .128420   .004768
   1900.00   .128629   .004801
   1910.00   .129022   .004835
   1920.00   .129438   .004883
   1930.00   .129636   .004947
   1940.00   .129947   .005009
   1950.00   .130118   .004887
   1960.00   .130413   .004939
   1970.00   .130949   .004923
   1980.00   .131412   .004842
   1990.00   .132131   .004874
   2000.00   .132512   .004959
   2010.00   .132991   .005085
   2020.00   .133172   .005272
   2030.00   .133773   .004979
   2040.00   .134189   .005110
   2050.00   .134686   .005087
   2060.00   .135113   .004982
   2070.00   .135683   .005085
   2080.00   .136220   .005076
   2090.00   .136949   .005115
   2100.00   .137456   .005261
   2110.00   .138071   .005397
   2120.00   .138472   .005519
   2130.00   .139327   .005523
   2140.00   .139771   .005678
   2150.00   .140428   .005373
   2160.00   .140993   .005184
   2170.00   .141576   .005212
   2180.00   .142273   .005219
   2190.00   .143055   .005306
   2200.00   .143652   .005400
   2210.00   .144188   .005375
   2220.00   .144699   .005450
   2230.00   .145208   .005468
   2240.00   .145797   .005434
   2250.00   .146590   .005453
   2260.00   .146982   .005533
   2270.00   .147904   .005470
   2280.00   .148514   .005557
   2290.00   .149396   .005472
   2300.00   .149626   .005720
   2310.00   .150234   .005961
   2320.00   .150848   .005904
   2330.00   .151498   .005813
   2340.00   .152121   .005851
   2350.00   .152672   .005886
   2360.00   .153450   .005954
   2370.00   .154082   .006010
   2380.00   .154594   .005965
   2390.00   .155309   .005704
   2400.00   .156115   .005932
   2410.00   .156509   .006087
   2420.00   .157015   .006054
   2430.00   .157747   .006025
   2440.00   .158527   .006009
   2450.00   .159007   .006169
   2460.00   .159278   .005931
   2470.00   .160137   .006286
   2480.00   .160646   .006010
   2490.00   .161147   .006023
   2500.00   .161579   .006086
   2510.00   .162403   .006154
   2520.00   .162426   .006153
   2530.00   .162746   .006067
   2540.00   .163321   .006049
   2550.00   .163765   .006044



 CFLS141.ASC             

 LS-BWD-141
 62231 agglutinate (hand-picked) 125-250 um at (i,e)=(30,-15)
 No depolarizer was used over the wavelength range of 1800-2550 nm
 Albedo adjusted to the visible range
 
 Source Ang:  30.00, Detect Ang: -15.00, Volt:  .777
 Date: 04-FEB-19, Time: 15:10:27
 
 RATIOS ADJUSTED USING RELAB SPECTRALON CALIBRATION TABLE
