       224
    320.00   .077266   .006798
    330.00   .079353   .004743
    340.00   .082897   .004658
    350.00   .085989   .003483
    360.00   .088847   .001580
    370.00   .092004   .001337
    380.00   .095808   .001209
    390.00   .098534   .001094
    400.00   .101217   .002457
    410.00   .103450   .002211
    420.00   .105306   .001996
    430.00   .107054   .002912
    440.00   .109036   .002730
    450.00   .110998   .002689
    460.00   .112617   .002782
    470.00   .114217   .002792
    480.00   .115902   .002808
    490.00   .117272   .002786
    500.00   .118715   .002795
    510.00   .120124   .002849
    520.00   .121572   .002804
    530.00   .122954   .002919
    540.00   .124004   .002969
    550.00   .124862   .002949
    560.00   .125953   .002977
    570.00   .126967   .002893
    580.00   .127817   .002923
    590.00   .128785   .002905
    600.00   .129320   .003003
    610.00   .130218   .002949
    620.00   .130905   .002837
    630.00   .131645   .002973
    640.00   .132575   .002912
    650.00   .133117   .002984
    660.00   .134093   .003003
    670.00   .134929   .002918
    680.00   .135686   .002838
    690.00   .136456   .002919
    700.00   .137059   .003003
    710.00   .137775   .002996
    720.00   .138457   .003000
    730.00   .139073   .002984
    740.00   .139462   .002956
    750.00   .140201   .003083
    760.00   .140416   .003094
    770.00   .140996   .003288
    780.00   .141177   .003431
    790.00   .141137   .003452
    800.00   .141181   .003585
    810.00   .140625   .003602
    820.00   .140134   .003840
    830.00   .139505   .003856
    840.00   .138959   .003899
    850.00   .138023   .003896
    860.00   .137606   .005320
    870.00   .136872   .004846
    880.00   .135836   .004702
    890.00   .135105   .004295
    900.00   .134856   .003980
    910.00   .134220   .003761
    920.00   .133920   .003581
    930.00   .133824   .003366
    940.00   .134035   .003202
    950.00   .134138   .002788
    960.00   .134559   .002593
    970.00   .135006   .002859
    980.00   .135711   .002588
    990.00   .136407   .002581
   1000.00   .137207   .002749
   1010.00   .138130   .002831
   1020.00   .138910   .002613
   1030.00   .139734   .002578
   1040.00   .140407   .002610
   1050.00   .141245   .002711
   1060.00   .141829   .002575
   1070.00   .142788   .002574
   1080.00   .144067   .002763
   1090.00   .144884   .002978
   1100.00   .145745   .002807
   1110.00   .146551   .002787
   1120.00   .147545   .002826
   1130.00   .147749   .002820
   1140.00   .148436   .002896
   1150.00   .149145   .002876
   1160.00   .149278   .002822
   1170.00   .150012   .002683
   1180.00   .150384   .002710
   1190.00   .150707   .002661
   1200.00   .151205   .002747
   1210.00   .151768   .002673
   1220.00   .152148   .002772
   1230.00   .152643   .002677
   1240.00   .153046   .002726
   1250.00   .153382   .002714
   1260.00   .153921   .002818
   1270.00   .154427   .002812
   1280.00   .155111   .002770
   1290.00   .155721   .003057
   1300.00   .156207   .003084
   1310.00   .156979   .003093
   1320.00   .157808   .002836
   1330.00   .158562   .003083
   1340.00   .159249   .002933
   1350.00   .160212   .003093
   1360.00   .161017   .003134
   1370.00   .161734   .003200
   1380.00   .162352   .003244
   1390.00   .162994   .003285
   1400.00   .163652   .003352
   1410.00   .164274   .003333
   1420.00   .164953   .003340
   1430.00   .165833   .003196
   1440.00   .166563   .003311
   1450.00   .166966   .003272
   1460.00   .167932   .003432
   1470.00   .168572   .003484
   1480.00   .168940   .003328
   1490.00   .169573   .003572
   1500.00   .169931   .003438
   1510.00   .170329   .003618
   1520.00   .170639   .003586
   1530.00   .171290   .003564
   1540.00   .171640   .003550
   1550.00   .171858   .003596
   1560.00   .172380   .003727
   1570.00   .172451   .003561
   1580.00   .172971   .003618
   1590.00   .173177   .003563
   1600.00   .173168   .003791
   1610.00   .173523   .003440
   1620.00   .173552   .003591
   1630.00   .173678   .003570
   1640.00   .173792   .003599
   1650.00   .174093   .003630
   1660.00   .174442   .003631
   1670.00   .174506   .003807
   1680.00   .174859   .003804
   1690.00   .175010   .003625
   1700.00   .174929   .003670
   1710.00   .174381   .003624
   1720.00   .174499   .003618
   1730.00   .174379   .003572
   1740.00   .174368   .003688
   1750.00   .174495   .003598
   1760.00   .174371   .003637
   1770.00   .174455   .003728
   1780.00   .174449   .003674
   1790.00   .174589   .003576
   1800.00   .174441   .003967
   1810.00   .174643   .004197
   1820.00   .174642   .004223
   1830.00   .174669   .004243
   1840.00   .174694   .004249
   1850.00   .174868   .004287
   1860.00   .174832   .004260
   1870.00   .174797   .004169
   1880.00   .174825   .004147
   1890.00   .174853   .004106
   1900.00   .174884   .004086
   1910.00   .175106   .004053
   1920.00   .175355   .004044
   1930.00   .175428   .003977
   1940.00   .175577   .004004
   1950.00   .176034   .004054
   1960.00   .176105   .003815
   1970.00   .176878   .003886
   1980.00   .176799   .003997
   1990.00   .177061   .004082
   2000.00   .177425   .003837
   2010.00   .177833   .003921
   2020.00   .178338   .004023
   2030.00   .178877   .003853
   2040.00   .178933   .003844
   2050.00   .179449   .003954
   2060.00   .180082   .004120
   2070.00   .180593   .004048
   2080.00   .181058   .003900
   2090.00   .181722   .003826
   2100.00   .181812   .003957
   2110.00   .182790   .004061
   2120.00   .183200   .003994
   2130.00   .184154   .004042
   2140.00   .184760   .004066
   2150.00   .185120   .003901
   2160.00   .185971   .003874
   2170.00   .186786   .003863
   2180.00   .187219   .003876
   2190.00   .188075   .004005
   2200.00   .188960   .003978
   2210.00   .189171   .004019
   2220.00   .189595   .003985
   2230.00   .190061   .003917
   2240.00   .190938   .003927
   2250.00   .191538   .003902
   2260.00   .192083   .004085
   2270.00   .193161   .003820
   2280.00   .193425   .003815
   2290.00   .194223   .004032
   2300.00   .194960   .004016
   2310.00   .195400   .003998
   2320.00   .195998   .004119
   2330.00   .196659   .004230
   2340.00   .197282   .004225
   2350.00   .198002   .004249
   2360.00   .198674   .004256
   2370.00   .199361   .004154
   2380.00   .200109   .004122
   2390.00   .200740   .004192
   2400.00   .201317   .004148
   2410.00   .201717   .004308
   2420.00   .202332   .004378
   2430.00   .203274   .004459
   2440.00   .203747   .004520
   2450.00   .204455   .004485
   2460.00   .204763   .004529
   2470.00   .205793   .004565
   2480.00   .206228   .004627
   2490.00   .206813   .004585
   2500.00   .207321   .004527
   2510.00   .208053   .004536
   2520.00   .208209   .004419
   2530.00   .209091   .004428
   2540.00   .210011   .004437
   2550.00   .209496   .004601



 CFLS140.ASC             

 LS-BWD-140
 62231 bulk 125-250 um at (i,e)=(30,-15)
 No depolarizer was used over the wavelength range of 1800-2550 nm
 Albedo adjusted to the visible range
 
 Source Ang:  30.00, Detect Ang: -15.00, Volt:  .777
 Date: 04-FEB-19, Time: 15:10:27
 
 RATIOS ADJUSTED USING RELAB SPECTRALON CALIBRATION TABLE
