       224
    320.00   .038775   .002292
    330.00   .039602   .001912
    340.00   .040605   .001993
    350.00   .041574   .001568
    360.00   .042340   .001276
    370.00   .043093   .001534
    380.00   .043669   .001919
    390.00   .044244   .001156
    400.00   .045067   .001460
    410.00   .046073   .001159
    420.00   .047222   .001377
    430.00   .048084   .001543
    440.00   .049100   .001332
    450.00   .049941   .001146
    460.00   .050988   .001790
    470.00   .051955   .001587
    480.00   .052848   .001430
    490.00   .053689   .001313
    500.00   .054664   .001238
    510.00   .055539   .001167
    520.00   .056476   .001121
    530.00   .057454   .001304
    540.00   .058313   .001248
    550.00   .059149   .001199
    560.00   .060081   .001178
    570.00   .060913   .001171
    580.00   .061787   .001166
    590.00   .062617   .001150
    600.00   .063517   .001136
    610.00   .064419   .001152
    620.00   .065222   .001149
    630.00   .065981   .001160
    640.00   .066756   .001189
    650.00   .067564   .001210
    660.00   .068373   .001267
    670.00   .069191   .001281
    680.00   .069866   .001218
    690.00   .070611   .001201
    700.00   .071393   .001231
    710.00   .072205   .001258
    720.00   .073102   .001333
    730.00   .073798   .001414
    740.00   .074487   .001635
    750.00   .075275   .001729
    760.00   .075902   .001170
    770.00   .076633   .001255
    780.00   .077327   .001317
    790.00   .077967   .001416
    800.00   .078532   .001525
    810.00   .079246   .001629
    820.00   .079768   .001713
    830.00   .080424   .001806
    840.00   .080961   .001824
    850.00   .081393   .001825
    860.00   .081464   .003539
    870.00   .081493   .002864
    880.00   .081100   .002607
    890.00   .081624   .003443
    900.00   .082035   .003224
    910.00   .082475   .002920
    920.00   .082912   .002728
    930.00   .083354   .002513
    940.00   .083797   .002367
    950.00   .084241   .002381
    960.00   .084684   .002151
    970.00   .085078   .001996
    980.00   .085507   .001985
    990.00   .086016   .001864
   1000.00   .086477   .001895
   1010.00   .086935   .001783
   1020.00   .087505   .001832
   1030.00   .087846   .001735
   1040.00   .088643   .002078
   1050.00   .089149   .002031
   1060.00   .089698   .002114
   1070.00   .090307   .001947
   1080.00   .090982   .001893
   1090.00   .091570   .001820
   1100.00   .092317   .001828
   1110.00   .092713   .001921
   1120.00   .093440   .001908
   1130.00   .094045   .001821
   1140.00   .094506   .001884
   1150.00   .095208   .001755
   1160.00   .095923   .002043
   1170.00   .096537   .001998
   1180.00   .097218   .001808
   1190.00   .097782   .001941
   1200.00   .098208   .001908
   1210.00   .099006   .001911
   1220.00   .099560   .001820
   1230.00   .100196   .002024
   1240.00   .101013   .001926
   1250.00   .101630   .001998
   1260.00   .102391   .001911
   1270.00   .102983   .001937
   1280.00   .103610   .001876
   1290.00   .104325   .001906
   1300.00   .105103   .001978
   1310.00   .105715   .002031
   1320.00   .106576   .001884
   1330.00   .107239   .002047
   1340.00   .108049   .001986
   1350.00   .108576   .001848
   1360.00   .109018   .002001
   1370.00   .109881   .001941
   1380.00   .110560   .001918
   1390.00   .111429   .001888
   1400.00   .112239   .001925
   1410.00   .113130   .001896
   1420.00   .113878   .001891
   1430.00   .114794   .001858
   1440.00   .115504   .002020
   1450.00   .116219   .001918
   1460.00   .116743   .001832
   1470.00   .117591   .001833
   1480.00   .118346   .001849
   1490.00   .119109   .001871
   1500.00   .119682   .001869
   1510.00   .120341   .001869
   1520.00   .121027   .001819
   1530.00   .121827   .001989
   1540.00   .122369   .001857
   1550.00   .123216   .002068
   1560.00   .123872   .001984
   1570.00   .124331   .001941
   1580.00   .124926   .002030
   1590.00   .125657   .001890
   1600.00   .126404   .002033
   1610.00   .126821   .002039
   1620.00   .127274   .001949
   1630.00   .127887   .002016
   1640.00   .128635   .002064
   1650.00   .129245   .002049
   1660.00   .129862   .002048
   1670.00   .130198   .002153
   1680.00   .130924   .002055
   1690.00   .131686   .002097
   1700.00   .132126   .002004
   1710.00   .132479   .002035
   1720.00   .132846   .001998
   1730.00   .133393   .001979
   1740.00   .133759   .002058
   1750.00   .134374   .002018
   1760.00   .134890   .002012
   1770.00   .135511   .002033
   1780.00   .136008   .002148
   1790.00   .136411   .002173
   1800.00   .137017   .002221
   1810.00   .137779   .002130
   1820.00   .138125   .002087
   1830.00   .138574   .002156
   1840.00   .139424   .002095
   1850.00   .140024   .002117
   1860.00   .140335   .002085
   1870.00   .140905   .002029
   1880.00   .141328   .002105
   1890.00   .141583   .002127
   1900.00   .142022   .002210
   1910.00   .142785   .002247
   1920.00   .143251   .002164
   1930.00   .143855   .002264
   1940.00   .144220   .002139
   1950.00   .144614   .002114
   1960.00   .145391   .002126
   1970.00   .145890   .002094
   1980.00   .146574   .001972
   1990.00   .147077   .002000
   2000.00   .147593   .002162
   2010.00   .148315   .002050
   2020.00   .148884   .002119
   2030.00   .149199   .001921
   2040.00   .149791   .002108
   2050.00   .150429   .001985
   2060.00   .151140   .001934
   2070.00   .151668   .002031
   2080.00   .152380   .001908
   2090.00   .153141   .001964
   2100.00   .153781   .002048
   2110.00   .154494   .001982
   2120.00   .154995   .002029
   2130.00   .155821   .002105
   2140.00   .156688   .002186
   2150.00   .157451   .002199
   2160.00   .158136   .002093
   2170.00   .159001   .001963
   2180.00   .159591   .002058
   2190.00   .160255   .001957
   2200.00   .161239   .002172
   2210.00   .161837   .002272
   2220.00   .162588   .002365
   2230.00   .163069   .002270
   2240.00   .163846   .002256
   2250.00   .164626   .002220
   2260.00   .165148   .002327
   2270.00   .165913   .002351
   2280.00   .166320   .002291
   2290.00   .167145   .002276
   2300.00   .167600   .002335
   2310.00   .168448   .002180
   2320.00   .169006   .002145
   2330.00   .169666   .002178
   2340.00   .170521   .002260
   2350.00   .171091   .002079
   2360.00   .171948   .002079
   2370.00   .172264   .002326
   2380.00   .172905   .002125
   2390.00   .173674   .002203
   2400.00   .174361   .002230
   2410.00   .174710   .002169
   2420.00   .175488   .002194
   2430.00   .176346   .002214
   2440.00   .176638   .002291
   2450.00   .177536   .002351
   2460.00   .177948   .002225
   2470.00   .178734   .002353
   2480.00   .179578   .002375
   2490.00   .180211   .002601
   2500.00   .180646   .002408
   2510.00   .181259   .002273
   2520.00   .181682   .002374
   2530.00   .181421   .002004
   2540.00   .181785   .002033
   2550.00   .183323   .002352



 CHLS151.ASC             

 LS-BWD-151
 62231.58 agglutinate magnetic separate 125-250 um at (i,e)=(30,-35)
 Albedo adjusted to the visible range
 
 Source Ang:  30.00, Detect Ang: -35.00, Volt:  .777
 Date: 15-NOV-21, Time: 14:54:28
 
 RATIOS ADJUSTED USING RELAB SPECTRALON CALIBRATION TABLE
