       224
    320.00   .036592   .002751
    330.00   .037434   .002362
    340.00   .038657   .002450
    350.00   .039590   .001969
    360.00   .040563   .001630
    370.00   .041524   .001883
    380.00   .042344   .002259
    390.00   .043164   .001412
    400.00   .044190   .001742
    410.00   .045526   .001413
    420.00   .046878   .001543
    430.00   .047559   .001705
    440.00   .048555   .001491
    450.00   .049144   .001169
    460.00   .050007   .001799
    470.00   .050772   .001578
    480.00   .051600   .001411
    490.00   .052487   .001286
    500.00   .053292   .001194
    510.00   .054013   .001118
    520.00   .055678   .001063
    530.00   .056871   .001227
    540.00   .057654   .001163
    550.00   .058317   .001118
    560.00   .059437   .001097
    570.00   .060324   .001063
    580.00   .061142   .001053
    590.00   .061773   .001038
    600.00   .062418   .001051
    610.00   .063009   .001064
    620.00   .063612   .001067
    630.00   .064205   .001092
    640.00   .064859   .001137
    650.00   .065606   .001153
    660.00   .066308   .001220
    670.00   .067018   .001203
    680.00   .067628   .001164
    690.00   .068198   .001155
    700.00   .068916   .001174
    710.00   .069718   .001231
    720.00   .070467   .001290
    730.00   .071016   .001365
    740.00   .071272   .001610
    750.00   .071425   .001701
    760.00   .071211   .001171
    770.00   .070689   .001239
    780.00   .069870   .001335
    790.00   .068674   .001444
    800.00   .067263   .001574
    810.00   .065706   .001692
    820.00   .064025   .001785
    830.00   .062481   .001858
    840.00   .060923   .001915
    850.00   .059515   .001938
    860.00   .058257   .003510
    870.00   .057282   .002816
    880.00   .056387   .002606
    890.00   .055360   .003164
    900.00   .054902   .002942
    910.00   .054449   .002856
    920.00   .054261   .002741
    930.00   .054074   .002538
    940.00   .053890   .002532
    950.00   .053706   .002246
    960.00   .053522   .002105
    970.00   .053372   .002002
    980.00   .053557   .001858
    990.00   .053657   .001823
   1000.00   .053741   .001798
   1010.00   .054112   .001785
   1020.00   .054562   .001682
   1030.00   .055237   .001652
   1040.00   .055911   .001921
   1050.00   .056654   .001872
   1060.00   .057540   .001752
   1070.00   .058603   .001698
   1080.00   .059605   .001637
   1090.00   .060727   .001573
   1100.00   .062048   .001502
   1110.00   .063181   .001558
   1120.00   .064280   .001492
   1130.00   .065366   .001525
   1140.00   .066441   .001393
   1150.00   .067398   .001344
   1160.00   .068144   .001672
   1170.00   .068943   .001540
   1180.00   .069717   .001422
   1190.00   .070305   .001406
   1200.00   .070922   .001375
   1210.00   .071436   .001453
   1220.00   .072074   .001354
   1230.00   .072681   .001384
   1240.00   .073191   .001402
   1250.00   .073871   .001315
   1260.00   .074360   .001332
   1270.00   .074830   .001285
   1280.00   .075451   .001182
   1290.00   .076067   .001207
   1300.00   .076705   .001181
   1310.00   .077291   .001242
   1320.00   .077898   .001257
   1330.00   .078564   .001097
   1340.00   .079179   .001167
   1350.00   .079739   .001154
   1360.00   .080179   .001334
   1370.00   .081028   .001208
   1380.00   .081454   .001275
   1390.00   .082243   .001197
   1400.00   .082928   .001183
   1410.00   .083599   .001244
   1420.00   .084075   .001152
   1430.00   .084565   .001082
   1440.00   .085194   .001132
   1450.00   .085574   .001085
   1460.00   .085823   .001065
   1470.00   .086123   .001044
   1480.00   .086463   .001081
   1490.00   .086608   .001113
   1500.00   .086663   .001101
   1510.00   .086787   .001054
   1520.00   .086864   .001077
   1530.00   .086946   .001085
   1540.00   .086822   .001146
   1550.00   .086811   .001162
   1560.00   .086612   .001155
   1570.00   .086382   .001085
   1580.00   .086209   .001143
   1590.00   .086021   .001111
   1600.00   .085547   .001144
   1610.00   .085093   .001143
   1620.00   .084763   .001123
   1630.00   .084334   .001148
   1640.00   .083885   .001154
   1650.00   .083486   .001164
   1660.00   .083089   .001190
   1670.00   .082666   .001255
   1680.00   .082324   .001246
   1690.00   .081836   .001272
   1700.00   .081332   .001307
   1710.00   .080778   .001264
   1720.00   .080247   .001336
   1730.00   .079501   .001260
   1740.00   .079037   .001291
   1750.00   .078653   .001250
   1760.00   .078089   .001277
   1770.00   .077770   .001313
   1780.00   .077357   .001605
   1790.00   .076981   .001635
   1800.00   .076541   .001699
   1810.00   .076002   .002013
   1820.00   .075713   .001982
   1830.00   .075436   .002076
   1840.00   .075158   .002109
   1850.00   .074869   .002052
   1860.00   .074562   .002044
   1870.00   .074255   .002025
   1880.00   .073947   .002036
   1890.00   .073653   .001959
   1900.00   .073417   .001875
   1910.00   .073347   .001875
   1920.00   .073266   .002001
   1930.00   .073214   .001966
   1940.00   .073025   .001940
   1950.00   .072863   .001995
   1960.00   .072681   .001953
   1970.00   .072625   .001956
   1980.00   .072640   .001952
   1990.00   .072779   .001991
   2000.00   .072717   .002015
   2010.00   .072752   .001939
   2020.00   .072790   .001978
   2030.00   .072876   .001967
   2040.00   .072983   .001990
   2050.00   .072981   .001952
   2060.00   .073067   .001906
   2070.00   .073264   .001943
   2080.00   .073403   .001950
   2090.00   .073745   .001937
   2100.00   .073939   .001930
   2110.00   .074171   .001977
   2120.00   .074379   .001913
   2130.00   .074841   .001883
   2140.00   .075169   .001916
   2150.00   .075633   .001947
   2160.00   .075929   .001913
   2170.00   .076439   .001912
   2180.00   .076622   .001930
   2190.00   .077123   .001867
   2200.00   .077564   .002027
   2210.00   .077786   .002018
   2220.00   .078413   .002042
   2230.00   .078857   .002013
   2240.00   .079322   .002009
   2250.00   .079839   .002032
   2260.00   .080266   .002079
   2270.00   .080754   .002028
   2280.00   .081395   .002022
   2290.00   .081768   .002096
   2300.00   .082366   .002008
   2310.00   .082885   .002058
   2320.00   .083378   .001924
   2330.00   .084010   .002048
   2340.00   .084705   .002011
   2350.00   .085301   .002030
   2360.00   .086005   .002062
   2370.00   .086507   .002113
   2380.00   .087120   .002062
   2390.00   .087949   .002138
   2400.00   .088724   .002130
   2410.00   .089085   .002162
   2420.00   .090220   .002137
   2430.00   .090983   .002246
   2440.00   .091737   .002223
   2450.00   .092579   .002260
   2460.00   .093367   .002249
   2470.00   .094468   .002346
   2480.00   .095177   .002383
   2490.00   .096190   .002432
   2500.00   .096847   .002398
   2510.00   .097711   .002416
   2520.00   .098252   .002478
   2530.00   .098651   .002066
   2540.00   .099524   .002025
   2550.00   .100744   .002300



 CHLS158.ASC             

 LS-BWD-158
 15041 low-agglutinate magnetic separate 125-250 um at (i,e)=(30,-35)
 Albedo adjusted to the visible range
 
 Source Ang:  30.00, Detect Ang: -35.00, Volt:  .777
 Date: 15-NOV-21, Time: 14:54:28
 
 RATIOS ADJUSTED USING RELAB SPECTRALON CALIBRATION TABLE
