   461
    300.0   0.14323   0.00319
    305.0   0.15663   0.00347
    310.0   0.15928   0.00568
    315.0   0.16670   0.00014
    320.0   0.17121   0.00074
    325.0   0.17393   0.00229
    330.0   0.18050   0.00022
    335.0   0.18251   0.00187
    340.0   0.18733   0.00113
    345.0   0.19311   0.00038
    350.0   0.19620   0.00031
    355.0   0.20268   0.00043
    360.0   0.20765   0.00115
    365.0   0.21129   0.00103
    370.0   0.21572   0.00132
    375.0   0.22050   0.00082
    380.0   0.22464   0.00122
    385.0   0.22847   0.00149
    390.0   0.23077   0.00074
    395.0   0.23397   0.00193
    400.0   0.23811   0.00217
    405.0   0.24017   0.00054
    410.0   0.24266   0.00028
    415.0   0.24490   0.00091
    420.0   0.24715   0.00013
    425.0   0.24984   0.00109
    430.0   0.25202   0.00059
    435.0   0.25385   0.00110
    440.0   0.25556   0.00098
    445.0   0.25756   0.00126
    450.0   0.25929   0.00077
    455.0   0.26110   0.00060
    460.0   0.26332   0.00134
    465.0   0.26470   0.00110
    470.0   0.26682   0.00123
    475.0   0.26858   0.00189
    480.0   0.26970   0.00149
    485.0   0.27112   0.00141
    490.0   0.27303   0.00146
    495.0   0.27482   0.00083
    500.0   0.27653   0.00113
    505.0   0.27786   0.00198
    510.0   0.27939   0.00143
    515.0   0.28116   0.00174
    520.0   0.28312   0.00110
    525.0   0.28413   0.00154
    530.0   0.28541   0.00149
    535.0   0.28702   0.00107
    540.0   0.28821   0.00162
    545.0   0.28938   0.00103
    550.0   0.29126   0.00147
    555.0   0.29188   0.00014
    560.0   0.29261   0.00042
    565.0   0.29400   0.00025
    570.0   0.29486   0.00004
    575.0   0.29572   0.00034
    580.0   0.29675   0.00027
    585.0   0.29807   0.00075
    590.0   0.29889   0.00013
    595.0   0.29965   0.00036
    600.0   0.30070   0.00018
    605.0   0.30136   0.00038
    610.0   0.30257   0.00081
    615.0   0.30376   0.00038
    620.0   0.30481   0.00004
    625.0   0.30577   0.00008
    630.0   0.30673   0.00013
    635.0   0.30756   0.00033
    640.0   0.30926   0.00034
    645.0   0.31041   0.00031
    650.0   0.31135   0.00019
    655.0   0.31212   0.00064
    660.0   0.31252   0.00010
    665.0   0.31384   0.00088
    670.0   0.31407   0.00038
    675.0   0.31464   0.00039
    680.0   0.31592   0.00011
    685.0   0.31646   0.00032
    690.0   0.31743   0.00037
    695.0   0.31829   0.00114
    700.0   0.31956   0.00105
    705.0   0.32010   0.00101
    710.0   0.32096   0.00062
    715.0   0.32170   0.00044
    720.0   0.32230   0.00026
    725.0   0.32284   0.00005
    730.0   0.32351   0.00012
    735.0   0.32475   0.00042
    740.0   0.32499   0.00024
    745.0   0.32604   0.00016
    750.0   0.32616   0.00134
    755.0   0.32706   0.00166
    760.0   0.32743   0.00105
    765.0   0.32804   0.00075
    770.0   0.32790   0.00160
    775.0   0.32804   0.00159
    780.0   0.32840   0.00107
    785.0   0.32861   0.00234
    790.0   0.32860   0.00244
    795.0   0.32812   0.00144
    800.0   0.32815   0.00187
    805.0   0.32860   0.00141
    810.0   0.32750   0.00214
    815.0   0.32661   0.00212
    820.0   0.32661   0.00082
    825.0   0.32590   0.00085
    830.0   0.32529   0.00153
    835.0   0.32458   0.00178
    840.0   0.32364   0.00161
    845.0   0.32292   0.00129
    850.0   0.32213   0.00196
    855.0   0.32022   0.00228
    860.0   0.31954   0.00217
    865.0   0.31913   0.00219
    870.0   0.31768   0.00142
    875.0   0.31652   0.00248
    880.0   0.31546   0.00207
    885.0   0.31459   0.00224
    890.0   0.31406   0.00240
    895.0   0.31419   0.00206
    900.0   0.31216   0.00251
    905.0   0.31201   0.00141
    910.0   0.31164   0.00214
    915.0   0.31121   0.00160
    920.0   0.31121   0.00094
    925.0   0.31103   0.00241
    930.0   0.31119   0.00253
    935.0   0.31139   0.00241
    940.0   0.31201   0.00148
    945.0   0.31202   0.00187
    950.0   0.31240   0.00178
    955.0   0.31291   0.00127
    960.0   0.31341   0.00208
    965.0   0.31463   0.00238
    970.0   0.31459   0.00227
    975.0   0.31610   0.00170
    980.0   0.31680   0.00182
    985.0   0.31773   0.00225
    990.0   0.31895   0.00154
    995.0   0.31995   0.00212
   1000.0   0.32100   0.00214
   1005.0   0.32253   0.00214
   1010.0   0.32364   0.00170
   1015.0   0.32473   0.00185
   1020.0   0.32556   0.00149
   1025.0   0.32667   0.00197
   1030.0   0.32798   0.00151
   1035.0   0.32948   0.00184
   1040.0   0.33064   0.00168
   1045.0   0.33193   0.00142
   1050.0   0.33288   0.00181
   1055.0   0.33414   0.00160
   1060.0   0.33491   0.00177
   1065.0   0.33654   0.00136
   1070.0   0.33768   0.00140
   1075.0   0.33868   0.00181
   1080.0   0.33992   0.00170
   1085.0   0.34083   0.00169
   1090.0   0.34221   0.00157
   1095.0   0.34362   0.00194
   1100.0   0.34436   0.00158
   1105.0   0.34604   0.00195
   1110.0   0.34703   0.00199
   1115.0   0.34790   0.00195
   1120.0   0.34900   0.00161
   1125.0   0.35006   0.00144
   1130.0   0.35099   0.00134
   1135.0   0.35218   0.00196
   1140.0   0.35293   0.00139
   1145.0   0.35377   0.00112
   1150.0   0.35486   0.00128
   1155.0   0.35601   0.00106
   1160.0   0.35633   0.00154
   1165.0   0.35673   0.00110
   1170.0   0.35727   0.00088
   1175.0   0.35832   0.00179
   1180.0   0.35932   0.00182
   1185.0   0.35928   0.00164
   1190.0   0.35970   0.00163
   1195.0   0.36066   0.00164
   1200.0   0.36143   0.00166
   1205.0   0.36214   0.00190
   1210.0   0.36239   0.00155
   1215.0   0.36252   0.00130
   1220.0   0.36366   0.00148
   1225.0   0.36454   0.00148
   1230.0   0.36478   0.00146
   1235.0   0.36599   0.00198
   1240.0   0.36594   0.00219
   1245.0   0.36712   0.00180
   1250.0   0.36785   0.00238
   1255.0   0.36868   0.00093
   1260.0   0.36887   0.00202
   1265.0   0.36968   0.00192
   1270.0   0.37008   0.00188
   1275.0   0.37071   0.00175
   1280.0   0.37129   0.00150
   1285.0   0.37211   0.00265
   1290.0   0.37285   0.00207
   1295.0   0.37364   0.00162
   1300.0   0.37434   0.00156
   1305.0   0.37499   0.00182
   1310.0   0.37558   0.00155
   1315.0   0.37619   0.00212
   1320.0   0.37675   0.00155
   1325.0   0.37766   0.00205
   1330.0   0.37864   0.00161
   1335.0   0.38005   0.00212
   1340.0   0.38043   0.00199
   1345.0   0.38107   0.00122
   1350.0   0.38138   0.00099
   1355.0   0.38204   0.00166
   1360.0   0.38371   0.00279
   1365.0   0.38418   0.00235
   1370.0   0.38443   0.00212
   1375.0   0.38511   0.00195
   1380.0   0.38683   0.00199
   1385.0   0.38778   0.00188
   1390.0   0.38800   0.00201
   1395.0   0.38845   0.00240
   1400.0   0.38906   0.00228
   1405.0   0.39024   0.00175
   1410.0   0.39080   0.00175
   1415.0   0.39159   0.00196
   1420.0   0.39193   0.00202
   1425.0   0.39288   0.00160
   1430.0   0.39311   0.00120
   1435.0   0.39366   0.00150
   1440.0   0.39483   0.00238
   1445.0   0.39473   0.00216
   1450.0   0.39583   0.00134
   1455.0   0.39593   0.00136
   1460.0   0.39686   0.00164
   1465.0   0.39720   0.00179
   1470.0   0.39774   0.00111
   1475.0   0.39907   0.00135
   1480.0   0.39914   0.00194
   1485.0   0.39933   0.00139
   1490.0   0.40023   0.00216
   1495.0   0.40069   0.00098
   1500.0   0.40114   0.00137
   1505.0   0.40118   0.00129
   1510.0   0.40230   0.00125
   1515.0   0.40291   0.00207
   1520.0   0.40298   0.00162
   1525.0   0.40374   0.00133
   1530.0   0.40408   0.00190
   1535.0   0.40484   0.00158
   1540.0   0.40452   0.00171
   1545.0   0.40475   0.00147
   1550.0   0.40493   0.00207
   1555.0   0.40547   0.00255
   1560.0   0.40574   0.00161
   1565.0   0.40572   0.00177
   1570.0   0.40580   0.00165
   1575.0   0.40649   0.00233
   1580.0   0.40680   0.00154
   1585.0   0.40764   0.00184
   1590.0   0.40770   0.00187
   1595.0   0.40787   0.00228
   1600.0   0.40796   0.00202
   1605.0   0.40831   0.00225
   1610.0   0.40851   0.00182
   1615.0   0.40866   0.00252
   1620.0   0.40948   0.00226
   1625.0   0.40964   0.00198
   1630.0   0.40955   0.00217
   1635.0   0.40941   0.00193
   1640.0   0.41023   0.00159
   1645.0   0.41001   0.00178
   1650.0   0.41049   0.00132
   1655.0   0.40996   0.00186
   1660.0   0.40960   0.00210
   1665.0   0.41081   0.00289
   1670.0   0.41046   0.00154
   1675.0   0.41076   0.00233
   1680.0   0.41156   0.00259
   1685.0   0.41148   0.00208
   1690.0   0.41153   0.00147
   1695.0   0.41077   0.00310
   1700.0   0.41206   0.00201
   1705.0   0.41206   0.00198
   1710.0   0.41179   0.00184
   1715.0   0.41215   0.00175
   1720.0   0.41169   0.00257
   1725.0   0.41173   0.00142
   1730.0   0.41196   0.00183
   1735.0   0.41234   0.00169
   1740.0   0.41227   0.00168
   1745.0   0.41226   0.00137
   1750.0   0.41253   0.00179
   1755.0   0.41191   0.00181
   1760.0   0.41195   0.00128
   1765.0   0.41183   0.00153
   1770.0   0.41250   0.00150
   1775.0   0.41293   0.00145
   1780.0   0.41292   0.00120
   1785.0   0.41249   0.00188
   1790.0   0.41272   0.00111
   1795.0   0.41283   0.00180
   1800.0   0.41339   0.00091
   1805.0   0.41330   0.00166
   1810.0   0.41381   0.00126
   1815.0   0.41387   0.00176
   1820.0   0.41487   0.00179
   1825.0   0.41470   0.00203
   1830.0   0.41530   0.00115
   1835.0   0.41595   0.00112
   1840.0   0.41567   0.00229
   1845.0   0.41530   0.00196
   1850.0   0.41544   0.00142
   1855.0   0.41562   0.00156
   1860.0   0.41552   0.00215
   1865.0   0.41645   0.00188
   1870.0   0.41660   0.00174
   1875.0   0.41614   0.00151
   1880.0   0.41651   0.00122
   1885.0   0.41557   0.00064
   1890.0   0.41680   0.00107
   1895.0   0.41665   0.00187
   1900.0   0.41730   0.00134
   1905.0   0.41741   0.00122
   1910.0   0.41782   0.00130
   1915.0   0.41816   0.00197
   1920.0   0.41766   0.00181
   1925.0   0.41734   0.00161
   1930.0   0.41805   0.00159
   1935.0   0.41841   0.00189
   1940.0   0.41868   0.00196
   1945.0   0.41874   0.00181
   1950.0   0.41943   0.00076
   1955.0   0.41950   0.00194
   1960.0   0.41966   0.00200
   1965.0   0.42013   0.00119
   1970.0   0.42048   0.00159
   1975.0   0.42156   0.00089
   1980.0   0.42198   0.00104
   1985.0   0.42220   0.00148
   1990.0   0.42298   0.00097
   1995.0   0.42352   0.00057
   2000.0   0.42382   0.00137
   2005.0   0.42471   0.00096
   2010.0   0.42482   0.00163
   2015.0   0.42550   0.00134
   2020.0   0.42585   0.00143
   2025.0   0.42600   0.00212
   2030.0   0.42665   0.00115
   2035.0   0.42754   0.00222
   2040.0   0.42735   0.00102
   2045.0   0.42776   0.00156
   2050.0   0.42833   0.00262
   2055.0   0.42861   0.00184
   2060.0   0.42884   0.00193
   2065.0   0.42944   0.00253
   2070.0   0.43001   0.00187
   2075.0   0.43078   0.00164
   2080.0   0.43132   0.00199
   2085.0   0.43192   0.00140
   2090.0   0.43244   0.00178
   2095.0   0.43290   0.00156
   2100.0   0.43353   0.00147
   2105.0   0.43423   0.00132
   2110.0   0.43456   0.00162
   2115.0   0.43514   0.00191
   2120.0   0.43626   0.00198
   2125.0   0.43639   0.00090
   2130.0   0.43680   0.00149
   2135.0   0.43695   0.00197
   2140.0   0.43689   0.00214
   2145.0   0.43769   0.00157
   2150.0   0.43792   0.00142
   2155.0   0.43817   0.00145
   2160.0   0.43827   0.00131
   2165.0   0.43880   0.00122
   2170.0   0.43895   0.00066
   2175.0   0.43999   0.00125
   2180.0   0.44106   0.00150
   2185.0   0.44180   0.00108
   2190.0   0.44260   0.00110
   2195.0   0.44309   0.00098
   2200.0   0.44387   0.00140
   2205.0   0.44467   0.00171
   2210.0   0.44510   0.00100
   2215.0   0.44547   0.00150
   2220.0   0.44600   0.00083
   2225.0   0.44647   0.00078
   2230.0   0.44719   0.00088
   2235.0   0.44768   0.00160
   2240.0   0.44788   0.00116
   2245.0   0.44875   0.00198
   2250.0   0.44920   0.00086
   2255.0   0.44936   0.00122
   2260.0   0.45007   0.00060
   2265.0   0.45104   0.00085
   2270.0   0.45159   0.00086
   2275.0   0.45189   0.00106
   2280.0   0.45241   0.00119
   2285.0   0.45329   0.00148
   2290.0   0.45361   0.00219
   2295.0   0.45371   0.00082
   2300.0   0.45419   0.00219
   2305.0   0.45477   0.00194
   2310.0   0.45576   0.00276
   2315.0   0.45638   0.00195
   2320.0   0.45738   0.00221
   2325.0   0.45818   0.00224
   2330.0   0.45837   0.00166
   2335.0   0.45821   0.00192
   2340.0   0.45918   0.00115
   2345.0   0.45894   0.00189
   2350.0   0.45945   0.00159
   2355.0   0.45996   0.00241
   2360.0   0.46023   0.00220
   2365.0   0.46155   0.00235
   2370.0   0.46206   0.00249
   2375.0   0.46228   0.00317
   2380.0   0.46218   0.00260
   2385.0   0.46280   0.00251
   2390.0   0.46311   0.00250
   2395.0   0.46353   0.00243
   2400.0   0.46443   0.00314
   2405.0   0.46444   0.00222
   2410.0   0.46464   0.00176
   2415.0   0.46553   0.00172
   2420.0   0.46644   0.00305
   2425.0   0.46695   0.00257
   2430.0   0.46712   0.00222
   2435.0   0.46784   0.00184
   2440.0   0.46793   0.00104
   2445.0   0.46889   0.00252
   2450.0   0.46895   0.00205
   2455.0   0.46949   0.00166
   2460.0   0.46993   0.00210
   2465.0   0.47063   0.00213
   2470.0   0.47087   0.00229
   2475.0   0.47153   0.00168
   2480.0   0.47251   0.00074
   2485.0   0.47258   0.00085
   2490.0   0.47370   0.00030
   2495.0   0.47369   0.00049
   2500.0   0.47483   0.00093
   2505.0   0.47536   0.00128
   2510.0   0.47582   0.00139
   2515.0   0.47640   0.00121
   2520.0   0.47728   0.00188
   2525.0   0.47849   0.00174
   2530.0   0.47875   0.00153
   2535.0   0.47876   0.00103
   2540.0   0.47959   0.00195
   2545.0   0.48055   0.00245
   2550.0   0.48018   0.00183
   2555.0   0.48128   0.00195
   2560.0   0.48225   0.00513
   2565.0   0.48125   0.00478
   2570.0   0.48278   0.00454
   2575.0   0.48223   0.00380
   2580.0   0.48316   0.00301
   2585.0   0.48455   0.00431
   2590.0   0.48539   0.00338
   2595.0   0.48422   0.00514
   2600.0   0.48615   0.00351



 CILS65      .ASC                        

 LS-CMP-065-I                                                            
 61221,127  10-20 MICRON SEPARATE FROM 61221 SUITE  NEXT TO SMALLEST APT 
 RATIOS ADJUSTED USING NBS HALON CALIBRATION TABLE                       

 Source Ang: 30.00   Detect Ang:  0.00  Volt: 0.777
 Date:  4-NOV-93   Time: 16:46:41
