       224
    320.00   .027310   .010345
    330.00   .028327   .007066
    340.00   .028942   .006931
    350.00   .029675   .004957
    360.00   .030164   .001801
    370.00   .030794   .001134
    380.00   .031588   .000877
    390.00   .032451   .003035
    400.00   .033208   .001945
    410.00   .034169   .001377
    420.00   .034947   .001177
    430.00   .035768   .001250
    440.00   .036740   .001119
    450.00   .037638   .001043
    460.00   .038451   .000934
    470.00   .039297   .000926
    480.00   .040174   .000896
    490.00   .041188   .000908
    500.00   .042061   .000898
    510.00   .042983   .000984
    520.00   .043973   .000980
    530.00   .044889   .001004
    540.00   .045694   .001016
    550.00   .046416   .000989
    560.00   .047164   .001016
    570.00   .048048   .001007
    580.00   .048720   .001014
    590.00   .049506   .001066
    600.00   .050212   .001044
    610.00   .050789   .001043
    620.00   .051434   .001065
    630.00   .052074   .001075
    640.00   .052688   .001091
    650.00   .053307   .001066
    660.00   .053992   .001063
    670.00   .054664   .001134
    680.00   .055516   .001150
    690.00   .056184   .001173
    700.00   .056843   .001170
    710.00   .057439   .001209
    720.00   .058015   .001280
    730.00   .058527   .001316
    740.00   .058994   .001391
    750.00   .059293   .001526
    760.00   .059620   .001663
    770.00   .059834   .001834
    780.00   .059946   .002012
    790.00   .060052   .002226
    800.00   .059983   .002422
    810.00   .059862   .002619
    820.00   .059711   .002760
    830.00   .059516   .002882
    840.00   .059305   .002951
    850.00   .059123   .003010
    860.00   .058961   .004508
    870.00   .058749   .004131
    880.00   .058434   .004001
    890.00   .058109   .003844
    900.00   .057792   .003366
    910.00   .057630   .003002
    920.00   .057597   .002762
    930.00   .057527   .002505
    940.00   .057561   .002246
    950.00   .057628   .002017
    960.00   .057805   .001741
    970.00   .058201   .001533
    980.00   .058267   .001375
    990.00   .058770   .001233
   1000.00   .059342   .001589
   1010.00   .059837   .001453
   1020.00   .060234   .001301
   1030.00   .060840   .001199
   1040.00   .061437   .001136
   1050.00   .062064   .001036
   1060.00   .062825   .000977
   1070.00   .063576   .000940
   1080.00   .064239   .000885
   1090.00   .065050   .001257
   1100.00   .065805   .001178
   1110.00   .066562   .001148
   1120.00   .067174   .001090
   1130.00   .067730   .001060
   1140.00   .068567   .001000
   1150.00   .069051   .000953
   1160.00   .069814   .000922
   1170.00   .070403   .000907
   1180.00   .070956   .000906
   1190.00   .071405   .000852
   1200.00   .071892   .000839
   1210.00   .072351   .000806
   1220.00   .072929   .000815
   1230.00   .073491   .000786
   1240.00   .074024   .000799
   1250.00   .074578   .000791
   1260.00   .075107   .000789
   1270.00   .075618   .000764
   1280.00   .076134   .000740
   1290.00   .076652   .001119
   1300.00   .077172   .001061
   1310.00   .077770   .001114
   1320.00   .078416   .001081
   1330.00   .078818   .001120
   1340.00   .079458   .001103
   1350.00   .079840   .001146
   1360.00   .080480   .001352
   1370.00   .080927   .001314
   1380.00   .081451   .001382
   1390.00   .082150   .001232
   1400.00   .082578   .001294
   1410.00   .083326   .001260
   1420.00   .083803   .001152
   1430.00   .084610   .001184
   1440.00   .085121   .001175
   1450.00   .085732   .001128
   1460.00   .086314   .001132
   1470.00   .086705   .001131
   1480.00   .087236   .001167
   1490.00   .087779   .001134
   1500.00   .088192   .001192
   1510.00   .088663   .001156
   1520.00   .089128   .001172
   1530.00   .089375   .001135
   1540.00   .089723   .001151
   1550.00   .090022   .001162
   1560.00   .090516   .001175
   1570.00   .090664   .001134
   1580.00   .091032   .001183
   1590.00   .091188   .001159
   1600.00   .091422   .001189
   1610.00   .091508   .001203
   1620.00   .091769   .001216
   1630.00   .091919   .001230
   1640.00   .092198   .001242
   1650.00   .092444   .001248
   1660.00   .092724   .001255
   1670.00   .092985   .001264
   1680.00   .093233   .001254
   1690.00   .093452   .001276
   1700.00   .093513   .001335
   1710.00   .093530   .001256
   1720.00   .093637   .001286
   1730.00   .093650   .001280
   1740.00   .093694   .001292
   1750.00   .093755   .001301
   1760.00   .093856   .001320
   1770.00   .093926   .001341
   1780.00   .093925   .001728
   1790.00   .093991   .001763
   1800.00   .094002   .001785
   1810.00   .094175   .002129
   1820.00   .094417   .002237
   1830.00   .094472   .002157
   1840.00   .094615   .002135
   1850.00   .094614   .002221
   1860.00   .094666   .002241
   1870.00   .094776   .002272
   1880.00   .094972   .002193
   1890.00   .094985   .002241
   1900.00   .095245   .002341
   1910.00   .095471   .002302
   1920.00   .095696   .002295
   1930.00   .095890   .002279
   1940.00   .096128   .002289
   1950.00   .096232   .002197
   1960.00   .096415   .002307
   1970.00   .096607   .002338
   1980.00   .096772   .002312
   1990.00   .097118   .002461
   2000.00   .097204   .002412
   2010.00   .097603   .002404
   2020.00   .097741   .002445
   2030.00   .098012   .002440
   2040.00   .098350   .002456
   2050.00   .098532   .002440
   2060.00   .098991   .002521
   2070.00   .099252   .002522
   2080.00   .099747   .002500
   2090.00   .100118   .002535
   2100.00   .100458   .002494
   2110.00   .101053   .002421
   2120.00   .101284   .002506
   2130.00   .101878   .002458
   2140.00   .102129   .002533
   2150.00   .102698   .002401
   2160.00   .103211   .002407
   2170.00   .103787   .002393
   2180.00   .104143   .002377
   2190.00   .104757   .002416
   2200.00   .105195   .002480
   2210.00   .105499   .002507
   2220.00   .105996   .002458
   2230.00   .106370   .002394
   2240.00   .107024   .002467
   2250.00   .107614   .002478
   2260.00   .108252   .002482
   2270.00   .108820   .002558
   2280.00   .109226   .002613
   2290.00   .109968   .002597
   2300.00   .110277   .002622
   2310.00   .110899   .002537
   2320.00   .111492   .002495
   2330.00   .111892   .002469
   2340.00   .112486   .002536
   2350.00   .113102   .002582
   2360.00   .113804   .002559
   2370.00   .114404   .002622
   2380.00   .114946   .002565
   2390.00   .115594   .002570
   2400.00   .116296   .002647
   2410.00   .116761   .002651
   2420.00   .117435   .002752
   2430.00   .118042   .002707
   2440.00   .118653   .002717
   2450.00   .119335   .002733
   2460.00   .119949   .002737
   2470.00   .120598   .002801
   2480.00   .121527   .002831
   2490.00   .122088   .002888
   2500.00   .122666   .002839
   2510.00   .123349   .002888
   2520.00   .123874   .002914
   2530.00   .124615   .002880
   2540.00   .125215   .002840
   2550.00   .125600   .003016



 CILS142.ASC             

 LS-BWD-142
 15041 bulk 125-250 um at (i,e)=(30,-45)
 No depolarizer was used over the wavelength range of 1800-2550 nm
 Albedo adjusted to the visible range
 
 Source Ang:  30.00, Detect Ang: -45.00, Volt:  .777
 Date: 28-FEB-19, Time: 14:27:49
 
 RATIOS ADJUSTED USING RELAB SPECTRALON CALIBRATION TABLE
