       224
    320.00   .091409   .004315
    330.00   .094384   .004171
    340.00   .098135   .004319
    350.00   .101309   .004284
    360.00   .104109   .004111
    370.00   .106879   .004229
    380.00   .109337   .005230
    390.00   .111285   .004920
    400.00   .113195   .005023
    410.00   .115708   .004889
    420.00   .117958   .004361
    430.00   .119293   .004412
    440.00   .120976   .004311
    450.00   .122168   .003573
    460.00   .124146   .003918
    470.00   .125496   .003821
    480.00   .126933   .003742
    490.00   .128322   .003708
    500.00   .129493   .003674
    510.00   .130636   .003634
    520.00   .132497   .003654
    530.00   .134589   .003763
    540.00   .136188   .003770
    550.00   .137140   .003745
    560.00   .138193   .003734
    570.00   .139191   .003747
    580.00   .140166   .003728
    590.00   .141002   .003756
    600.00   .141784   .003741
    610.00   .142597   .003736
    620.00   .143426   .003765
    630.00   .144144   .003771
    640.00   .144958   .003780
    650.00   .145824   .003796
    660.00   .146968   .003799
    670.00   .147763   .003799
    680.00   .148731   .003842
    690.00   .149595   .003824
    700.00   .150648   .003848
    710.00   .151491   .003855
    720.00   .152276   .003892
    730.00   .152989   .003899
    740.00   .153693   .004059
    750.00   .154302   .004082
    760.00   .154763   .003850
    770.00   .155010   .003861
    780.00   .155077   .003873
    790.00   .155120   .003936
    800.00   .154737   .003992
    810.00   .154267   .004021
    820.00   .153525   .004070
    830.00   .152702   .004088
    840.00   .151827   .004131
    850.00   .150805   .004128
    860.00   .149845   .004853
    870.00   .148683   .004380
    880.00   .147776   .004170
    890.00   .146914   .003815
    900.00   .145988   .003569
    910.00   .145727   .003501
    920.00   .145071   .003318
    930.00   .145090   .003322
    940.00   .145104   .003176
    950.00   .145395   .003052
    960.00   .146009   .002833
    970.00   .146527   .002754
    980.00   .147277   .002799
    990.00   .148065   .002734
   1000.00   .149182   .002740
   1010.00   .150262   .002841
   1020.00   .151492   .002922
   1030.00   .152303   .002884
   1040.00   .153662   .003168
   1050.00   .154454   .003076
   1060.00   .155501   .002964
   1070.00   .156748   .003112
   1080.00   .157593   .003083
   1090.00   .158691   .003147
   1100.00   .159665   .003023
   1110.00   .160572   .003105
   1120.00   .161493   .003093
   1130.00   .162218   .003080
   1140.00   .162917   .003084
   1150.00   .163655   .003202
   1160.00   .164270   .003256
   1170.00   .164587   .003351
   1180.00   .164992   .003233
   1190.00   .165426   .003156
   1200.00   .165830   .003138
   1210.00   .166199   .003173
   1220.00   .166630   .003171
   1230.00   .167049   .003177
   1240.00   .167606   .003181
   1250.00   .167989   .003166
   1260.00   .168560   .003193
   1270.00   .169131   .003154
   1280.00   .169738   .003300
   1290.00   .170264   .003172
   1300.00   .171004   .003121
   1310.00   .171968   .003219
   1320.00   .172525   .003187
   1330.00   .173058   .003101
   1340.00   .173871   .003112
   1350.00   .174774   .003188
   1360.00   .175700   .003175
   1370.00   .176462   .003220
   1380.00   .177155   .003239
   1390.00   .177876   .003271
   1400.00   .178592   .003286
   1410.00   .179219   .003320
   1420.00   .179861   .003313
   1430.00   .180754   .003335
   1440.00   .181344   .003303
   1450.00   .182034   .003304
   1460.00   .182618   .003249
   1470.00   .183482   .003320
   1480.00   .183896   .003291
   1490.00   .184594   .003462
   1500.00   .184763   .003307
   1510.00   .185441   .003336
   1520.00   .185688   .003336
   1530.00   .186158   .003219
   1540.00   .186414   .003376
   1550.00   .186572   .003250
   1560.00   .186991   .003439
   1570.00   .187268   .003379
   1580.00   .187609   .003382
   1590.00   .187705   .003389
   1600.00   .187775   .003334
   1610.00   .187820   .003363
   1620.00   .187933   .003334
   1630.00   .187960   .003329
   1640.00   .188176   .003325
   1650.00   .188504   .003315
   1660.00   .188734   .003259
   1670.00   .188807   .003237
   1680.00   .189001   .003234
   1690.00   .189103   .003238
   1700.00   .189039   .003257
   1710.00   .188961   .003287
   1720.00   .188917   .003307
   1730.00   .188815   .003307
   1740.00   .188618   .003285
   1750.00   .188488   .003264
   1760.00   .188418   .003233
   1770.00   .188384   .003215
   1780.00   .188288   .004057
   1790.00   .188433   .004085
   1800.00   .188090   .003913
   1810.00   .187911   .004808
   1820.00   .187740   .004800
   1830.00   .187655   .004849
   1840.00   .187794   .004882
   1850.00   .187905   .004942
   1860.00   .188038   .005098
   1870.00   .187930   .005104
   1880.00   .187879   .005069
   1890.00   .187626   .005071
   1900.00   .187640   .005027
   1910.00   .187683   .004882
   1920.00   .187937   .004840
   1930.00   .187698   .004898
   1940.00   .188017   .004968
   1950.00   .188551   .004940
   1960.00   .188689   .004940
   1970.00   .188866   .004795
   1980.00   .189247   .004765
   1990.00   .189673   .004820
   2000.00   .190046   .004732
   2010.00   .190554   .005128
   2020.00   .190879   .005057
   2030.00   .191626   .005167
   2040.00   .191861   .004964
   2050.00   .192178   .004973
   2060.00   .192618   .004848
   2070.00   .193127   .004972
   2080.00   .193649   .005009
   2090.00   .193990   .004836
   2100.00   .194706   .004939
   2110.00   .195426   .005075
   2120.00   .195874   .005003
   2130.00   .196677   .004935
   2140.00   .197214   .005106
   2150.00   .197845   .005049
   2160.00   .198977   .005136
   2170.00   .199477   .005102
   2180.00   .199948   .005296
   2190.00   .200717   .005311
   2200.00   .201412   .005266
   2210.00   .202062   .005339
   2220.00   .202584   .005420
   2230.00   .203258   .005375
   2240.00   .203996   .005497
   2250.00   .204816   .005420
   2260.00   .205204   .005646
   2270.00   .206012   .005297
   2280.00   .206441   .005438
   2290.00   .207633   .005371
   2300.00   .207949   .005334
   2310.00   .208693   .005401
   2320.00   .209157   .005631
   2330.00   .209846   .005463
   2340.00   .210523   .005556
   2350.00   .211083   .005590
   2360.00   .211698   .005604
   2370.00   .212598   .005489
   2380.00   .213450   .005467
   2390.00   .214028   .005416
   2400.00   .214829   .005524
   2410.00   .215154   .005631
   2420.00   .216217   .005782
   2430.00   .216603   .005763
   2440.00   .217172   .005948
   2450.00   .217860   .005963
   2460.00   .218476   .006097
   2470.00   .218969   .006038
   2480.00   .219746   .005978
   2490.00   .220002   .006198
   2500.00   .220827   .006013
   2510.00   .220937   .006199
   2520.00   .220576   .006214
   2530.00   .220463   .005730
   2540.00   .220348   .005856
   2550.00   .220655   .005662



 CILS159.ASC             

 LS-BWD-159
 62231.58 low-agglutinate magnetic separate 125-250 um at (i,e)=(30,-45)
 Albedo adjusted to the visible range
 
 Source Ang:  30.00, Detect Ang: -45.00, Volt:  .777
 Date: 17-NOV-21, Time: 17:02:51
 
 RATIOS ADJUSTED USING RELAB SPECTRALON CALIBRATION TABLE
