   461
    300.0   0.08085   0.00393
    305.0   0.08289   0.00160
    310.0   0.08494   0.00073
    315.0   0.08734   0.00102
    320.0   0.08993   0.00109
    325.0   0.09210   0.00158
    330.0   0.09539   0.00082
    335.0   0.09672   0.00059
    340.0   0.09912   0.00124
    345.0   0.10107   0.00016
    350.0   0.10290   0.00010
    355.0   0.10521   0.00050
    360.0   0.10751   0.00006
    365.0   0.11011   0.00095
    370.0   0.11202   0.00011
    375.0   0.11470   0.00026
    380.0   0.11688   0.00061
    385.0   0.11914   0.00020
    390.0   0.12117   0.00041
    395.0   0.12405   0.00010
    400.0   0.12676   0.00013
    405.0   0.12862   0.00100
    410.0   0.13124   0.00086
    415.0   0.13300   0.00010
    420.0   0.13521   0.00015
    425.0   0.13763   0.00014
    430.0   0.13996   0.00019
    435.0   0.14216   0.00084
    440.0   0.14414   0.00059
    445.0   0.14637   0.00069
    450.0   0.14830   0.00055
    455.0   0.15035   0.00072
    460.0   0.15243   0.00086
    465.0   0.15422   0.00083
    470.0   0.15696   0.00015
    475.0   0.15841   0.00008
    480.0   0.16005   0.00016
    485.0   0.16226   0.00004
    490.0   0.16498   0.00101
    495.0   0.16651   0.00067
    500.0   0.16835   0.00085
    505.0   0.17037   0.00075
    510.0   0.17182   0.00084
    515.0   0.17400   0.00063
    520.0   0.17523   0.00074
    525.0   0.17708   0.00110
    530.0   0.17936   0.00069
    535.0   0.18052   0.00013
    540.0   0.18180   0.00007
    545.0   0.18357   0.00001
    550.0   0.18519   0.00003
    555.0   0.18664   0.00036
    560.0   0.18809   0.00024
    565.0   0.18965   0.00028
    570.0   0.19132   0.00008
    575.0   0.19278   0.00024
    580.0   0.19436   0.00004
    585.0   0.19567   0.00013
    590.0   0.19713   0.00022
    595.0   0.19858   0.00002
    600.0   0.19975   0.00038
    605.0   0.20113   0.00043
    610.0   0.20265   0.00071
    615.0   0.20397   0.00031
    620.0   0.20550   0.00074
    625.0   0.20674   0.00027
    630.0   0.20846   0.00049
    635.0   0.20925   0.00006
    640.0   0.21060   0.00004
    645.0   0.21197   0.00002
    650.0   0.21295   0.00026
    655.0   0.21436   0.00055
    660.0   0.21538   0.00021
    665.0   0.21648   0.00040
    670.0   0.21798   0.00045
    675.0   0.21880   0.00071
    680.0   0.22014   0.00060
    685.0   0.22120   0.00000
    690.0   0.22267   0.00023
    695.0   0.22384   0.00058
    700.0   0.22518   0.00064
    705.0   0.22618   0.00063
    710.0   0.22706   0.00047
    715.0   0.22834   0.00050
    720.0   0.22997   0.00123
    725.0   0.23134   0.00076
    730.0   0.23218   0.00040
    735.0   0.23381   0.00084
    740.0   0.23446   0.00047
    745.0   0.23570   0.00084
    750.0   0.23588   0.00152
    755.0   0.23742   0.00151
    760.0   0.23911   0.00173
    765.0   0.24009   0.00151
    770.0   0.24085   0.00193
    775.0   0.24184   0.00142
    780.0   0.24230   0.00191
    785.0   0.24320   0.00194
    790.0   0.24416   0.00225
    795.0   0.24496   0.00218
    800.0   0.24592   0.00159
    805.0   0.24698   0.00165
    810.0   0.24774   0.00198
    815.0   0.24799   0.00212
    820.0   0.24896   0.00151
    825.0   0.24978   0.00249
    830.0   0.25039   0.00247
    835.0   0.25109   0.00235
    840.0   0.25190   0.00170
    845.0   0.25296   0.00219
    850.0   0.25307   0.00212
    855.0   0.25365   0.00132
    860.0   0.25415   0.00260
    865.0   0.25519   0.00221
    870.0   0.25566   0.00155
    875.0   0.25542   0.00143
    880.0   0.25678   0.00034
    885.0   0.25695   0.00164
    890.0   0.25712   0.00017
    895.0   0.25779   0.00013
    900.0   0.25769   0.00115
    905.0   0.25914   0.00063
    910.0   0.25914   0.00044
    915.0   0.25964   0.00122
    920.0   0.26075   0.00017
    925.0   0.26150   0.00052
    930.0   0.26181   0.00162
    935.0   0.26234   0.00036
    940.0   0.26341   0.00091
    945.0   0.26423   0.00054
    950.0   0.26422   0.00115
    955.0   0.26531   0.00034
    960.0   0.26503   0.00063
    965.0   0.26462   0.00054
    970.0   0.26581   0.00020
    975.0   0.26670   0.00113
    980.0   0.26756   0.00036
    985.0   0.26863   0.00013
    990.0   0.26837   0.00090
    995.0   0.26977   0.00060
   1000.0   0.27003   0.00105
   1005.0   0.27091   0.00020
   1010.0   0.27170   0.00106
   1015.0   0.27252   0.00108
   1020.0   0.27338   0.00050
   1025.0   0.27391   0.00090
   1030.0   0.27566   0.00137
   1035.0   0.27594   0.00037
   1040.0   0.27647   0.00052
   1045.0   0.27735   0.00113
   1050.0   0.27799   0.00066
   1055.0   0.27841   0.00116
   1060.0   0.27951   0.00142
   1065.0   0.27991   0.00063
   1070.0   0.28122   0.00064
   1075.0   0.28146   0.00130
   1080.0   0.28270   0.00096
   1085.0   0.28328   0.00097
   1090.0   0.28400   0.00119
   1095.0   0.28424   0.00138
   1100.0   0.28475   0.00096
   1105.0   0.28545   0.00100
   1110.0   0.28640   0.00113
   1115.0   0.28701   0.00133
   1120.0   0.28766   0.00153
   1125.0   0.28819   0.00094
   1130.0   0.28889   0.00107
   1135.0   0.28960   0.00096
   1140.0   0.28985   0.00076
   1145.0   0.29064   0.00090
   1150.0   0.29149   0.00162
   1155.0   0.29199   0.00209
   1160.0   0.29277   0.00099
   1165.0   0.29345   0.00112
   1170.0   0.29419   0.00020
   1175.0   0.29410   0.00143
   1180.0   0.29436   0.00212
   1185.0   0.29554   0.00139
   1190.0   0.29668   0.00208
   1195.0   0.29710   0.00139
   1200.0   0.29868   0.00139
   1205.0   0.29975   0.00251
   1210.0   0.29981   0.00138
   1215.0   0.30065   0.00124
   1220.0   0.30098   0.00117
   1225.0   0.30218   0.00162
   1230.0   0.30285   0.00196
   1235.0   0.30334   0.00101
   1240.0   0.30449   0.00111
   1245.0   0.30426   0.00132
   1250.0   0.30531   0.00087
   1255.0   0.30484   0.00145
   1260.0   0.30687   0.00226
   1265.0   0.30661   0.00086
   1270.0   0.30753   0.00108
   1275.0   0.30798   0.00090
   1280.0   0.30876   0.00014
   1285.0   0.30896   0.00060
   1290.0   0.31012   0.00029
   1295.0   0.31025   0.00052
   1300.0   0.30955   0.00035
   1305.0   0.31105   0.00158
   1310.0   0.31050   0.00062
   1315.0   0.31150   0.00071
   1320.0   0.31371   0.00006
   1325.0   0.31292   0.00108
   1330.0   0.31381   0.00151
   1335.0   0.31448   0.00029
   1340.0   0.31505   0.00037
   1345.0   0.31476   0.00024
   1350.0   0.31620   0.00079
   1355.0   0.31625   0.00018
   1360.0   0.31596   0.00152
   1365.0   0.31700   0.00285
   1370.0   0.31732   0.00130
   1375.0   0.31796   0.00003
   1380.0   0.31917   0.00122
   1385.0   0.31930   0.00054
   1390.0   0.32019   0.00021
   1395.0   0.32090   0.00110
   1400.0   0.32135   0.00116
   1405.0   0.32224   0.00348
   1410.0   0.32353   0.00076
   1415.0   0.32366   0.00010
   1420.0   0.32449   0.00029
   1425.0   0.32406   0.00109
   1430.0   0.32484   0.00074
   1435.0   0.32463   0.00040
   1440.0   0.32554   0.00072
   1445.0   0.32635   0.00013
   1450.0   0.32716   0.00179
   1455.0   0.32712   0.00112
   1460.0   0.32760   0.00026
   1465.0   0.32811   0.00129
   1470.0   0.32893   0.00009
   1475.0   0.32923   0.00018
   1480.0   0.32949   0.00003
   1485.0   0.33149   0.00010
   1490.0   0.33132   0.00032
   1495.0   0.33205   0.00024
   1500.0   0.33097   0.00065
   1505.0   0.33130   0.00100
   1510.0   0.33319   0.00046
   1515.0   0.33468   0.00057
   1520.0   0.33360   0.00068
   1525.0   0.33460   0.00067
   1530.0   0.33492   0.00052
   1535.0   0.33556   0.00021
   1540.0   0.33570   0.00019
   1545.0   0.33526   0.00088
   1550.0   0.33628   0.00018
   1555.0   0.33661   0.00061
   1560.0   0.33850   0.00130
   1565.0   0.33945   0.00106
   1570.0   0.33930   0.00063
   1575.0   0.34040   0.00106
   1580.0   0.34040   0.00116
   1585.0   0.33983   0.00150
   1590.0   0.34053   0.00163
   1595.0   0.34092   0.00140
   1600.0   0.34183   0.00191
   1605.0   0.34276   0.00199
   1610.0   0.34264   0.00167
   1615.0   0.34243   0.00116
   1620.0   0.34289   0.00090
   1625.0   0.34311   0.00167
   1630.0   0.34377   0.00122
   1635.0   0.34311   0.00091
   1640.0   0.34431   0.00120
   1645.0   0.34403   0.00097
   1650.0   0.34541   0.00198
   1655.0   0.34530   0.00176
   1660.0   0.34469   0.00091
   1665.0   0.34473   0.00178
   1670.0   0.34688   0.00093
   1675.0   0.34635   0.00190
   1680.0   0.34778   0.00261
   1685.0   0.34850   0.00381
   1690.0   0.34846   0.00228
   1695.0   0.34812   0.00165
   1700.0   0.34881   0.00136
   1705.0   0.34865   0.00154
   1710.0   0.34936   0.00088
   1715.0   0.34976   0.00136
   1720.0   0.34983   0.00167
   1725.0   0.34987   0.00127
   1730.0   0.35005   0.00175
   1735.0   0.35010   0.00184
   1740.0   0.35034   0.00121
   1745.0   0.35082   0.00161
   1750.0   0.35082   0.00126
   1755.0   0.35028   0.00087
   1760.0   0.35072   0.00117
   1765.0   0.35120   0.00111
   1770.0   0.35118   0.00091
   1775.0   0.35189   0.00080
   1780.0   0.35217   0.00100
   1785.0   0.35316   0.00090
   1790.0   0.35282   0.00073
   1795.0   0.35263   0.00104
   1800.0   0.35275   0.00150
   1805.0   0.35379   0.00151
   1810.0   0.35361   0.00195
   1815.0   0.35441   0.00118
   1820.0   0.35508   0.00201
   1825.0   0.35477   0.00211
   1830.0   0.35513   0.00220
   1835.0   0.35586   0.00266
   1840.0   0.35529   0.00253
   1845.0   0.35590   0.00222
   1850.0   0.35640   0.00232
   1855.0   0.35653   0.00209
   1860.0   0.35684   0.00210
   1865.0   0.35822   0.00238
   1870.0   0.35884   0.00285
   1875.0   0.35732   0.00314
   1880.0   0.35811   0.00257
   1885.0   0.35815   0.00178
   1890.0   0.35784   0.00131
   1895.0   0.35850   0.00213
   1900.0   0.35898   0.00207
   1905.0   0.35859   0.00257
   1910.0   0.35907   0.00280
   1915.0   0.35907   0.00184
   1920.0   0.35918   0.00286
   1925.0   0.35935   0.00260
   1930.0   0.35908   0.00273
   1935.0   0.35987   0.00267
   1940.0   0.36015   0.00190
   1945.0   0.35988   0.00161
   1950.0   0.35946   0.00249
   1955.0   0.36009   0.00260
   1960.0   0.36013   0.00182
   1965.0   0.36054   0.00187
   1970.0   0.36081   0.00176
   1975.0   0.36106   0.00246
   1980.0   0.36146   0.00175
   1985.0   0.36193   0.00160
   1990.0   0.36214   0.00178
   1995.0   0.36250   0.00134
   2000.0   0.36232   0.00164
   2005.0   0.36240   0.00192
   2010.0   0.36250   0.00167
   2015.0   0.36300   0.00167
   2020.0   0.36309   0.00165
   2025.0   0.36319   0.00119
   2030.0   0.36390   0.00225
   2035.0   0.36390   0.00085
   2040.0   0.36417   0.00132
   2045.0   0.36380   0.00155
   2050.0   0.36390   0.00162
   2055.0   0.36426   0.00104
   2060.0   0.36497   0.00148
   2065.0   0.36486   0.00083
   2070.0   0.36540   0.00088
   2075.0   0.36605   0.00098
   2080.0   0.36652   0.00122
   2085.0   0.36696   0.00074
   2090.0   0.36732   0.00091
   2095.0   0.36709   0.00112
   2100.0   0.36720   0.00140
   2105.0   0.36726   0.00078
   2110.0   0.36739   0.00182
   2115.0   0.36739   0.00122
   2120.0   0.36802   0.00131
   2125.0   0.36810   0.00101
   2130.0   0.36830   0.00139
   2135.0   0.36846   0.00097
   2140.0   0.36845   0.00079
   2145.0   0.36805   0.00129
   2150.0   0.36861   0.00049
   2155.0   0.36883   0.00076
   2160.0   0.36872   0.00101
   2165.0   0.36878   0.00097
   2170.0   0.36946   0.00115
   2175.0   0.37020   0.00115
   2180.0   0.37050   0.00085
   2185.0   0.37150   0.00201
   2190.0   0.37131   0.00135
   2195.0   0.37179   0.00036
   2200.0   0.37144   0.00118
   2205.0   0.37200   0.00071
   2210.0   0.37187   0.00047
   2215.0   0.37302   0.00041
   2220.0   0.37282   0.00037
   2225.0   0.37402   0.00122
   2230.0   0.37328   0.00058
   2235.0   0.37328   0.00106
   2240.0   0.37329   0.00132
   2245.0   0.37348   0.00140
   2250.0   0.37407   0.00142
   2255.0   0.37412   0.00046
   2260.0   0.37411   0.00148
   2265.0   0.37399   0.00153
   2270.0   0.37460   0.00078
   2275.0   0.37439   0.00076
   2280.0   0.37504   0.00120
   2285.0   0.37506   0.00167
   2290.0   0.37552   0.00101
   2295.0   0.37507   0.00094
   2300.0   0.37561   0.00057
   2305.0   0.37536   0.00056
   2310.0   0.37536   0.00009
   2315.0   0.37504   0.00099
   2320.0   0.37547   0.00014
   2325.0   0.37572   0.00033
   2330.0   0.37592   0.00029
   2335.0   0.37602   0.00009
   2340.0   0.37671   0.00151
   2345.0   0.37600   0.00110
   2350.0   0.37546   0.00156
   2355.0   0.37587   0.00221
   2360.0   0.37676   0.00075
   2365.0   0.37626   0.00168
   2370.0   0.37605   0.00065
   2375.0   0.37546   0.00092
   2380.0   0.37581   0.00155
   2385.0   0.37614   0.00123
   2390.0   0.37700   0.00142
   2395.0   0.37686   0.00217
   2400.0   0.37816   0.00131
   2405.0   0.37771   0.00040
   2410.0   0.37723   0.00107
   2415.0   0.37791   0.00125
   2420.0   0.37755   0.00119
   2425.0   0.37833   0.00074
   2430.0   0.37871   0.00127
   2435.0   0.37915   0.00153
   2440.0   0.37971   0.00132
   2445.0   0.37951   0.00073
   2450.0   0.37942   0.00115
   2455.0   0.37934   0.00105
   2460.0   0.38017   0.00162
   2465.0   0.37943   0.00142
   2470.0   0.38011   0.00157
   2475.0   0.38113   0.00222
   2480.0   0.38147   0.00206
   2485.0   0.38205   0.00254
   2490.0   0.38169   0.00131
   2495.0   0.38205   0.00104
   2500.0   0.38137   0.00120
   2505.0   0.38261   0.00133
   2510.0   0.38258   0.00195
   2515.0   0.38303   0.00217
   2520.0   0.38248   0.00119
   2525.0   0.38318   0.00135
   2530.0   0.38437   0.00197
   2535.0   0.38345   0.00188
   2540.0   0.38261   0.00261
   2545.0   0.38396   0.00397
   2550.0   0.38371   0.00517
   2555.0   0.38378   0.00305
   2560.0   0.38709   0.00363
   2565.0   0.38721   0.00443
   2570.0   0.38570   0.00444
   2575.0   0.38526   0.00527
   2580.0   0.38672   0.00538
   2585.0   0.38745   0.00714
   2590.0   0.38740   0.00435
   2595.0   0.38733   0.00683
   2600.0   0.38740   0.00564



 CJLS66      .ASC                        

 LS-CMP-066-J                                                            
 64801,135   <10 SEPERATE FROM 64801 SUITE                               
 RATIOS ADJUSTED USING NBS HALON CALIBRATION TABLE                       

 Source Ang: 30.00   Detect Ang:  0.00  Volt: 0.777
 Date: 12-NOV-93   Time: 15:13:39
