   461
    300.0   0.02254   0.00082
    305.0   0.02205   0.00066
    310.0   0.02196   0.00072
    315.0   0.02229   0.00042
    320.0   0.02253   0.00071
    325.0   0.02301   0.00045
    330.0   0.02312   0.00052
    335.0   0.02353   0.00007
    340.0   0.02373   0.00010
    345.0   0.02407   0.00002
    350.0   0.02421   0.00014
    355.0   0.02452   0.00048
    360.0   0.02485   0.00037
    365.0   0.02522   0.00031
    370.0   0.02562   0.00045
    375.0   0.02594   0.00039
    380.0   0.02631   0.00050
    385.0   0.02668   0.00038
    390.0   0.02710   0.00036
    395.0   0.02751   0.00028
    400.0   0.02763   0.00037
    405.0   0.02831   0.00032
    410.0   0.02873   0.00040
    415.0   0.02912   0.00023
    420.0   0.02948   0.00039
    425.0   0.02974   0.00027
    430.0   0.03012   0.00036
    435.0   0.03051   0.00025
    440.0   0.03074   0.00017
    445.0   0.03133   0.00041
    450.0   0.03164   0.00046
    455.0   0.03197   0.00035
    460.0   0.03233   0.00045
    465.0   0.03258   0.00041
    470.0   0.03294   0.00056
    475.0   0.03326   0.00062
    480.0   0.03365   0.00053
    485.0   0.03398   0.00060
    490.0   0.03421   0.00056
    495.0   0.03454   0.00057
    500.0   0.03479   0.00059
    505.0   0.03516   0.00065
    510.0   0.03557   0.00072
    515.0   0.03589   0.00065
    520.0   0.03626   0.00072
    525.0   0.03665   0.00074
    530.0   0.03713   0.00064
    535.0   0.03738   0.00069
    540.0   0.03776   0.00078
    545.0   0.03799   0.00068
    550.0   0.03837   0.00072
    555.0   0.03872   0.00080
    560.0   0.03897   0.00069
    565.0   0.03934   0.00081
    570.0   0.03969   0.00082
    575.0   0.03993   0.00078
    580.0   0.04031   0.00081
    585.0   0.04056   0.00081
    590.0   0.04090   0.00084
    595.0   0.04120   0.00075
    600.0   0.04148   0.00076
    605.0   0.04182   0.00075
    610.0   0.04219   0.00074
    615.0   0.04253   0.00078
    620.0   0.04279   0.00081
    625.0   0.04315   0.00077
    630.0   0.04354   0.00080
    635.0   0.04371   0.00078
    640.0   0.04399   0.00082
    645.0   0.04431   0.00083
    650.0   0.04468   0.00080
    655.0   0.04493   0.00081
    660.0   0.04508   0.00087
    665.0   0.04530   0.00077
    670.0   0.04557   0.00081
    675.0   0.04595   0.00083
    680.0   0.04627   0.00080
    685.0   0.04647   0.00089
    690.0   0.04670   0.00086
    695.0   0.04702   0.00087
    700.0   0.04728   0.00073
    705.0   0.04757   0.00081
    710.0   0.04789   0.00085
    715.0   0.04815   0.00083
    720.0   0.04841   0.00078
    725.0   0.04878   0.00096
    730.0   0.04895   0.00090
    735.0   0.04912   0.00089
    740.0   0.04933   0.00089
    745.0   0.04952   0.00090
    750.0   0.04977   0.00082
    755.0   0.05014   0.00092
    760.0   0.05016   0.00083
    765.0   0.05028   0.00108
    770.0   0.05042   0.00110
    775.0   0.05065   0.00088
    780.0   0.05066   0.00081
    785.0   0.05107   0.00085
    790.0   0.05121   0.00086
    795.0   0.05132   0.00074
    800.0   0.05136   0.00087
    805.0   0.05151   0.00086
    810.0   0.05141   0.00092
    815.0   0.05144   0.00068
    820.0   0.05167   0.00099
    825.0   0.05165   0.00071
    830.0   0.05189   0.00071
    835.0   0.05170   0.00098
    840.0   0.05174   0.00076
    845.0   0.05165   0.00077
    850.0   0.05168   0.00068
    855.0   0.05199   0.00060
    860.0   0.05189   0.00057
    865.0   0.05165   0.00069
    870.0   0.05153   0.00090
    875.0   0.05134   0.00086
    880.0   0.05109   0.00084
    885.0   0.05098   0.00056
    890.0   0.05117   0.00045
    895.0   0.05100   0.00039
    900.0   0.05085   0.00054
    905.0   0.05063   0.00038
    910.0   0.05072   0.00042
    915.0   0.05073   0.00043
    920.0   0.05065   0.00051
    925.0   0.05066   0.00057
    930.0   0.05062   0.00052
    935.0   0.05043   0.00051
    940.0   0.05065   0.00057
    945.0   0.05064   0.00053
    950.0   0.05071   0.00044
    955.0   0.05065   0.00063
    960.0   0.05057   0.00062
    965.0   0.05083   0.00083
    970.0   0.05079   0.00065
    975.0   0.05077   0.00084
    980.0   0.05095   0.00062
    985.0   0.05098   0.00075
    990.0   0.05121   0.00079
    995.0   0.05138   0.00071
   1000.0   0.05140   0.00079
   1005.0   0.05164   0.00085
   1010.0   0.05184   0.00091
   1015.0   0.05209   0.00090
   1020.0   0.05230   0.00082
   1025.0   0.05273   0.00083
   1030.0   0.05302   0.00088
   1035.0   0.05329   0.00101
   1040.0   0.05370   0.00101
   1045.0   0.05410   0.00105
   1050.0   0.05449   0.00096
   1055.0   0.05466   0.00100
   1060.0   0.05525   0.00102
   1065.0   0.05568   0.00092
   1070.0   0.05597   0.00091
   1075.0   0.05647   0.00099
   1080.0   0.05707   0.00091
   1085.0   0.05740   0.00091
   1090.0   0.05800   0.00099
   1095.0   0.05841   0.00099
   1100.0   0.05908   0.00095
   1105.0   0.05950   0.00080
   1110.0   0.06000   0.00082
   1115.0   0.06049   0.00092
   1120.0   0.06107   0.00096
   1125.0   0.06141   0.00083
   1130.0   0.06189   0.00076
   1135.0   0.06233   0.00072
   1140.0   0.06266   0.00057
   1145.0   0.06313   0.00062
   1150.0   0.06341   0.00059
   1155.0   0.06400   0.00066
   1160.0   0.06420   0.00056
   1165.0   0.06451   0.00051
   1170.0   0.06487   0.00060
   1175.0   0.06511   0.00045
   1180.0   0.06562   0.00054
   1185.0   0.06587   0.00043
   1190.0   0.06621   0.00042
   1195.0   0.06636   0.00039
   1200.0   0.06670   0.00027
   1205.0   0.06704   0.00020
   1210.0   0.06740   0.00025
   1215.0   0.06746   0.00015
   1220.0   0.06756   0.00029
   1225.0   0.06807   0.00022
   1230.0   0.06817   0.00017
   1235.0   0.06841   0.00019
   1240.0   0.06852   0.00021
   1245.0   0.06880   0.00031
   1250.0   0.06917   0.00021
   1255.0   0.06929   0.00030
   1260.0   0.06967   0.00035
   1265.0   0.06969   0.00040
   1270.0   0.07003   0.00032
   1275.0   0.07012   0.00041
   1280.0   0.07054   0.00046
   1285.0   0.07065   0.00047
   1290.0   0.07071   0.00051
   1295.0   0.07100   0.00067
   1300.0   0.07164   0.00049
   1305.0   0.07180   0.00047
   1310.0   0.07200   0.00052
   1315.0   0.07205   0.00060
   1320.0   0.07281   0.00067
   1325.0   0.07292   0.00069
   1330.0   0.07305   0.00063
   1335.0   0.07321   0.00082
   1340.0   0.07364   0.00067
   1345.0   0.07382   0.00067
   1350.0   0.07412   0.00093
   1355.0   0.07421   0.00074
   1360.0   0.07460   0.00083
   1365.0   0.07440   0.00080
   1370.0   0.07481   0.00086
   1375.0   0.07486   0.00076
   1380.0   0.07506   0.00090
   1385.0   0.07548   0.00084
   1390.0   0.07601   0.00071
   1395.0   0.07640   0.00080
   1400.0   0.07668   0.00088
   1405.0   0.07670   0.00087
   1410.0   0.07689   0.00091
   1415.0   0.07753   0.00092
   1420.0   0.07732   0.00099
   1425.0   0.07737   0.00089
   1430.0   0.07813   0.00072
   1435.0   0.07828   0.00082
   1440.0   0.07830   0.00085
   1445.0   0.07886   0.00086
   1450.0   0.07874   0.00083
   1455.0   0.07891   0.00074
   1460.0   0.07908   0.00086
   1465.0   0.07934   0.00097
   1470.0   0.07974   0.00091
   1475.0   0.07969   0.00073
   1480.0   0.08023   0.00087
   1485.0   0.08066   0.00079
   1490.0   0.08094   0.00076
   1495.0   0.08115   0.00077
   1500.0   0.08114   0.00080
   1505.0   0.08133   0.00073
   1510.0   0.08147   0.00081
   1515.0   0.08169   0.00069
   1520.0   0.08175   0.00069
   1525.0   0.08203   0.00070
   1530.0   0.08222   0.00071
   1535.0   0.08266   0.00077
   1540.0   0.08302   0.00070
   1545.0   0.08324   0.00074
   1550.0   0.08300   0.00087
   1555.0   0.08333   0.00059
   1560.0   0.08337   0.00053
   1565.0   0.08387   0.00043
   1570.0   0.08415   0.00052
   1575.0   0.08417   0.00053
   1580.0   0.08456   0.00073
   1585.0   0.08511   0.00062
   1590.0   0.08488   0.00049
   1595.0   0.08525   0.00052
   1600.0   0.08545   0.00045
   1605.0   0.08572   0.00033
   1610.0   0.08553   0.00038
   1615.0   0.08549   0.00055
   1620.0   0.08597   0.00049
   1625.0   0.08596   0.00055
   1630.0   0.08622   0.00044
   1635.0   0.08665   0.00025
   1640.0   0.08646   0.00065
   1645.0   0.08693   0.00051
   1650.0   0.08694   0.00034
   1655.0   0.08697   0.00043
   1660.0   0.08689   0.00037
   1665.0   0.08715   0.00041
   1670.0   0.08730   0.00051
   1675.0   0.08725   0.00052
   1680.0   0.08748   0.00044
   1685.0   0.08777   0.00042
   1690.0   0.08786   0.00043
   1695.0   0.08795   0.00048
   1700.0   0.08812   0.00033
   1705.0   0.08831   0.00046
   1710.0   0.08823   0.00046
   1715.0   0.08856   0.00044
   1720.0   0.08883   0.00038
   1725.0   0.08876   0.00043
   1730.0   0.08876   0.00042
   1735.0   0.08904   0.00041
   1740.0   0.08933   0.00043
   1745.0   0.08945   0.00038
   1750.0   0.08975   0.00037
   1755.0   0.08947   0.00024
   1760.0   0.08959   0.00008
   1765.0   0.08978   0.00031
   1770.0   0.08987   0.00030
   1775.0   0.09025   0.00024
   1780.0   0.09027   0.00032
   1785.0   0.09056   0.00029
   1790.0   0.09094   0.00036
   1795.0   0.09084   0.00039
   1800.0   0.09095   0.00054
   1805.0   0.09112   0.00044
   1810.0   0.09134   0.00033
   1815.0   0.09152   0.00034
   1820.0   0.09190   0.00018
   1825.0   0.09185   0.00045
   1830.0   0.09224   0.00033
   1835.0   0.09277   0.00055
   1840.0   0.09296   0.00082
   1845.0   0.09291   0.00083
   1850.0   0.09283   0.00067
   1855.0   0.09314   0.00056
   1860.0   0.09356   0.00068
   1865.0   0.09354   0.00085
   1870.0   0.09394   0.00069
   1875.0   0.09385   0.00054
   1880.0   0.09374   0.00065
   1885.0   0.09403   0.00070
   1890.0   0.09419   0.00083
   1895.0   0.09428   0.00075
   1900.0   0.09448   0.00066
   1905.0   0.09459   0.00075
   1910.0   0.09476   0.00065
   1915.0   0.09484   0.00082
   1920.0   0.09503   0.00079
   1925.0   0.09529   0.00092
   1930.0   0.09527   0.00066
   1935.0   0.09556   0.00090
   1940.0   0.09572   0.00081
   1945.0   0.09585   0.00098
   1950.0   0.09606   0.00076
   1955.0   0.09621   0.00094
   1960.0   0.09636   0.00073
   1965.0   0.09634   0.00089
   1970.0   0.09656   0.00076
   1975.0   0.09689   0.00064
   1980.0   0.09692   0.00084
   1985.0   0.09688   0.00088
   1990.0   0.09706   0.00082
   1995.0   0.09727   0.00078
   2000.0   0.09743   0.00060
   2005.0   0.09777   0.00080
   2010.0   0.09808   0.00080
   2015.0   0.09802   0.00069
   2020.0   0.09822   0.00062
   2025.0   0.09818   0.00067
   2030.0   0.09821   0.00062
   2035.0   0.09823   0.00094
   2040.0   0.09850   0.00076
   2045.0   0.09853   0.00070
   2050.0   0.09872   0.00062
   2055.0   0.09876   0.00078
   2060.0   0.09929   0.00082
   2065.0   0.09908   0.00068
   2070.0   0.09933   0.00068
   2075.0   0.09948   0.00049
   2080.0   0.09953   0.00068
   2085.0   0.09947   0.00065
   2090.0   0.10004   0.00050
   2095.0   0.10010   0.00059
   2100.0   0.10030   0.00027
   2105.0   0.10042   0.00044
   2110.0   0.10050   0.00050
   2115.0   0.10074   0.00034
   2120.0   0.10093   0.00021
   2125.0   0.10128   0.00021
   2130.0   0.10135   0.00026
   2135.0   0.10136   0.00006
   2140.0   0.10146   0.00019
   2145.0   0.10159   0.00001
   2150.0   0.10196   0.00020
   2155.0   0.10204   0.00016
   2160.0   0.10238   0.00029
   2165.0   0.10280   0.00035
   2170.0   0.10282   0.00043
   2175.0   0.10342   0.00033
   2180.0   0.10387   0.00038
   2185.0   0.10393   0.00079
   2190.0   0.10422   0.00066
   2195.0   0.10439   0.00068
   2200.0   0.10448   0.00088
   2205.0   0.10484   0.00109
   2210.0   0.10541   0.00109
   2215.0   0.10583   0.00112
   2220.0   0.10609   0.00124
   2225.0   0.10634   0.00123
   2230.0   0.10647   0.00151
   2235.0   0.10654   0.00137
   2240.0   0.10678   0.00145
   2245.0   0.10686   0.00143
   2250.0   0.10744   0.00158
   2255.0   0.10783   0.00142
   2260.0   0.10800   0.00154
   2265.0   0.10845   0.00189
   2270.0   0.10859   0.00159
   2275.0   0.10888   0.00167
   2280.0   0.10945   0.00170
   2285.0   0.10952   0.00190
   2290.0   0.10965   0.00156
   2295.0   0.10978   0.00173
   2300.0   0.11020   0.00162
   2305.0   0.11038   0.00161
   2310.0   0.11070   0.00133
   2315.0   0.11120   0.00153
   2320.0   0.11179   0.00159
   2325.0   0.11177   0.00154
   2330.0   0.11234   0.00170
   2335.0   0.11275   0.00150
   2340.0   0.11312   0.00132
   2345.0   0.11315   0.00133
   2350.0   0.11336   0.00131
   2355.0   0.11372   0.00126
   2360.0   0.11429   0.00108
   2365.0   0.11449   0.00103
   2370.0   0.11498   0.00098
   2375.0   0.11534   0.00106
   2380.0   0.11558   0.00083
   2385.0   0.11606   0.00091
   2390.0   0.11632   0.00069
   2395.0   0.11679   0.00073
   2400.0   0.11711   0.00052
   2405.0   0.11807   0.00062
   2410.0   0.11827   0.00037
   2415.0   0.11854   0.00027
   2420.0   0.11912   0.00005
   2425.0   0.11939   0.00002
   2430.0   0.11972   0.00004
   2435.0   0.12018   0.00006
   2440.0   0.12026   0.00023
   2445.0   0.12041   0.00034
   2450.0   0.12100   0.00025
   2455.0   0.12124   0.00042
   2460.0   0.12153   0.00034
   2465.0   0.12214   0.00058
   2470.0   0.12235   0.00042
   2475.0   0.12331   0.00040
   2480.0   0.12363   0.00045
   2485.0   0.12398   0.00058
   2490.0   0.12415   0.00042
   2495.0   0.12437   0.00069
   2500.0   0.12503   0.00051
   2505.0   0.12535   0.00059
   2510.0   0.12564   0.00071
   2515.0   0.12626   0.00063
   2520.0   0.12676   0.00053
   2525.0   0.12716   0.00074
   2530.0   0.12713   0.00063
   2535.0   0.12756   0.00078
   2540.0   0.12801   0.00075
   2545.0   0.12847   0.00099
   2550.0   0.12826   0.00105
   2555.0   0.12835   0.00142
   2560.0   0.12912   0.00130
   2565.0   0.12916   0.00141
   2570.0   0.12947   0.00143
   2575.0   0.12975   0.00147
   2580.0   0.13034   0.00138
   2585.0   0.13051   0.00121
   2590.0   0.13100   0.00153
   2595.0   0.13072   0.00120
   2600.0   0.13170   0.00145



 CJLS49      .ASC                        

 LS-CMP-049-J                                                            
 <25 MICRON WET SIEVED FRACTION FROM  10074,1780D                        
 ORIGINAL VIS DATA PK242M,N + NEW IR DATA 12/16/92                       
 RATIOS ADJUSTED USING NBS HALON CALIBRATION TABLE                       

 Source Ang: 30.00   Detect Ang:  0.00  Volt: 0.777
 Date: 16-DEC-92   Time: 14:24:41
