       224
    320.00   .040095   .003897
    330.00   .041488   .003477
    340.00   .042935   .003552
    350.00   .044164   .003220
    360.00   .045387   .002927
    370.00   .046190   .003082
    380.00   .046846   .003651
    390.00   .047501   .002837
    400.00   .048644   .003141
    410.00   .050121   .002898
    420.00   .051360   .002358
    430.00   .052158   .002628
    440.00   .053095   .002378
    450.00   .053933   .001373
    460.00   .055033   .002265
    470.00   .055836   .001970
    480.00   .056788   .001743
    490.00   .057818   .001570
    500.00   .058785   .001434
    510.00   .059675   .001326
    520.00   .061608   .001261
    530.00   .062594   .001503
    540.00   .063531   .001432
    550.00   .064238   .001379
    560.00   .065412   .001325
    570.00   .066434   .001306
    580.00   .067238   .001290
    590.00   .068057   .001272
    600.00   .068723   .001277
    610.00   .069434   .001291
    620.00   .069918   .001304
    630.00   .070529   .001315
    640.00   .071286   .001341
    650.00   .072097   .001385
    660.00   .072975   .001467
    670.00   .073776   .001461
    680.00   .074514   .001408
    690.00   .075166   .001413
    700.00   .075840   .001432
    710.00   .076721   .001490
    720.00   .077588   .001579
    730.00   .078224   .001694
    740.00   .078548   .002029
    750.00   .078790   .002153
    760.00   .078811   .001412
    770.00   .078384   .001507
    780.00   .077557   .001638
    790.00   .076520   .001786
    800.00   .075062   .001919
    810.00   .073513   .002094
    820.00   .071880   .002218
    830.00   .070258   .002324
    840.00   .068636   .002392
    850.00   .067196   .002388
    860.00   .066026   .004474
    870.00   .064673   .003525
    880.00   .063635   .003274
    890.00   .062480   .004157
    900.00   .061752   .003671
    910.00   .061146   .003322
    920.00   .060633   .003061
    930.00   .060433   .002862
    940.00   .060174   .002581
    950.00   .060150   .002374
    960.00   .060124   .002104
    970.00   .060211   .001915
    980.00   .060315   .001770
    990.00   .060610   .001595
   1000.00   .061083   .001532
   1010.00   .061690   .001398
   1020.00   .062367   .001341
   1030.00   .063095   .001304
   1040.00   .064222   .001898
   1050.00   .065230   .001765
   1060.00   .066425   .001674
   1070.00   .067494   .001609
   1080.00   .068860   .001544
   1090.00   .070038   .001505
   1100.00   .071351   .001482
   1110.00   .072781   .001442
   1120.00   .074122   .001428
   1130.00   .075266   .001428
   1140.00   .076509   .001386
   1150.00   .077547   .001457
   1160.00   .078609   .001770
   1170.00   .079523   .001789
   1180.00   .080425   .001749
   1190.00   .080972   .001661
   1200.00   .081601   .001689
   1210.00   .082292   .001620
   1220.00   .083004   .001634
   1230.00   .083662   .001716
   1240.00   .084267   .001590
   1250.00   .084944   .001601
   1260.00   .085539   .001587
   1270.00   .086073   .001574
   1280.00   .086802   .001505
   1290.00   .087508   .001589
   1300.00   .088109   .001562
   1310.00   .088856   .001511
   1320.00   .089687   .001525
   1330.00   .090291   .001574
   1340.00   .090988   .001558
   1350.00   .091642   .001558
   1360.00   .092268   .001650
   1370.00   .092887   .001567
   1380.00   .093525   .001647
   1390.00   .094244   .001581
   1400.00   .094898   .001540
   1410.00   .095522   .001577
   1420.00   .096133   .001527
   1430.00   .096821   .001527
   1440.00   .097384   .001478
   1450.00   .097903   .001524
   1460.00   .098400   .001488
   1470.00   .098788   .001482
   1480.00   .098916   .001542
   1490.00   .099211   .001523
   1500.00   .099353   .001525
   1510.00   .099366   .001541
   1520.00   .099577   .001586
   1530.00   .099607   .001551
   1540.00   .099570   .001542
   1550.00   .099338   .001577
   1560.00   .099297   .001561
   1570.00   .099199   .001589
   1580.00   .098943   .001583
   1590.00   .098471   .001581
   1600.00   .098236   .001615
   1610.00   .097986   .001563
   1620.00   .097528   .001622
   1630.00   .097223   .001591
   1640.00   .097018   .001627
   1650.00   .096533   .001673
   1660.00   .096230   .001665
   1670.00   .095738   .001664
   1680.00   .095248   .001645
   1690.00   .094891   .001643
   1700.00   .094319   .001728
   1710.00   .093691   .001711
   1720.00   .093204   .001663
   1730.00   .092638   .001669
   1740.00   .092189   .001685
   1750.00   .091568   .001715
   1760.00   .091207   .001729
   1770.00   .090639   .001742
   1780.00   .090326   .002169
   1790.00   .089856   .002139
   1800.00   .089117   .002169
   1810.00   .088441   .002558
   1820.00   .087750   .002448
   1830.00   .087341   .002480
   1840.00   .086876   .002430
   1850.00   .086624   .002420
   1860.00   .086293   .002400
   1870.00   .085743   .002378
   1880.00   .085572   .002355
   1890.00   .085070   .002311
   1900.00   .084962   .002204
   1910.00   .084869   .002432
   1920.00   .084805   .002304
   1930.00   .084747   .002316
   1940.00   .084728   .002276
   1950.00   .084755   .002176
   1960.00   .084667   .002202
   1970.00   .084591   .002153
   1980.00   .084688   .002162
   1990.00   .084713   .002148
   2000.00   .084729   .002216
   2010.00   .084890   .002227
   2020.00   .084941   .002162
   2030.00   .084933   .002258
   2040.00   .084970   .002269
   2050.00   .085055   .002229
   2060.00   .085307   .002189
   2070.00   .085615   .002327
   2080.00   .085932   .002223
   2090.00   .085987   .002231
   2100.00   .086231   .002202
   2110.00   .086667   .002254
   2120.00   .087110   .002296
   2130.00   .087310   .002272
   2140.00   .087567   .002291
   2150.00   .088038   .002286
   2160.00   .088582   .002283
   2170.00   .088944   .002308
   2180.00   .089217   .002372
   2190.00   .089656   .002284
   2200.00   .090086   .002415
   2210.00   .090696   .002433
   2220.00   .091322   .002403
   2230.00   .091519   .002589
   2240.00   .092429   .002397
   2250.00   .093017   .002500
   2260.00   .093344   .002430
   2270.00   .094098   .002431
   2280.00   .094552   .002488
   2290.00   .095068   .002480
   2300.00   .095759   .002471
   2310.00   .096133   .002457
   2320.00   .096855   .002431
   2330.00   .097642   .002363
   2340.00   .098330   .002480
   2350.00   .099051   .002513
   2360.00   .099878   .002421
   2370.00   .100648   .002496
   2380.00   .101233   .002568
   2390.00   .102086   .002621
   2400.00   .102719   .002492
   2410.00   .103358   .002559
   2420.00   .104244   .002702
   2430.00   .105117   .002694
   2440.00   .106299   .002640
   2450.00   .107249   .002671
   2460.00   .108239   .002739
   2470.00   .109172   .002833
   2480.00   .110196   .002879
   2490.00   .110927   .002784
   2500.00   .111505   .002908
   2510.00   .112373   .003066
   2520.00   .112836   .003060
   2530.00   .113239   .002735
   2540.00   .114600   .002753
   2550.00   .116502   .002742



 CJLS158.ASC             

 LS-BWD-158
 15041 low-agglutinate magnetic separate 125-250 um at (i,e)=(30,-60)
 Albedo adjusted to the visible range
 
 Source Ang:  30.00, Detect Ang: -60.00, Volt:  .777
 Date: 18-NOV-21, Time: 14:03:51
 
 RATIOS ADJUSTED USING RELAB SPECTRALON CALIBRATION TABLE
