       224
    320.00   .036280   .017164
    330.00   .037263   .012023
    340.00   .038422   .011633
    350.00   .038965   .008457
    360.00   .038805   .003212
    370.00   .038989   .002277
    380.00   .039713   .002015
    390.00   .040441   .001853
    400.00   .041314   .001988
    410.00   .042404   .001989
    420.00   .043286   .002517
    430.00   .044105   .002247
    440.00   .045250   .002118
    450.00   .046323   .002155
    460.00   .047465   .001873
    470.00   .048552   .001794
    480.00   .049682   .001792
    490.00   .050721   .001717
    500.00   .051805   .001680
    510.00   .052860   .001809
    520.00   .054166   .001863
    530.00   .055295   .001838
    540.00   .056165   .001822
    550.00   .057142   .001809
    560.00   .058257   .001822
    570.00   .059447   .001888
    580.00   .060268   .001937
    590.00   .061222   .001983
    600.00   .062153   .002034
    610.00   .063046   .002035
    620.00   .063885   .002149
    630.00   .064594   .002155
    640.00   .065513   .002196
    650.00   .066551   .002100
    660.00   .067359   .002179
    670.00   .068263   .002172
    680.00   .069201   .002184
    690.00   .070236   .002239
    700.00   .071112   .002364
    710.00   .071948   .002439
    720.00   .072635   .002493
    730.00   .073309   .002684
    740.00   .073923   .002897
    750.00   .074461   .003054
    760.00   .075165   .003296
    770.00   .075420   .003614
    780.00   .075688   .004055
    790.00   .075955   .004316
    800.00   .076002   .004764
    810.00   .076053   .005116
    820.00   .076037   .005417
    830.00   .075986   .005646
    840.00   .075837   .005762
    850.00   .075784   .005868
    860.00   .075730   .006107
    870.00   .075752   .009360
    880.00   .075513   .008805
    890.00   .075163   .009147
    900.00   .074697   .007971
    910.00   .074490   .007141
    920.00   .074459   .006611
    930.00   .074508   .006083
    940.00   .074664   .005510
    950.00   .074972   .004949
    960.00   .075088   .004429
    970.00   .075388   .003951
    980.00   .075890   .003723
    990.00   .076400   .003559
   1000.00   .076984   .003437
   1010.00   .077672   .003356
   1020.00   .078242   .003299
   1030.00   .079011   .003070
   1040.00   .079542   .002816
   1050.00   .080482   .002807
   1060.00   .081367   .002640
   1070.00   .082124   .002622
   1080.00   .082913   .002492
   1090.00   .083769   .003117
   1100.00   .084640   .004263
   1110.00   .085467   .005493
   1120.00   .086478   .005051
   1130.00   .087234   .005090
   1140.00   .088171   .005058
   1150.00   .088690   .004744
   1160.00   .089493   .004557
   1170.00   .090170   .004782
   1180.00   .091170   .004680
   1190.00   .091873   .004460
   1200.00   .092396   .004513
   1210.00   .092719   .004443
   1220.00   .093396   .004509
   1230.00   .094265   .004324
   1240.00   .094785   .004366
   1250.00   .095702   .004367
   1260.00   .096035   .004341
   1270.00   .096650   .004436
   1280.00   .097293   .004313
   1290.00   .098086   .005331
   1300.00   .098924   .005531
   1310.00   .099662   .005320
   1320.00   .100211   .005462
   1330.00   .101107   .005113
   1340.00   .101650   .005080
   1350.00   .102432   .005512
   1360.00   .103383   .005936
   1370.00   .104232   .005709
   1380.00   .104575   .005981
   1390.00   .105256   .005406
   1400.00   .106261   .005865
   1410.00   .106990   .005470
   1420.00   .107722   .005590
   1430.00   .108324   .005538
   1440.00   .109014   .005491
   1450.00   .109633   .005472
   1460.00   .110242   .005487
   1470.00   .110713   .005477
   1480.00   .111306   .005496
   1490.00   .111836   .005526
   1500.00   .112314   .005520
   1510.00   .112842   .005507
   1520.00   .113353   .005509
   1530.00   .113763   .005519
   1540.00   .114192   .005571
   1550.00   .114638   .005596
   1560.00   .115078   .005718
   1570.00   .115610   .005614
   1580.00   .115686   .005706
   1590.00   .116080   .005675
   1600.00   .116429   .005721
   1610.00   .116585   .005988
   1620.00   .116943   .005782
   1630.00   .116965   .005690
   1640.00   .117376   .005932
   1650.00   .117724   .005867
   1660.00   .118254   .006152
   1670.00   .118382   .005812
   1680.00   .118452   .005870
   1690.00   .118764   .006121
   1700.00   .118801   .006034
   1710.00   .118866   .006035
   1720.00   .119071   .005846
   1730.00   .119127   .005974
   1740.00   .119305   .005990
   1750.00   .119503   .006060
   1760.00   .119678   .006090
   1770.00   .119990   .006191
   1780.00   .119946   .005942
   1790.00   .119948   .005919
   1800.00   .120014   .005926
   1810.00   .120376   .005634
   1820.00   .120633   .005625
   1830.00   .120965   .005737
   1840.00   .121210   .005768
   1850.00   .121503   .005793
   1860.00   .121610   .005791
   1870.00   .121730   .005753
   1880.00   .121900   .005758
   1890.00   .122112   .005777
   1900.00   .122247   .005798
   1910.00   .122514   .005813
   1920.00   .122865   .005868
   1930.00   .123189   .005836
   1940.00   .123282   .005966
   1950.00   .123503   .005948
   1960.00   .123650   .005891
   1970.00   .123999   .005827
   1980.00   .124228   .005845
   1990.00   .124762   .006054
   2000.00   .125082   .006021
   2010.00   .125273   .006009
   2020.00   .125448   .006052
   2030.00   .125830   .005986
   2040.00   .126400   .005905
   2050.00   .126688   .005823
   2060.00   .127274   .005854
   2070.00   .127643   .005902
   2080.00   .128223   .005839
   2090.00   .128602   .006008
   2100.00   .128855   .005849
   2110.00   .129817   .005728
   2120.00   .130250   .005960
   2130.00   .130796   .005905
   2140.00   .131226   .005919
   2150.00   .131954   .005939
   2160.00   .132502   .006064
   2170.00   .133121   .005864
   2180.00   .133624   .005883
   2190.00   .134259   .005870
   2200.00   .134976   .006017
   2210.00   .135314   .006027
   2220.00   .135835   .006027
   2230.00   .136432   .006132
   2240.00   .136759   .006058
   2250.00   .137413   .006169
   2260.00   .138199   .006039
   2270.00   .138991   .006092
   2280.00   .139570   .006202
   2290.00   .140372   .006324
   2300.00   .140828   .006406
   2310.00   .141471   .006389
   2320.00   .142378   .006538
   2330.00   .142905   .006547
   2340.00   .143267   .006425
   2350.00   .143952   .006556
   2360.00   .144642   .006608
   2370.00   .145211   .006642
   2380.00   .145917   .006574
   2390.00   .146786   .006513
   2400.00   .147796   .006629
   2410.00   .148255   .006570
   2420.00   .149138   .006607
   2430.00   .149758   .006511
   2440.00   .150322   .006604
   2450.00   .151112   .006695
   2460.00   .151834   .006777
   2470.00   .152562   .006869
   2480.00   .153720   .006828
   2490.00   .154375   .006964
   2500.00   .155017   .007081
   2510.00   .155762   .007034
   2520.00   .155929   .007177
   2530.00   .157121   .007322
   2540.00   .157851   .007098
   2550.00   .157963   .007421



 CKLS142.ASC            

 LS-BWD-142
 15041 bulk 125-250 um at (i,e)=(30,-60)
 No depolarizer was used over the wavelength range of 1800-2550 nm
 Albedo adjusted to the visible range
 
 Source Ang:  30.00, Detect Ang: -75.00, Volt:  .777
 Date: 07-MAR-19, Time: 11:39:49
 
 RATIOS ADJUSTED USING RELAB SPECTRALON CALIBRATION TABLE
