       224
    320.00   .027598   .016319
    330.00   .028385   .011391
    340.00   .029245   .011074
    350.00   .029286   .007956
    360.00   .029109   .002898
    370.00   .029093   .001822
    380.00   .029524   .001494
    390.00   .030020   .001321
    400.00   .030561   .001462
    410.00   .031219   .001303
    420.00   .031891   .002249
    430.00   .032488   .001974
    440.00   .033216   .001829
    450.00   .033994   .001791
    460.00   .034778   .001872
    470.00   .035554   .001814
    480.00   .036337   .001732
    490.00   .037123   .001754
    500.00   .037969   .001644
    510.00   .038734   .001890
    520.00   .039657   .001867
    530.00   .040365   .001896
    540.00   .041195   .001865
    550.00   .042035   .001885
    560.00   .042835   .001891
    570.00   .043693   .001936
    580.00   .044473   .001986
    590.00   .045264   .001970
    600.00   .046014   .002035
    610.00   .046838   .002155
    620.00   .047588   .002167
    630.00   .048207   .002207
    640.00   .049140   .002288
    650.00   .049808   .002144
    660.00   .050521   .002287
    670.00   .051422   .002288
    680.00   .051940   .002338
    690.00   .052618   .002299
    700.00   .053150   .002419
    710.00   .053635   .002493
    720.00   .054255   .002564
    730.00   .055087   .002776
    740.00   .055610   .002919
    750.00   .056379   .003119
    760.00   .057114   .003336
    770.00   .057791   .003780
    780.00   .058323   .004028
    790.00   .059149   .004417
    800.00   .059675   .004757
    810.00   .060304   .005286
    820.00   .060721   .005652
    830.00   .061011   .005843
    840.00   .061273   .005981
    850.00   .061667   .006106
    860.00   .062102   .008989
    870.00   .062224   .008245
    880.00   .062361   .008094
    890.00   .061853   .007848
    900.00   .061666   .006900
    910.00   .061665   .006221
    920.00   .061775   .005753
    930.00   .061884   .005249
    940.00   .062040   .004797
    950.00   .062101   .004361
    960.00   .062194   .003959
    970.00   .062284   .003602
    980.00   .062447   .003477
    990.00   .062802   .003374
   1000.00   .063249   .003341
   1010.00   .063679   .003317
   1020.00   .064230   .003336
   1030.00   .064822   .003180
   1040.00   .065324   .003081
   1050.00   .065938   .002928
   1060.00   .066379   .002901
   1070.00   .067131   .002848
   1080.00   .067595   .003509
   1090.00   .068224   .003704
   1100.00   .068764   .003752
   1110.00   .069454   .004420
   1120.00   .069957   .004306
   1130.00   .070490   .004177
   1140.00   .071033   .004100
   1150.00   .071524   .004011
   1160.00   .072114   .003921
   1170.00   .072711   .003831
   1180.00   .073289   .003743
   1190.00   .073914   .003667
   1200.00   .074472   .003530
   1210.00   .075239   .003513
   1220.00   .075548   .003543
   1230.00   .076026   .003613
   1240.00   .076707   .003522
   1250.00   .077297   .003440
   1260.00   .077943   .003569
   1270.00   .078553   .003553
   1280.00   .079201   .003593
   1290.00   .079954   .004409
   1300.00   .080683   .004348
   1310.00   .081269   .004416
   1320.00   .082105   .004454
   1330.00   .082507   .004322
   1340.00   .083288   .004366
   1350.00   .084120   .004488
   1360.00   .084864   .004620
   1370.00   .085572   .004648
   1380.00   .086249   .004707
   1390.00   .086970   .004668
   1400.00   .087708   .004622
   1410.00   .088395   .004543
   1420.00   .089169   .004463
   1430.00   .089733   .004590
   1440.00   .090517   .004396
   1450.00   .091225   .004488
   1460.00   .091944   .004472
   1470.00   .092622   .004483
   1480.00   .093264   .004444
   1490.00   .093884   .004445
   1500.00   .094438   .004455
   1510.00   .094999   .004457
   1520.00   .095514   .004444
   1530.00   .096081   .004497
   1540.00   .096632   .004563
   1550.00   .097216   .004601
   1560.00   .097729   .004633
   1570.00   .098298   .004712
   1580.00   .098820   .004731
   1590.00   .099326   .004736
   1600.00   .099784   .004788
   1610.00   .100346   .004846
   1620.00   .100777   .004909
   1630.00   .101294   .004975
   1640.00   .101618   .005020
   1650.00   .102069   .004994
   1660.00   .102540   .005019
   1670.00   .103027   .005075
   1680.00   .103495   .005098
   1690.00   .104003   .005095
   1700.00   .104402   .005085
   1710.00   .104835   .005070
   1720.00   .105350   .005071
   1730.00   .105740   .005026
   1740.00   .106038   .005150
   1750.00   .106336   .005207
   1760.00   .106639   .005271
   1770.00   .106944   .005307
   1780.00   .107170   .005345
   1790.00   .107339   .005414
   1800.00   .107466   .005396
   1810.00   .107484   .005618
   1820.00   .107737   .005601
   1830.00   .107981   .005606
   1840.00   .108218   .005640
   1850.00   .108620   .005616
   1860.00   .108924   .005592
   1870.00   .109184   .005589
   1880.00   .109424   .005610
   1890.00   .109666   .005625
   1900.00   .109977   .005576
   1910.00   .110295   .005570
   1920.00   .110671   .005560
   1930.00   .111113   .005459
   1940.00   .111332   .005566
   1950.00   .111686   .005568
   1960.00   .112221   .005647
   1970.00   .112493   .005597
   1980.00   .112715   .005733
   1990.00   .113122   .005682
   2000.00   .113498   .005792
   2010.00   .114031   .005608
   2020.00   .114307   .005660
   2030.00   .114916   .005686
   2040.00   .115158   .005620
   2050.00   .115571   .005690
   2060.00   .116203   .005771
   2070.00   .116663   .005642
   2080.00   .117165   .005527
   2090.00   .117659   .005638
   2100.00   .118155   .005652
   2110.00   .118634   .005745
   2120.00   .119248   .005675
   2130.00   .119935   .005784
   2140.00   .120450   .006025
   2150.00   .121044   .005732
   2160.00   .121935   .005735
   2170.00   .122598   .005782
   2180.00   .123076   .005807
   2190.00   .123535   .005713
   2200.00   .124242   .005861
   2210.00   .124754   .005986
   2220.00   .125408   .006049
   2230.00   .125976   .006008
   2240.00   .126477   .005854
   2250.00   .127325   .005905
   2260.00   .127937   .005841
   2270.00   .128626   .005969
   2280.00   .129090   .005955
   2290.00   .130004   .005929
   2300.00   .130442   .006005
   2310.00   .130878   .005917
   2320.00   .131698   .006035
   2330.00   .132368   .006105
   2340.00   .133025   .005956
   2350.00   .133611   .006093
   2360.00   .134461   .006018
   2370.00   .134899   .006119
   2380.00   .135621   .006029
   2390.00   .136624   .006037
   2400.00   .137187   .006161
   2410.00   .137660   .006186
   2420.00   .138450   .006413
   2430.00   .138979   .006456
   2440.00   .139603   .006614
   2450.00   .140412   .006607
   2460.00   .141101   .006655
   2470.00   .141855   .006683
   2480.00   .142374   .006299
   2490.00   .143212   .006345
   2500.00   .143831   .006331
   2510.00   .144364   .006384
   2520.00   .144629   .006473
   2530.00   .145317   .006714
   2540.00   .145292   .006512
   2550.00   .146798   .006492



 CKLS143.ASC            

 LS-BWD-143
 15041 agglutinate (hand-picked) 125-250 um at (i,e)=(30,-60)
 No depolarizer was used over the wavelength range of 1800-2550 nm
 Albedo adjusted to the visible range
 
 Source Ang:  30.00, Detect Ang: -75.00, Volt:  .777
 Date: 07-MAR-19, Time: 11:39:49
 
 RATIOS ADJUSTED USING RELAB SPECTRALON CALIBRATION TABLE
