   216
    350.0   0.04657   0.00311
    360.0   0.04833   0.00312
    370.0   0.04858   0.00302
    380.0   0.04935   0.00325
    390.0   0.05085   0.00327
    400.0   0.05052   0.00337
    410.0   0.05222   0.00345
    420.0   0.05386   0.00337
    430.0   0.05468   0.00340
    440.0   0.05628   0.00363
    450.0   0.05750   0.00358
    460.0   0.05858   0.00371
    470.0   0.06010   0.00397
    480.0   0.06141   0.00379
    490.0   0.06281   0.00396
    500.0   0.06436   0.00395
    510.0   0.06524   0.00405
    520.0   0.06652   0.00411
    530.0   0.06809   0.00404
    540.0   0.06910   0.00406
    550.0   0.07008   0.00424
    560.0   0.07155   0.00421
    570.0   0.07252   0.00417
    580.0   0.07340   0.00413
    590.0   0.07460   0.00421
    600.0   0.07569   0.00429
    610.0   0.07646   0.00445
    620.0   0.07806   0.00459
    630.0   0.07923   0.00452
    640.0   0.08002   0.00447
    650.0   0.08133   0.00459
    660.0   0.08216   0.00463
    670.0   0.08305   0.00478
    680.0   0.08417   0.00494
    690.0   0.08515   0.00479
    700.0   0.08610   0.00480
    710.0   0.08691   0.00460
    720.0   0.08778   0.00473
    730.0   0.08906   0.00484
    740.0   0.08980   0.00492
    750.0   0.09123   0.00502
    760.0   0.09198   0.00493
    770.0   0.09237   0.00505
    780.0   0.09393   0.00296
    790.0   0.09314   0.00269
    800.0   0.09381   0.00255
    810.0   0.09312   0.00273
    820.0   0.09430   0.00261
    830.0   0.09315   0.00267
    840.0   0.09383   0.00259
    850.0   0.09509   0.00255
    860.0   0.09394   0.00225
    870.0   0.09430   0.00033
    880.0   0.09275   0.00030
    890.0   0.09384   0.00000
    900.0   0.09381   0.00006
    910.0   0.09308   0.00038
    920.0   0.09313   0.00027
    930.0   0.09279   0.00038
    940.0   0.09253   0.00041
    950.0   0.09222   0.00022
    960.0   0.09366   0.00036
    970.0   0.09404   0.00060
    980.0   0.09425   0.00034
    990.0   0.09454   0.00053
   1000.0   0.09628   0.00074
   1010.0   0.09610   0.00028
   1020.0   0.09673   0.00086
   1030.0   0.09786   0.00079
   1040.0   0.09970   0.00056
   1050.0   0.10065   0.00092
   1060.0   0.10099   0.00055
   1070.0   0.10237   0.00061
   1080.0   0.10389   0.00101
   1090.0   0.10509   0.00052
   1100.0   0.10518   0.00089
   1110.0   0.10731   0.00095
   1120.0   0.10898   0.00058
   1130.0   0.10813   0.00114
   1140.0   0.11058   0.00083
   1150.0   0.11093   0.00085
   1160.0   0.11236   0.00136
   1170.0   0.11320   0.00080
   1180.0   0.11363   0.00139
   1190.0   0.11542   0.00143
   1200.0   0.11614   0.00196
   1210.0   0.11768   0.00218
   1220.0   0.11800   0.00145
   1230.0   0.11819   0.00197
   1240.0   0.11975   0.00204
   1250.0   0.11963   0.00194
   1260.0   0.12071   0.00210
   1270.0   0.12100   0.00166
   1280.0   0.12071   0.00219
   1290.0   0.12284   0.00197
   1300.0   0.12297   0.00154
   1310.0   0.12254   0.00220
   1320.0   0.12503   0.00187
   1330.0   0.12394   0.00192
   1340.0   0.12602   0.00241
   1350.0   0.12774   0.00202
   1360.0   0.12825   0.00236
   1370.0   0.12889   0.00238
   1380.0   0.13028   0.00219
   1390.0   0.13000   0.00215
   1400.0   0.12992   0.00180
   1410.0   0.13053   0.00179
   1420.0   0.13257   0.00207
   1430.0   0.13263   0.00166
   1440.0   0.13250   0.00186
   1450.0   0.13475   0.00194
   1460.0   0.13436   0.00189
   1470.0   0.13610   0.00213
   1480.0   0.13663   0.00209
   1490.0   0.13655   0.00226
   1500.0   0.13766   0.00244
   1510.0   0.13829   0.00246
   1520.0   0.13816   0.00253
   1530.0   0.14017   0.00274
   1540.0   0.14081   0.00227
   1550.0   0.14040   0.00264
   1560.0   0.14134   0.00263
   1570.0   0.14139   0.00252
   1580.0   0.14077   0.00225
   1590.0   0.14201   0.00245
   1600.0   0.14154   0.00236
   1610.0   0.14261   0.00243
   1620.0   0.14264   0.00252
   1630.0   0.14164   0.00214
   1640.0   0.14363   0.00256
   1650.0   0.14419   0.00247
   1660.0   0.14314   0.00254
   1670.0   0.14392   0.00158
   1680.0   0.14457   0.00254
   1690.0   0.14463   0.00279
   1700.0   0.14516   0.00217
   1710.0   0.14461   0.00254
   1720.0   0.14361   0.00214
   1730.0   0.14420   0.00264
   1740.0   0.14527   0.00271
   1750.0   0.14628   0.00278
   1760.0   0.14623   0.00306
   1770.0   0.14704   0.00297
   1780.0   0.14647   0.00256
   1790.0   0.14746   0.00217
   1800.0   0.14569   0.00236
   1810.0   0.14736   0.00256
   1820.0   0.14727   0.00288
   1830.0   0.14702   0.00271
   1840.0   0.14717   0.00306
   1850.0   0.14703   0.00320
   1860.0   0.14753   0.00343
   1870.0   0.15004   0.00321
   1880.0   0.14999   0.00180
   1890.0   0.15105   0.00193
   1900.0   0.14940   0.00302
   1910.0   0.14939   0.00276
   1920.0   0.14891   0.00219
   1930.0   0.15138   0.00195
   1940.0   0.15199   0.00173
   1950.0   0.15324   0.00133
   1960.0   0.15257   0.00105
   1970.0   0.15323   0.00117
   1980.0   0.15325   0.00107
   1990.0   0.15147   0.00122
   2000.0   0.15189   0.00179
   2010.0   0.15191   0.00182
   2020.0   0.15106   0.00163
   2030.0   0.15114   0.00169
   2040.0   0.15125   0.00181
   2050.0   0.15153   0.00176
   2060.0   0.15150   0.00175
   2070.0   0.15127   0.00136
   2080.0   0.15202   0.00129
   2090.0   0.15282   0.00133
   2100.0   0.15342   0.00158
   2110.0   0.15381   0.00202
   2120.0   0.15375   0.00224
   2130.0   0.15341   0.00244
   2140.0   0.15384   0.00234
   2150.0   0.15386   0.00233
   2160.0   0.15351   0.00230
   2170.0   0.15449   0.00183
   2180.0   0.15579   0.00152
   2190.0   0.15662   0.00120
   2200.0   0.15841   0.00127
   2210.0   0.15916   0.00152
   2220.0   0.15963   0.00179
   2230.0   0.16037   0.00250
   2240.0   0.15967   0.00249
   2250.0   0.15961   0.00263
   2260.0   0.15981   0.00247
   2270.0   0.16074   0.00242
   2280.0   0.16114   0.00181
   2290.0   0.16165   0.00147
   2300.0   0.16106   0.00094
   2310.0   0.16215   0.00089
   2320.0   0.16328   0.00115
   2330.0   0.16388   0.00104
   2340.0   0.16484   0.00078
   2350.0   0.16383   0.00129
   2360.0   0.16435   0.00107
   2370.0   0.16562   0.00129
   2380.0   0.16689   0.00129
   2390.0   0.16669   0.00126
   2400.0   0.16810   0.00119
   2410.0   0.16852   0.00081
   2420.0   0.16898   0.00021
   2430.0   0.16925   0.00017
   2440.0   0.17079   0.00011
   2450.0   0.17108   0.00030
   2460.0   0.17157   0.00081
   2470.0   0.17261   0.00153
   2480.0   0.17031   0.00131
   2490.0   0.17216   0.00060
   2500.0   0.17151   0.00026



 CLS32K      .ASC                        

 LS-CMP-032                                                              
 APOLLO 12 SOIL  RERUN @ 60,-50  NEXT TO SMALLEST OPTICS                 
 RATIOS ADJUSTED USING NBS HALON CALIBRATION TABLE                       

 Source Ang: 60.00   Detect Ang: -50.00  Volt: 0.777
 Date: 25-APR-91   Time: 11:07:15
