   216
    350.0   0.05814   0.00415
    360.0   0.05875   0.00380
    370.0   0.06188   0.00385
    380.0   0.06238   0.00411
    390.0   0.06546   0.00421
    400.0   0.06823   0.00455
    410.0   0.06952   0.00459
    420.0   0.07189   0.00450
    430.0   0.07300   0.00454
    440.0   0.07422   0.00478
    450.0   0.07580   0.00473
    460.0   0.07771   0.00492
    470.0   0.07939   0.00524
    480.0   0.08138   0.00502
    490.0   0.08297   0.00523
    500.0   0.08533   0.00524
    510.0   0.08641   0.00537
    520.0   0.08819   0.00545
    530.0   0.08970   0.00532
    540.0   0.09111   0.00535
    550.0   0.09267   0.00560
    560.0   0.09472   0.00557
    570.0   0.09569   0.00550
    580.0   0.09715   0.00546
    590.0   0.09847   0.00556
    600.0   0.10004   0.00567
    610.0   0.10151   0.00591
    620.0   0.10293   0.00606
    630.0   0.10423   0.00594
    640.0   0.10615   0.00593
    650.0   0.10767   0.00608
    660.0   0.10820   0.00610
    670.0   0.10908   0.00628
    680.0   0.11047   0.00649
    690.0   0.11133   0.00627
    700.0   0.11301   0.00631
    710.0   0.11469   0.00607
    720.0   0.11568   0.00624
    730.0   0.11645   0.00633
    740.0   0.11814   0.00648
    750.0   0.11946   0.00657
    760.0   0.12017   0.00644
    770.0   0.12146   0.00664
    780.0   0.12306   0.00390
    790.0   0.12353   0.00355
    800.0   0.12400   0.00335
    810.0   0.12501   0.00362
    820.0   0.12652   0.00348
    830.0   0.12635   0.00356
    840.0   0.12750   0.00348
    850.0   0.12955   0.00346
    860.0   0.12967   0.00305
    870.0   0.12951   0.00045
    880.0   0.12754   0.00041
    890.0   0.12764   0.00000
    900.0   0.12917   0.00009
    910.0   0.12958   0.00053
    920.0   0.13045   0.00038
    930.0   0.13262   0.00054
    940.0   0.13209   0.00057
    950.0   0.13306   0.00031
    960.0   0.13507   0.00051
    970.0   0.13625   0.00086
    980.0   0.13675   0.00049
    990.0   0.13804   0.00077
   1000.0   0.13984   0.00106
   1010.0   0.13965   0.00040
   1020.0   0.14086   0.00123
   1030.0   0.14292   0.00114
   1040.0   0.14261   0.00078
   1050.0   0.14554   0.00131
   1060.0   0.14660   0.00078
   1070.0   0.14716   0.00087
   1080.0   0.14860   0.00142
   1090.0   0.14909   0.00073
   1100.0   0.15009   0.00126
   1110.0   0.15203   0.00133
   1120.0   0.15266   0.00080
   1130.0   0.15453   0.00160
   1140.0   0.15452   0.00114
   1150.0   0.15515   0.00118
   1160.0   0.15811   0.00188
   1170.0   0.15657   0.00108
   1180.0   0.15794   0.00191
   1190.0   0.16050   0.00196
   1200.0   0.16183   0.00269
   1210.0   0.16254   0.00297
   1220.0   0.16227   0.00197
   1230.0   0.16494   0.00271
   1240.0   0.16533   0.00278
   1250.0   0.16571   0.00264
   1260.0   0.16820   0.00288
   1270.0   0.16680   0.00225
   1280.0   0.16753   0.00300
   1290.0   0.16894   0.00267
   1300.0   0.16928   0.00209
   1310.0   0.17088   0.00302
   1320.0   0.17249   0.00254
   1330.0   0.17097   0.00260
   1340.0   0.17510   0.00330
   1350.0   0.17412   0.00272
   1360.0   0.17485   0.00316
   1370.0   0.17720   0.00323
   1380.0   0.17716   0.00293
   1390.0   0.17820   0.00290
   1400.0   0.17951   0.00245
   1410.0   0.17759   0.00240
   1420.0   0.18106   0.00279
   1430.0   0.18055   0.00223
   1440.0   0.18225   0.00252
   1450.0   0.18380   0.00261
   1460.0   0.18197   0.00252
   1470.0   0.18428   0.00284
   1480.0   0.18585   0.00280
   1490.0   0.18557   0.00302
   1500.0   0.18633   0.00325
   1510.0   0.18705   0.00328
   1520.0   0.18974   0.00342
   1530.0   0.18938   0.00365
   1540.0   0.18900   0.00300
   1550.0   0.19026   0.00353
   1560.0   0.19071   0.00349
   1570.0   0.19117   0.00336
   1580.0   0.19223   0.00303
   1590.0   0.19366   0.00328
   1600.0   0.19248   0.00316
   1610.0   0.19312   0.00324
   1620.0   0.19383   0.00337
   1630.0   0.19488   0.00290
   1640.0   0.19435   0.00342
   1650.0   0.19337   0.00326
   1660.0   0.19384   0.00339
   1670.0   0.19458   0.00210
   1680.0   0.19217   0.00332
   1690.0   0.19552   0.00371
   1700.0   0.19533   0.00286
   1710.0   0.19589   0.00337
   1720.0   0.19736   0.00288
   1730.0   0.19718   0.00353
   1740.0   0.19634   0.00358
   1750.0   0.19552   0.00364
   1760.0   0.19851   0.00404
   1770.0   0.19953   0.00392
   1780.0   0.19969   0.00340
   1790.0   0.19995   0.00286
   1800.0   0.20075   0.00317
   1810.0   0.20102   0.00340
   1820.0   0.20003   0.00381
   1830.0   0.20090   0.00361
   1840.0   0.20171   0.00409
   1850.0   0.20036   0.00424
   1860.0   0.20070   0.00454
   1870.0   0.20270   0.00422
   1880.0   0.20444   0.00239
   1890.0   0.20752   0.00259
   1900.0   0.20491   0.00404
   1910.0   0.20517   0.00369
   1920.0   0.20538   0.00294
   1930.0   0.20760   0.00260
   1940.0   0.20742   0.00230
   1950.0   0.20971   0.00178
   1960.0   0.20951   0.00140
   1970.0   0.21066   0.00157
   1980.0   0.21098   0.00144
   1990.0   0.20951   0.00164
   2000.0   0.20892   0.00240
   2010.0   0.21011   0.00245
   2020.0   0.20936   0.00220
   2030.0   0.20916   0.00227
   2040.0   0.20880   0.00243
   2050.0   0.20817   0.00235
   2060.0   0.20942   0.00236
   2070.0   0.20989   0.00184
   2080.0   0.21051   0.00173
   2090.0   0.21229   0.00180
   2100.0   0.21266   0.00213
   2110.0   0.21325   0.00273
   2120.0   0.21299   0.00302
   2130.0   0.21203   0.00328
   2140.0   0.21275   0.00315
   2150.0   0.21279   0.00314
   2160.0   0.21377   0.00312
   2170.0   0.21421   0.00246
   2180.0   0.21609   0.00205
   2190.0   0.21761   0.00162
   2200.0   0.21901   0.00170
   2210.0   0.22100   0.00206
   2220.0   0.22123   0.00241
   2230.0   0.22204   0.00336
   2240.0   0.22044   0.00335
   2250.0   0.22091   0.00355
   2260.0   0.22205   0.00334
   2270.0   0.22167   0.00325
   2280.0   0.22308   0.00244
   2290.0   0.22265   0.00197
   2300.0   0.22471   0.00128
   2310.0   0.22319   0.00119
   2320.0   0.22275   0.00153
   2330.0   0.22365   0.00139
   2340.0   0.22360   0.00103
   2350.0   0.22505   0.00173
   2360.0   0.22559   0.00143
   2370.0   0.22705   0.00172
   2380.0   0.22662   0.00170
   2390.0   0.22767   0.00168
   2400.0   0.22739   0.00157
   2410.0   0.22929   0.00107
   2420.0   0.23023   0.00028
   2430.0   0.23045   0.00022
   2440.0   0.23356   0.00015
   2450.0   0.23226   0.00040
   2460.0   0.23304   0.00108
   2470.0   0.23366   0.00202
   2480.0   0.23225   0.00174
   2490.0   0.23192   0.00079
   2500.0   0.23167   0.00034



 CLS33K      .ASC                        

 LS-CMP-033                                                              
 APOLLO 14 SOIL RERUN @ 60,-50                                           
 RATIOS ADJUSTED USING NBS HALON CALIBRATION TABLE                       

 Source Ang: 60.00   Detect Ang: -50.00  Volt: 0.777
 Date: 25-APR-91   Time: 11:18:01
