   481
    300.0   0.03304   0.00082
    305.0   0.03251   0.00138
    310.0   0.03212   0.00164
    315.0   0.03361   0.00117
    320.0   0.03451   0.00080
    325.0   0.03461   0.00131
    330.0   0.03531   0.00029
    335.0   0.03630   0.00102
    340.0   0.03668   0.00036
    345.0   0.03686   0.00032
    350.0   0.03712   0.00007
    355.0   0.03768   0.00013
    360.0   0.03815   0.00007
    365.0   0.03876   0.00034
    370.0   0.03902   0.00000
    375.0   0.03943   0.00001
    380.0   0.03988   0.00027
    385.0   0.04038   0.00005
    390.0   0.04079   0.00014
    395.0   0.04126   0.00007
    400.0   0.04182   0.00016
    405.0   0.04222   0.00008
    410.0   0.04263   0.00026
    415.0   0.04310   0.00046
    420.0   0.04352   0.00029
    425.0   0.04389   0.00032
    430.0   0.04425   0.00048
    435.0   0.04470   0.00033
    440.0   0.04496   0.00033
    445.0   0.04540   0.00030
    450.0   0.04560   0.00024
    455.0   0.04597   0.00036
    460.0   0.04636   0.00032
    465.0   0.04655   0.00037
    470.0   0.04692   0.00032
    475.0   0.04770   0.00052
    480.0   0.04786   0.00042
    485.0   0.04811   0.00039
    490.0   0.04845   0.00047
    495.0   0.04869   0.00042
    500.0   0.04897   0.00042
    505.0   0.04927   0.00043
    510.0   0.04970   0.00045
    515.0   0.04997   0.00043
    520.0   0.05052   0.00047
    525.0   0.05093   0.00044
    530.0   0.05118   0.00049
    535.0   0.05153   0.00042
    540.0   0.05192   0.00044
    545.0   0.05220   0.00047
    550.0   0.05241   0.00046
    555.0   0.05285   0.00053
    560.0   0.05315   0.00042
    565.0   0.05344   0.00047
    570.0   0.05363   0.00041
    575.0   0.05399   0.00053
    580.0   0.05421   0.00042
    585.0   0.05455   0.00048
    590.0   0.05479   0.00049
    595.0   0.05517   0.00042
    600.0   0.05546   0.00038
    605.0   0.05585   0.00050
    610.0   0.05612   0.00038
    615.0   0.05645   0.00044
    620.0   0.05681   0.00047
    625.0   0.05715   0.00044
    630.0   0.05747   0.00042
    635.0   0.05774   0.00051
    640.0   0.05800   0.00046
    645.0   0.05822   0.00041
    650.0   0.05853   0.00033
    655.0   0.05885   0.00034
    660.0   0.05902   0.00047
    665.0   0.05921   0.00036
    670.0   0.05964   0.00039
    675.0   0.05973   0.00042
    680.0   0.06000   0.00049
    685.0   0.06042   0.00038
    690.0   0.06075   0.00049
    695.0   0.06086   0.00048
    700.0   0.06122   0.00040
    705.0   0.06149   0.00038
    710.0   0.06180   0.00044
    715.0   0.06197   0.00043
    720.0   0.06230   0.00043
    725.0   0.06260   0.00038
    730.0   0.06280   0.00047
    735.0   0.06315   0.00039
    740.0   0.06342   0.00044
    745.0   0.06364   0.00048
    750.0   0.06377   0.00032
    755.0   0.06395   0.00033
    760.0   0.06380   0.00022
    765.0   0.06382   0.00024
    770.0   0.06399   0.00030
    775.0   0.06406   0.00024
    780.0   0.06431   0.00054
    785.0   0.06441   0.00044
    790.0   0.06415   0.00020
    795.0   0.06412   0.00038
    800.0   0.06432   0.00033
    805.0   0.06425   0.00079
    810.0   0.06430   0.00023
    815.0   0.06371   0.00047
    820.0   0.06426   0.00015
    825.0   0.06362   0.00011
    830.0   0.06347   0.00026
    835.0   0.06343   0.00038
    840.0   0.06355   0.00061
    845.0   0.06335   0.00021
    850.0   0.06289   0.00018
    855.0   0.06282   0.00021
    860.0   0.06263   0.00028
    865.0   0.06230   0.00015
    870.0   0.06183   0.00011
    875.0   0.06191   0.00002
    880.0   0.06158   0.00017
    885.0   0.06150   0.00030
    890.0   0.06142   0.00042
    895.0   0.06134   0.00005
    900.0   0.06115   0.00035
    905.0   0.06057   0.00006
    910.0   0.06059   0.00101
    915.0   0.06057   0.00082
    920.0   0.06001   0.00100
    925.0   0.05988   0.00113
    930.0   0.05978   0.00084
    935.0   0.05954   0.00050
    940.0   0.05978   0.00063
    945.0   0.05976   0.00090
    950.0   0.05973   0.00057
    955.0   0.05949   0.00073
    960.0   0.05991   0.00096
    965.0   0.05973   0.00083
    970.0   0.05988   0.00059
    975.0   0.05953   0.00087
    980.0   0.05989   0.00035
    985.0   0.05999   0.00066
    990.0   0.05998   0.00059
    995.0   0.06004   0.00003
   1000.0   0.05978   0.00058
   1005.0   0.06021   0.00062
   1010.0   0.06020   0.00046
   1015.0   0.06026   0.00060
   1020.0   0.06069   0.00072
   1025.0   0.06094   0.00030
   1030.0   0.06119   0.00024
   1035.0   0.06134   0.00011
   1040.0   0.06152   0.00017
   1045.0   0.06182   0.00008
   1050.0   0.06206   0.00033
   1055.0   0.06219   0.00016
   1060.0   0.06264   0.00011
   1065.0   0.06288   0.00012
   1070.0   0.06339   0.00011
   1075.0   0.06353   0.00001
   1080.0   0.06391   0.00027
   1085.0   0.06414   0.00006
   1090.0   0.06452   0.00012
   1095.0   0.06486   0.00016
   1100.0   0.06554   0.00002
   1105.0   0.06604   0.00022
   1110.0   0.06665   0.00011
   1115.0   0.06682   0.00004
   1120.0   0.06746   0.00015
   1125.0   0.06769   0.00002
   1130.0   0.06815   0.00025
   1135.0   0.06850   0.00001
   1140.0   0.06895   0.00016
   1145.0   0.06951   0.00038
   1150.0   0.06987   0.00037
   1155.0   0.07037   0.00003
   1160.0   0.07073   0.00002
   1165.0   0.07078   0.00000
   1170.0   0.07135   0.00003
   1175.0   0.07131   0.00002
   1180.0   0.07191   0.00018
   1185.0   0.07204   0.00024
   1190.0   0.07237   0.00001
   1195.0   0.07261   0.00016
   1200.0   0.07302   0.00004
   1205.0   0.07314   0.00012
   1210.0   0.07351   0.00017
   1215.0   0.07334   0.00013
   1220.0   0.07355   0.00018
   1225.0   0.07393   0.00014
   1230.0   0.07413   0.00001
   1235.0   0.07433   0.00015
   1240.0   0.07464   0.00043
   1245.0   0.07467   0.00007
   1250.0   0.07487   0.00016
   1255.0   0.07514   0.00010
   1260.0   0.07530   0.00025
   1265.0   0.07554   0.00001
   1270.0   0.07553   0.00011
   1275.0   0.07586   0.00003
   1280.0   0.07594   0.00013
   1285.0   0.07626   0.00005
   1290.0   0.07646   0.00003
   1295.0   0.07662   0.00025
   1300.0   0.07685   0.00024
   1305.0   0.07745   0.00007
   1310.0   0.07740   0.00010
   1315.0   0.07739   0.00030
   1320.0   0.07789   0.00019
   1325.0   0.07808   0.00046
   1330.0   0.07843   0.00025
   1335.0   0.07851   0.00010
   1340.0   0.07883   0.00007
   1345.0   0.07900   0.00004
   1350.0   0.07914   0.00016
   1355.0   0.07940   0.00039
   1360.0   0.07939   0.00016
   1365.0   0.07955   0.00021
   1370.0   0.07989   0.00008
   1375.0   0.08020   0.00014
   1380.0   0.08071   0.00028
   1385.0   0.08065   0.00021
   1390.0   0.08141   0.00008
   1395.0   0.08148   0.00039
   1400.0   0.08186   0.00007
   1405.0   0.08182   0.00012
   1410.0   0.08223   0.00018
   1415.0   0.08258   0.00017
   1420.0   0.08278   0.00005
   1425.0   0.08294   0.00014
   1430.0   0.08323   0.00000
   1435.0   0.08336   0.00013
   1440.0   0.08368   0.00020
   1445.0   0.08353   0.00005
   1450.0   0.08410   0.00010
   1455.0   0.08410   0.00020
   1460.0   0.08441   0.00011
   1465.0   0.08474   0.00010
   1470.0   0.08450   0.00027
   1475.0   0.08510   0.00036
   1480.0   0.08484   0.00016
   1485.0   0.08523   0.00032
   1490.0   0.08513   0.00012
   1495.0   0.08577   0.00013
   1500.0   0.08581   0.00033
   1505.0   0.08583   0.00017
   1510.0   0.08592   0.00015
   1515.0   0.08618   0.00009
   1520.0   0.08629   0.00000
   1525.0   0.08665   0.00014
   1530.0   0.08653   0.00038
   1535.0   0.08678   0.00022
   1540.0   0.08701   0.00022
   1545.0   0.08718   0.00006
   1550.0   0.08720   0.00039
   1555.0   0.08777   0.00037
   1560.0   0.08750   0.00009
   1565.0   0.08779   0.00019
   1570.0   0.08766   0.00009
   1575.0   0.08786   0.00027
   1580.0   0.08798   0.00010
   1585.0   0.08823   0.00042
   1590.0   0.08807   0.00008
   1595.0   0.08810   0.00009
   1600.0   0.08810   0.00001
   1605.0   0.08844   0.00030
   1610.0   0.08846   0.00015
   1615.0   0.08864   0.00002
   1620.0   0.08888   0.00017
   1625.0   0.08876   0.00001
   1630.0   0.08901   0.00019
   1635.0   0.08883   0.00009
   1640.0   0.08896   0.00011
   1645.0   0.08908   0.00012
   1650.0   0.08926   0.00005
   1655.0   0.08952   0.00004
   1660.0   0.08941   0.00027
   1665.0   0.08947   0.00018
   1670.0   0.08985   0.00036
   1675.0   0.08978   0.00076
   1680.0   0.08952   0.00030
   1685.0   0.08978   0.00029
   1690.0   0.08947   0.00027
   1695.0   0.08973   0.00012
   1700.0   0.08990   0.00017
   1705.0   0.09004   0.00036
   1710.0   0.09011   0.00034
   1715.0   0.09002   0.00029
   1720.0   0.08999   0.00025
   1725.0   0.09021   0.00018
   1730.0   0.09010   0.00026
   1735.0   0.09017   0.00043
   1740.0   0.09048   0.00040
   1745.0   0.09023   0.00039
   1750.0   0.09016   0.00042
   1755.0   0.09027   0.00022
   1760.0   0.09015   0.00027
   1765.0   0.09006   0.00015
   1770.0   0.09019   0.00024
   1775.0   0.09034   0.00044
   1780.0   0.09043   0.00022
   1785.0   0.09061   0.00047
   1790.0   0.09052   0.00010
   1795.0   0.09067   0.00035
   1800.0   0.09063   0.00047
   1805.0   0.09075   0.00045
   1810.0   0.09051   0.00047
   1815.0   0.09065   0.00020
   1820.0   0.09102   0.00028
   1825.0   0.09128   0.00013
   1830.0   0.09095   0.00018
   1835.0   0.09111   0.00021
   1840.0   0.09126   0.00019
   1845.0   0.09133   0.00002
   1850.0   0.09147   0.00017
   1855.0   0.09161   0.00008
   1860.0   0.09145   0.00028
   1865.0   0.09165   0.00007
   1870.0   0.09109   0.00004
   1875.0   0.09141   0.00007
   1880.0   0.09147   0.00003
   1885.0   0.09157   0.00007
   1890.0   0.09189   0.00003
   1895.0   0.09187   0.00021
   1900.0   0.09190   0.00001
   1905.0   0.09177   0.00012
   1910.0   0.09203   0.00026
   1915.0   0.09191   0.00007
   1920.0   0.09213   0.00017
   1925.0   0.09222   0.00000
   1930.0   0.09230   0.00002
   1935.0   0.09228   0.00005
   1940.0   0.09231   0.00003
   1945.0   0.09252   0.00028
   1950.0   0.09248   0.00003
   1955.0   0.09270   0.00019
   1960.0   0.09286   0.00013
   1965.0   0.09286   0.00006
   1970.0   0.09302   0.00001
   1975.0   0.09292   0.00007
   1980.0   0.09300   0.00014
   1985.0   0.09318   0.00029
   1990.0   0.09328   0.00013
   1995.0   0.09328   0.00024
   2000.0   0.09354   0.00015
   2005.0   0.09345   0.00025
   2010.0   0.09371   0.00024
   2015.0   0.09368   0.00008
   2020.0   0.09381   0.00003
   2025.0   0.09385   0.00001
   2030.0   0.09391   0.00006
   2035.0   0.09406   0.00012
   2040.0   0.09417   0.00011
   2045.0   0.09436   0.00018
   2050.0   0.09444   0.00005
   2055.0   0.09438   0.00034
   2060.0   0.09426   0.00034
   2065.0   0.09447   0.00014
   2070.0   0.09414   0.00002
   2075.0   0.09444   0.00004
   2080.0   0.09500   0.00001
   2085.0   0.09499   0.00009
   2090.0   0.09470   0.00029
   2095.0   0.09455   0.00003
   2100.0   0.09482   0.00033
   2105.0   0.09497   0.00043
   2110.0   0.09513   0.00007
   2115.0   0.09554   0.00020
   2120.0   0.09555   0.00026
   2125.0   0.09569   0.00007
   2130.0   0.09568   0.00010
   2135.0   0.09577   0.00001
   2140.0   0.09581   0.00001
   2145.0   0.09599   0.00003
   2150.0   0.09614   0.00005
   2155.0   0.09613   0.00001
   2160.0   0.09629   0.00024
   2165.0   0.09616   0.00009
   2170.0   0.09647   0.00013
   2175.0   0.09649   0.00005
   2180.0   0.09670   0.00011
   2185.0   0.09675   0.00006
   2190.0   0.09696   0.00037
   2195.0   0.09691   0.00001
   2200.0   0.09721   0.00015
   2205.0   0.09721   0.00001
   2210.0   0.09726   0.00017
   2215.0   0.09764   0.00022
   2220.0   0.09790   0.00011
   2225.0   0.09803   0.00007
   2230.0   0.09805   0.00014
   2235.0   0.09796   0.00014
   2240.0   0.09845   0.00023
   2245.0   0.09842   0.00013
   2250.0   0.09872   0.00022
   2255.0   0.09877   0.00005
   2260.0   0.09908   0.00016
   2265.0   0.09926   0.00001
   2270.0   0.09967   0.00001
   2275.0   0.09969   0.00007
   2280.0   0.09995   0.00020
   2285.0   0.09995   0.00031
   2290.0   0.10007   0.00019
   2295.0   0.10055   0.00041
   2300.0   0.10091   0.00019
   2305.0   0.10085   0.00008
   2310.0   0.10087   0.00051
   2315.0   0.10115   0.00002
   2320.0   0.10113   0.00012
   2325.0   0.10120   0.00006
   2330.0   0.10148   0.00023
   2335.0   0.10171   0.00015
   2340.0   0.10236   0.00023
   2345.0   0.10225   0.00001
   2350.0   0.10237   0.00002
   2355.0   0.10322   0.00000
   2360.0   0.10349   0.00001
   2365.0   0.10344   0.00010
   2370.0   0.10401   0.00014
   2375.0   0.10435   0.00003
   2380.0   0.10475   0.00001
   2385.0   0.10456   0.00015
   2390.0   0.10509   0.00011
   2395.0   0.10531   0.00005
   2400.0   0.10556   0.00002
   2405.0   0.10569   0.00013
   2410.0   0.10608   0.00004
   2415.0   0.10650   0.00025
   2420.0   0.10688   0.00011
   2425.0   0.10696   0.00003
   2430.0   0.10721   0.00001
   2435.0   0.10794   0.00004
   2440.0   0.10771   0.00017
   2445.0   0.10819   0.00008
   2450.0   0.10865   0.00005
   2455.0   0.10912   0.00010
   2460.0   0.10958   0.00015
   2465.0   0.10970   0.00001
   2470.0   0.10967   0.00020
   2475.0   0.11036   0.00018
   2480.0   0.11078   0.00003
   2485.0   0.11099   0.00035
   2490.0   0.11116   0.00014
   2495.0   0.11156   0.00004
   2500.0   0.11200   0.00012
   2505.0   0.11240   0.00037
   2510.0   0.11276   0.00034
   2515.0   0.11334   0.00002
   2520.0   0.11380   0.00011
   2525.0   0.11398   0.00012
   2530.0   0.11456   0.00005
   2535.0   0.11497   0.00053
   2540.0   0.11521   0.00004
   2545.0   0.11571   0.00066
   2550.0   0.11552   0.00031
   2555.0   0.11568   0.00006
   2560.0   0.11516   0.00046
   2565.0   0.11657   0.00051
   2570.0   0.11613   0.00094
   2575.0   0.11684   0.00094
   2580.0   0.11638   0.00080
   2585.0   0.11715   0.00113
   2590.0   0.11752   0.00100
   2595.0   0.11845   0.00069
   2600.0   0.11817   0.00136
   2605.0   0.11774   0.00211
   2610.0   0.11902   0.00129
   2615.0   0.11867   0.00130
   2620.0   0.11961   0.00112
   2625.0   0.11919   0.00168
   2630.0   0.11975   0.00159
   2635.0   0.12039   0.00135
   2640.0   0.12097   0.00063
   2645.0   0.12137   0.00059
   2650.0   0.12145   0.00081
   2655.0   0.12201   0.00131
   2660.0   0.12215   0.00237
   2665.0   0.12123   0.00352
   2670.0   0.12124   0.00383
   2675.0   0.12202   0.00401
   2680.0   0.12247   0.00301
   2685.0   0.12287   0.00220
   2690.0   0.12236   0.00191
   2695.0   0.12270   0.00245
   2700.0   0.12285   0.00229



 CLS49D      .ASC                        

 LS-CMP-049-D                                                            
 45-250 SEPARATE FO 10084,1780 ORIGINALLY RUN IN FILE C1LS49             
 RATIOS ADJUSTED USING NBS HALON CALIBRATION TABLE                       

 Source Ang: 30.00   Detect Ang:  0.00  Volt: 0.777
 Date:  5-MAR-92   Time: 14:39:35
