   461
    300.0   0.16324   0.00108
    305.0   0.16316   0.00208
    310.0   0.17084   0.00441
    315.0   0.17253   0.00101
    320.0   0.17807   0.00012
    325.0   0.18385   0.00004
    330.0   0.18945   0.00003
    335.0   0.19814   0.00074
    340.0   0.20650   0.00054
    345.0   0.21586   0.00125
    350.0   0.22616   0.00087
    355.0   0.23644   0.00031
    360.0   0.24724   0.00049
    365.0   0.25744   0.00010
    370.0   0.26778   0.00067
    375.0   0.27689   0.00020
    380.0   0.28568   0.00096
    385.0   0.29458   0.00184
    390.0   0.30136   0.00267
    395.0   0.30739   0.00293
    400.0   0.31205   0.00314
    405.0   0.31832   0.00214
    410.0   0.32538   0.00228
    415.0   0.32908   0.00167
    420.0   0.33292   0.00147
    425.0   0.33628   0.00340
    430.0   0.33886   0.00387
    435.0   0.34120   0.00327
    440.0   0.34357   0.00310
    445.0   0.34707   0.00136
    450.0   0.34896   0.00192
    455.0   0.35075   0.00261
    460.0   0.35274   0.00303
    465.0   0.35468   0.00350
    470.0   0.35683   0.00369
    475.0   0.36038   0.00189
    480.0   0.36259   0.00212
    485.0   0.36434   0.00205
    490.0   0.36554   0.00204
    495.0   0.36693   0.00222
    500.0   0.36734   0.00214
    505.0   0.36766   0.00264
    510.0   0.37198   0.00191
    515.0   0.37253   0.00248
    520.0   0.37559   0.00317
    525.0   0.37773   0.00278
    530.0   0.37936   0.00325
    535.0   0.38110   0.00313
    540.0   0.38190   0.00299
    545.0   0.38261   0.00319
    550.0   0.38378   0.00331
    555.0   0.38581   0.00319
    560.0   0.38745   0.00341
    565.0   0.38836   0.00366
    570.0   0.38980   0.00387
    575.0   0.39024   0.00364
    580.0   0.39051   0.00404
    585.0   0.39075   0.00412
    590.0   0.39130   0.00440
    595.0   0.39202   0.00405
    600.0   0.39236   0.00429
    605.0   0.39268   0.00461
    610.0   0.39319   0.00472
    615.0   0.39333   0.00488
    620.0   0.39414   0.00479
    625.0   0.39468   0.00478
    630.0   0.39570   0.00459
    635.0   0.39593   0.00474
    640.0   0.39722   0.00478
    645.0   0.39838   0.00459
    650.0   0.39934   0.00475
    655.0   0.40045   0.00469
    660.0   0.40145   0.00456
    665.0   0.40286   0.00489
    670.0   0.40397   0.00461
    675.0   0.40551   0.00463
    680.0   0.40678   0.00446
    685.0   0.40818   0.00474
    690.0   0.40875   0.00439
    695.0   0.40980   0.00492
    700.0   0.41098   0.00467
    705.0   0.41253   0.00458
    710.0   0.41360   0.00476
    715.0   0.41488   0.00476
    720.0   0.41543   0.00475
    725.0   0.41716   0.00830
    730.0   0.41724   0.00830
    735.0   0.41812   0.00816
    740.0   0.41811   0.00778
    745.0   0.41847   0.00834
    750.0   0.41814   0.00792
    755.0   0.41729   0.00815
    760.0   0.41398   0.00861
    765.0   0.41151   0.00613
    770.0   0.40948   0.00601
    775.0   0.40706   0.00601
    780.0   0.40598   0.00810
    785.0   0.40336   0.00880
    790.0   0.39887   0.00895
    795.0   0.39500   0.00900
    800.0   0.39050   0.00939
    805.0   0.38583   0.00898
    810.0   0.38030   0.00937
    815.0   0.37523   0.00969
    820.0   0.36934   0.00944
    825.0   0.36304   0.00940
    830.0   0.35827   0.00898
    835.0   0.35266   0.00864
    840.0   0.34687   0.00873
    845.0   0.34113   0.00886
    850.0   0.33609   0.00873
    855.0   0.33195   0.00809
    860.0   0.32602   0.00768
    865.0   0.32089   0.00806
    870.0   0.31665   0.00736
    875.0   0.31111   0.00610
    880.0   0.30717   0.00690
    885.0   0.30306   0.00587
    890.0   0.29941   0.00502
    895.0   0.29626   0.00671
    900.0   0.29267   0.00659
    905.0   0.28998   0.00493
    910.0   0.28802   0.00489
    915.0   0.28589   0.00477
    920.0   0.28366   0.00436
    925.0   0.28219   0.00364
    930.0   0.28119   0.00417
    935.0   0.28070   0.00361
    940.0   0.28018   0.00325
    945.0   0.28018   0.00376
    950.0   0.28056   0.00333
    955.0   0.28091   0.00314
    960.0   0.28204   0.00326
    965.0   0.28303   0.00314
    970.0   0.28494   0.00314
    975.0   0.28654   0.00281
    980.0   0.28812   0.00284
    985.0   0.29107   0.00283
    990.0   0.29321   0.00244
    995.0   0.29565   0.00273
   1000.0   0.29880   0.00248
   1005.0   0.30184   0.00212
   1010.0   0.30499   0.00218
   1015.0   0.30821   0.00298
   1020.0   0.31169   0.00187
   1025.0   0.31492   0.00257
   1030.0   0.31823   0.00277
   1035.0   0.32190   0.00271
   1040.0   0.32532   0.00260
   1045.0   0.32877   0.00251
   1050.0   0.33185   0.00230
   1055.0   0.33546   0.00268
   1060.0   0.33853   0.00223
   1065.0   0.34202   0.00246
   1070.0   0.34548   0.00256
   1075.0   0.34835   0.00233
   1080.0   0.35180   0.00284
   1085.0   0.35499   0.00244
   1090.0   0.35799   0.00251
   1095.0   0.36114   0.00238
   1100.0   0.36397   0.00244
   1105.0   0.36728   0.00265
   1110.0   0.36988   0.00232
   1115.0   0.37284   0.00247
   1120.0   0.37533   0.00265
   1125.0   0.37771   0.00310
   1130.0   0.38021   0.00278
   1135.0   0.38236   0.00315
   1140.0   0.38422   0.00280
   1145.0   0.38612   0.00310
   1150.0   0.38774   0.00256
   1155.0   0.38932   0.00300
   1160.0   0.39055   0.00263
   1165.0   0.39199   0.00333
   1170.0   0.39314   0.00305
   1175.0   0.39402   0.00282
   1180.0   0.39490   0.00263
   1185.0   0.39576   0.00294
   1190.0   0.39660   0.00291
   1195.0   0.39710   0.00270
   1200.0   0.39785   0.00200
   1205.0   0.39807   0.00262
   1210.0   0.39904   0.00208
   1215.0   0.39951   0.00206
   1220.0   0.40017   0.00234
   1225.0   0.40064   0.00188
   1230.0   0.40106   0.00216
   1235.0   0.40167   0.00236
   1240.0   0.40168   0.00253
   1245.0   0.40181   0.00208
   1250.0   0.40248   0.00171
   1255.0   0.40261   0.00104
   1260.0   0.40288   0.00117
   1265.0   0.40349   0.00137
   1270.0   0.40423   0.00098
   1275.0   0.40411   0.00117
   1280.0   0.40457   0.00156
   1285.0   0.40516   0.00169
   1290.0   0.40559   0.00131
   1295.0   0.40660   0.00151
   1300.0   0.40743   0.00125
   1305.0   0.40793   0.00137
   1310.0   0.40840   0.00153
   1315.0   0.40919   0.00130
   1320.0   0.40997   0.00122
   1325.0   0.41084   0.00123
   1330.0   0.41157   0.00140
   1335.0   0.41258   0.00109
   1340.0   0.41329   0.00110
   1345.0   0.41411   0.00088
   1350.0   0.41474   0.00091
   1355.0   0.41517   0.00053
   1360.0   0.41585   0.00049
   1365.0   0.41662   0.00059
   1370.0   0.41736   0.00065
   1375.0   0.41812   0.00073
   1380.0   0.41888   0.00081
   1385.0   0.41979   0.00112
   1390.0   0.42060   0.00128
   1395.0   0.42126   0.00126
   1400.0   0.42212   0.00097
   1405.0   0.42298   0.00128
   1410.0   0.42402   0.00088
   1415.0   0.42504   0.00063
   1420.0   0.42571   0.00033
   1425.0   0.42637   0.00051
   1430.0   0.42735   0.00080
   1435.0   0.42765   0.00021
   1440.0   0.42856   0.00028
   1445.0   0.42867   0.00019
   1450.0   0.42964   0.00040
   1455.0   0.42979   0.00012
   1460.0   0.43026   0.00038
   1465.0   0.43081   0.00034
   1470.0   0.43134   0.00069
   1475.0   0.43166   0.00066
   1480.0   0.43130   0.00138
   1485.0   0.43156   0.00080
   1490.0   0.43172   0.00093
   1495.0   0.43218   0.00088
   1500.0   0.43199   0.00088
   1505.0   0.43216   0.00121
   1510.0   0.43213   0.00096
   1515.0   0.43196   0.00136
   1520.0   0.43185   0.00139
   1525.0   0.43125   0.00100
   1530.0   0.43119   0.00089
   1535.0   0.43122   0.00108
   1540.0   0.43100   0.00150
   1545.0   0.43094   0.00140
   1550.0   0.43085   0.00100
   1555.0   0.43019   0.00100
   1560.0   0.42990   0.00145
   1565.0   0.42929   0.00094
   1570.0   0.42866   0.00146
   1575.0   0.42845   0.00106
   1580.0   0.42787   0.00109
   1585.0   0.42692   0.00090
   1590.0   0.42644   0.00183
   1595.0   0.42607   0.00117
   1600.0   0.42522   0.00135
   1605.0   0.42467   0.00123
   1610.0   0.42398   0.00104
   1615.0   0.42342   0.00144
   1620.0   0.42255   0.00019
   1625.0   0.42186   0.00031
   1630.0   0.42081   0.00060
   1635.0   0.42012   0.00085
   1640.0   0.41947   0.00012
   1645.0   0.41848   0.00064
   1650.0   0.41799   0.00032
   1655.0   0.41699   0.00043
   1660.0   0.41555   0.00006
   1665.0   0.41544   0.00002
   1670.0   0.41457   0.00012
   1675.0   0.41392   0.00055
   1680.0   0.41283   0.00017
   1685.0   0.41203   0.00069
   1690.0   0.41120   0.00153
   1695.0   0.41094   0.00046
   1700.0   0.40974   0.00093
   1705.0   0.40958   0.00064
   1710.0   0.40815   0.00025
   1715.0   0.40790   0.00029
   1720.0   0.40655   0.00041
   1725.0   0.40655   0.00007
   1730.0   0.40554   0.00051
   1735.0   0.40531   0.00100
   1740.0   0.40419   0.00024
   1745.0   0.40382   0.00075
   1750.0   0.40267   0.00101
   1755.0   0.40240   0.00070
   1760.0   0.40156   0.00102
   1765.0   0.40133   0.00020
   1770.0   0.40063   0.00050
   1775.0   0.39978   0.00053
   1780.0   0.39945   0.00056
   1785.0   0.39903   0.00059
   1790.0   0.39859   0.00090
   1795.0   0.39824   0.00050
   1800.0   0.39793   0.00090
   1805.0   0.39739   0.00051
   1810.0   0.39686   0.00012
   1815.0   0.39637   0.00038
   1820.0   0.39641   0.00049
   1825.0   0.39613   0.00056
   1830.0   0.39610   0.00082
   1835.0   0.39572   0.00032
   1840.0   0.39607   0.00049
   1845.0   0.39621   0.00050
   1850.0   0.39614   0.00074
   1855.0   0.39616   0.00102
   1860.0   0.39642   0.00101
   1865.0   0.39601   0.00075
   1870.0   0.39588   0.00102
   1875.0   0.39656   0.00114
   1880.0   0.39624   0.00146
   1885.0   0.39630   0.00068
   1890.0   0.39639   0.00096
   1895.0   0.39673   0.00094
   1900.0   0.39705   0.00080
   1905.0   0.39713   0.00092
   1910.0   0.39762   0.00126
   1915.0   0.39778   0.00080
   1920.0   0.39798   0.00105
   1925.0   0.39841   0.00113
   1930.0   0.39904   0.00125
   1935.0   0.39960   0.00130
   1940.0   0.40004   0.00125
   1945.0   0.40043   0.00119
   1950.0   0.40103   0.00107
   1955.0   0.40161   0.00126
   1960.0   0.40228   0.00132
   1965.0   0.40330   0.00174
   1970.0   0.40394   0.00140
   1975.0   0.40424   0.00142
   1980.0   0.40528   0.00148
   1985.0   0.40612   0.00142
   1990.0   0.40698   0.00138
   1995.0   0.40770   0.00128
   2000.0   0.40860   0.00149
   2005.0   0.40971   0.00149
   2010.0   0.41079   0.00131
   2015.0   0.41182   0.00151
   2020.0   0.41267   0.00139
   2025.0   0.41410   0.00154
   2030.0   0.41512   0.00129
   2035.0   0.41622   0.00127
   2040.0   0.41726   0.00155
   2045.0   0.41860   0.00137
   2050.0   0.41987   0.00149
   2055.0   0.42070   0.00113
   2060.0   0.42197   0.00121
   2065.0   0.42282   0.00127
   2070.0   0.42405   0.00127
   2075.0   0.42513   0.00165
   2080.0   0.42672   0.00129
   2085.0   0.42820   0.00121
   2090.0   0.42931   0.00149
   2095.0   0.43081   0.00153
   2100.0   0.43218   0.00150
   2105.0   0.43337   0.00121
   2110.0   0.43437   0.00129
   2115.0   0.43563   0.00116
   2120.0   0.43715   0.00102
   2125.0   0.43871   0.00087
   2130.0   0.43976   0.00082
   2135.0   0.44117   0.00122
   2140.0   0.44251   0.00113
   2145.0   0.44393   0.00092
   2150.0   0.44508   0.00092
   2155.0   0.44615   0.00067
   2160.0   0.44759   0.00069
   2165.0   0.44861   0.00094
   2170.0   0.44966   0.00060
   2175.0   0.45056   0.00085
   2180.0   0.45216   0.00050
   2185.0   0.45327   0.00076
   2190.0   0.45408   0.00054
   2195.0   0.45500   0.00043
   2200.0   0.45631   0.00064
   2205.0   0.45715   0.00050
   2210.0   0.45820   0.00018
   2215.0   0.45972   0.00033
   2220.0   0.46078   0.00036
   2225.0   0.46116   0.00062
   2230.0   0.46219   0.00014
   2235.0   0.46376   0.00033
   2240.0   0.46512   0.00026
   2245.0   0.46630   0.00020
   2250.0   0.46753   0.00041
   2255.0   0.46879   0.00012
   2260.0   0.46982   0.00011
   2265.0   0.47084   0.00047
   2270.0   0.47229   0.00017
   2275.0   0.47323   0.00027
   2280.0   0.47471   0.00044
   2285.0   0.47593   0.00022
   2290.0   0.47707   0.00070
   2295.0   0.47830   0.00085
   2300.0   0.47968   0.00084
   2305.0   0.48094   0.00042
   2310.0   0.48192   0.00001
   2315.0   0.48275   0.00064
   2320.0   0.48368   0.00030
   2325.0   0.48478   0.00027
   2330.0   0.48586   0.00031
   2335.0   0.48728   0.00049
   2340.0   0.48809   0.00035
   2345.0   0.48915   0.00023
   2350.0   0.49035   0.00008
   2355.0   0.49094   0.00013
   2360.0   0.49197   0.00028
   2365.0   0.49317   0.00006
   2370.0   0.49445   0.00004
   2375.0   0.49542   0.00016
   2380.0   0.49656   0.00040
   2385.0   0.49788   0.00029
   2390.0   0.49863   0.00000
   2395.0   0.49938   0.00039
   2400.0   0.50101   0.00036
   2405.0   0.50238   0.00009
   2410.0   0.50321   0.00002
   2415.0   0.50441   0.00032
   2420.0   0.50587   0.00012
   2425.0   0.50700   0.00049
   2430.0   0.50787   0.00071
   2435.0   0.50874   0.00019
   2440.0   0.50989   0.00037
   2445.0   0.51095   0.00084
   2450.0   0.51168   0.00076
   2455.0   0.51302   0.00079
   2460.0   0.51416   0.00063
   2465.0   0.51508   0.00110
   2470.0   0.51562   0.00056
   2475.0   0.51610   0.00014
   2480.0   0.51756   0.00022
   2485.0   0.51916   0.00024
   2490.0   0.52067   0.00037
   2495.0   0.52210   0.00055
   2500.0   0.52321   0.00082
   2505.0   0.52407   0.00078
   2510.0   0.52476   0.00066
   2515.0   0.52605   0.00093
   2520.0   0.52772   0.00057
   2525.0   0.52920   0.00043
   2530.0   0.53072   0.00069
   2535.0   0.53213   0.00041
   2540.0   0.53332   0.00084
   2545.0   0.53482   0.00039
   2550.0   0.53621   0.00047
   2555.0   0.53667   0.00016
   2560.0   0.53804   0.00027
   2565.0   0.54017   0.00407
   2570.0   0.54063   0.00029
   2575.0   0.54181   0.00306
   2580.0   0.54327   0.00257
   2585.0   0.54508   0.00438
   2590.0   0.54626   0.00172
   2595.0   0.54750   0.00455
   2600.0   0.54685   0.00005



 CMLS77      .ASC                        

 LS-CMP-077                                                              
 76215,113 <25 micron                                                    
 Average of C1 and C2                                                    
 Wavelength error in 860-1750 nm region: +10 nm                          

 Source Ang: 30.00   Detect Ang:  0.00  Volt: 0.777
 Date: 10-MAY-95   Time: 13:40:55
