   461
    300.0   0.13844   0.00168
    305.0   0.13966   0.00069
    310.0   0.14200   0.00147
    315.0   0.14637   0.00181
    320.0   0.15011   0.00246
    325.0   0.15318   0.00262
    330.0   0.15809   0.00149
    335.0   0.16296   0.00301
    340.0   0.16744   0.00199
    345.0   0.17214   0.00055
    350.0   0.17702   0.00070
    355.0   0.18232   0.00095
    360.0   0.18861   0.00105
    365.0   0.19512   0.00024
    370.0   0.19876   0.00188
    375.0   0.20462   0.00170
    380.0   0.21008   0.00217
    385.0   0.21514   0.00228
    390.0   0.21931   0.00242
    395.0   0.22324   0.00233
    400.0   0.22699   0.00214
    405.0   0.23159   0.00399
    410.0   0.23362   0.00410
    415.0   0.23614   0.00492
    420.0   0.23875   0.00443
    425.0   0.24080   0.00476
    430.0   0.24262   0.00475
    435.0   0.24405   0.00523
    440.0   0.24583   0.00545
    445.0   0.24740   0.00493
    450.0   0.24932   0.00549
    455.0   0.25074   0.00525
    460.0   0.25218   0.00520
    465.0   0.25363   0.00536
    470.0   0.25540   0.00587
    475.0   0.25752   0.00688
    480.0   0.25955   0.00804
    485.0   0.26091   0.00860
    490.0   0.26221   0.00829
    495.0   0.26391   0.00847
    500.0   0.26445   0.00842
    505.0   0.26443   0.00860
    510.0   0.26449   0.00895
    515.0   0.26854   0.00889
    520.0   0.26981   0.00907
    525.0   0.27155   0.00910
    530.0   0.27305   0.00929
    535.0   0.27412   0.00912
    540.0   0.27543   0.00944
    545.0   0.27646   0.00979
    550.0   0.27761   0.00953
    555.0   0.27945   0.00951
    560.0   0.28151   0.00958
    565.0   0.28308   0.00984
    570.0   0.28485   0.00947
    575.0   0.28643   0.00965
    580.0   0.28771   0.00947
    585.0   0.28902   0.00967
    590.0   0.29059   0.00980
    595.0   0.29180   0.00988
    600.0   0.29312   0.00957
    605.0   0.29440   0.00960
    610.0   0.29551   0.00976
    615.0   0.29689   0.00986
    620.0   0.29808   0.00954
    625.0   0.29956   0.00989
    630.0   0.30057   0.00964
    635.0   0.30186   0.00969
    640.0   0.30337   0.00981
    645.0   0.30467   0.01013
    650.0   0.30585   0.00980
    655.0   0.30721   0.00997
    660.0   0.30847   0.01026
    665.0   0.30999   0.01033
    670.0   0.31119   0.01021
    675.0   0.31257   0.01059
    680.0   0.31399   0.01091
    685.0   0.31517   0.01055
    690.0   0.31634   0.01052
    695.0   0.31752   0.01040
    700.0   0.31878   0.01030
    705.0   0.32035   0.01069
    710.0   0.32163   0.01100
    715.0   0.32264   0.01068
    720.0   0.32341   0.01003
    725.0   0.32543   0.00931
    730.0   0.32637   0.00945
    735.0   0.32708   0.00944
    740.0   0.32829   0.00903
    745.0   0.32919   0.00884
    750.0   0.33001   0.00913
    755.0   0.33030   0.00933
    760.0   0.33108   0.00887
    765.0   0.33124   0.00927
    770.0   0.33170   0.00970
    775.0   0.33161   0.00950
    780.0   0.33183   0.00996
    785.0   0.33181   0.01010
    790.0   0.33097   0.00936
    795.0   0.33048   0.01043
    800.0   0.32980   0.01000
    805.0   0.32884   0.01013
    810.0   0.32587   0.00834
    815.0   0.32515   0.01031
    820.0   0.32398   0.00999
    825.0   0.32202   0.00981
    830.0   0.32026   0.01018
    835.0   0.31829   0.00939
    840.0   0.31547   0.00940
    845.0   0.31357   0.00961
    850.0   0.31142   0.00938
    855.0   0.30953   0.00959
    860.0   0.30605   0.00955
    865.0   0.30393   0.00980
    870.0   0.30045   0.00942
    875.0   0.29850   0.00959
    880.0   0.29521   0.00955
    885.0   0.29214   0.00911
    890.0   0.28914   0.00893
    895.0   0.28634   0.00937
    900.0   0.28339   0.00913
    905.0   0.28108   0.00958
    910.0   0.27761   0.00919
    915.0   0.27541   0.00935
    920.0   0.27321   0.00951
    925.0   0.27070   0.00960
    930.0   0.26851   0.00972
    935.0   0.26598   0.00909
    940.0   0.26360   0.00965
    945.0   0.26166   0.00976
    950.0   0.26034   0.00920
    955.0   0.25864   0.00873
    960.0   0.25705   0.00933
    965.0   0.25542   0.00966
    970.0   0.25393   0.00966
    975.0   0.25286   0.00906
    980.0   0.25214   0.00909
    985.0   0.25129   0.00895
    990.0   0.25065   0.00951
    995.0   0.25063   0.00927
   1000.0   0.24956   0.00914
   1005.0   0.24944   0.00880
   1010.0   0.24969   0.00929
   1015.0   0.25001   0.00938
   1020.0   0.25028   0.00933
   1025.0   0.25087   0.00955
   1030.0   0.25153   0.00989
   1035.0   0.25291   0.00866
   1040.0   0.25413   0.00888
   1045.0   0.25555   0.00791
   1050.0   0.25691   0.00841
   1055.0   0.25849   0.00837
   1060.0   0.26080   0.00846
   1065.0   0.26294   0.00890
   1070.0   0.26497   0.00835
   1075.0   0.26756   0.00874
   1080.0   0.27028   0.00841
   1085.0   0.27334   0.00883
   1090.0   0.27636   0.00908
   1095.0   0.27960   0.00911
   1100.0   0.28277   0.00963
   1105.0   0.28597   0.00983
   1110.0   0.28942   0.00956
   1115.0   0.29314   0.00987
   1120.0   0.29631   0.00997
   1125.0   0.29953   0.01071
   1130.0   0.30282   0.01056
   1135.0   0.30586   0.01094
   1140.0   0.30829   0.01061
   1145.0   0.31132   0.01131
   1150.0   0.31360   0.01131
   1155.0   0.31575   0.01116
   1160.0   0.31828   0.01080
   1165.0   0.31993   0.01127
   1170.0   0.32159   0.01131
   1175.0   0.32324   0.01154
   1180.0   0.32448   0.01127
   1185.0   0.32567   0.01147
   1190.0   0.32702   0.01122
   1195.0   0.32793   0.01159
   1200.0   0.32884   0.01197
   1205.0   0.32935   0.01180
   1210.0   0.33045   0.01176
   1215.0   0.33089   0.01163
   1220.0   0.33177   0.01203
   1225.0   0.33250   0.01172
   1230.0   0.33253   0.01157
   1235.0   0.33357   0.01195
   1240.0   0.33393   0.01188
   1245.0   0.33476   0.01216
   1250.0   0.33476   0.01201
   1255.0   0.33542   0.01158
   1260.0   0.33592   0.01211
   1265.0   0.33656   0.01183
   1270.0   0.33694   0.01207
   1275.0   0.33765   0.01191
   1280.0   0.33806   0.01225
   1285.0   0.33853   0.01199
   1290.0   0.33900   0.01174
   1295.0   0.33944   0.01213
   1300.0   0.33983   0.01201
   1305.0   0.34076   0.01255
   1310.0   0.34105   0.01273
   1315.0   0.34158   0.01241
   1320.0   0.34256   0.01284
   1325.0   0.34302   0.01273
   1330.0   0.34358   0.01247
   1335.0   0.34393   0.01269
   1340.0   0.34468   0.01289
   1345.0   0.34514   0.01322
   1350.0   0.34543   0.01329
   1355.0   0.34586   0.01353
   1360.0   0.34630   0.01367
   1365.0   0.34711   0.01428
   1370.0   0.34796   0.01491
   1375.0   0.34841   0.01505
   1380.0   0.34881   0.01501
   1385.0   0.34927   0.01481
   1390.0   0.35021   0.01540
   1395.0   0.35027   0.01517
   1400.0   0.35020   0.01477
   1405.0   0.35115   0.01538
   1410.0   0.35183   0.01507
   1415.0   0.35213   0.01447
   1420.0   0.35250   0.01408
   1425.0   0.35324   0.01413
   1430.0   0.35374   0.01453
   1435.0   0.35438   0.01384
   1440.0   0.35474   0.01371
   1445.0   0.35543   0.01332
   1450.0   0.35583   0.01347
   1455.0   0.35619   0.01381
   1460.0   0.35672   0.01362
   1465.0   0.35683   0.01339
   1470.0   0.35760   0.01373
   1475.0   0.35759   0.01369
   1480.0   0.35791   0.01435
   1485.0   0.35845   0.01378
   1490.0   0.35919   0.01394
   1495.0   0.35882   0.01389
   1500.0   0.35942   0.01321
   1505.0   0.35930   0.01358
   1510.0   0.35961   0.01322
   1515.0   0.35992   0.01362
   1520.0   0.36028   0.01318
   1525.0   0.36083   0.01340
   1530.0   0.36080   0.01342
   1535.0   0.36088   0.01331
   1540.0   0.36109   0.01345
   1545.0   0.36104   0.01297
   1550.0   0.36102   0.01296
   1555.0   0.36118   0.01371
   1560.0   0.36170   0.01332
   1565.0   0.36117   0.01302
   1570.0   0.36138   0.01334
   1575.0   0.36162   0.01355
   1580.0   0.36152   0.01359
   1585.0   0.36170   0.01297
   1590.0   0.36152   0.01287
   1595.0   0.36177   0.01297
   1600.0   0.36245   0.01370
   1605.0   0.36202   0.01286
   1610.0   0.36232   0.01249
   1615.0   0.36222   0.01282
   1620.0   0.36226   0.01273
   1625.0   0.36194   0.01318
   1630.0   0.36120   0.01234
   1635.0   0.36157   0.01256
   1640.0   0.36112   0.01256
   1645.0   0.36152   0.01275
   1650.0   0.36163   0.01255
   1655.0   0.36141   0.01249
   1660.0   0.36149   0.01153
   1665.0   0.36160   0.01169
   1670.0   0.36133   0.01249
   1675.0   0.36106   0.01197
   1680.0   0.36085   0.01208
   1685.0   0.36069   0.01223
   1690.0   0.36080   0.01259
   1695.0   0.36053   0.01246
   1700.0   0.36055   0.01242
   1705.0   0.36041   0.01233
   1710.0   0.35990   0.01239
   1715.0   0.35982   0.01252
   1720.0   0.35978   0.01249
   1725.0   0.35960   0.01238
   1730.0   0.35941   0.01241
   1735.0   0.35891   0.01249
   1740.0   0.35870   0.01235
   1745.0   0.35846   0.01232
   1750.0   0.35827   0.01226
   1755.0   0.35781   0.01238
   1760.0   0.35775   0.01256
   1765.0   0.35731   0.01221
   1770.0   0.35719   0.01265
   1775.0   0.35689   0.01242
   1780.0   0.35652   0.01234
   1785.0   0.35644   0.01226
   1790.0   0.35610   0.01210
   1795.0   0.35597   0.01204
   1800.0   0.35556   0.01205
   1805.0   0.35563   0.01220
   1810.0   0.35520   0.01209
   1815.0   0.35491   0.01200
   1820.0   0.35457   0.01205
   1825.0   0.35438   0.01184
   1830.0   0.35426   0.01200
   1835.0   0.35411   0.01199
   1840.0   0.35358   0.01189
   1845.0   0.35325   0.01253
   1850.0   0.35289   0.01230
   1855.0   0.35238   0.01202
   1860.0   0.35238   0.01194
   1865.0   0.35249   0.01227
   1870.0   0.35228   0.01302
   1875.0   0.35232   0.01327
   1880.0   0.35190   0.01316
   1885.0   0.35134   0.01329
   1890.0   0.35094   0.01302
   1895.0   0.35001   0.01317
   1900.0   0.34955   0.01328
   1905.0   0.34897   0.01325
   1910.0   0.34858   0.01341
   1915.0   0.34834   0.01310
   1920.0   0.34855   0.01276
   1925.0   0.34847   0.01295
   1930.0   0.34812   0.01276
   1935.0   0.34827   0.01301
   1940.0   0.34804   0.01316
   1945.0   0.34775   0.01321
   1950.0   0.34725   0.01278
   1955.0   0.34721   0.01304
   1960.0   0.34683   0.01301
   1965.0   0.34677   0.01291
   1970.0   0.34649   0.01295
   1975.0   0.34633   0.01283
   1980.0   0.34607   0.01325
   1985.0   0.34610   0.01291
   1990.0   0.34601   0.01286
   1995.0   0.34589   0.01275
   2000.0   0.34575   0.01246
   2005.0   0.34574   0.01261
   2010.0   0.34536   0.01255
   2015.0   0.34518   0.01240
   2020.0   0.34495   0.01234
   2025.0   0.34454   0.01262
   2030.0   0.34475   0.01258
   2035.0   0.34467   0.01273
   2040.0   0.34449   0.01268
   2045.0   0.34412   0.01240
   2050.0   0.34373   0.01247
   2055.0   0.34350   0.01279
   2060.0   0.34359   0.01251
   2065.0   0.34339   0.01244
   2070.0   0.34330   0.01237
   2075.0   0.34317   0.01219
   2080.0   0.34326   0.01279
   2085.0   0.34335   0.01264
   2090.0   0.34337   0.01295
   2095.0   0.34324   0.01273
   2100.0   0.34289   0.01252
   2105.0   0.34285   0.01258
   2110.0   0.34260   0.01249
   2115.0   0.34258   0.01263
   2120.0   0.34268   0.01258
   2125.0   0.34259   0.01242
   2130.0   0.34253   0.01246
   2135.0   0.34225   0.01209
   2140.0   0.34176   0.01260
   2145.0   0.34162   0.01238
   2150.0   0.34119   0.01259
   2155.0   0.34106   0.01263
   2160.0   0.34072   0.01259
   2165.0   0.34019   0.01268
   2170.0   0.34004   0.01246
   2175.0   0.33997   0.01249
   2180.0   0.33990   0.01279
   2185.0   0.34003   0.01234
   2190.0   0.34003   0.01261
   2195.0   0.34015   0.01265
   2200.0   0.34018   0.01260
   2205.0   0.34026   0.01293
   2210.0   0.34050   0.01248
   2215.0   0.34042   0.01275
   2220.0   0.34053   0.01257
   2225.0   0.34069   0.01268
   2230.0   0.34088   0.01281
   2235.0   0.34102   0.01255
   2240.0   0.34132   0.01227
   2245.0   0.34131   0.01260
   2250.0   0.34149   0.01238
   2255.0   0.34183   0.01239
   2260.0   0.34210   0.01258
   2265.0   0.34242   0.01256
   2270.0   0.34279   0.01237
   2275.0   0.34312   0.01251
   2280.0   0.34375   0.01266
   2285.0   0.34399   0.01233
   2290.0   0.34424   0.01243
   2295.0   0.34478   0.01203
   2300.0   0.34525   0.01266
   2305.0   0.34558   0.01260
   2310.0   0.34573   0.01225
   2315.0   0.34603   0.01220
   2320.0   0.34632   0.01238
   2325.0   0.34680   0.01271
   2330.0   0.34730   0.01217
   2335.0   0.34773   0.01234
   2340.0   0.34829   0.01265
   2345.0   0.34854   0.01269
   2350.0   0.34865   0.01222
   2355.0   0.34931   0.01224
   2360.0   0.34985   0.01208
   2365.0   0.35042   0.01245
   2370.0   0.35053   0.01302
   2375.0   0.35138   0.01335
   2380.0   0.35207   0.01300
   2385.0   0.35252   0.01326
   2390.0   0.35300   0.01305
   2395.0   0.35377   0.01335
   2400.0   0.35475   0.01303
   2405.0   0.35531   0.01277
   2410.0   0.35623   0.01318
   2415.0   0.35714   0.01332
   2420.0   0.35815   0.01318
   2425.0   0.35884   0.01313
   2430.0   0.35963   0.01325
   2435.0   0.36045   0.01329
   2440.0   0.36109   0.01333
   2445.0   0.36169   0.01351
   2450.0   0.36273   0.01379
   2455.0   0.36385   0.01339
   2460.0   0.36484   0.01314
   2465.0   0.36587   0.01401
   2470.0   0.36707   0.01383
   2475.0   0.36752   0.01389
   2480.0   0.36877   0.01392
   2485.0   0.36989   0.01394
   2490.0   0.37130   0.01380
   2495.0   0.37251   0.01356
   2500.0   0.37398   0.01366
   2505.0   0.37523   0.01397
   2510.0   0.37683   0.01393
   2515.0   0.37867   0.01443
   2520.0   0.37938   0.01450
   2525.0   0.38120   0.01410
   2530.0   0.38277   0.01460
   2535.0   0.38412   0.01471
   2540.0   0.38599   0.01489
   2545.0   0.38833   0.01583
   2550.0   0.38920   0.01576
   2555.0   0.38924   0.01460
   2560.0   0.39165   0.01712
   2565.0   0.39465   0.01751
   2570.0   0.39408   0.01773
   2575.0   0.39553   0.01756
   2580.0   0.39656   0.01884
   2585.0   0.40132   0.02203
   2590.0   0.40158   0.02119
   2595.0   0.40208   0.02270
   2600.0   0.40214   0.02188



 CMLS18      .ASC                        

 LS-CMP-018                                                              
 73217,78 <25 micron                                                     
 Average of C1 and C2                                                    
 Wavelength error in 860-1750 nm region: +9 nm                           

 Source Ang: 30.00   Detect Ang:  0.00  Volt: 0.777
 Date:  5-MAY-95   Time: 16:58:02
