       224
    320.00   .049289   .000548
    330.00   .049852   .000376
    340.00   .050724   .000357
    350.00   .051503   .000261
    360.00   .052531   .000095
    370.00   .053610   .000061
    380.00   .054631   .000052
    390.00   .055535   .000049
    400.00   .056475   .000119
    410.00   .057287   .000112
    420.00   .058193   .000084
    430.00   .058921   .000097
    440.00   .059831   .000080
    450.00   .060594   .000067
    460.00   .061391   .000059
    470.00   .062188   .000053
    480.00   .062951   .000049
    490.00   .063828   .000048
    500.00   .064624   .000051
    510.00   .065425   .000049
    520.00   .066183   .000047
    530.00   .066954   .000046
    540.00   .067961   .000052
    550.00   .068722   .000051
    560.00   .069462   .000049
    570.00   .070224   .000049
    580.00   .070948   .000050
    590.00   .071743   .000049
    600.00   .072427   .000049
    610.00   .073118   .000049
    620.00   .073817   .000049
    630.00   .074447   .000049
    640.00   .075222   .000049
    650.00   .075996   .000052
    660.00   .076690   .000053
    670.00   .077395   .000053
    680.00   .078051   .000052
    690.00   .078731   .000053
    700.00   .079444   .000053
    710.00   .080156   .000055
    720.00   .080874   .000056
    730.00   .081571   .000058
    740.00   .082275   .000053
    750.00   .082931   .000054
    760.00   .083567   .000058
    770.00   .084169   .000061
    780.00   .084745   .000064
    790.00   .085423   .000061
    800.00   .085946   .000064
    810.00   .086472   .000066
    820.00   .086892   .000068
    830.00   .087285   .000070
    840.00   .087735   .000070
    850.00   .088096   .000257
    860.00   .088253   .000257
    870.00   .088169   .000377
    880.00   .088032   .000324
    890.00   .088070   .000278
    900.00   .088123   .000244
    910.00   .088262   .000219
    920.00   .088470   .000200
    930.00   .088696   .000182
    940.00   .089020   .000164
    950.00   .089254   .000147
    960.00   .089588   .000126
    970.00   .090027   .000112
    980.00   .090447   .000099
    990.00   .090972   .000089
   1000.00   .091357   .000081
   1010.00   .091878   .000079
   1020.00   .092533   .000082
   1030.00   .093094   .000098
   1040.00   .093594   .000104
   1050.00   .094154   .000095
   1060.00   .094727   .000090
   1070.00   .095356   .000086
   1080.00   .095989   .000080
   1090.00   .096587   .000077
   1100.00   .097279   .000072
   1110.00   .097912   .000069
   1120.00   .098516   .000068
   1130.00   .099089   .000067
   1140.00   .099737   .000063
   1150.00   .100302   .000060
   1160.00   .100838   .000058
   1170.00   .101389   .000057
   1180.00   .102016   .000055
   1190.00   .102571   .000054
   1200.00   .103169   .000055
   1210.00   .103777   .000053
   1220.00   .104292   .000051
   1230.00   .104839   .000049
   1240.00   .105457   .000049
   1250.00   .106043   .000045
   1260.00   .106673   .000049
   1270.00   .107178   .000046
   1280.00   .107925   .000045
   1290.00   .108513   .000050
   1300.00   .109262   .000050
   1310.00   .109930   .000048
   1320.00   .110651   .000047
   1330.00   .111275   .000049
   1340.00   .111921   .000050
   1350.00   .112562   .000051
   1360.00   .113148   .000049
   1370.00   .113815   .000050
   1380.00   .114494   .000050
   1390.00   .115300   .000050
   1400.00   .115870   .000052
   1410.00   .116553   .000063
   1420.00   .117304   .000064
   1430.00   .118090   .000064
   1440.00   .118820   .000061
   1450.00   .119382   .000063
   1460.00   .120104   .000061
   1470.00   .120733   .000063
   1480.00   .121295   .000063
   1490.00   .121982   .000063
   1500.00   .122544   .000064
   1510.00   .123229   .000060
   1520.00   .123747   .000063
   1530.00   .124311   .000065
   1540.00   .124848   .000065
   1550.00   .125465   .000064
   1560.00   .126048   .000064
   1570.00   .126582   .000066
   1580.00   .127166   .000068
   1590.00   .127588   .000065
   1600.00   .128138   .000068
   1610.00   .128649   .000066
   1620.00   .129083   .000069
   1630.00   .129540   .000068
   1640.00   .130012   .000069
   1650.00   .130627   .000071
   1660.00   .131214   .000072
   1670.00   .131738   .000071
   1680.00   .132375   .000071
   1690.00   .132816   .000072
   1700.00   .133272   .000074
   1710.00   .133839   .000076
   1720.00   .134111   .000074
   1730.00   .134522   .000073
   1740.00   .134802   .000074
   1750.00   .135244   .000074
   1760.00   .135621   .000073
   1770.00   .135862   .000076
   1780.00   .136262   .000075
   1790.00   .136683   .000075
   1800.00   .137099   .000077
   1810.00   .137539   .000073
   1820.00   .137729   .000074
   1830.00   .138279   .000079
   1840.00   .138618   .000081
   1850.00   .139057   .000079
   1860.00   .139382   .000079
   1870.00   .139599   .000080
   1880.00   .140013   .000078
   1890.00   .140333   .000076
   1900.00   .140792   .000078
   1910.00   .141170   .000076
   1920.00   .141609   .000079
   1930.00   .142081   .000074
   1940.00   .142530   .000074
   1950.00   .143015   .000076
   1960.00   .143495   .000077
   1970.00   .144058   .000076
   1980.00   .144563   .000076
   1990.00   .145048   .000075
   2000.00   .145660   .000078
   2010.00   .146238   .000077
   2020.00   .146705   .000077
   2030.00   .147233   .000076
   2040.00   .147650   .000075
   2050.00   .148172   .000075
   2060.00   .148618   .000075
   2070.00   .149042   .000074
   2080.00   .149688   .000075
   2090.00   .150221   .000076
   2100.00   .150749   .000075
   2110.00   .151529   .000067
   2120.00   .152065   .000068
   2130.00   .152875   .000066
   2140.00   .153592   .000062
   2150.00   .154153   .000064
   2160.00   .154740   .000069
   2170.00   .155226   .000072
   2180.00   .155726   .000069
   2190.00   .156298   .000070
   2200.00   .156904   .000072
   2210.00   .157335   .000077
   2220.00   .158075   .000074
   2230.00   .158616   .000078
   2240.00   .159113   .000077
   2250.00   .159819   .000076
   2260.00   .160462   .000072
   2270.00   .160965   .000069
   2280.00   .161516   .000069
   2290.00   .162234   .000073
   2300.00   .162682   .000073
   2310.00   .163337   .000075
   2320.00   .163942   .000074
   2330.00   .164518   .000076
   2340.00   .165110   .000079
   2350.00   .165938   .000075
   2360.00   .166640   .000072
   2370.00   .167244   .000075
   2380.00   .167791   .000079
   2390.00   .168234   .000071
   2400.00   .168839   .000072
   2410.00   .169507   .000072
   2420.00   .170088   .000075
   2430.00   .170647   .000076
   2440.00   .171282   .000076
   2450.00   .171702   .000077
   2460.00   .172254   .000079
   2470.00   .172567   .000080
   2480.00   .173349   .000086
   2490.00   .174032   .000081
   2500.00   .174509   .000085
   2510.00   .175017   .000084
   2520.00   .175216   .000092
   2530.00   .175498   .000094
   2540.00   .176168   .000098
   2550.00   .176724   .000098



 CVLS141.ASC                                                     

 LS-BWD-141
 Lunar soil 62231 agglutinates (hand-picked) 125-250 um
 Average of C1, C2, and C3LS141
 Depolarizer was used over the entire range
 Albedo adjusted to the visible range
 
 Source Ang:  30.00, Detect Ang:    .00, Volt:  .777
 Date: 26-FEB-20, Time: 15:43:27
 
 RATIOS ADJUSTED USING RELAB SPECTRALON CALIBRATION TABLE
