       224
    320.00   .173043   .000213
    330.00   .179127   .000191
    340.00   .186217   .000201
    350.00   .194093   .000190
    360.00   .200732   .000204
    370.00   .208037   .000203
    380.00   .212281   .000210
    390.00   .216669   .000198
    400.00   .220530   .000213
    410.00   .224527   .000211
    420.00   .226872   .000216
    430.00   .228697   .000219
    440.00   .230471   .000216
    450.00   .230879   .000215
    460.00   .231992   .000220
    470.00   .232581   .000217
    480.00   .233391   .000216
    490.00   .233938   .000215
    500.00   .234619   .000224
    510.00   .235034   .000223
    520.00   .236887   .000230
    530.00   .237512   .000229
    540.00   .238087   .000230
    550.00   .237807   .000231
    560.00   .238643   .000231
    570.00   .239410   .000232
    580.00   .239935   .000233
    590.00   .240799   .000236
    600.00   .241427   .000235
    610.00   .241981   .000236
    620.00   .242736   .000237
    630.00   .243637   .000236
    640.00   .244689   .000238
    650.00   .245937   .000239
    660.00   .247239   .000242
    670.00   .248474   .000240
    680.00   .249867   .000237
    690.00   .251057   .000238
    700.00   .252581   .000236
    710.00   .254209   .000240
    720.00   .255972   .000240
    730.00   .257382   .000239
    740.00   .258868   .000243
    750.00   .260025   .000245
    760.00   .260537   .000239
    770.00   .260884   .000226
    780.00   .261082   .000225
    790.00   .260684   .000221
    800.00   .259574   .000218
    810.00   .257917   .000217
    820.00   .255567   .000206
    830.00   .253062   .000201
    840.00   .250221   .000197
    850.00   .247052   .000196
    860.00   .243694   .000308
    870.00   .240341   .000284
    880.00   .237193   .000273
    890.00   .234531   .000318
    900.00   .232234   .000302
    910.00   .230338   .000282
    920.00   .228906   .000275
    930.00   .228297   .000276
    940.00   .227884   .000260
    950.00   .228159   .000238
    960.00   .229035   .000235
    970.00   .230162   .000231
    980.00   .232279   .000254
    990.00   .234185   .000253
   1000.00   .236048   .000243
   1010.00   .237523   .000249
   1020.00   .239649   .000251
   1030.00   .241482   .000244
   1040.00   .243391   .000273
   1050.00   .245178   .000265
   1060.00   .247114   .000267
   1070.00   .249084   .000261
   1080.00   .250919   .000279
   1090.00   .252822   .000266
   1100.00   .255223   .000263
   1110.00   .256782   .000268
   1120.00   .258865   .000270
   1130.00   .260184   .000274
   1140.00   .261265   .000284
   1150.00   .262155   .000282
   1160.00   .262830   .000274
   1170.00   .263440   .000283
   1180.00   .263868   .000270
   1190.00   .263841   .000271
   1200.00   .264173   .000274
   1210.00   .264232   .000272
   1220.00   .264457   .000274
   1230.00   .264592   .000273
   1240.00   .264916   .000276
   1250.00   .265234   .000275
   1260.00   .265656   .000273
   1270.00   .266144   .000280
   1280.00   .266761   .000271
   1290.00   .267499   .000272
   1300.00   .268274   .000280
   1310.00   .269186   .000272
   1320.00   .270196   .000279
   1330.00   .271150   .000277
   1340.00   .272195   .000283
   1350.00   .272807   .000286
   1360.00   .273833   .000282
   1370.00   .274808   .000285
   1380.00   .275954   .000290
   1390.00   .277326   .000300
   1400.00   .278353   .000305
   1410.00   .279710   .000304
   1420.00   .280783   .000303
   1430.00   .281766   .000303
   1440.00   .282840   .000304
   1450.00   .283741   .000300
   1460.00   .284266   .000296
   1470.00   .285237   .000297
   1480.00   .285843   .000301
   1490.00   .286543   .000304
   1500.00   .286912   .000305
   1510.00   .287418   .000301
   1520.00   .287864   .000310
   1530.00   .288085   .000310
   1540.00   .288275   .000312
   1550.00   .288345   .000306
   1560.00   .288496   .000306
   1570.00   .288380   .000304
   1580.00   .288310   .000308
   1590.00   .288097   .000307
   1600.00   .287882   .000302
   1610.00   .287543   .000313
   1620.00   .287039   .000309
   1630.00   .286397   .000303
   1640.00   .286017   .000304
   1650.00   .285750   .000307
   1660.00   .285670   .000299
   1670.00   .285283   .000297
   1680.00   .285091   .000292
   1690.00   .284468   .000280
   1700.00   .283836   .000298
   1710.00   .283188   .000297
   1720.00   .282370   .000284
   1730.00   .281608   .000282
   1740.00   .280599   .000287
   1750.00   .279646   .000271
   1760.00   .278828   .000277
   1770.00   .278180   .000281
   1780.00   .277295   .000210
   1790.00   .276690   .000206
   1800.00   .275877   .000210
   1810.00   .274894   .000142
   1820.00   .274318   .000133
   1830.00   .273667   .000133
   1840.00   .273584   .000135
   1850.00   .272847   .000134
   1860.00   .272352   .000134
   1870.00   .271260   .000133
   1880.00   .270776   .000133
   1890.00   .270108   .000133
   1900.00   .269505   .000130
   1910.00   .269254   .000128
   1920.00   .269174   .000128
   1930.00   .269052   .000126
   1940.00   .268750   .000137
   1950.00   .268481   .000135
   1960.00   .268358   .000134
   1970.00   .268337   .000138
   1980.00   .268437   .000135
   1990.00   .268713   .000140
   2000.00   .269087   .000142
   2010.00   .269535   .000141
   2020.00   .269747   .000141
   2030.00   .270142   .000141
   2040.00   .270657   .000144
   2050.00   .271053   .000140
   2060.00   .271470   .000145
   2070.00   .271894   .000143
   2080.00   .272641   .000146
   2090.00   .273251   .000144
   2100.00   .273829   .000147
   2110.00   .274805   .000148
   2120.00   .275931   .000146
   2130.00   .276726   .000154
   2140.00   .277762   .000153
   2150.00   .278830   .000154
   2160.00   .279764   .000155
   2170.00   .280600   .000156
   2180.00   .281718   .000157
   2190.00   .282510   .000156
   2200.00   .283515   .000157
   2210.00   .284653   .000162
   2220.00   .285918   .000163
   2230.00   .286801   .000163
   2240.00   .287829   .000168
   2250.00   .288863   .000171
   2260.00   .289994   .000169
   2270.00   .290864   .000170
   2280.00   .292013   .000168
   2290.00   .293373   .000170
   2300.00   .294024   .000170
   2310.00   .295267   .000174
   2320.00   .296373   .000173
   2330.00   .297132   .000173
   2340.00   .298170   .000178
   2350.00   .299454   .000175
   2360.00   .300171   .000180
   2370.00   .301446   .000182
   2380.00   .302437   .000176
   2390.00   .303765   .000184
   2400.00   .304629   .000181
   2410.00   .305543   .000184
   2420.00   .306930   .000185
   2430.00   .307772   .000186
   2440.00   .309095   .000184
   2450.00   .310140   .000187
   2460.00   .311409   .000190
   2470.00   .312493   .000186
   2480.00   .313753   .000186
   2490.00   .314920   .000189
   2500.00   .315709   .000194
   2510.00   .316666   .000189
   2520.00   .317659   .000192
   2530.00   .318579   .000190
   2540.00   .319574   .000190
   2550.00   .322230   .000203



 CVLS156.ASC                                                     

 LS-BWD-156
 67461 low-agglutinate remnant 125-250 um on 9 mm dish
 Albedo adjusted to the visible range
 Weighted average of C1,C2,C3LS156 (C1*3+C2+C3/5)
 
 Source Ang:  30.00, Detect Ang:    .00, Volt:  .777
 Date: 02-NOV-21, Time: 16:06:54
 
 RATIOS ADJUSTED USING RELAB SPECTRALON CALIBRATION TABLE
