       224
    320.00   .092099   .000285
    330.00   .094575   .000226
    340.00   .098167   .000230
    350.00   .101655   .000194
    360.00   .104460   .000165
    370.00   .107620   .000170
    380.00   .110860   .000170
    390.00   .113504   .000174
    400.00   .115849   .000190
    410.00   .118213   .000179
    420.00   .120465   .000188
    430.00   .121889   .000176
    440.00   .123380   .000171
    450.00   .124362   .000174
    460.00   .125508   .000169
    470.00   .126625   .000164
    480.00   .127813   .000162
    490.00   .128997   .000160
    500.00   .130141   .000171
    510.00   .131200   .000169
    520.00   .132515   .000168
    530.00   .133562   .000167
    540.00   .134472   .000164
    550.00   .135241   .000163
    560.00   .136154   .000165
    570.00   .136959   .000163
    580.00   .137736   .000164
    590.00   .138432   .000163
    600.00   .139132   .000165
    610.00   .139768   .000165
    620.00   .140442   .000164
    630.00   .141099   .000165
    640.00   .141770   .000165
    650.00   .142519   .000166
    660.00   .143244   .000169
    670.00   .143940   .000168
    680.00   .144690   .000162
    690.00   .145364   .000164
    700.00   .146144   .000162
    710.00   .146898   .000165
    720.00   .147594   .000165
    730.00   .148196   .000170
    740.00   .148980   .000177
    750.00   .149380   .000180
    760.00   .149585   .000181
    770.00   .149973   .000166
    780.00   .150058   .000170
    790.00   .149950   .000175
    800.00   .149679   .000178
    810.00   .149316   .000184
    820.00   .148632   .000188
    830.00   .147900   .000193
    840.00   .147219   .000195
    850.00   .146519   .000196
    860.00   .145721   .000322
    870.00   .144840   .000296
    880.00   .143910   .000274
    890.00   .142924   .000310
    900.00   .142199   .000292
    910.00   .141706   .000280
    920.00   .141251   .000271
    930.00   .141051   .000255
    940.00   .140996   .000240
    950.00   .141136   .000229
    960.00   .141421   .000210
    970.00   .141771   .000201
    980.00   .142372   .000205
    990.00   .142979   .000195
   1000.00   .143687   .000193
   1010.00   .144432   .000186
   1020.00   .145246   .000192
   1030.00   .146110   .000189
   1040.00   .146766   .000183
   1050.00   .147692   .000198
   1060.00   .148481   .000191
   1070.00   .149363   .000192
   1080.00   .150199   .000188
   1090.00   .151135   .000193
   1100.00   .151931   .000188
   1110.00   .152665   .000183
   1120.00   .153506   .000182
   1130.00   .154174   .000186
   1140.00   .154739   .000182
   1150.00   .155286   .000179
   1160.00   .155688   .000179
   1170.00   .156128   .000184
   1180.00   .156426   .000183
   1190.00   .156738   .000185
   1200.00   .157238   .000181
   1210.00   .157471   .000177
   1220.00   .157879   .000180
   1230.00   .158126   .000181
   1240.00   .158587   .000178
   1250.00   .159053   .000178
   1260.00   .159500   .000180
   1270.00   .159921   .000176
   1280.00   .160553   .000173
   1290.00   .161126   .000173
   1300.00   .161707   .000176
   1310.00   .162392   .000175
   1320.00   .162950   .000175
   1330.00   .163607   .000181
   1340.00   .164189   .000176
   1350.00   .164862   .000177
   1360.00   .165465   .000179
   1370.00   .165983   .000172
   1380.00   .166701   .000175
   1390.00   .167572   .000170
   1400.00   .168198   .000165
   1410.00   .169069   .000163
   1420.00   .169915   .000171
   1430.00   .170750   .000182
   1440.00   .171460   .000185
   1450.00   .171873   .000187
   1460.00   .172682   .000184
   1470.00   .173200   .000185
   1480.00   .173770   .000185
   1490.00   .174227   .000189
   1500.00   .174696   .000186
   1510.00   .175111   .000189
   1520.00   .175585   .000187
   1530.00   .176035   .000185
   1540.00   .176362   .000186
   1550.00   .176779   .000188
   1560.00   .177158   .000185
   1570.00   .177459   .000188
   1580.00   .177641   .000186
   1590.00   .177796   .000186
   1600.00   .178071   .000187
   1610.00   .178242   .000181
   1620.00   .178387   .000191
   1630.00   .178580   .000188
   1640.00   .178635   .000189
   1650.00   .178976   .000180
   1660.00   .179250   .000191
   1670.00   .179523   .000188
   1680.00   .179706   .000187
   1690.00   .179812   .000190
   1700.00   .179850   .000187
   1710.00   .179816   .000194
   1720.00   .179779   .000191
   1730.00   .179758   .000190
   1740.00   .179605   .000188
   1750.00   .179623   .000189
   1760.00   .179550   .000186
   1770.00   .179635   .000193
   1780.00   .179448   .000194
   1790.00   .179500   .000192
   1800.00   .179408   .000194
   1810.00   .179392   .000195
   1820.00   .179439   .000197
   1830.00   .179454   .000199
   1840.00   .179433   .000198
   1850.00   .179451   .000199
   1860.00   .179408   .000200
   1870.00   .179378   .000200
   1880.00   .179359   .000199
   1890.00   .179266   .000200
   1900.00   .179409   .000201
   1910.00   .179394   .000201
   1920.00   .179543   .000202
   1930.00   .179847   .000204
   1940.00   .179958   .000207
   1950.00   .180147   .000203
   1960.00   .180317   .000203
   1970.00   .180726   .000208
   1980.00   .181015   .000203
   1990.00   .181501   .000209
   2000.00   .181825   .000209
   2010.00   .182272   .000207
   2020.00   .182484   .000206
   2030.00   .182866   .000216
   2040.00   .183267   .000215
   2050.00   .183574   .000216
   2060.00   .183872   .000212
   2070.00   .184302   .000213
   2080.00   .184773   .000215
   2090.00   .185153   .000219
   2100.00   .185406   .000214
   2110.00   .186111   .000216
   2120.00   .186540   .000211
   2130.00   .187184   .000212
   2140.00   .187915   .000210
   2150.00   .188343   .000214
   2160.00   .188971   .000215
   2170.00   .189392   .000212
   2180.00   .189942   .000219
   2190.00   .190509   .000220
   2200.00   .190997   .000219
   2210.00   .191413   .000228
   2220.00   .191978   .000220
   2230.00   .192429   .000223
   2240.00   .193018   .000225
   2250.00   .193536   .000227
   2260.00   .194167   .000230
   2270.00   .194725   .000230
   2280.00   .195387   .000232
   2290.00   .196129   .000236
   2300.00   .196383   .000234
   2310.00   .197262   .000236
   2320.00   .197902   .000229
   2330.00   .198193   .000233
   2340.00   .198759   .000234
   2350.00   .199370   .000235
   2360.00   .199876   .000231
   2370.00   .200515   .000236
   2380.00   .200864   .000237
   2390.00   .201515   .000239
   2400.00   .202037   .000244
   2410.00   .202605   .000243
   2420.00   .203407   .000244
   2430.00   .203891   .000233
   2440.00   .204615   .000241
   2450.00   .204833   .000240
   2460.00   .205591   .000240
   2470.00   .206029   .000246
   2480.00   .206889   .000242
   2490.00   .207276   .000244
   2500.00   .207775   .000244
   2510.00   .208205   .000250
   2520.00   .208476   .000243
   2530.00   .208776   .000240
   2540.00   .209541   .000246
   2550.00   .209994   .000256



 CVLS140.ASC                                                     

 LS-BWD-140
 62231 bulk 125-250 um at (i,e)=(30,0)
 No depolarizer was used over the wavelength range of 1800-2550 nm
 Albedo adjusted to the visible range
 Average of CA & C1-4
 
 Source Ang:  30.00, Detect Ang:    .00, Volt:  .777
 Date: 29-JAN-19, Time: 14:38:50
 
 RATIOS ADJUSTED USING RELAB SPECTRALON CALIBRATION TABLE
