       224
    320.00   .042991   .000188
    330.00   .043654   .000131
    340.00   .044864   .000131
    350.00   .046217   .000095
    360.00   .047231   .000071
    370.00   .048766   .000086
    380.00   .050300   .000070
    390.00   .051546   .000075
    400.00   .053142   .000096
    410.00   .054445   .000075
    420.00   .055684   .000111
    430.00   .056503   .000094
    440.00   .057431   .000081
    450.00   .058006   .000110
    460.00   .058807   .000094
    470.00   .059531   .000083
    480.00   .060327   .000075
    490.00   .061170   .000068
    500.00   .062039   .000096
    510.00   .062797   .000088
    520.00   .063696   .000083
    530.00   .064445   .000079
    540.00   .065138   .000076
    550.00   .065770   .000073
    560.00   .066459   .000070
    570.00   .067132   .000069
    580.00   .067720   .000068
    590.00   .068262   .000067
    600.00   .068829   .000067
    610.00   .069338   .000066
    620.00   .069838   .000067
    630.00   .070333   .000067
    640.00   .070869   .000068
    650.00   .071391   .000070
    660.00   .071929   .000074
    670.00   .072418   .000073
    680.00   .072924   .000071
    690.00   .073398   .000069
    700.00   .073863   .000071
    710.00   .074383   .000074
    720.00   .074885   .000078
    730.00   .075324   .000083
    740.00   .075695   .000097
    750.00   .076000   .000103
    760.00   .076266   .000111
    770.00   .076491   .000072
    780.00   .076621   .000078
    790.00   .076599   .000084
    800.00   .076417   .000092
    810.00   .076239   .000099
    820.00   .075901   .000106
    830.00   .075580   .000110
    840.00   .075189   .000113
    850.00   .074758   .000113
    860.00   .074468   .000215
    870.00   .073872   .000191
    880.00   .073450   .000172
    890.00   .072666   .000211
    900.00   .072321   .000197
    910.00   .072134   .000179
    920.00   .072089   .000168
    930.00   .072034   .000155
    940.00   .072039   .000137
    950.00   .072150   .000123
    960.00   .072433   .000105
    970.00   .072884   .000095
    980.00   .073439   .000085
    990.00   .074071   .000079
   1000.00   .074791   .000074
   1010.00   .075636   .000070
   1020.00   .076485   .000067
   1030.00   .077508   .000066
   1040.00   .078398   .000063
   1050.00   .079254   .000088
   1060.00   .080163   .000085
   1070.00   .080923   .000081
   1080.00   .081651   .000078
   1090.00   .082394   .000074
   1100.00   .083063   .000074
   1110.00   .083737   .000073
   1120.00   .084425   .000071
   1130.00   .084828   .000070
   1140.00   .085341   .000070
   1150.00   .085730   .000068
   1160.00   .086053   .000068
   1170.00   .086422   .000082
   1180.00   .086758   .000081
   1190.00   .087131   .000083
   1200.00   .087429   .000080
   1210.00   .087820   .000079
   1220.00   .088127   .000080
   1230.00   .088516   .000080
   1240.00   .088857   .000077
   1250.00   .089251   .000075
   1260.00   .089661   .000076
   1270.00   .090121   .000075
   1280.00   .090598   .000075
   1290.00   .091047   .000074
   1300.00   .091513   .000074
   1310.00   .092050   .000075
   1320.00   .092652   .000073
   1330.00   .093149   .000072
   1340.00   .093714   .000074
   1350.00   .094205   .000073
   1360.00   .094695   .000077
   1370.00   .095176   .000076
   1380.00   .095678   .000078
   1390.00   .096263   .000078
   1400.00   .096791   .000078
   1410.00   .097344   .000076
   1420.00   .097824   .000072
   1430.00   .098250   .000071
   1440.00   .098756   .000077
   1450.00   .099197   .000072
   1460.00   .099452   .000071
   1470.00   .099964   .000072
   1480.00   .100313   .000075
   1490.00   .100615   .000073
   1500.00   .100930   .000071
   1510.00   .101178   .000070
   1520.00   .101551   .000068
   1530.00   .101726   .000070
   1540.00   .102006   .000072
   1550.00   .102285   .000075
   1560.00   .102583   .000071
   1570.00   .102745   .000068
   1580.00   .102836   .000071
   1590.00   .102990   .000069
   1600.00   .103200   .000069
   1610.00   .103337   .000070
   1620.00   .103430   .000070
   1630.00   .103529   .000066
   1640.00   .103728   .000068
   1650.00   .103815   .000068
   1660.00   .104093   .000067
   1670.00   .104237   .000067
   1680.00   .104459   .000069
   1690.00   .104598   .000064
   1700.00   .104638   .000066
   1710.00   .104712   .000067
   1720.00   .104756   .000063
   1730.00   .104707   .000064
   1740.00   .104723   .000062
   1750.00   .104826   .000063
   1760.00   .104717   .000064
   1770.00   .104775   .000065
   1780.00   .104924   .000065
   1790.00   .104933   .000065
   1800.00   .104881   .000067
   1810.00   .104958   .000063
   1820.00   .104776   .000066
   1830.00   .104779   .000069
   1840.00   .104753   .000070
   1850.00   .104880   .000072
   1860.00   .104981   .000073
   1870.00   .105108   .000072
   1880.00   .105202   .000072
   1890.00   .105325   .000070
   1900.00   .105472   .000072
   1910.00   .105666   .000070
   1920.00   .105849   .000064
   1930.00   .106125   .000064
   1940.00   .106265   .000065
   1950.00   .106695   .000064
   1960.00   .106904   .000063
   1970.00   .107175   .000062
   1980.00   .107611   .000055
   1990.00   .108018   .000055
   2000.00   .108411   .000055
   2010.00   .108658   .000054
   2020.00   .109120   .000055
   2030.00   .109473   .000057
   2040.00   .109779   .000052
   2050.00   .110319   .000057
   2060.00   .110658   .000057
   2070.00   .111052   .000057
   2080.00   .111371   .000056
   2090.00   .111796   .000057
   2100.00   .112225   .000058
   2110.00   .113000   .000057
   2120.00   .113495   .000059
   2130.00   .114107   .000057
   2140.00   .114779   .000058
   2150.00   .115411   .000061
   2160.00   .115952   .000064
   2170.00   .116625   .000062
   2180.00   .117115   .000063
   2190.00   .117704   .000066
   2200.00   .118331   .000071
   2210.00   .118807   .000072
   2220.00   .119433   .000072
   2230.00   .120096   .000071
   2240.00   .120702   .000075
   2250.00   .121366   .000077
   2260.00   .121915   .000077
   2270.00   .122490   .000076
   2280.00   .123246   .000075
   2290.00   .123978   .000074
   2300.00   .124485   .000073
   2310.00   .125310   .000076
   2320.00   .125918   .000076
   2330.00   .126486   .000079
   2340.00   .126995   .000076
   2350.00   .127668   .000079
   2360.00   .128184   .000073
   2370.00   .128941   .000075
   2380.00   .129460   .000080
   2390.00   .130250   .000081
   2400.00   .130870   .000081
   2410.00   .131504   .000079
   2420.00   .132118   .000081
   2430.00   .132669   .000082
   2440.00   .133242   .000088
   2450.00   .133727   .000084
   2460.00   .134396   .000085
   2470.00   .135010   .000087
   2480.00   .135676   .000088
   2490.00   .136189   .000093
   2500.00   .136781   .000091
   2510.00   .137166   .000094
   2520.00   .136731   .000081
   2530.00   .136272   .000086
   2540.00   .136299   .000084
   2550.00   .135087   .000089



 CVLS146.ASC                                                     

 LS-BWD-146
 Lunar soil 14259 bulk 125-250 um (Average of C2 & C3)
 No depolarizer was used over the wavelength range of 1800-2550 nm
 Albedo adjusted to the visible range
 
 Source Ang:  30.00, Detect Ang:    .00, Volt:  .777
 Date: 07-FEB-22, Time: 12:52:52
 
 RATIOS ADJUSTED USING RELAB SPECTRALON CALIBRATION TABLE
