       224
    320.00   .159055   .000377
    330.00   .164614   .000305
    340.00   .171819   .000311
    350.00   .179631   .000286
    360.00   .186790   .000252
    370.00   .193877   .000262
    380.00   .199351   .000252
    390.00   .203778   .000256
    400.00   .208238   .000291
    410.00   .211893   .000268
    420.00   .214939   .000300
    430.00   .216837   .000293
    440.00   .218645   .000281
    450.00   .220447   .000314
    460.00   .221749   .000309
    470.00   .222767   .000307
    480.00   .223800   .000302
    490.00   .224716   .000303
    500.00   .226066   .000309
    510.00   .226871   .000310
    520.00   .228512   .000307
    530.00   .229454   .000307
    540.00   .230360   .000309
    550.00   .230810   .000311
    560.00   .231786   .000307
    570.00   .232606   .000309
    580.00   .233486   .000311
    590.00   .234208   .000313
    600.00   .234930   .000310
    610.00   .235705   .000310
    620.00   .236623   .000304
    630.00   .237801   .000307
    640.00   .238979   .000308
    650.00   .240243   .000309
    660.00   .241407   .000309
    670.00   .242676   .000307
    680.00   .243993   .000303
    690.00   .245508   .000305
    700.00   .247108   .000311
    710.00   .248857   .000312
    720.00   .250667   .000313
    730.00   .252233   .000313
    740.00   .253805   .000318
    750.00   .255050   .000322
    760.00   .255773   .000326
    770.00   .256278   .000318
    780.00   .256495   .000322
    790.00   .256166   .000324
    800.00   .255176   .000318
    810.00   .253880   .000321
    820.00   .251778   .000328
    830.00   .249340   .000329
    840.00   .246524   .000327
    850.00   .243676   .000323
    860.00   .240270   .000515
    870.00   .237177   .000487
    880.00   .234111   .000465
    890.00   .231364   .000574
    900.00   .229309   .000556
    910.00   .227629   .000542
    920.00   .226117   .000529
    930.00   .225454   .000523
    940.00   .225154   .000507
    950.00   .225296   .000493
    960.00   .226040   .000483
    970.00   .227447   .000474
    980.00   .228730   .000468
    990.00   .230523   .000457
   1000.00   .232236   .000455
   1010.00   .234221   .000457
   1020.00   .236035   .000458
   1030.00   .237806   .000466
   1040.00   .239487   .000460
   1050.00   .241283   .000474
   1060.00   .243014   .000475
   1070.00   .244839   .000468
   1080.00   .246771   .000468
   1090.00   .248716   .000477
   1100.00   .250718   .000473
   1110.00   .252587   .000481
   1120.00   .254430   .000484
   1130.00   .255661   .000486
   1140.00   .256798   .000487
   1150.00   .257837   .000489
   1160.00   .258364   .000489
   1170.00   .258927   .000491
   1180.00   .259445   .000488
   1190.00   .259801   .000492
   1200.00   .260005   .000491
   1210.00   .260227   .000489
   1220.00   .260657   .000489
   1230.00   .260904   .000482
   1240.00   .261241   .000487
   1250.00   .261604   .000485
   1260.00   .262129   .000481
   1270.00   .262746   .000481
   1280.00   .263332   .000486
   1290.00   .264104   .000484
   1300.00   .264963   .000487
   1310.00   .265899   .000486
   1320.00   .266921   .000481
   1330.00   .267753   .000485
   1340.00   .268755   .000485
   1350.00   .269814   .000485
   1360.00   .270843   .000481
   1370.00   .271949   .000482
   1380.00   .273094   .000485
   1390.00   .274535   .000488
   1400.00   .275908   .000495
   1410.00   .277072   .000500
   1420.00   .278279   .000500
   1430.00   .279205   .000496
   1440.00   .280313   .000496
   1450.00   .281130   .000487
   1460.00   .282012   .000482
   1470.00   .283004   .000481
   1480.00   .283805   .000483
   1490.00   .284601   .000480
   1500.00   .285167   .000483
   1510.00   .285803   .000476
   1520.00   .286324   .000481
   1530.00   .286684   .000475
   1540.00   .287001   .000477
   1550.00   .287358   .000474
   1560.00   .287371   .000467
   1570.00   .287416   .000466
   1580.00   .287361   .000465
   1590.00   .287509   .000467
   1600.00   .287491   .000467
   1610.00   .287138   .000455
   1620.00   .286852   .000461
   1630.00   .286374   .000458
   1640.00   .286141   .000457
   1650.00   .285954   .000455
   1660.00   .285601   .000464
   1670.00   .285374   .000456
   1680.00   .285139   .000454
   1690.00   .284760   .000452
   1700.00   .284150   .000458
   1710.00   .283650   .000452
   1720.00   .282906   .000453
   1730.00   .282253   .000449
   1740.00   .281334   .000450
   1750.00   .280582   .000443
   1760.00   .280060   .000437
   1770.00   .279270   .000440
   1780.00   .278674   .000440
   1790.00   .278121   .000443
   1800.00   .277465   .000453
   1810.00   .276386   .000457
   1820.00   .275730   .000450
   1830.00   .275341   .000451
   1840.00   .275016   .000448
   1850.00   .274265   .000446
   1860.00   .273848   .000447
   1870.00   .273059   .000443
   1880.00   .272217   .000441
   1890.00   .271640   .000439
   1900.00   .271438   .000434
   1910.00   .271000   .000428
   1920.00   .270890   .000423
   1930.00   .271032   .000421
   1940.00   .270880   .000420
   1950.00   .270680   .000419
   1960.00   .270557   .000413
   1970.00   .270764   .000420
   1980.00   .271001   .000418
   1990.00   .271457   .000412
   2000.00   .271877   .000416
   2010.00   .272278   .000422
   2020.00   .272725   .000412
   2030.00   .273098   .000414
   2040.00   .273595   .000416
   2050.00   .273995   .000415
   2060.00   .274556   .000416
   2070.00   .275019   .000417
   2080.00   .275702   .000412
   2090.00   .276447   .000417
   2100.00   .276931   .000411
   2110.00   .278165   .000412
   2120.00   .279192   .000408
   2130.00   .280056   .000414
   2140.00   .281183   .000410
   2150.00   .282394   .000416
   2160.00   .283336   .000415
   2170.00   .284174   .000413
   2180.00   .284952   .000415
   2190.00   .285998   .000412
   2200.00   .286937   .000414
   2210.00   .287717   .000427
   2220.00   .288978   .000418
   2230.00   .289826   .000416
   2240.00   .291031   .000410
   2250.00   .292007   .000410
   2260.00   .293049   .000409
   2270.00   .294067   .000413
   2280.00   .295139   .000414
   2290.00   .296230   .000412
   2300.00   .296896   .000410
   2310.00   .298399   .000410
   2320.00   .299437   .000409
   2330.00   .300282   .000414
   2340.00   .301227   .000422
   2350.00   .302416   .000418
   2360.00   .303342   .000423
   2370.00   .304695   .000418
   2380.00   .305597   .000412
   2390.00   .306588   .000410
   2400.00   .307698   .000414
   2410.00   .308666   .000416
   2420.00   .309947   .000417
   2430.00   .310896   .000417
   2440.00   .312275   .000415
   2450.00   .312981   .000421
   2460.00   .314046   .000426
   2470.00   .314850   .000430
   2480.00   .316172   .000425
   2490.00   .317164   .000423
   2500.00   .318276   .000425
   2510.00   .319082   .000425
   2520.00   .319881   .000428
   2530.00   .319397   .000419
   2540.00   .320652   .000421
   2550.00   .322652   .000441



 CVLS145.ASC                                                     

 LS-BWD-145
 67461 bulk 125-250 um
 No depolarizer was used over the wavelength range of 1800-2550 nm
 Albedo adjusted to the visible range
 
 Source Ang:  30.00, Detect Ang:    .00, Volt:  .777
 Date: 08-MAR-19, Time: 10:49:52
 
 RATIOS ADJUSTED USING RELAB SPECTRALON CALIBRATION TABLE
