       224
    320.00   .038795   .008926
    330.00   .039502   .006215
    340.00   .040250   .006076
    350.00   .040892   .004300
    360.00   .041608   .001544
    370.00   .042584   .000975
    380.00   .043886   .000836
    390.00   .044822   .000734
    400.00   .045553   .003052
    410.00   .046405   .002208
    420.00   .047175   .001598
    430.00   .047760   .001452
    440.00   .048377   .001261
    450.00   .048840   .001115
    460.00   .049483   .001243
    470.00   .050126   .001128
    480.00   .050734   .001027
    490.00   .051291   .000935
    500.00   .051655   .000914
    510.00   .052302   .000845
    520.00   .053060   .000833
    530.00   .053552   .000800
    540.00   .054161   .000771
    550.00   .054570   .000787
    560.00   .055125   .000766
    570.00   .055778   .000738
    580.00   .056287   .000746
    590.00   .056858   .000779
    600.00   .057343   .000795
    610.00   .057853   .000827
    620.00   .058298   .000828
    630.00   .058745   .000863
    640.00   .059417   .000921
    650.00   .059862   .001020
    660.00   .060487   .001081
    670.00   .060937   .001138
    680.00   .061572   .001083
    690.00   .062055   .001111
    700.00   .062697   .001186
    710.00   .063296   .001313
    720.00   .063772   .001417
    730.00   .064239   .001554
    740.00   .064683   .001749
    750.00   .065107   .001912
    760.00   .065723   .002158
    770.00   .065931   .002583
    780.00   .066364   .002897
    790.00   .066285   .003244
    800.00   .066081   .003659
    810.00   .066054   .004075
    820.00   .066052   .004362
    830.00   .065744   .004620
    840.00   .065460   .004698
    850.00   .065342   .004719
    860.00   .065700   .007014
    870.00   .065192   .006389
    880.00   .064946   .006226
    890.00   .064486   .006046
    900.00   .064243   .005353
    910.00   .064003   .004826
    920.00   .063809   .004438
    930.00   .063662   .004046
    940.00   .063599   .003616
    950.00   .063549   .003184
    960.00   .063603   .002738
    970.00   .063782   .002393
    980.00   .063939   .002100
    990.00   .064188   .001838
   1000.00   .064467   .001642
   1010.00   .064541   .001573
   1020.00   .064974   .001502
   1030.00   .065386   .002415
   1040.00   .065524   .002229
   1050.00   .066089   .002043
   1060.00   .066612   .001931
   1070.00   .067000   .001864
   1080.00   .067403   .001688
   1090.00   .068011   .001612
   1100.00   .068614   .001537
   1110.00   .069180   .001468
   1120.00   .069791   .001398
   1130.00   .070235   .001340
   1140.00   .071069   .001266
   1150.00   .071625   .001201
   1160.00   .072213   .001171
   1170.00   .072817   .001147
   1180.00   .073308   .001135
   1190.00   .073798   .001081
   1200.00   .074267   .001045
   1210.00   .074706   .001052
   1220.00   .075058   .001004
   1230.00   .075355   .000999
   1240.00   .075916   .000996
   1250.00   .076413   .000918
   1260.00   .076616   .000979
   1270.00   .077056   .000957
   1280.00   .077516   .000962
   1290.00   .077996   .000991
   1300.00   .078368   .000999
   1310.00   .078816   .000963
   1320.00   .079272   .000964
   1330.00   .079591   .000820
   1340.00   .080143   .000810
   1350.00   .080368   .000883
   1360.00   .080649   .000873
   1370.00   .081250   .000833
   1380.00   .081688   .000887
   1390.00   .082450   .000823
   1400.00   .082429   .000852
   1410.00   .082997   .001132
   1420.00   .083620   .001094
   1430.00   .084049   .001124
   1440.00   .084390   .001118
   1450.00   .084774   .001123
   1460.00   .085319   .001165
   1470.00   .085623   .001282
   1480.00   .086031   .001186
   1490.00   .086258   .001163
   1500.00   .086657   .001210
   1510.00   .086790   .001212
   1520.00   .087046   .001232
   1530.00   .087434   .001211
   1540.00   .087508   .001282
   1550.00   .087880   .001294
   1560.00   .087994   .001341
   1570.00   .088419   .001327
   1580.00   .088410   .001298
   1590.00   .088548   .001273
   1600.00   .088582   .001325
   1610.00   .088838   .001316
   1620.00   .089077   .001326
   1630.00   .089224   .001281
   1640.00   .089313   .001282
   1650.00   .089384   .001317
   1660.00   .089408   .001322
   1670.00   .089581   .001358
   1680.00   .089772   .001380
   1690.00   .089866   .001416
   1700.00   .089934   .001439
   1710.00   .090141   .001382
   1720.00   .090244   .001377
   1730.00   .090348   .001350
   1740.00   .090316   .001359
   1750.00   .090326   .001476
   1760.00   .090502   .001448
   1770.00   .090577   .001408
   1780.00   .090815   .001385
   1790.00   .090949   .001469
   1800.00   .090869   .001520
   1810.00   .090964   .001464
   1820.00   .091114   .001492
   1830.00   .091280   .001529
   1840.00   .091516   .001564
   1850.00   .091638   .001602
   1860.00   .091855   .001579
   1870.00   .092040   .001561
   1880.00   .092253   .001556
   1890.00   .092428   .001546
   1900.00   .092692   .001497
   1910.00   .092905   .001507
   1920.00   .093091   .001507
   1930.00   .093326   .001501
   1940.00   .093488   .001468
   1950.00   .093707   .001491
   1960.00   .093834   .001411
   1970.00   .094029   .001457
   1980.00   .094482   .001343
   1990.00   .094892   .001361
   2000.00   .095350   .001399
   2010.00   .095849   .001513
   2020.00   .096271   .001431
   2030.00   .096754   .001442
   2040.00   .097287   .001392
   2050.00   .097637   .001493
   2060.00   .098132   .001351
   2070.00   .098476   .001457
   2080.00   .099034   .001441
   2090.00   .099586   .001503
   2100.00   .100331   .001420
   2110.00   .100861   .001105
   2120.00   .101537   .001111
   2130.00   .102165   .001095
   2140.00   .102472   .001183
   2150.00   .102446   .001182
   2160.00   .102203   .001095
   2170.00   .102033   .001088
   2180.00   .101740   .001211
   2190.00   .101470   .001234
   2200.00   .101329   .001275
   2210.00   .101606   .001313
   2220.00   .101820   .001242
   2230.00   .102459   .001192
   2240.00   .102758   .001254
   2250.00   .103232   .001274
   2260.00   .103964   .001231
   2270.00   .104388   .001261
   2280.00   .104913   .001316
   2290.00   .105585   .001294
   2300.00   .106337   .001279
   2310.00   .106769   .001371
   2320.00   .107571   .001191
   2330.00   .108460   .001256
   2340.00   .109247   .001316
   2350.00   .109945   .001324
   2360.00   .110375   .001285
   2370.00   .110925   .001288
   2380.00   .111358   .001329
   2390.00   .111964   .001225
   2400.00   .112438   .001401
   2410.00   .112988   .001304
   2420.00   .113542   .001296
   2430.00   .114265   .001231
   2440.00   .114613   .001242
   2450.00   .115084   .001257
   2460.00   .115724   .001338
   2470.00   .116124   .001309
   2480.00   .116738   .001430
   2490.00   .117507   .001237
   2500.00   .118295   .001227
   2510.00   .119403   .001150
   2520.00   .120965   .001298
   2530.00   .122084   .001402
   2540.00   .123738   .001481
   2550.00   .125652   .001462



 K1LS149.ASC             

 LS-BWD-149
 79221 bulk 125-250 um
 No depolarizer was used over the wavelength range of 1800-2550 nm
 Albedo adjusted to the visible range
 
 Source Ang:  30.00, Detect Ang:    .00, Volt:  .777
 Date: 12-MAR-19, Time: 16:01:34
