       224
    320.00   .030300   .009293
    330.00   .030981   .006458
    340.00   .031255   .006237
    350.00   .031974   .004522
    360.00   .032722   .001636
    370.00   .033412   .001034
    380.00   .034345   .000888
    390.00   .035135   .000823
    400.00   .035974   .003059
    410.00   .036562   .002190
    420.00   .037268   .001628
    430.00   .037783   .001898
    440.00   .038475   .001644
    450.00   .039174   .001440
    460.00   .039992   .001263
    470.00   .040607   .001163
    480.00   .041407   .001105
    490.00   .042012   .001043
    500.00   .042824   .000993
    510.00   .043435   .000955
    520.00   .044085   .000956
    530.00   .044778   .000929
    540.00   .045433   .000939
    550.00   .046047   .000919
    560.00   .046708   .000933
    570.00   .047302   .001043
    580.00   .047978   .000946
    590.00   .048529   .000950
    600.00   .049130   .000941
    610.00   .049662   .001009
    620.00   .050262   .000969
    630.00   .050695   .001088
    640.00   .051430   .001094
    650.00   .051863   .001160
    660.00   .052434   .001265
    670.00   .052833   .001282
    680.00   .053502   .001263
    690.00   .054020   .001246
    700.00   .054602   .001328
    710.00   .055181   .001405
    720.00   .055628   .001532
    730.00   .056066   .001662
    740.00   .056500   .001825
    750.00   .056896   .002048
    760.00   .057297   .002310
    770.00   .057586   .002592
    780.00   .057919   .002930
    790.00   .058152   .003302
    800.00   .058457   .003672
    810.00   .058517   .004078
    820.00   .058628   .004284
    830.00   .058689   .004485
    840.00   .058704   .004603
    850.00   .058700   .004688
    860.00   .058990   .006668
    870.00   .058787   .006085
    880.00   .058802   .005863
    890.00   .058363   .005278
    900.00   .058176   .004609
    910.00   .058231   .004122
    920.00   .058230   .003767
    930.00   .058253   .003392
    940.00   .058335   .003035
    950.00   .058473   .002673
    960.00   .058613   .002341
    970.00   .058815   .002050
    980.00   .059088   .001813
    990.00   .059423   .001612
   1000.00   .059774   .001433
   1010.00   .060168   .001295
   1020.00   .060599   .001204
   1030.00   .061239   .001917
   1040.00   .061491   .001758
   1050.00   .062123   .001693
   1060.00   .062637   .001543
   1070.00   .063191   .001465
   1080.00   .063912   .001340
   1090.00   .064494   .001314
   1100.00   .065106   .001314
   1110.00   .065640   .001272
   1120.00   .066398   .001266
   1130.00   .066984   .001181
   1140.00   .067434   .001147
   1150.00   .067903   .001114
   1160.00   .068393   .001088
   1170.00   .068942   .001078
   1180.00   .069487   .001053
   1190.00   .069905   .001044
   1200.00   .070430   .001005
   1210.00   .070968   .001037
   1220.00   .071494   .001059
   1230.00   .072050   .001026
   1240.00   .072491   .001073
   1250.00   .073164   .001054
   1260.00   .073590   .000970
   1270.00   .074139   .000983
   1280.00   .074780   .000949
   1290.00   .075365   .001017
   1300.00   .075917   .001064
   1310.00   .076581   .001025
   1320.00   .077124   .001083
   1330.00   .077668   .001061
   1340.00   .078316   .001050
   1350.00   .078843   .001136
   1360.00   .079250   .001100
   1370.00   .079858   .001070
   1380.00   .080526   .001123
   1390.00   .081230   .001169
   1400.00   .081926   .001223
   1410.00   .082631   .001253
   1420.00   .083260   .001291
   1430.00   .083932   .001331
   1440.00   .084558   .001333
   1450.00   .085120   .001336
   1460.00   .085676   .001348
   1470.00   .086148   .001351
   1480.00   .086787   .001360
   1490.00   .087477   .001348
   1500.00   .087907   .001320
   1510.00   .088437   .001445
   1520.00   .089035   .001312
   1530.00   .089608   .001495
   1540.00   .090148   .001423
   1550.00   .090523   .001452
   1560.00   .090899   .001447
   1570.00   .091301   .001491
   1580.00   .091640   .001435
   1590.00   .091967   .001514
   1600.00   .092425   .001529
   1610.00   .092711   .001469
   1620.00   .093037   .001542
   1630.00   .093434   .001519
   1640.00   .093785   .001528
   1650.00   .094083   .001497
   1660.00   .094471   .001465
   1670.00   .094842   .001565
   1680.00   .094922   .001542
   1690.00   .095297   .001569
   1700.00   .095623   .001516
   1710.00   .095827   .001651
   1720.00   .096210   .001590
   1730.00   .096480   .001717
   1740.00   .096527   .001667
   1750.00   .096846   .001625
   1760.00   .097200   .001573
   1770.00   .097349   .001618
   1780.00   .097754   .001642
   1790.00   .097869   .001629
   1800.00   .098260   .001649
   1810.00   .098337   .001671
   1820.00   .098611   .001696
   1830.00   .098950   .001712
   1840.00   .099245   .001760
   1850.00   .099653   .001843
   1860.00   .100129   .001764
   1870.00   .100160   .001947
   1880.00   .100555   .001736
   1890.00   .100847   .001752
   1900.00   .101184   .001797
   1910.00   .101634   .001771
   1920.00   .101994   .001769
   1930.00   .102430   .001737
   1940.00   .102644   .001742
   1950.00   .103056   .001749
   1960.00   .103518   .001710
   1970.00   .103795   .001689
   1980.00   .104167   .001683
   1990.00   .104861   .001735
   2000.00   .105433   .001823
   2010.00   .106121   .001780
   2020.00   .106960   .001657
   2030.00   .107691   .001637
   2040.00   .108311   .001735
   2050.00   .109005   .001736
   2060.00   .109638   .001812
   2070.00   .110197   .001741
   2080.00   .111002   .001745
   2090.00   .111808   .001736
   2100.00   .112452   .001822
   2110.00   .113880   .001713
   2120.00   .114985   .001735
   2130.00   .115809   .001803
   2140.00   .116452   .001695
   2150.00   .116572   .001618
   2160.00   .116567   .001618
   2170.00   .116485   .001597
   2180.00   .116489   .001511
   2190.00   .116423   .001675
   2200.00   .116684   .001668
   2210.00   .117009   .001710
   2220.00   .117429   .001850
   2230.00   .118016   .001829
   2240.00   .118826   .001799
   2250.00   .119542   .001743
   2260.00   .120375   .001848
   2270.00   .121387   .001817
   2280.00   .122208   .001865
   2290.00   .123176   .001835
   2300.00   .124155   .001852
   2310.00   .125211   .001855
   2320.00   .126129   .001870
   2330.00   .127251   .001978
   2340.00   .128324   .001893
   2350.00   .129284   .001876
   2360.00   .130120   .001910
   2370.00   .130995   .002002
   2380.00   .131933   .001996
   2390.00   .132867   .002053
   2400.00   .133580   .001987
   2410.00   .134221   .002051
   2420.00   .135113   .002085
   2430.00   .135840   .002060
   2440.00   .136512   .002177
   2450.00   .137019   .002236
   2460.00   .137760   .002153
   2470.00   .138403   .002107
   2480.00   .139233   .002125
   2490.00   .140224   .002049
   2500.00   .141409   .002037
   2510.00   .142961   .002052
   2520.00   .144966   .002120
   2530.00   .146909   .002198
   2540.00   .149227   .002207
   2550.00   .151619   .002535



 K1LS143.ASC             

 LS-BWD-143
 15041 agglutinate (hand-picked) 125-250 um at (i,e)=(30,0) with a broad beam
 No depolarizer was used over the wavelength range of 1800-2550 nm
 Albedo adjusted to the visible range
 
 Source Ang:  30.00, Detect Ang:    .00, Volt:  .777
 Date: 11-MAR-19, Time: 12:57:12
