       224
    320.00   .169986   .009480
    330.00   .175229   .006969
    340.00   .182122   .006893
    350.00   .191309   .005982
    360.00   .199148   .004220
    370.00   .206803   .004192
    380.00   .211253   .004148
    390.00   .216406   .004283
    400.00   .220257   .005703
    410.00   .224070   .004760
    420.00   .227034   .004477
    430.00   .229165   .004251
    440.00   .231248   .004108
    450.00   .233923   .004089
    460.00   .235300   .004046
    470.00   .236330   .004006
    480.00   .237796   .003881
    490.00   .238928   .003797
    500.00   .240349   .003707
    510.00   .241262   .003756
    520.00   .243146   .003848
    530.00   .244100   .003826
    540.00   .245830   .003819
    550.00   .246551   .003896
    560.00   .247417   .003694
    570.00   .248592   .003869
    580.00   .249762   .003774
    590.00   .250855   .003912
    600.00   .251413   .003871
    610.00   .252495   .003830
    620.00   .253475   .003689
    630.00   .255054   .003820
    640.00   .256546   .003772
    650.00   .257954   .003911
    660.00   .258994   .003991
    670.00   .260430   .003956
    680.00   .261702   .003816
    690.00   .263676   .004112
    700.00   .265278   .004289
    710.00   .267466   .004275
    720.00   .269944   .004333
    730.00   .271534   .004190
    740.00   .273393   .004428
    750.00   .274552   .004604
    760.00   .275462   .004797
    770.00   .275930   .005034
    780.00   .275860   .005273
    790.00   .275360   .005608
    800.00   .274869   .005868
    810.00   .273192   .006292
    820.00   .270371   .006926
    830.00   .266609   .007131
    840.00   .263230   .007137
    850.00   .259799   .007184
    860.00   .254770   .008298
    870.00   .250465   .007733
    880.00   .245877   .007296
    890.00   .243207   .005795
    900.00   .240988   .005260
    910.00   .238899   .004927
    920.00   .237210   .004512
    930.00   .236398   .004447
    940.00   .235747   .003792
    950.00   .235476   .003447
    960.00   .236175   .003086
    970.00   .238028   .002736
    980.00   .239612   .002566
    990.00   .241274   .002350
   1000.00   .243337   .002291
   1010.00   .245796   .002163
   1020.00   .247821   .002109
   1030.00   .250701   .002651
   1040.00   .252641   .002505
   1050.00   .254782   .002449
   1060.00   .257278   .002464
   1070.00   .259486   .002169
   1080.00   .261648   .002200
   1090.00   .264089   .002194
   1100.00   .266806   .002206
   1110.00   .268917   .002097
   1120.00   .271193   .002148
   1130.00   .272830   .002049
   1140.00   .274492   .002104
   1150.00   .275423   .001941
   1160.00   .276562   .002017
   1170.00   .277163   .001859
   1180.00   .277699   .001931
   1190.00   .278419   .001883
   1200.00   .278753   .001917
   1210.00   .279087   .001918
   1220.00   .279566   .001753
   1230.00   .279974   .001700
   1240.00   .280392   .001701
   1250.00   .280791   .001817
   1260.00   .281492   .001711
   1270.00   .282602   .001737
   1280.00   .283118   .001868
   1290.00   .283985   .001822
   1300.00   .284871   .001819
   1310.00   .285815   .001788
   1320.00   .286802   .001862
   1330.00   .287835   .001896
   1340.00   .289351   .001843
   1350.00   .290153   .001736
   1360.00   .291571   .001775
   1370.00   .292757   .001780
   1380.00   .294138   .001805
   1390.00   .295555   .001833
   1400.00   .296857   .001895
   1410.00   .297999   .001923
   1420.00   .299448   .001982
   1430.00   .299812   .001994
   1440.00   .301353   .002060
   1450.00   .302119   .001984
   1460.00   .303080   .001819
   1470.00   .303696   .001953
   1480.00   .304723   .001963
   1490.00   .305360   .001867
   1500.00   .305974   .001973
   1510.00   .306533   .001796
   1520.00   .307191   .002179
   1530.00   .307355   .002007
   1540.00   .307488   .002051
   1550.00   .307585   .002015
   1560.00   .307552   .002044
   1570.00   .307524   .002011
   1580.00   .307379   .002053
   1590.00   .307222   .002027
   1600.00   .306980   .002182
   1610.00   .306784   .001884
   1620.00   .306362   .001994
   1630.00   .305805   .002133
   1640.00   .305144   .002064
   1650.00   .304754   .002006
   1660.00   .303946   .002113
   1670.00   .303644   .002152
   1680.00   .303188   .002062
   1690.00   .302389   .002150
   1700.00   .301881   .002117
   1710.00   .301090   .002058
   1720.00   .300009   .002176
   1730.00   .299233   .002099
   1740.00   .298503   .002166
   1750.00   .297460   .002054
   1760.00   .296968   .001881
   1770.00   .296058   .002060
   1780.00   .295199   .002198
   1790.00   .294630   .002182
   1800.00   .293869   .002285
   1810.00   .292688   .002314
   1820.00   .292099   .002524
   1830.00   .292151   .002460
   1840.00   .291756   .002442
   1850.00   .290945   .002403
   1860.00   .290594   .002401
   1870.00   .289845   .002296
   1880.00   .289093   .002299
   1890.00   .288537   .002339
   1900.00   .288479   .002309
   1910.00   .288164   .002326
   1920.00   .288193   .002332
   1930.00   .288566   .002398
   1940.00   .288703   .002243
   1950.00   .288723   .002506
   1960.00   .288935   .002510
   1970.00   .289356   .002450
   1980.00   .289826   .002315
   1990.00   .291185   .002427
   2000.00   .292210   .002563
   2010.00   .293592   .002753
   2020.00   .294755   .002492
   2030.00   .296131   .002526
   2040.00   .297640   .002453
   2050.00   .298882   .002438
   2060.00   .300468   .002572
   2070.00   .301769   .002707
   2080.00   .303387   .002628
   2090.00   .304840   .002618
   2100.00   .306487   .002610
   2110.00   .308925   .002397
   2120.00   .311366   .002335
   2130.00   .313485   .002500
   2140.00   .314344   .002482
   2150.00   .315077   .002511
   2160.00   .314513   .002422
   2170.00   .313647   .002535
   2180.00   .312942   .002489
   2190.00   .312385   .002399
   2200.00   .312271   .002366
   2210.00   .313040   .002632
   2220.00   .314456   .002614
   2230.00   .315801   .002528
   2240.00   .317473   .002522
   2250.00   .318992   .002519
   2260.00   .320790   .002575
   2270.00   .322718   .002702
   2280.00   .324836   .002582
   2290.00   .326412   .002746
   2300.00   .328813   .002775
   2310.00   .330919   .002879
   2320.00   .332918   .002831
   2330.00   .335782   .002892
   2340.00   .338463   .003185
   2350.00   .340808   .002928
   2360.00   .342237   .002966
   2370.00   .343823   .002924
   2380.00   .345490   .002958
   2390.00   .347216   .002924
   2400.00   .348618   .003185
   2410.00   .350035   .003146
   2420.00   .351855   .003198
   2430.00   .353557   .003180
   2440.00   .355139   .002916
   2450.00   .356341   .003205
   2460.00   .357328   .003137
   2470.00   .358725   .003155
   2480.00   .359671   .003184
   2490.00   .361841   .003135
   2500.00   .364286   .003082
   2510.00   .367433   .003124
   2520.00   .372005   .003173
   2530.00   .375318   .003098
   2540.00   .379364   .003069
   2550.00   .387772   .003694



 K1LS145.ASC             

 LS-BWD-145
 67461 bulk 125-250 um
 No depolarizer was used over the wavelength range of 1800-2550 nm
 Albedo adjusted to the visible range
 
 Source Ang:  30.00, Detect Ang:    .00, Volt:  .777
 Date: 08-MAR-19, Time: 10:49:52
