  3504
    900.0   0.07158
    900.3   0.07148
    900.6   0.07157
    901.0   0.07133
    901.3   0.07109
    901.6   0.07112
    901.9   0.07141
    902.2   0.07146
    902.5   0.07147
    902.8   0.07163
    903.2   0.07172
    903.5   0.07161
    903.8   0.07162
    904.1   0.07156
    904.4   0.07140
    904.7   0.07154
    905.1   0.07157
    905.4   0.07149
    905.7   0.07130
    906.0   0.07151
    906.3   0.07175
    906.6   0.07198
    907.0   0.07202
    907.3   0.07176
    907.6   0.07155
    907.9   0.07171
    908.2   0.07194
    908.5   0.07186
    908.9   0.07155
    909.2   0.07182
    909.5   0.07205
    909.8   0.07199
    910.1   0.07207
    910.5   0.07233
    910.8   0.07255
    911.1   0.07225
    911.4   0.07200
    911.7   0.07229
    912.1   0.07239
    912.4   0.07216
    912.7   0.07172
    913.0   0.07160
    913.3   0.07216
    913.7   0.07229
    914.0   0.07206
    914.3   0.07209
    914.6   0.07221
    915.0   0.07243
    915.3   0.07225
    915.6   0.07222
    915.9   0.07262
    916.2   0.07280
    916.6   0.07246
    916.9   0.07303
    917.2   0.07364
    917.5   0.07322
    917.9   0.07263
    918.2   0.07223
    918.5   0.07245
    918.8   0.07277
    919.2   0.07262
    919.5   0.07254
    919.8   0.07288
    920.2   0.07272
    920.5   0.07259
    920.8   0.07251
    921.1   0.07248
    921.5   0.07287
    921.8   0.07291
    922.1   0.07289
    922.4   0.07290
    922.8   0.07244
    923.1   0.07177
    923.4   0.07222
    923.8   0.07240
    924.1   0.07194
    924.4   0.07196
    924.7   0.07545
    925.1   0.07664
    925.4   0.07597
    925.7   0.07739
    926.1   0.07432
    926.4   0.07249
    926.7   0.07283
    927.1   0.07327
    927.4   0.07301
    927.7   0.07292
    928.1   0.07286
    928.4   0.07279
    928.7   0.07288
    929.1   0.07302
    929.4   0.07333
    929.7   0.07368
    930.1   0.07325
    930.4   0.07312
    930.7   0.07322
    931.1   0.07340
    931.4   0.07343
    931.7   0.07355
    932.1   0.07367
    932.4   0.07358
    932.7   0.07351
    933.1   0.07330
    933.4   0.07295
    933.7   0.07351
    934.1   0.07384
    934.4   0.07363
    934.8   0.07345
    935.1   0.07345
    935.4   0.07368
    935.8   0.07366
    936.1   0.07364
    936.4   0.07353
    936.8   0.07353
    937.1   0.07372
    937.5   0.07379
    937.8   0.07364
    938.1   0.07356
    938.5   0.07350
    938.8   0.07352
    939.2   0.07373
    939.5   0.07389
    939.8   0.07391
    940.2   0.07376
    940.5   0.07375
    940.9   0.07379
    941.2   0.07383
    941.5   0.07405
    941.9   0.07396
    942.2   0.07406
    942.6   0.07423
    942.9   0.07413
    943.3   0.07396
    943.6   0.07391
    943.9   0.07402
    944.3   0.07406
    944.6   0.07404
    945.0   0.07419
    945.3   0.07418
    945.7   0.07431
    946.0   0.07470
    946.4   0.07472
    946.7   0.07436
    947.0   0.07432
    947.4   0.07460
    947.7   0.07476
    948.1   0.07457
    948.4   0.07441
    948.8   0.07454
    949.1   0.07469
    949.5   0.07466
    949.8   0.07466
    950.2   0.07477
    950.5   0.07481
    950.9   0.07481
    951.2   0.07473
    951.6   0.07473
    951.9   0.07471
    952.3   0.07487
    952.6   0.07492
    953.0   0.07489
    953.3   0.07485
    953.7   0.07488
    954.0   0.07496
    954.4   0.07501
    954.7   0.07517
    955.1   0.07525
    955.4   0.07517
    955.8   0.07517
    956.1   0.07524
    956.5   0.07503
    956.8   0.07505
    957.2   0.07537
    957.5   0.07545
    957.9   0.07519
    958.3   0.07510
    958.6   0.07536
    959.0   0.07575
    959.3   0.07585
    959.7   0.07537
    960.0   0.07528
    960.4   0.07545
    960.7   0.07545
    961.1   0.07541
    961.4   0.07540
    961.8   0.07544
    962.2   0.07545
    962.5   0.07561
    962.9   0.07578
    963.2   0.07578
    963.6   0.07587
    964.0   0.07595
    964.3   0.07603
    964.7   0.07593
    965.0   0.07601
    965.4   0.07597
    965.7   0.07583
    966.1   0.07601
    966.5   0.07626
    966.8   0.07618
    967.2   0.07620
    967.6   0.07633
    967.9   0.07633
    968.3   0.07623
    968.6   0.07618
    969.0   0.07626
    969.4   0.07632
    969.7   0.07620
    970.1   0.07629
    970.4   0.07646
    970.8   0.07647
    971.2   0.07647
    971.5   0.07659
    971.9   0.07656
    972.3   0.07658
    972.6   0.07666
    973.0   0.07660
    973.4   0.07656
    973.7   0.07669
    974.1   0.07684
    974.5   0.07681
    974.8   0.07690
    975.2   0.07710
    975.6   0.07708
    975.9   0.07693
    976.3   0.07687
    976.7   0.07685
    977.0   0.07694
    977.4   0.07722
    977.8   0.07746
    978.1   0.07736
    978.5   0.07735
    978.9   0.07728
    979.2   0.07717
    979.6   0.07724
    980.0   0.07730
    980.4   0.07726
    980.7   0.07722
    981.1   0.07727
    981.5   0.07732
    981.8   0.07746
    982.2   0.07761
    982.6   0.07774
    983.0   0.07781
    983.3   0.07777
    983.7   0.07770
    984.1   0.07790
    984.5   0.07792
    984.8   0.07786
    985.2   0.07791
    985.6   0.07829
    986.0   0.07842
    986.3   0.07832
    986.7   0.07818
    987.1   0.07820
    987.5   0.07830
    987.8   0.07832
    988.2   0.07833
    988.6   0.07840
    989.0   0.07856
    989.3   0.07851
    989.7   0.07848
    990.1   0.07855
    990.5   0.07839
    990.9   0.07842
    991.2   0.07862
    991.6   0.07868
    992.0   0.07870
    992.4   0.07850
    992.7   0.07849
    993.1   0.07876
    993.5   0.07889
    993.9   0.07896
    994.3   0.07898
    994.7   0.07907
    995.0   0.07913
    995.4   0.07908
    995.8   0.07905
    996.2   0.07906
    996.6   0.07906
    996.9   0.07900
    997.3   0.07904
    997.7   0.07918
    998.1   0.07924
    998.5   0.07920
    998.9   0.07921
    999.3   0.07953
    999.6   0.07956
   1000.0   0.07943
   1000.4   0.07954
   1000.8   0.07964
   1001.2   0.07956
   1001.6   0.07943
   1002.0   0.07949
   1002.3   0.07951
   1002.7   0.07942
   1003.1   0.07942
   1003.5   0.07972
   1003.9   0.07993
   1004.3   0.07986
   1004.7   0.07993
   1005.1   0.08009
   1005.5   0.08011
   1005.8   0.08009
   1006.2   0.08004
   1006.6   0.08019
   1007.0   0.08042
   1007.4   0.08035
   1007.8   0.08031
   1008.2   0.08027
   1008.6   0.08012
   1009.0   0.08040
   1009.4   0.08076
   1009.8   0.08071
   1010.2   0.08063
   1010.6   0.08070
   1010.9   0.08072
   1011.3   0.08068
   1011.7   0.08059
   1012.1   0.08046
   1012.5   0.08048
   1012.9   0.08051
   1013.3   0.08049
   1013.7   0.08054
   1014.1   0.08082
   1014.5   0.08092
   1014.9   0.08076
   1015.3   0.08079
   1015.7   0.08090
   1016.1   0.08095
   1016.5   0.08086
   1016.9   0.08101
   1017.3   0.08121
   1017.7   0.08111
   1018.1   0.08104
   1018.5   0.08098
   1018.9   0.08090
   1019.3   0.08117
   1019.7   0.08130
   1020.1   0.08128
   1020.5   0.08148
   1020.9   0.08149
   1021.3   0.08129
   1021.7   0.08130
   1022.1   0.08133
   1022.5   0.08135
   1022.9   0.08141
   1023.3   0.08151
   1023.7   0.08155
   1024.1   0.08155
   1024.5   0.08157
   1024.9   0.08162
   1025.3   0.08162
   1025.7   0.08167
   1026.2   0.08174
   1026.6   0.08180
   1027.0   0.08180
   1027.4   0.08172
   1027.8   0.08177
   1028.2   0.08197
   1028.6   0.08190
   1029.0   0.08183
   1029.4   0.08201
   1029.8   0.08210
   1030.2   0.08205
   1030.6   0.08207
   1031.1   0.08210
   1031.5   0.08203
   1031.9   0.08196
   1032.3   0.08217
   1032.7   0.08240
   1033.1   0.08236
   1033.5   0.08236
   1033.9   0.08242
   1034.3   0.08246
   1034.8   0.08238
   1035.2   0.08237
   1035.6   0.08244
   1036.0   0.08257
   1036.4   0.08279
   1036.8   0.08281
   1037.2   0.08268
   1037.7   0.08257
   1038.1   0.08265
   1038.5   0.08266
   1038.9   0.08268
   1039.3   0.08277
   1039.7   0.08283
   1040.2   0.08280
   1040.6   0.08286
   1041.0   0.08288
   1041.4   0.08291
   1041.8   0.08303
   1042.2   0.08302
   1042.7   0.08303
   1043.1   0.08305
   1043.5   0.08306
   1043.9   0.08305
   1044.3   0.08322
   1044.8   0.08330
   1045.2   0.08320
   1045.6   0.08330
   1046.0   0.08339
   1046.5   0.08331
   1046.9   0.08332
   1047.3   0.08341
   1047.7   0.08349
   1048.1   0.08348
   1048.6   0.08344
   1049.0   0.08349
   1049.4   0.08363
   1049.8   0.08356
   1050.3   0.08362
   1050.7   0.08356
   1051.1   0.08359
   1051.5   0.08373
   1052.0   0.08382
   1052.4   0.08388
   1052.8   0.08389
   1053.3   0.08388
   1053.7   0.08380
   1054.1   0.08388
   1054.5   0.08397
   1055.0   0.08392
   1055.4   0.08398
   1055.8   0.08406
   1056.3   0.08409
   1056.7   0.08414
   1057.1   0.08418
   1057.6   0.08417
   1058.0   0.08418
   1058.4   0.08434
   1058.9   0.08442
   1059.3   0.08440
   1059.7   0.08443
   1060.2   0.08438
   1060.6   0.08428
   1061.0   0.08426
   1061.5   0.08441
   1061.9   0.08459
   1062.3   0.08459
   1062.8   0.08452
   1063.2   0.08448
   1063.6   0.08463
   1064.1   0.08467
   1064.5   0.08470
   1064.9   0.08478
   1065.4   0.08477
   1065.8   0.08479
   1066.3   0.08486
   1066.7   0.08487
   1067.1   0.08494
   1067.6   0.08501
   1068.0   0.08497
   1068.5   0.08487
   1068.9   0.08494
   1069.3   0.08509
   1069.8   0.08507
   1070.2   0.08515
   1070.7   0.08520
   1071.1   0.08520
   1071.5   0.08529
   1072.0   0.08532
   1072.4   0.08528
   1072.9   0.08526
   1073.3   0.08532
   1073.8   0.08543
   1074.2   0.08542
   1074.7   0.08539
   1075.1   0.08545
   1075.5   0.08559
   1076.0   0.08562
   1076.4   0.08555
   1076.9   0.08562
   1077.3   0.08564
   1077.8   0.08571
   1078.2   0.08577
   1078.7   0.08575
   1079.1   0.08572
   1079.6   0.08571
   1080.0   0.08571
   1080.5   0.08574
   1080.9   0.08583
   1081.4   0.08594
   1081.8   0.08601
   1082.3   0.08614
   1082.7   0.08612
   1083.2   0.08609
   1083.6   0.08615
   1084.1   0.08622
   1084.5   0.08628
   1085.0   0.08627
   1085.5   0.08620
   1085.9   0.08622
   1086.4   0.08632
   1086.8   0.08630
   1087.3   0.08637
   1087.7   0.08647
   1088.2   0.08657
   1088.6   0.08648
   1089.1   0.08653
   1089.6   0.08664
   1090.0   0.08662
   1090.5   0.08651
   1090.9   0.08652
   1091.4   0.08675
   1091.9   0.08688
   1092.3   0.08687
   1092.8   0.08681
   1093.2   0.08679
   1093.7   0.08691
   1094.2   0.08705
   1094.6   0.08711
   1095.1   0.08705
   1095.5   0.08702
   1096.0   0.08706
   1096.5   0.08717
   1096.9   0.08709
   1097.4   0.08712
   1097.9   0.08724
   1098.3   0.08724
   1098.8   0.08734
   1099.3   0.08746
   1099.7   0.08746
   1100.2   0.08746
   1100.7   0.08746
   1101.1   0.08751
   1101.6   0.08759
   1102.1   0.08765
   1102.5   0.08766
   1103.0   0.08768
   1103.5   0.08762
   1103.9   0.08754
   1104.4   0.08755
   1104.9   0.08756
   1105.4   0.08759
   1105.8   0.08776
   1106.3   0.08785
   1106.8   0.08779
   1107.2   0.08770
   1107.7   0.08778
   1108.2   0.08786
   1108.7   0.08791
   1109.1   0.08794
   1109.6   0.08800
   1110.1   0.08799
   1110.6   0.08800
   1111.0   0.08806
   1111.5   0.08817
   1112.0   0.08828
   1112.5   0.08820
   1113.0   0.08816
   1113.4   0.08825
   1113.9   0.08831
   1114.4   0.08825
   1114.9   0.08820
   1115.3   0.08826
   1115.8   0.08832
   1116.3   0.08824
   1116.8   0.08828
   1117.3   0.08833
   1117.8   0.08829
   1118.2   0.08831
   1118.7   0.08836
   1119.2   0.08846
   1119.7   0.08849
   1120.2   0.08853
   1120.7   0.08852
   1121.1   0.08854
   1121.6   0.08854
   1122.1   0.08855
   1122.6   0.08855
   1123.1   0.08858
   1123.6   0.08858
   1124.1   0.08865
   1124.5   0.08873
   1125.0   0.08870
   1125.5   0.08872
   1126.0   0.08873
   1126.5   0.08871
   1127.0   0.08880
   1127.5   0.08893
   1128.0   0.08887
   1128.5   0.08888
   1128.9   0.08895
   1129.4   0.08889
   1129.9   0.08886
   1130.4   0.08889
   1130.9   0.08885
   1131.4   0.08884
   1131.9   0.08886
   1132.4   0.08897
   1132.9   0.08903
   1133.4   0.08903
   1133.9   0.08906
   1134.4   0.08905
   1134.9   0.08906
   1135.4   0.08905
   1135.9   0.08913
   1136.4   0.08920
   1136.9   0.08920
   1137.4   0.08922
   1137.9   0.08923
   1138.4   0.08920
   1138.9   0.08923
   1139.4   0.08931
   1139.9   0.08928
   1140.4   0.08918
   1140.9   0.08917
   1141.4   0.08931
   1141.9   0.08932
   1142.4   0.08929
   1142.9   0.08942
   1143.4   0.08943
   1143.9   0.08928
   1144.4   0.08923
   1144.9   0.08929
   1145.4   0.08943
   1145.9   0.08948
   1146.4   0.08943
   1146.9   0.08941
   1147.4   0.08947
   1147.9   0.08949
   1148.5   0.08945
   1149.0   0.08951
   1149.5   0.08954
   1150.0   0.08950
   1150.5   0.08945
   1151.0   0.08953
   1151.5   0.08951
   1152.0   0.08949
   1152.5   0.08952
   1153.1   0.08957
   1153.6   0.08958
   1154.1   0.08956
   1154.6   0.08958
   1155.1   0.08955
   1155.6   0.08955
   1156.1   0.08961
   1156.7   0.08964
   1157.2   0.08958
   1157.7   0.08957
   1158.2   0.08956
   1158.7   0.08956
   1159.2   0.08957
   1159.8   0.08952
   1160.3   0.08960
   1160.8   0.08975
   1161.3   0.08975
   1161.8   0.08970
   1162.4   0.08972
   1162.9   0.08978
   1163.4   0.08979
   1163.9   0.08972
   1164.5   0.08964
   1165.0   0.08963
   1165.5   0.08967
   1166.0   0.08966
   1166.5   0.08967
   1167.1   0.08967
   1167.6   0.08968
   1168.1   0.08978
   1168.7   0.08974
   1169.2   0.08971
   1169.7   0.08981
   1170.2   0.08982
   1170.8   0.08980
   1171.3   0.08980
   1171.8   0.08981
   1172.4   0.08979
   1172.9   0.08980
   1173.4   0.08983
   1173.9   0.08986
   1174.5   0.08990
   1175.0   0.08984
   1175.5   0.08980
   1176.1   0.08979
   1176.6   0.08976
   1177.1   0.08977
   1177.7   0.08976
   1178.2   0.08976
   1178.7   0.08987
   1179.3   0.08997
   1179.8   0.08987
   1180.4   0.08987
   1180.9   0.08994
   1181.4   0.08993
   1182.0   0.08988
   1182.5   0.08978
   1183.1   0.08976
   1183.6   0.08981
   1184.1   0.08988
   1184.7   0.08983
   1185.2   0.08985
   1185.8   0.08988
   1186.3   0.08985
   1186.8   0.08988
   1187.4   0.08993
   1187.9   0.08986
   1188.5   0.08989
   1189.0   0.08999
   1189.6   0.08998
   1190.1   0.08988
   1190.7   0.08987
   1191.2   0.08991
   1191.8   0.08997
   1192.3   0.08988
   1192.9   0.08986
   1193.4   0.08991
   1194.0   0.08982
   1194.5   0.08982
   1195.1   0.08993
   1195.6   0.08995
   1196.2   0.08990
   1196.7   0.08996
   1197.3   0.09001
   1197.8   0.08992
   1198.4   0.08988
   1198.9   0.08989
   1199.5   0.08991
   1200.0   0.08994
   1200.6   0.08999
   1201.1   0.09001
   1201.7   0.08995
   1202.3   0.08994
   1202.8   0.08991
   1203.4   0.08989
   1203.9   0.08992
   1204.5   0.08995
   1205.1   0.08995
   1205.6   0.09000
   1206.2   0.09008
   1206.7   0.09003
   1207.3   0.09000
   1207.9   0.09001
   1208.4   0.09002
   1209.0   0.08999
   1209.6   0.08997
   1210.1   0.08997
   1210.7   0.08994
   1211.2   0.08992
   1211.8   0.08996
   1212.4   0.08999
   1212.9   0.09002
   1213.5   0.09003
   1214.1   0.09001
   1214.7   0.08992
   1215.2   0.08986
   1215.8   0.08987
   1216.4   0.08991
   1216.9   0.08994
   1217.5   0.08997
   1218.1   0.09000
   1218.6   0.09010
   1219.2   0.09011
   1219.8   0.09005
   1220.4   0.08999
   1220.9   0.09000
   1221.5   0.09002
   1222.1   0.09002
   1222.7   0.09000
   1223.3   0.09005
   1223.8   0.09003
   1224.4   0.09001
   1225.0   0.08996
   1225.6   0.08997
   1226.1   0.08997
   1226.7   0.08995
   1227.3   0.08999
   1227.9   0.09010
   1228.5   0.09013
   1229.1   0.09005
   1229.6   0.09000
   1230.2   0.09001
   1230.8   0.09001
   1231.4   0.09002
   1232.0   0.09002
   1232.6   0.08998
   1233.1   0.08992
   1233.7   0.08995
   1234.3   0.08999
   1234.9   0.09005
   1235.5   0.09011
   1236.1   0.09009
   1236.7   0.09015
   1237.3   0.09016
   1237.9   0.09013
   1238.4   0.09017
   1239.0   0.09012
   1239.6   0.09002
   1240.2   0.09005
   1240.8   0.09004
   1241.4   0.09008
   1242.0   0.09010
   1242.6   0.09000
   1243.2   0.09004
   1243.8   0.09016
   1244.4   0.09021
   1245.0   0.09017
   1245.6   0.09015
   1246.2   0.09015
   1246.8   0.09014
   1247.4   0.09013
   1248.0   0.09016
   1248.6   0.09016
   1249.2   0.09013
   1249.8   0.09009
   1250.4   0.09009
   1251.0   0.09019
   1251.6   0.09025
   1252.2   0.09028
   1252.8   0.09032
   1253.4   0.09023
   1254.0   0.09022
   1254.6   0.09032
   1255.2   0.09029
   1255.8   0.09034
   1256.5   0.09035
   1257.1   0.09023
   1257.7   0.09017
   1258.3   0.09024
   1258.9   0.09025
   1259.5   0.09020
   1260.1   0.09026
   1260.7   0.09027
   1261.3   0.09028
   1262.0   0.09025
   1262.6   0.09032
   1263.2   0.09036
   1263.8   0.09033
   1264.4   0.09025
   1265.0   0.09023
   1265.7   0.09031
   1266.3   0.09034
   1266.9   0.09037
   1267.5   0.09037
   1268.1   0.09031
   1268.8   0.09031
   1269.4   0.09029
   1270.0   0.09030
   1270.6   0.09038
   1271.2   0.09038
   1271.9   0.09039
   1272.5   0.09048
   1273.1   0.09048
   1273.7   0.09052
   1274.4   0.09053
   1275.0   0.09046
   1275.6   0.09044
   1276.3   0.09048
   1276.9   0.09049
   1277.5   0.09050
   1278.1   0.09052
   1278.8   0.09056
   1279.4   0.09063
   1280.0   0.09069
   1280.7   0.09062
   1281.3   0.09055
   1281.9   0.09056
   1282.6   0.09059
   1283.2   0.09059
   1283.8   0.09060
   1284.5   0.09060
   1285.1   0.09061
   1285.7   0.09065
   1286.4   0.09067
   1287.0   0.09070
   1287.7   0.09071
   1288.3   0.09075
   1288.9   0.09075
   1289.6   0.09074
   1290.2   0.09077
   1290.9   0.09077
   1291.5   0.09080
   1292.2   0.09079
   1292.8   0.09082
   1293.4   0.09088
   1294.1   0.09079
   1294.7   0.09075
   1295.4   0.09079
   1296.0   0.09089
   1296.7   0.09095
   1297.3   0.09089
   1298.0   0.09085
   1298.6   0.09092
   1299.3   0.09096
   1299.9   0.09098
   1300.6   0.09100
   1301.2   0.09100
   1301.9   0.09100
   1302.5   0.09102
   1303.2   0.09105
   1303.9   0.09104
   1304.5   0.09101
   1305.2   0.09107
   1305.8   0.09110
   1306.5   0.09110
   1307.1   0.09112
   1307.8   0.09117
   1308.5   0.09119
   1309.1   0.09119
   1309.8   0.09126
   1310.4   0.09120
   1311.1   0.09122
   1311.8   0.09129
   1312.4   0.09128
   1313.1   0.09126
   1313.8   0.09133
   1314.4   0.09141
   1315.1   0.09137
   1315.8   0.09128
   1316.4   0.09126
   1317.1   0.09129
   1317.8   0.09133
   1318.4   0.09138
   1319.1   0.09142
   1319.8   0.09144
   1320.5   0.09142
   1321.1   0.09147
   1321.8   0.09152
   1322.5   0.09151
   1323.2   0.09151
   1323.8   0.09158
   1324.5   0.09161
   1325.2   0.09160
   1325.9   0.09162
   1326.5   0.09159
   1327.2   0.09161
   1327.9   0.09169
   1328.6   0.09179
   1329.3   0.09179
   1329.9   0.09168
   1330.6   0.09168
   1331.3   0.09169
   1332.0   0.09177
   1332.7   0.09179
   1333.4   0.09179
   1334.1   0.09182
   1334.7   0.09182
   1335.4   0.09186
   1336.1   0.09187
   1336.8   0.09187
   1337.5   0.09190
   1338.2   0.09192
   1338.9   0.09188
   1339.6   0.09187
   1340.3   0.09192
   1341.0   0.09200
   1341.6   0.09206
   1342.3   0.09205
   1343.0   0.09203
   1343.7   0.09205
   1344.4   0.09208
   1345.1   0.09210
   1345.8   0.09212
   1346.5   0.09216
   1347.2   0.09217
   1347.9   0.09211
   1348.6   0.09210
   1349.3   0.09216
   1350.0   0.09220
   1350.7   0.09226
   1351.4   0.09233
   1352.1   0.09236
   1352.9   0.09232
   1353.6   0.09231
   1354.3   0.09233
   1355.0   0.09234
   1355.7   0.09242
   1356.4   0.09246
   1357.1   0.09246
   1357.8   0.09250
   1358.5   0.09250
   1359.2   0.09251
   1360.0   0.09258
   1360.7   0.09260
   1361.4   0.09263
   1362.1   0.09265
   1362.8   0.09268
   1363.5   0.09275
   1364.2   0.09273
   1365.0   0.09271
   1365.7   0.09278
   1366.4   0.09282
   1367.1   0.09278
   1367.8   0.09275
   1368.6   0.09279
   1369.3   0.09291
   1370.0   0.09294
   1370.7   0.09296
   1371.5   0.09297
   1372.2   0.09294
   1372.9   0.09296
   1373.6   0.09294
   1374.4   0.09297
   1375.1   0.09299
   1375.8   0.09299
   1376.6   0.09308
   1377.3   0.09315
   1378.0   0.09312
   1378.8   0.09309
   1379.5   0.09316
   1380.2   0.09323
   1381.0   0.09324
   1381.7   0.09330
   1382.4   0.09331
   1383.2   0.09334
   1383.9   0.09331
   1384.7   0.09327
   1385.4   0.09327
   1386.1   0.09332
   1386.9   0.09336
   1387.6   0.09343
   1388.4   0.09347
   1389.1   0.09347
   1389.8   0.09349
   1390.6   0.09353
   1391.3   0.09361
   1392.1   0.09364
   1392.8   0.09364
   1393.6   0.09362
   1394.3   0.09362
   1395.1   0.09372
   1395.8   0.09384
   1396.6   0.09381
   1397.3   0.09378
   1398.1   0.09382
   1398.8   0.09386
   1399.6   0.09383
   1400.4   0.09382
   1401.1   0.09384
   1401.9   0.09389
   1402.6   0.09393
   1403.4   0.09399
   1404.2   0.09393
   1404.9   0.09396
   1405.7   0.09407
   1406.4   0.09409
   1407.2   0.09404
   1408.0   0.09406
   1408.7   0.09412
   1409.5   0.09416
   1410.3   0.09416
   1411.0   0.09418
   1411.8   0.09421
   1412.6   0.09417
   1413.3   0.09425
   1414.1   0.09432
   1414.9   0.09436
   1415.7   0.09438
   1416.4   0.09442
   1417.2   0.09443
   1418.0   0.09441
   1418.8   0.09445
   1419.5   0.09445
   1420.3   0.09440
   1421.1   0.09446
   1421.9   0.09455
   1422.6   0.09459
   1423.4   0.09456
   1424.2   0.09456
   1425.0   0.09463
   1425.8   0.09469
   1426.6   0.09463
   1427.3   0.09465
   1428.1   0.09479
   1428.9   0.09484
   1429.7   0.09479
   1430.5   0.09475
   1431.3   0.09484
   1432.1   0.09487
   1432.9   0.09490
   1433.7   0.09493
   1434.5   0.09494
   1435.3   0.09498
   1436.0   0.09503
   1436.8   0.09506
   1437.6   0.09505
   1438.4   0.09507
   1439.2   0.09510
   1440.0   0.09515
   1440.8   0.09514
   1441.6   0.09510
   1442.4   0.09512
   1443.2   0.09519
   1444.0   0.09521
   1444.9   0.09520
   1445.7   0.09522
   1446.5   0.09527
   1447.3   0.09530
   1448.1   0.09537
   1448.9   0.09538
   1449.7   0.09536
   1450.5   0.09544
   1451.3   0.09547
   1452.1   0.09548
   1453.0   0.09552
   1453.8   0.09550
   1454.6   0.09549
   1455.4   0.09555
   1456.2   0.09556
   1457.0   0.09557
   1457.9   0.09565
   1458.7   0.09562
   1459.5   0.09559
   1460.3   0.09565
   1461.1   0.09569
   1462.0   0.09568
   1462.8   0.09573
   1463.6   0.09577
   1464.4   0.09579
   1465.3   0.09578
   1466.1   0.09576
   1466.9   0.09581
   1467.8   0.09584
   1468.6   0.09584
   1469.4   0.09588
   1470.3   0.09594
   1471.1   0.09594
   1471.9   0.09594
   1472.8   0.09598
   1473.6   0.09605
   1474.4   0.09606
   1475.3   0.09603
   1476.1   0.09603
   1477.0   0.09607
   1477.8   0.09611
   1478.6   0.09615
   1479.5   0.09618
   1480.3   0.09614
   1481.2   0.09613
   1482.0   0.09615
   1482.9   0.09620
   1483.7   0.09620
   1484.6   0.09617
   1485.4   0.09624
   1486.3   0.09630
   1487.1   0.09630
   1488.0   0.09633
   1488.8   0.09637
   1489.7   0.09639
   1490.6   0.09636
   1491.4   0.09638
   1492.3   0.09645
   1493.1   0.09646
   1494.0   0.09650
   1494.8   0.09651
   1495.7   0.09654
   1496.6   0.09653
   1497.4   0.09649
   1498.3   0.09651
   1499.2   0.09658
   1500.0   0.09663
   1500.9   0.09660
   1501.8   0.09656
   1502.6   0.09661
   1503.5   0.09664
   1504.4   0.09664
   1505.3   0.09669
   1506.1   0.09670
   1507.0   0.09671
   1507.9   0.09671
   1508.8   0.09668
   1509.6   0.09667
   1510.5   0.09672
   1511.4   0.09677
   1512.3   0.09679
   1513.2   0.09678
   1514.1   0.09675
   1514.9   0.09679
   1515.8   0.09688
   1516.7   0.09685
   1517.6   0.09685
   1518.5   0.09688
   1519.4   0.09689
   1520.3   0.09693
   1521.2   0.09698
   1522.1   0.09697
   1523.0   0.09698
   1523.8   0.09697
   1524.7   0.09698
   1525.6   0.09699
   1526.5   0.09701
   1527.4   0.09702
   1528.3   0.09709
   1529.2   0.09712
   1530.1   0.09713
   1531.0   0.09717
   1532.0   0.09717
   1532.9   0.09711
   1533.8   0.09710
   1534.7   0.09715
   1535.6   0.09715
   1536.5   0.09719
   1537.4   0.09719
   1538.3   0.09716
   1539.2   0.09721
   1540.1   0.09723
   1541.1   0.09722
   1542.0   0.09723
   1542.9   0.09717
   1543.8   0.09714
   1544.7   0.09719
   1545.7   0.09726
   1546.6   0.09728
   1547.5   0.09725
   1548.4   0.09723
   1549.4   0.09726
   1550.3   0.09729
   1551.2   0.09728
   1552.1   0.09730
   1553.1   0.09732
   1554.0   0.09735
   1554.9   0.09740
   1555.9   0.09738
   1556.8   0.09733
   1557.7   0.09735
   1558.7   0.09744
   1559.6   0.09743
   1560.5   0.09737
   1561.5   0.09732
   1562.4   0.09736
   1563.4   0.09741
   1564.3   0.09745
   1565.3   0.09746
   1566.2   0.09742
   1567.2   0.09743
   1568.1   0.09744
   1569.0   0.09743
   1570.0   0.09743
   1571.0   0.09743
   1571.9   0.09742
   1572.9   0.09744
   1573.8   0.09746
   1574.8   0.09746
   1575.7   0.09746
   1576.7   0.09747
   1577.6   0.09746
   1578.6   0.09746
   1579.6   0.09750
   1580.5   0.09753
   1581.5   0.09756
   1582.5   0.09755
   1583.4   0.09750
   1584.4   0.09750
   1585.4   0.09752
   1586.3   0.09751
   1587.3   0.09755
   1588.3   0.09756
   1589.3   0.09758
   1590.2   0.09758
   1591.2   0.09760
   1592.2   0.09762
   1593.2   0.09759
   1594.1   0.09761
   1595.1   0.09765
   1596.1   0.09763
   1597.1   0.09764
   1598.1   0.09759
   1599.1   0.09752
   1600.0   0.09752
   1601.0   0.09756
   1602.0   0.09759
   1603.0   0.09764
   1604.0   0.09765
   1605.0   0.09760
   1606.0   0.09762
   1607.0   0.09765
   1608.0   0.09764
   1609.0   0.09762
   1610.0   0.09763
   1611.0   0.09769
   1612.0   0.09771
   1613.0   0.09762
   1614.0   0.09758
   1615.0   0.09762
   1616.0   0.09762
   1617.0   0.09762
   1618.0   0.09765
   1619.0   0.09767
   1620.0   0.09766
   1621.1   0.09765
   1622.1   0.09761
   1623.1   0.09758
   1624.1   0.09758
   1625.1   0.09762
   1626.1   0.09764
   1627.2   0.09764
   1628.2   0.09764
   1629.2   0.09762
   1630.2   0.09754
   1631.3   0.09755
   1632.3   0.09763
   1633.3   0.09767
   1634.3   0.09763
   1635.4   0.09761
   1636.4   0.09761
   1637.4   0.09757
   1638.5   0.09755
   1639.5   0.09752
   1640.5   0.09756
   1641.6   0.09755
   1642.6   0.09753
   1643.7   0.09756
   1644.7   0.09759
   1645.8   0.09759
   1646.8   0.09761
   1647.8   0.09758
   1648.9   0.09756
   1649.9   0.09756
   1651.0   0.09749
   1652.1   0.09746
   1653.1   0.09753
   1654.2   0.09760
   1655.2   0.09758
   1656.3   0.09758
   1657.3   0.09751
   1658.4   0.09746
   1659.5   0.09752
   1660.5   0.09752
   1661.6   0.09749
   1662.6   0.09750
   1663.7   0.09748
   1664.8   0.09749
   1665.9   0.09748
   1666.9   0.09748
   1668.0   0.09748
   1669.1   0.09751
   1670.1   0.09754
   1671.2   0.09752
   1672.3   0.09749
   1673.4   0.09745
   1674.5   0.09742
   1675.5   0.09740
   1676.6   0.09744
   1677.7   0.09747
   1678.8   0.09742
   1679.9   0.09734
   1681.0   0.09733
   1682.1   0.09733
   1683.2   0.09736
   1684.3   0.09738
   1685.3   0.09732
   1686.4   0.09731
   1687.5   0.09730
   1688.6   0.09733
   1689.7   0.09734
   1690.8   0.09729
   1692.0   0.09734
   1693.1   0.09735
   1694.2   0.09732
   1695.3   0.09731
   1696.4   0.09729
   1697.5   0.09728
   1698.6   0.09729
   1699.7   0.09732
   1700.8   0.09724
   1701.9   0.09719
   1703.1   0.09724
   1704.2   0.09726
   1705.3   0.09724
   1706.4   0.09724
   1707.6   0.09721
   1708.7   0.09724
   1709.8   0.09720
   1710.9   0.09714
   1712.1   0.09716
   1713.2   0.09712
   1714.3   0.09713
   1715.5   0.09716
   1716.6   0.09715
   1717.7   0.09716
   1718.9   0.09712
   1720.0   0.09704
   1721.2   0.09704
   1722.3   0.09705
   1723.4   0.09703
   1724.6   0.09703
   1725.7   0.09705
   1726.9   0.09704
   1728.0   0.09705
   1729.2   0.09703
   1730.4   0.09701
   1731.5   0.09705
   1732.7   0.09701
   1733.8   0.09698
   1735.0   0.09700
   1736.1   0.09699
   1737.3   0.09702
   1738.5   0.09701
   1739.6   0.09697
   1740.8   0.09697
   1742.0   0.09696
   1743.2   0.09695
   1744.3   0.09693
   1745.5   0.09687
   1746.7   0.09685
   1747.9   0.09685
   1749.0   0.09686
   1750.2   0.09687
   1751.4   0.09685
   1752.6   0.09681
   1753.8   0.09680
   1755.0   0.09680
   1756.1   0.09676
   1757.3   0.09674
   1758.5   0.09675
   1759.7   0.09680
   1760.9   0.09682
   1762.1   0.09679
   1763.3   0.09674
   1764.5   0.09677
   1765.7   0.09677
   1766.9   0.09671
   1768.1   0.09670
   1769.3   0.09669
   1770.5   0.09664
   1771.7   0.09666
   1773.0   0.09670
   1774.2   0.09667
   1775.4   0.09663
   1776.6   0.09660
   1777.8   0.09662
   1779.0   0.09664
   1780.3   0.09664
   1781.5   0.09660
   1782.7   0.09654
   1783.9   0.09649
   1785.2   0.09649
   1786.4   0.09653
   1787.6   0.09653
   1788.9   0.09653
   1790.1   0.09653
   1791.3   0.09648
   1792.6   0.09647
   1793.8   0.09651
   1795.1   0.09651
   1796.3   0.09650
   1797.6   0.09648
   1798.8   0.09640
   1800.0   0.09637
   1801.3   0.09641
   1802.6   0.09636
   1803.8   0.09635
   1805.1   0.09638
   1806.3   0.09637
   1807.6   0.09636
   1808.8   0.09634
   1810.1   0.09640
   1811.4   0.09636
   1812.6   0.09631
   1813.9   0.09627
   1815.2   0.09630
   1816.4   0.09632
   1817.7   0.09629
   1819.0   0.09626
   1820.3   0.09627
   1821.6   0.09628
   1822.8   0.09625
   1824.1   0.09625
   1825.4   0.09625
   1826.7   0.09623
   1828.0   0.09621
   1829.3   0.09617
   1830.6   0.09617
   1831.8   0.09618
   1833.1   0.09616
   1834.4   0.09615
   1835.7   0.09617
   1837.0   0.09618
   1838.3   0.09615
   1839.7   0.09613
   1841.0   0.09609
   1842.3   0.09602
   1843.6   0.09602
   1844.9   0.09610
   1846.2   0.09612
   1847.5   0.09605
   1848.8   0.09604
   1850.2   0.09606
   1851.5   0.09602
   1852.8   0.09600
   1854.1   0.09602
   1855.5   0.09603
   1856.8   0.09595
   1858.1   0.09594
   1859.4   0.09593
   1860.8   0.09593
   1862.1   0.09597
   1863.5   0.09595
   1864.8   0.09590
   1866.1   0.09589
   1867.5   0.09589
   1868.8   0.09591
   1870.2   0.09593
   1871.5   0.09588
   1872.9   0.09585
   1874.2   0.09588
   1875.6   0.09590
   1876.9   0.09588
   1878.3   0.09584
   1879.7   0.09583
   1881.0   0.09589
   1882.4   0.09586
   1883.8   0.09580
   1885.1   0.09584
   1886.5   0.09583
   1887.9   0.09582
   1889.3   0.09581
   1890.6   0.09577
   1892.0   0.09578
   1893.4   0.09581
   1894.8   0.09578
   1896.2   0.09575
   1897.6   0.09578
   1899.0   0.09581
   1900.3   0.09578
   1901.7   0.09572
   1903.1   0.09572
   1904.5   0.09573
   1905.9   0.09571
   1907.3   0.09569
   1908.7   0.09571
   1910.1   0.09570
   1911.6   0.09572
   1913.0   0.09573
   1914.4   0.09574
   1915.8   0.09572
   1917.2   0.09569
   1918.6   0.09572
   1920.0   0.09577
   1921.5   0.09574
   1922.9   0.09572
   1924.3   0.09574
   1925.8   0.09572
   1927.2   0.09576
   1928.6   0.09583
   1930.1   0.09579
   1931.5   0.09576
   1932.9   0.09576
   1934.4   0.09571
   1935.8   0.09570
   1937.3   0.09572
   1938.7   0.09572
   1940.2   0.09573
   1941.6   0.09571
   1943.1   0.09572
   1944.5   0.09575
   1946.0   0.09575
   1947.5   0.09570
   1948.9   0.09570
   1950.4   0.09573
   1951.9   0.09575
   1953.3   0.09573
   1954.8   0.09573
   1956.3   0.09576
   1957.8   0.09579
   1959.2   0.09578
   1960.7   0.09576
   1962.2   0.09575
   1963.7   0.09580
   1965.2   0.09585
   1966.7   0.09584
   1968.2   0.09586
   1969.7   0.09586
   1971.2   0.09583
   1972.7   0.09583
   1974.2   0.09583
   1975.7   0.09589
   1977.2   0.09595
   1978.7   0.09599
   1980.2   0.09599
   1981.7   0.09597
   1983.2   0.09599
   1984.7   0.09597
   1986.3   0.09597
   1987.8   0.09599
   1989.3   0.09598
   1990.8   0.09595
   1992.4   0.09597
   1993.9   0.09602
   1995.4   0.09606
   1997.0   0.09607
   1998.5   0.09605
   2000.1   0.09607
   2001.6   0.09605
   2003.1   0.09602
   2004.7   0.09610
   2006.2   0.09611
   2007.8   0.09612
   2009.4   0.09617
   2010.9   0.09623
   2012.5   0.09627
   2014.0   0.09627
   2015.6   0.09625
   2017.2   0.09625
   2018.7   0.09630
   2020.3   0.09628
   2021.9   0.09625
   2023.5   0.09625
   2025.1   0.09631
   2026.6   0.09635
   2028.2   0.09637
   2029.8   0.09643
   2031.4   0.09648
   2033.0   0.09648
   2034.6   0.09649
   2036.2   0.09650
   2037.8   0.09648
   2039.4   0.09649
   2041.0   0.09651
   2042.6   0.09654
   2044.2   0.09659
   2045.8   0.09661
   2047.4   0.09668
   2049.1   0.09671
   2050.7   0.09670
   2052.3   0.09671
   2053.9   0.09670
   2055.6   0.09673
   2057.2   0.09680
   2058.8   0.09684
   2060.5   0.09689
   2062.1   0.09691
   2063.7   0.09691
   2065.4   0.09692
   2067.0   0.09693
   2068.7   0.09695
   2070.3   0.09700
   2072.0   0.09703
   2073.7   0.09702
   2075.3   0.09707
   2077.0   0.09713
   2078.6   0.09714
   2080.3   0.09720
   2082.0   0.09727
   2083.7   0.09727
   2085.3   0.09729
   2087.0   0.09733
   2088.7   0.09737
   2090.4   0.09741
   2092.1   0.09745
   2093.8   0.09747
   2095.4   0.09748
   2097.1   0.09752
   2098.8   0.09756
   2100.5   0.09755
   2102.2   0.09761
   2104.0   0.09767
   2105.7   0.09766
   2107.4   0.09770
   2109.1   0.09773
   2110.8   0.09773
   2112.5   0.09774
   2114.2   0.09782
   2116.0   0.09785
   2117.7   0.09786
   2119.4   0.09790
   2121.2   0.09791
   2122.9   0.09790
   2124.6   0.09798
   2126.4   0.09805
   2128.1   0.09811
   2129.9   0.09818
   2131.6   0.09818
   2133.4   0.09826
   2135.1   0.09824
   2136.9   0.09823
   2138.7   0.09829
   2140.4   0.09837
   2142.2   0.09841
   2144.0   0.09844
   2145.8   0.09848
   2147.5   0.09852
   2149.3   0.09851
   2151.1   0.09853
   2152.9   0.09861
   2154.7   0.09867
   2156.5   0.09872
   2158.3   0.09880
   2160.1   0.09883
   2161.9   0.09881
   2163.7   0.09884
   2165.5   0.09888
   2167.3   0.09893
   2169.1   0.09899
   2170.9   0.09903
   2172.7   0.09908
   2174.6   0.09916
   2176.4   0.09914
   2178.2   0.09914
   2180.0   0.09920
   2181.9   0.09924
   2183.7   0.09929
   2185.6   0.09933
   2187.4   0.09938
   2189.2   0.09947
   2191.1   0.09950
   2193.0   0.09946
   2194.8   0.09947
   2196.7   0.09955
   2198.5   0.09963
   2200.4   0.09971
   2202.3   0.09972
   2204.1   0.09975
   2206.0   0.09982
   2207.9   0.09981
   2209.8   0.09981
   2211.7   0.09992
   2213.6   0.09995
   2215.4   0.09995
   2217.3   0.09997
   2219.2   0.10004
   2221.1   0.10012
   2223.0   0.10013
   2225.0   0.10015
   2226.9   0.10022
   2228.8   0.10029
   2230.7   0.10033
   2232.6   0.10040
   2234.5   0.10043
   2236.5   0.10045
   2238.4   0.10050
   2240.3   0.10051
   2242.3   0.10058
   2244.2   0.10065
   2246.2   0.10064
   2248.1   0.10071
   2250.1   0.10074
   2252.0   0.10072
   2254.0   0.10074
   2255.9   0.10078
   2257.9   0.10080
   2259.9   0.10081
   2261.8   0.10088
   2263.8   0.10094
   2265.8   0.10091
   2267.8   0.10089
   2269.8   0.10094
   2271.8   0.10103
   2273.7   0.10104
   2275.7   0.10104
   2277.7   0.10110
   2279.7   0.10111
   2281.7   0.10111
   2283.8   0.10121
   2285.8   0.10128
   2287.8   0.10131
   2289.8   0.10132
   2291.8   0.10134
   2293.9   0.10141
   2295.9   0.10142
   2297.9   0.10142
   2300.0   0.10147
   2302.0   0.10151
   2304.1   0.10155
   2306.1   0.10158
   2308.2   0.10163
   2310.2   0.10170
   2312.3   0.10181
   2314.3   0.10189
   2316.4   0.10189
   2318.5   0.10192
   2320.6   0.10195
   2322.6   0.10204
   2324.7   0.10214
   2326.8   0.10221
   2328.9   0.10227
   2331.0   0.10229
   2333.1   0.10234
   2335.2   0.10242
   2337.3   0.10246
   2339.4   0.10252
   2341.5   0.10256
   2343.6   0.10260
   2345.8   0.10266
   2347.9   0.10272
   2350.0   0.10274
   2352.1   0.10276
   2354.3   0.10284
   2356.4   0.10291
   2358.6   0.10299
   2360.7   0.10303
   2362.9   0.10307
   2365.0   0.10310
   2367.2   0.10311
   2369.3   0.10320
   2371.5   0.10326
   2373.7   0.10329
   2375.9   0.10343
   2378.0   0.10352
   2380.2   0.10350
   2382.4   0.10353
   2384.6   0.10360
   2386.8   0.10371
   2389.0   0.10376
   2391.2   0.10375
   2393.4   0.10376
   2395.6   0.10385
   2397.8   0.10398
   2400.1   0.10403
   2402.3   0.10404
   2404.5   0.10405
   2406.7   0.10412
   2409.0   0.10418
   2411.2   0.10427
   2413.5   0.10434
   2415.7   0.10441
   2418.0   0.10447
   2420.2   0.10455
   2422.5   0.10458
   2424.8   0.10464
   2427.0   0.10470
   2429.3   0.10472
   2431.6   0.10476
   2433.9   0.10480
   2436.2   0.10484
   2438.4   0.10490
   2440.7   0.10493
   2443.0   0.10494
   2445.3   0.10503
   2447.7   0.10509
   2450.0   0.10509
   2452.3   0.10516
   2454.6   0.10517
   2456.9   0.10515
   2459.3   0.10524
   2461.6   0.10524
   2463.9   0.10524
   2466.3   0.10534
   2468.6   0.10541
   2471.0   0.10552
   2473.3   0.10562
   2475.7   0.10562
   2478.1   0.10566
   2480.4   0.10573
   2482.8   0.10582
   2485.2   0.10593
   2487.6   0.10597
   2490.0   0.10596
   2492.4   0.10603
   2494.8   0.10610
   2497.2   0.10614
   2499.6   0.10618
   2502.0   0.10623
   2504.4   0.10636
   2506.8   0.10644
   2509.3   0.10644
   2511.7   0.10654
   2514.1   0.10663
   2516.6   0.10665
   2519.0   0.10671
   2521.5   0.10675
   2523.9   0.10680
   2526.4   0.10690
   2528.8   0.10698
   2531.3   0.10705
   2533.8   0.10710
   2536.3   0.10717
   2538.8   0.10726
   2541.2   0.10734
   2543.7   0.10734
   2546.2   0.10739
   2548.7   0.10738
   2551.2   0.10741
   2553.8   0.10750
   2556.3   0.10752
   2558.8   0.10758
   2561.3   0.10768
   2563.9   0.10763
   2566.4   0.10764
   2568.9   0.10774
   2571.5   0.10780
   2574.0   0.10785
   2576.6   0.10789
   2579.2   0.10791
   2581.7   0.10800
   2584.3   0.10800
   2586.9   0.10801
   2589.5   0.10810
   2592.1   0.10821
   2594.7   0.10815
   2597.3   0.10806
   2599.9   0.10824
   2602.5   0.10840
   2605.1   0.10838
   2607.7   0.10835
   2610.3   0.10846
   2613.0   0.10856
   2615.6   0.10857
   2618.3   0.10857
   2620.9   0.10863
   2623.6   0.10869
   2626.2   0.10876
   2628.9   0.10873
   2631.5   0.10873
   2634.2   0.10882
   2636.9   0.10893
   2639.6   0.10903
   2642.3   0.10909
   2645.0   0.10909
   2647.7   0.10908
   2650.4   0.10908
   2653.1   0.10906
   2655.8   0.10903
   2658.5   0.10904
   2661.3   0.10906
   2664.0   0.10909
   2666.7   0.10907
   2669.5   0.10901
   2672.2   0.10896
   2675.0   0.10901
   2677.8   0.10897
   2680.5   0.10886
   2683.3   0.10885
   2686.1   0.10877
   2688.9   0.10855
   2691.7   0.10830
   2694.5   0.10802
   2697.3   0.10765
   2700.1   0.10730
   2702.9   0.10702
   2705.7   0.10677
   2708.5   0.10632
   2711.4   0.10597
   2714.2   0.10576
   2717.1   0.10560
   2719.9   0.10527
   2722.8   0.10494
   2725.6   0.10476
   2728.5   0.10488
   2731.4   0.10485
   2734.2   0.10476
   2737.1   0.10468
   2740.0   0.10447
   2742.9   0.10418
   2745.8   0.10419
   2748.7   0.10424
   2751.7   0.10420
   2754.6   0.10388
   2757.5   0.10361
   2760.5   0.10370
   2763.4   0.10359
   2766.3   0.10340
   2769.3   0.10333
   2772.3   0.10318
   2775.2   0.10315
   2778.2   0.10316
   2781.2   0.10313
   2784.2   0.10300
   2787.2   0.10274
   2790.2   0.10251
   2793.2   0.10247
   2796.2   0.10245
   2799.2   0.10233
   2802.2   0.10220
   2805.3   0.10202
   2808.3   0.10194
   2811.4   0.10189
   2814.4   0.10175
   2817.5   0.10166
   2820.5   0.10144
   2823.6   0.10130
   2826.7   0.10134
   2829.8   0.10121
   2832.9   0.10101
   2836.0   0.10104
   2839.1   0.10105
   2842.2   0.10089
   2845.3   0.10078
   2848.4   0.10074
   2851.6   0.10063
   2854.7   0.10057
   2857.8   0.10045
   2861.0   0.10029
   2864.2   0.10028
   2867.3   0.10027
   2870.5   0.10019
   2873.7   0.10010
   2876.9   0.09995
   2880.1   0.09987
   2883.3   0.09978
   2886.5   0.09976
   2889.7   0.09979
   2892.9   0.09972
   2896.2   0.09957
   2899.4   0.09954
   2902.7   0.09949
   2905.9   0.09947
   2909.2   0.09945
   2912.4   0.09946
   2915.7   0.09947
   2919.0   0.09947
   2922.3   0.09938
   2925.6   0.09933
   2928.9   0.09935
   2932.2   0.09926
   2935.5   0.09925
   2938.9   0.09925
   2942.2   0.09920
   2945.5   0.09914
   2948.9   0.09913
   2952.2   0.09912
   2955.6   0.09914
   2959.0   0.09918
   2962.4   0.09917
   2965.8   0.09905
   2969.1   0.09899
   2972.6   0.09905
   2976.0   0.09912
   2979.4   0.09917
   2982.8   0.09923
   2986.3   0.09918
   2989.7   0.09912
   2993.1   0.09919
   2996.6   0.09935
   3000.1   0.09940
   3003.6   0.09930
   3007.0   0.09933
   3010.5   0.09947
   3014.0   0.09948
   3017.5   0.09944
   3021.1   0.09944
   3024.6   0.09948
   3028.1   0.09946
   3031.7   0.09963
   3035.2   0.09977
   3038.8   0.09979
   3042.3   0.09969
   3045.9   0.09970
   3049.5   0.09976
   3053.1   0.09979
   3056.7   0.09975
   3060.3   0.09980
   3063.9   0.09994
   3067.5   0.09996
   3071.2   0.09994
   3074.8   0.09991
   3078.5   0.10000
   3082.1   0.10012
   3085.8   0.10011
   3089.5   0.10021
   3093.2   0.10037
   3096.9   0.10042
   3100.6   0.10050
   3104.3   0.10048
   3108.0   0.10039
   3111.7   0.10038
   3115.5   0.10043
   3119.2   0.10054
   3123.0   0.10059
   3126.7   0.10065
   3130.5   0.10073
   3134.3   0.10073
   3138.1   0.10074
   3141.9   0.10080
   3145.7   0.10095
   3149.5   0.10108
   3153.4   0.10110
   3153.4   0.10108
   3155.3   0.10121
   3157.2   0.10131
   3159.1   0.10138
   3161.1   0.10139
   3163.0   0.10134
   3164.9   0.10132
   3166.9   0.10141
   3168.8   0.10149
   3170.7   0.10156
   3172.7   0.10154
   3174.6   0.10155
   3176.6   0.10163
   3178.5   0.10174
   3180.5   0.10183
   3182.4   0.10184
   3184.4   0.10183
   3186.3   0.10182
   3188.3   0.10188
   3190.2   0.10195
   3192.2   0.10195
   3194.2   0.10201
   3196.1   0.10197
   3198.1   0.10193
   3200.1   0.10204
   3202.1   0.10212
   3204.0   0.10221
   3206.0   0.10232
   3208.0   0.10239
   3210.0   0.10245
   3212.0   0.10249
   3214.0   0.10245
   3216.0   0.10246
   3218.0   0.10250
   3220.0   0.10253
   3222.0   0.10262
   3224.0   0.10279
   3226.0   0.10285
   3228.0   0.10282
   3230.0   0.10284
   3232.0   0.10289
   3234.0   0.10289
   3236.0   0.10282
   3238.1   0.10288
   3240.1   0.10309
   3242.1   0.10314
   3244.1   0.10310
   3246.2   0.10306
   3248.2   0.10312
   3250.2   0.10324
   3252.3   0.10322
   3254.3   0.10328
   3256.4   0.10329
   3258.4   0.10327
   3260.5   0.10333
   3262.5   0.10348
   3264.6   0.10352
   3266.6   0.10356
   3268.7   0.10363
   3270.7   0.10361
   3272.8   0.10366
   3274.9   0.10368
   3277.0   0.10372
   3279.0   0.10372
   3281.1   0.10377
   3283.2   0.10383
   3285.3   0.10387
   3287.3   0.10397
   3289.4   0.10407
   3291.5   0.10404
   3293.6   0.10396
   3295.7   0.10393
   3297.8   0.10401
   3299.9   0.10415
   3302.0   0.10410
   3304.1   0.10412
   3306.2   0.10416
   3308.3   0.10421
   3310.4   0.10426
   3312.5   0.10434
   3314.7   0.10438
   3316.8   0.10438
   3318.9   0.10433
   3321.0   0.10428
   3323.2   0.10430
   3325.3   0.10438
   3327.4   0.10440
   3329.6   0.10442
   3331.7   0.10446
   3333.8   0.10447
   3336.0   0.10450
   3338.1   0.10454
   3340.3   0.10450
   3342.4   0.10450
   3344.6   0.10451
   3346.8   0.10459
   3348.9   0.10461
   3351.1   0.10462
   3353.3   0.10462
   3355.4   0.10461
   3357.6   0.10463
   3359.8   0.10464
   3362.0   0.10461
   3364.1   0.10457
   3366.3   0.10445
   3368.5   0.10427
   3370.7   0.10410
   3372.9   0.10413
   3375.1   0.10425
   3377.3   0.10434
   3379.5   0.10436
   3381.7   0.10440
   3383.9   0.10447
   3386.1   0.10459
   3388.3   0.10465
   3390.5   0.10469
   3392.8   0.10466
   3395.0   0.10463
   3397.2   0.10455
   3399.4   0.10448
   3401.7   0.10445
   3403.9   0.10434
   3406.1   0.10425
   3408.4   0.10424
   3410.6   0.10416
   3412.9   0.10402
   3415.1   0.10395
   3417.4   0.10394
   3419.6   0.10400
   3421.9   0.10416
   3424.1   0.10438
   3426.4   0.10463
   3428.7   0.10484
   3430.9   0.10491
   3433.2   0.10502
   3435.5   0.10524
   3437.8   0.10533
   3440.0   0.10544
   3442.3   0.10559
   3444.6   0.10566
   3446.9   0.10574
   3449.2   0.10581
   3451.5   0.10585
   3453.8   0.10596
   3456.1   0.10600
   3458.4   0.10602
   3460.7   0.10610
   3463.0   0.10620
   3465.3   0.10625
   3467.6   0.10622
   3470.0   0.10620
   3472.3   0.10624
   3474.6   0.10629
   3477.0   0.10635
   3479.3   0.10637
   3481.6   0.10637
   3484.0   0.10640
   3486.3   0.10645
   3488.7   0.10643
   3491.0   0.10644
   3493.4   0.10640
   3495.7   0.10634
   3498.1   0.10628
   3500.4   0.10630
   3502.8   0.10636
   3505.2   0.10647
   3507.5   0.10660
   3509.9   0.10673
   3512.3   0.10686
   3514.7   0.10700
   3517.1   0.10717
   3519.4   0.10728
   3521.8   0.10736
   3524.2   0.10739
   3526.6   0.10746
   3529.0   0.10749
   3531.4   0.10752
   3533.8   0.10761
   3536.2   0.10757
   3538.7   0.10754
   3541.1   0.10764
   3543.5   0.10767
   3545.9   0.10771
   3548.3   0.10779
   3550.8   0.10785
   3553.2   0.10787
   3555.6   0.10791
   3558.1   0.10799
   3560.5   0.10801
   3563.0   0.10801
   3565.4   0.10803
   3567.9   0.10810
   3570.3   0.10814
   3572.8   0.10815
   3575.3   0.10816
   3577.7   0.10820
   3580.2   0.10823
   3582.7   0.10819
   3585.2   0.10815
   3587.6   0.10820
   3590.1   0.10830
   3592.6   0.10840
   3595.1   0.10838
   3597.6   0.10831
   3600.1   0.10831
   3602.6   0.10839
   3605.1   0.10844
   3607.6   0.10854
   3610.1   0.10860
   3612.6   0.10866
   3615.2   0.10866
   3617.7   0.10860
   3620.2   0.10856
   3622.7   0.10862
   3625.3   0.10865
   3627.8   0.10868
   3630.3   0.10867
   3632.9   0.10866
   3635.4   0.10869
   3638.0   0.10875
   3640.5   0.10885
   3643.1   0.10891
   3645.7   0.10882
   3648.2   0.10880
   3650.8   0.10886
   3653.4   0.10892
   3655.9   0.10894
   3658.5   0.10896
   3661.1   0.10896
   3663.7   0.10894
   3666.3   0.10897
   3668.9   0.10906
   3671.5   0.10907
   3674.1   0.10906
   3676.7   0.10904
   3679.3   0.10906
   3681.9   0.10915
   3684.5   0.10925
   3687.2   0.10932
   3689.8   0.10939
   3692.4   0.10932
   3695.0   0.10936
   3697.7   0.10942
   3700.3   0.10941
   3703.0   0.10946
   3705.6   0.10949
   3708.3   0.10948
   3710.9   0.10954
   3713.6   0.10962
   3716.2   0.10967
   3718.9   0.10970
   3721.6   0.10975
   3724.2   0.10975
   3726.9   0.10976
   3729.6   0.10984
   3732.3   0.10989
   3735.0   0.10987
   3737.7   0.10990
   3740.4   0.10992
   3743.1   0.11000
   3745.8   0.11004
   3748.5   0.11006
   3751.2   0.11011
   3753.9   0.11017
   3756.6   0.11016
   3759.3   0.11014
   3762.1   0.11026
   3764.8   0.11033
   3767.5   0.11029
   3770.3   0.11028
   3773.0   0.11031
   3775.8   0.11036
   3778.5   0.11040
   3781.3   0.11041
   3784.0   0.11043
   3786.8   0.11047
   3789.6   0.11052
   3792.3   0.11054
   3795.1   0.11049
   3797.9   0.11051
   3800.7   0.11053
   3803.5   0.11052
   3806.3   0.11050
   3809.1   0.11049
   3811.9   0.11052
   3814.7   0.11060
   3817.5   0.11064
   3820.3   0.11065
   3823.1   0.11065
   3825.9   0.11063
   3828.8   0.11059
   3831.6   0.11060
   3834.4   0.11061
   3837.3   0.11066
   3840.1   0.11064
   3842.9   0.11064
   3845.8   0.11068
   3848.7   0.11067
   3851.5   0.11064
   3854.4   0.11067
   3857.2   0.11071
   3860.1   0.11068
   3863.0   0.11064
   3865.9   0.11065
   3868.8   0.11065
   3871.6   0.11068
   3874.5   0.11072
   3877.4   0.11072
   3880.3   0.11070
   3883.2   0.11069
   3886.2   0.11069
   3889.1   0.11073
   3892.0   0.11075
   3894.9   0.11077
   3897.8   0.11076
   3900.8   0.11076
   3903.7   0.11078
   3906.7   0.11077
   3909.6   0.11077
   3912.6   0.11080
   3915.5   0.11077
   3918.5   0.11081
   3921.4   0.11085
   3924.4   0.11089
   3927.4   0.11091
   3930.4   0.11090
   3933.3   0.11089
   3936.3   0.11087
   3939.3   0.11093
   3942.3   0.11098
   3945.3   0.11098
   3948.3   0.11099
   3951.3   0.11098
   3954.3   0.11099
   3957.4   0.11102
   3960.4   0.11108
   3963.4   0.11104
   3966.4   0.11101
   3969.5   0.11098
   3972.5   0.11097
   3975.6   0.11101
   3978.6   0.11105
   3981.7   0.11105
   3984.7   0.11105
   3987.8   0.11099
   3990.9   0.11099
   3993.9   0.11103
   3997.0   0.11103
   4000.1   0.11098
   4003.2   0.11097
   4006.3   0.11100
   4009.4   0.11102
   4012.5   0.11104
   4015.6   0.11099
   4018.7   0.11097
   4021.8   0.11102
   4024.9   0.11096
   4028.1   0.11093
   4031.2   0.11093
   4034.3   0.11088
   4037.5   0.11081
   4040.6   0.11080
   4043.8   0.11079
   4046.9   0.11077
   4050.1   0.11075
   4053.3   0.11075
   4056.4   0.11070
   4059.6   0.11071
   4062.8   0.11072
   4066.0   0.11074
   4069.2   0.11074
   4072.4   0.11068
   4075.6   0.11064
   4078.8   0.11069
   4082.0   0.11068
   4085.2   0.11060
   4088.4   0.11057
   4091.7   0.11062
   4094.9   0.11056
   4098.1   0.11056
   4101.4   0.11058
   4104.6   0.11059
   4107.9   0.11053
   4111.1   0.11055
   4114.4   0.11058
   4117.7   0.11054
   4120.9   0.11047
   4124.2   0.11046
   4127.5   0.11045
   4130.8   0.11039
   4134.1   0.11038
   4137.4   0.11040
   4140.7   0.11038
   4144.0   0.11032
   4147.3   0.11028
   4150.6   0.11026
   4154.0   0.11023
   4157.3   0.11023
   4160.6   0.11020
   4164.0   0.11016
   4167.3   0.11009
   4170.7   0.11009
   4174.0   0.11004
   4177.4   0.10997
   4180.8   0.10992
   4184.1   0.10990
   4187.5   0.10984
   4190.9   0.10979
   4194.3   0.10974
   4197.7   0.10968
   4201.1   0.10963
   4204.5   0.10959
   4207.9   0.10953
   4211.3   0.10948
   4214.7   0.10937
   4218.2   0.10928
   4221.6   0.10919
   4225.0   0.10913
   4228.5   0.10898
   4231.9   0.10885
   4235.4   0.10876
   4238.9   0.10864
   4242.3   0.10852
   4245.8   0.10842
   4249.3   0.10831
   4252.8   0.10819
   4256.3   0.10804
   4259.8   0.10789
   4263.3   0.10770
   4266.8   0.10752
   4270.3   0.10728
   4273.8   0.10700
   4277.3   0.10677
   4280.9   0.10653
   4284.4   0.10624
   4288.0   0.10598
   4291.5   0.10567
   4295.1   0.10542
   4298.6   0.10513
   4302.2   0.10481
   4305.8   0.10451
   4309.3   0.10421
   4312.9   0.10381
   4316.5   0.10351
   4320.1   0.10326
   4323.7   0.10303
   4327.3   0.10284
   4330.9   0.10264
   4334.6   0.10232
   4338.2   0.10209
   4341.8   0.10190
   4345.5   0.10170
   4349.1   0.10149
   4352.8   0.10129
   4356.4   0.10106
   4360.1   0.10084
   4363.8   0.10064
   4367.4   0.10049
   4371.1   0.10024
   4374.8   0.10006
   4378.5   0.09988
   4382.2   0.09966
   4385.9   0.09943
   4389.6   0.09925
   4393.3   0.09906
   4397.1   0.09895
   4400.8   0.09883
   4404.5   0.09868
   4408.3   0.09851
   4412.0   0.09844
   4415.8   0.09840
   4419.6   0.09835
   4423.3   0.09831
   4427.1   0.09831
   4430.9   0.09829
   4434.7   0.09826
   4438.5   0.09823
   4442.3   0.09817
   4446.1   0.09810
   4449.9   0.09808
   4453.7   0.09808
   4457.6   0.09805
   4461.4   0.09796
   4465.2   0.09795
   4469.1   0.09792
   4472.9   0.09780
   4476.8   0.09769
   4480.7   0.09761
   4484.5   0.09745
   4488.4   0.09731
   4492.3   0.09715
   4496.2   0.09699
   4500.1   0.09680
   4504.0   0.09662
   4507.9   0.09645
   4511.9   0.09621
   4515.8   0.09590
   4519.7   0.09568
   4523.7   0.09547
   4527.6   0.09519
   4531.6   0.09482
   4535.6   0.09450
   4539.5   0.09415
   4543.5   0.09388
   4547.5   0.09360
   4551.5   0.09325
   4555.5   0.09288
   4559.5   0.09253
   4563.5   0.09215
   4567.5   0.09178
   4571.5   0.09137
   4575.6   0.09095
   4579.6   0.09048
   4583.7   0.09003
   4587.7   0.08962
   4591.8   0.08915
   4595.9   0.08866
   4599.9   0.08818
   4604.0   0.08770
   4608.1   0.08716
   4612.2   0.08661
   4616.3   0.08610
   4620.4   0.08554
   4624.6   0.08497
   4628.7   0.08442
   4632.8   0.08392
   4637.0   0.08332
   4641.1   0.08276
   4645.3   0.08221
   4649.4   0.08170
   4653.6   0.08130
   4657.8   0.08090
   4662.0   0.08048
   4666.2   0.08018
   4670.4   0.07985
   4674.6   0.07947
   4678.8   0.07912
   4683.0   0.07878
   4687.3   0.07837
   4691.5   0.07795
   4695.8   0.07759
   4700.0   0.07729
   4704.3   0.07691
   4708.6   0.07649
   4712.9   0.07609
   4717.1   0.07572
   4721.4   0.07527
   4725.7   0.07487
   4730.1   0.07449
   4734.4   0.07405
   4738.7   0.07363
   4743.0   0.07324
   4747.4   0.07281
   4751.7   0.07241
   4756.1   0.07212
   4760.5   0.07180
   4764.8   0.07146
   4769.2   0.07112
   4773.6   0.07084
   4778.0   0.07058
   4782.4   0.07030
   4786.8   0.07007
   4791.3   0.06983
   4795.7   0.06954
   4800.1   0.06930
   4804.6   0.06908
   4809.0   0.06879
   4813.5   0.06850
   4818.0   0.06820
   4822.5   0.06789
   4826.9   0.06757
   4831.4   0.06728
   4835.9   0.06698
   4840.5   0.06666
   4845.0   0.06631
   4849.5   0.06596
   4854.1   0.06561
   4858.6   0.06526
   4863.2   0.06491
   4867.7   0.06458
   4872.3   0.06422
   4876.9   0.06384
   4881.5   0.06347
   4886.1   0.06313
   4890.7   0.06274
   4895.3   0.06241
   4899.9   0.06208
   4904.6   0.06175
   4909.2   0.06142
   4913.9   0.06105
   4918.5   0.06071
   4923.2   0.06039
   4927.9   0.06006
   4932.6   0.05969
   4937.3   0.05935
   4942.0   0.05902
   4946.7   0.05870
   4951.4   0.05841
   4956.2   0.05806
   4960.9   0.05767
   4965.6   0.05730
   4970.4   0.05697
   4975.2   0.05661
   4980.0   0.05629
   4984.7   0.05594
   4989.5   0.05558
   4994.3   0.05524
   4999.2   0.05482
   5004.0   0.05439
   5008.8   0.05402
   5013.7   0.05362
   5018.5   0.05323
   5023.4   0.05283
   5028.3   0.05242
   5033.1   0.05206
   5038.0   0.05171
   5042.9   0.05133
   5047.8   0.05100
   5052.8   0.05070
   5057.7   0.05040
   5062.6   0.05008
   5067.6   0.04973
   5072.5   0.04939
   5077.5   0.04914
   5082.5   0.04891
   5087.5   0.04866
   5092.5   0.04846
   5097.5   0.04827
   5102.5   0.04802
   5107.5   0.04774
   5112.6   0.04742
   5117.6   0.04717
   5122.7   0.04688
   5127.7   0.04658
   5132.8   0.04633
   5137.9   0.04606
   5143.0   0.04569
   5148.1   0.04532
   5153.2   0.04503
   5158.3   0.04470
   5163.5   0.04432
   5168.6   0.04399
   5173.8   0.04372
   5179.0   0.04346
   5184.1   0.04318
   5189.3   0.04295
   5194.5   0.04271
   5199.7   0.04242
   5205.0   0.04212
   5210.2   0.04194
   5215.4   0.04175
   5220.7   0.04152
   5225.9   0.04133
   5231.2   0.04113
   5236.5   0.04090
   5241.8   0.04068
   5247.1   0.04045
   5252.4   0.04020
   5257.7   0.03997
   5263.1   0.03975
   5268.4   0.03945
   5273.8   0.03918
   5279.2   0.03896
   5284.5   0.03873
   5289.9   0.03848
   5295.3   0.03824
   5300.8   0.03805
   5306.2   0.03783
   5311.6   0.03762
   5317.1   0.03751
   5322.5   0.03735
   5328.0   0.03722
   5333.5   0.03714
   5339.0   0.03698
   5344.5   0.03675
   5350.0   0.03659
   5355.5   0.03641
   5361.0   0.03618
   5366.6   0.03595
   5372.2   0.03572
   5377.7   0.03550
   5383.3   0.03532
   5388.9   0.03507
   5394.5   0.03479
   5400.1   0.03455
   5405.8   0.03435
   5411.4   0.03413
   5417.1   0.03392
   5422.7   0.03375
   5428.4   0.03362
   5434.1   0.03347
   5439.8   0.03337
   5445.5   0.03327
   5451.2   0.03318
   5457.0   0.03313
   5462.7   0.03309
   5468.5   0.03302
   5474.3   0.03299
   5480.1   0.03300
   5485.9   0.03306
   5491.7   0.03308
   5497.5   0.03310
   5503.3   0.03315
   5509.2   0.03328
   5515.0   0.03339
   5520.9   0.03350
   5526.8   0.03353
   5532.7   0.03355
   5538.6   0.03360
   5544.5   0.03365
   5550.5   0.03368
   5556.4   0.03375
   5562.4   0.03375
   5568.4   0.03376
   5574.3   0.03373
   5580.3   0.03373
   5586.4   0.03369
   5592.4   0.03362
   5598.4   0.03352
   5604.5   0.03344
   5610.5   0.03335
   5616.6   0.03327
   5622.7   0.03310
   5628.8   0.03290
   5634.9   0.03268
   5641.1   0.03248
   5647.2   0.03236
   5653.4   0.03223
   5659.5   0.03202
   5665.7   0.03184
   5671.9   0.03168
   5678.1   0.03155
   5684.4   0.03141
   5690.6   0.03131
   5696.9   0.03117
   5703.1   0.03103
   5709.4   0.03090
   5715.7   0.03070
   5722.0   0.03055
   5728.3   0.03047
   5734.7   0.03035
   5741.0   0.03016
   5747.4   0.02995
   5753.8   0.02979
   5760.1   0.02958
   5766.6   0.02941
   5773.0   0.02926
   5779.4   0.02903
   5785.9   0.02876
   5792.3   0.02854
   5798.8   0.02830
   5805.3   0.02802
   5811.8   0.02775
   5818.3   0.02753
   5824.9   0.02731
   5831.4   0.02709
   5838.0   0.02681
   5844.6   0.02655
   5851.2   0.02634
   5857.8   0.02610
   5864.4   0.02585
   5871.0   0.02563
   5877.7   0.02533
   5884.4   0.02506
   5891.1   0.02482
   5897.8   0.02461
   5904.5   0.02432
   5911.2   0.02409
   5918.0   0.02390
   5924.7   0.02369
   5931.5   0.02346
   5938.3   0.02322
   5945.1   0.02296
   5951.9   0.02271
   5958.8   0.02244
   5965.6   0.02223
   5972.5   0.02205
   5979.4   0.02188
   5986.3   0.02168
   5993.2   0.02152
   6000.2   0.02134
   6007.1   0.02117
   6014.1   0.02106
   6021.1   0.02092
   6028.1   0.02080
   6035.1   0.02075
   6042.1   0.02063
   6049.2   0.02055
   6056.2   0.02052
   6063.3   0.02052
   6070.4   0.02044
   6077.5   0.02038
   6084.7   0.02039
   6091.8   0.02036
   6099.0   0.02029
   6106.2   0.02028
   6113.4   0.02021
   6120.6   0.02014
   6127.8   0.02007
   6135.1   0.02002
   6142.3   0.01997
   6149.6   0.01993
   6156.9   0.01988
   6164.3   0.01982
   6171.6   0.01974
   6178.9   0.01969
   6186.3   0.01965
   6193.7   0.01961
   6201.1   0.01958
   6208.5   0.01960
   6216.0   0.01960
   6223.5   0.01957
   6230.9   0.01952
   6238.4   0.01945
   6245.9   0.01942
   6253.5   0.01944
   6261.0   0.01940
   6268.6   0.01937
   6276.2   0.01935
   6283.8   0.01928
   6291.4   0.01922
   6299.1   0.01917
   6306.7   0.01914
   6314.4   0.01913
   6322.1   0.01913
   6329.8   0.01909
   6337.6   0.01908
   6345.3   0.01915
   6353.1   0.01915
   6360.9   0.01913
   6368.7   0.01917
   6376.5   0.01922
   6384.4   0.01928
   6392.3   0.01926
   6400.2   0.01922
   6408.1   0.01929
   6416.0   0.01936
   6424.0   0.01934
   6431.9   0.01931
   6439.9   0.01925
   6447.9   0.01919
   6456.0   0.01915
   6464.0   0.01908
   6472.1   0.01903
   6480.2   0.01895
   6488.3   0.01890
   6496.4   0.01886
   6504.6   0.01876
   6512.7   0.01872
   6520.9   0.01868
   6529.1   0.01862
   6537.4   0.01853
   6545.6   0.01844
   6553.9   0.01846
   6562.2   0.01844
   6570.5   0.01833
   6578.9   0.01823
   6587.2   0.01817
   6595.6   0.01808
   6604.0   0.01798
   6612.4   0.01794
   6620.9   0.01794
   6629.3   0.01786
   6637.8   0.01786
   6646.3   0.01784
   6654.9   0.01779
   6663.4   0.01771
   6672.0   0.01770
   6680.6   0.01774
   6689.2   0.01772
   6697.8   0.01765
   6706.5   0.01759
   6715.2   0.01757
   6723.9   0.01759
   6732.6   0.01765
   6741.4   0.01764
   6750.2   0.01751
   6759.0   0.01745
   6767.8   0.01744
   6776.6   0.01738
   6785.5   0.01739
   6794.4   0.01733
   6803.3   0.01721
   6812.3   0.01714
   6821.2   0.01712
   6830.2   0.01706
   6839.2   0.01697
   6848.3   0.01694
   6857.3   0.01693
   6866.4   0.01689
   6875.5   0.01685
   6884.6   0.01681
   6893.8   0.01672
   6903.0   0.01666
   6912.2   0.01669
   6921.4   0.01666
   6930.7   0.01658
   6939.9   0.01647
   6949.2   0.01643
   6958.6   0.01641
   6967.9   0.01634
   6977.3   0.01626
   6986.7   0.01621
   6996.1   0.01615
   7005.6   0.01603
   7015.1   0.01596
   7024.6   0.01589
   7034.1   0.01581
   7043.7   0.01571
   7053.2   0.01562
   7062.9   0.01555
   7072.5   0.01543
   7082.2   0.01535
   7091.8   0.01529
   7101.6   0.01516
   7111.3   0.01507
   7121.1   0.01501
   7130.9   0.01494
   7140.7   0.01486
   7150.5   0.01479
   7160.4   0.01468
   7170.3   0.01458
   7180.2   0.01449
   7190.2   0.01438
   7200.2   0.01424
   7210.2   0.01418
   7220.2   0.01406
   7230.3   0.01391
   7240.4   0.01378
   7250.5   0.01366
   7260.7   0.01358
   7270.9   0.01353
   7281.1   0.01341
   7291.3   0.01326
   7301.6   0.01320
   7311.9   0.01313
   7322.2   0.01302
   7332.6   0.01289
   7343.0   0.01275
   7353.4   0.01265
   7363.8   0.01260
   7374.3   0.01252
   7384.8   0.01238
   7395.3   0.01227
   7405.9   0.01216
   7416.5   0.01199
   7427.1   0.01183
   7437.8   0.01177
   7448.5   0.01167
   7459.2   0.01156
   7469.9   0.01143
   7480.7   0.01130
   7491.5   0.01118
   7502.4   0.01102
   7513.2   0.01090
   7524.1   0.01087
   7535.1   0.01077
   7546.0   0.01063
   7557.0   0.01052
   7568.1   0.01042
   7579.1   0.01030
   7590.2   0.01018
   7601.4   0.01009
   7612.5   0.00997
   7623.7   0.00984
   7635.0   0.00977
   7646.2   0.00966
   7657.5   0.00950
   7668.8   0.00940
   7680.2   0.00936
   7691.6   0.00923
   7703.0   0.00913
   7714.5   0.00902
   7726.0   0.00890
   7737.5   0.00880
   7749.1   0.00871
   7760.7   0.00864
   7772.3   0.00854
   7784.0   0.00838
   7795.7   0.00827
   7807.4   0.00822
   7819.2   0.00814
   7831.0   0.00807
   7842.9   0.00803
   7854.8   0.00791
   7866.7   0.00775
   7878.6   0.00763
   7890.6   0.00755
   7902.6   0.00746
   7914.7   0.00735
   7926.8   0.00727
   7939.0   0.00722
   7951.1   0.00710
   7963.3   0.00698
   7975.6   0.00691
   7987.9   0.00686
   8000.2   0.00685
   8012.6   0.00682
   8025.0   0.00676
   8037.4   0.00671
   8049.9   0.00668
   8062.4   0.00667
   8075.0   0.00667
   8087.6   0.00671
   8100.2   0.00672
   8112.9   0.00673
   8125.6   0.00675
   8138.4   0.00685
   8151.2   0.00692
   8164.0   0.00708
   8176.9   0.00728
   8189.8   0.00748
   8202.7   0.00768
   8215.7   0.00788
   8228.8   0.00815
   8241.9   0.00846
   8255.0   0.00887
   8268.2   0.00934
   8281.4   0.00984
   8294.6   0.01031
   8307.9   0.01078
   8321.2   0.01142
   8334.6   0.01218
   8348.0   0.01292
   8361.5   0.01372
   8375.0   0.01446
   8388.6   0.01515
   8402.2   0.01600
   8415.8   0.01682
   8429.5   0.01762
   8443.2   0.01847
   8457.0   0.01940
   8470.8   0.02032
   8484.7   0.02108
   8498.6   0.02173
   8512.5   0.02240
   8526.5   0.02304
   8540.6   0.02370
   8554.7   0.02435
   8568.8   0.02482
   8583.0   0.02534
   8597.2   0.02581
   8611.5   0.02614
   8625.8   0.02654
   8640.2   0.02688
   8654.6   0.02698
   8669.1   0.02699
   8683.6   0.02704
   8698.2   0.02719
   8712.8   0.02728
   8727.5   0.02731
   8742.2   0.02719
   8757.0   0.02698
   8771.8   0.02676
   8786.7   0.02654
   8801.6   0.02630
   8816.6   0.02600
   8831.6   0.02571
   8846.6   0.02540
   8861.8   0.02517
   8876.9   0.02506
   8892.2   0.02489
   8907.4   0.02471
   8922.8   0.02458
   8938.2   0.02446
   8953.6   0.02437
   8969.1   0.02429
   8984.6   0.02428
   9000.2   0.02435
   9015.9   0.02437
   9031.6   0.02434
   9047.4   0.02440
   9063.2   0.02451
   9079.0   0.02463
   9095.0   0.02447
   9111.0   0.02425
   9127.0   0.02407
   9143.1   0.02389
   9159.3   0.02364
   9175.5   0.02331
   9191.7   0.02294
   9208.1   0.02264
   9224.4   0.02244
   9240.9   0.02234
   9257.4   0.02240
   9273.9   0.02242
   9290.6   0.02247
   9307.2   0.02257
   9324.0   0.02251
   9340.8   0.02247
   9357.6   0.02246
   9374.6   0.02246
   9391.5   0.02256
   9408.6   0.02265
   9425.7   0.02270
   9442.9   0.02294
   9460.1   0.02319
   9477.4   0.02342
   9494.8   0.02374
   9512.2   0.02423
   9529.7   0.02485
   9547.2   0.02546
   9564.8   0.02621
   9582.5   0.02700
   9600.3   0.02772
   9618.1   0.02838
   9635.9   0.02914
   9653.9   0.02995
   9671.9   0.03058
   9690.0   0.03104
   9708.1   0.03149
   9726.3   0.03196
   9744.6   0.03245
   9763.0   0.03275
   9781.4   0.03297
   9799.9   0.03310
   9818.4   0.03318
   9837.1   0.03315
   9855.8   0.03294
   9874.5   0.03275
   9893.4   0.03258
   9912.3   0.03241
   9931.3   0.03230
   9950.4   0.03224
   9969.5   0.03240
   9988.7   0.03270
  10008.0   0.03308
  10027.3   0.03341
  10046.8   0.03380
  10066.3   0.03422
  10085.9   0.03464
  10105.5   0.03506
  10125.3   0.03550
  10145.1   0.03568
  10165.0   0.03581
  10184.9   0.03592
  10205.0   0.03595
  10225.1   0.03595
  10245.3   0.03620
  10265.6   0.03688
  10286.0   0.03788
  10306.4   0.03899
  10327.0   0.04015
  10347.6   0.04125
  10368.3   0.04228
  10389.0   0.04309
  10409.9   0.04377
  10430.9   0.04459
  10451.9   0.04565
  10473.0   0.04640
  10494.2   0.04696
  10515.5   0.04752
  10536.9   0.04804
  10558.3   0.04840
  10579.9   0.04863
  10601.5   0.04897
  10623.2   0.04934
  10645.0   0.04958
  10666.9   0.04982
  10688.9   0.04993
  10711.0   0.05007
  10733.2   0.05042
  10755.5   0.05082
  10777.8   0.05102
  10800.3   0.05085
  10822.8   0.05045
  10845.5   0.05004
  10868.2   0.04957
  10891.0   0.04897
  10914.0   0.04821
  10937.0   0.04748
  10960.1   0.04689
  10983.3   0.04631
  11006.7   0.04558
  11030.1   0.04495
  11053.6   0.04453
  11077.2   0.04401
  11100.9   0.04339
  11124.8   0.04279
  11148.7   0.04206
  11172.7   0.04134
  11196.8   0.04069
  11221.1   0.03993
  11245.4   0.03903
  11269.9   0.03803
  11294.4   0.03700
  11319.1   0.03595
  11343.8   0.03516
  11368.7   0.03438
  11393.7   0.03368
  11418.8   0.03293
  11444.0   0.03187
  11469.3   0.03082
  11494.8   0.02990
  11520.3   0.02927
  11546.0   0.02867
  11571.7   0.02785
  11597.6   0.02697
  11623.6   0.02629
  11649.7   0.02572
  11676.0   0.02518
  11702.3   0.02464
  11728.8   0.02399
  11755.4   0.02351
  11782.1   0.02305
  11809.0   0.02250
  11835.9   0.02186
  11863.0   0.02124
  11890.2   0.02066
  11917.6   0.02014
  11945.0   0.01971
  11972.6   0.01942
  12000.3   0.01908
  12028.2   0.01878
  12056.1   0.01846
  12084.2   0.01808
  12112.5   0.01789
  12140.8   0.01759
  12169.3   0.01715
  12198.0   0.01682
  12226.7   0.01658
  12255.6   0.01624
  12284.7   0.01582
  12313.9   0.01549
  12343.2   0.01522
  12372.6   0.01477
  12402.2   0.01424
  12432.0   0.01381
  12461.9   0.01347
  12491.9   0.01295
  12522.1   0.01244
  12552.4   0.01200
  12582.9   0.01153
  12613.5   0.01104
  12644.2   0.01061
  12675.1   0.01012
  12706.2   0.00949
  12737.4   0.00900
  12768.8   0.00860
  12800.3   0.00815
  12832.0   0.00781
  12863.9   0.00762
  12895.9   0.00746
  12928.0   0.00725
  12960.3   0.00719
  12992.8   0.00730
  13025.5   0.00726
  13058.3   0.00716
  13091.3   0.00701
  13124.4   0.00707
  13157.7   0.00746
  13191.2   0.00785
  13224.8   0.00787
  13258.7   0.00778
  13292.7   0.00776
  13326.8   0.00752
  13361.2   0.00720
  13395.7   0.00696
  13430.4   0.00667
  13465.3   0.00618
  13500.4   0.00568
  13535.6   0.00526
  13571.0   0.00517
  13606.7   0.00514
  13642.5   0.00507
  13678.5   0.00515
  13714.6   0.00532
  13751.0   0.00559
  13787.6   0.00568
  13824.4   0.00570
  13861.3   0.00568
  13898.5   0.00545
  13935.8   0.00502
  13973.4   0.00460
  14011.2   0.00434
  14049.1   0.00417
  14087.3   0.00386
  14125.7   0.00357
  14164.3   0.00330
  14203.1   0.00311
  14242.1   0.00308
  14281.4   0.00301
  14320.8   0.00286
  14360.5   0.00284
  14400.4   0.00273
  14440.5   0.00271
  14480.8   0.00281
  14521.4   0.00288
  14562.2   0.00294
  14603.2   0.00308
  14644.4   0.00294
  14685.9   0.00285
  14727.7   0.00301
  14769.6   0.00313
  14811.8   0.00307
  14854.3   0.00295
  14896.9   0.00301
  14939.9   0.00311
  14983.0   0.00330
  15026.5   0.00364
  15070.2   0.00380
  15114.1   0.00387
  15158.3   0.00389
  15202.7   0.00379
  15247.5   0.00358
  15292.4   0.00358
  15337.7   0.00390
  15383.2   0.00431
  15429.0   0.00469
  15475.0   0.00522
  15521.4   0.00587
  15568.0   0.00681
  15614.9   0.00767
  15662.0   0.00848
  15709.5   0.00948
  15757.2   0.01037
  15805.3   0.01102
  15853.6   0.01174
  15902.3   0.01248
  15951.2   0.01311
  16000.4   0.01356
  16050.0   0.01386
  16099.8   0.01405
  16150.0   0.01373
  16200.4   0.01292
  16251.2   0.01227
  16302.3   0.01188
  16353.7   0.01168
  16405.5   0.01173
  16457.6   0.01201
  16510.0   0.01252
  16562.7   0.01324
  16615.8   0.01391
  16669.2   0.01423
  16723.0   0.01423
  16777.1   0.01431
  16831.6   0.01465
  16886.4   0.01519
  16941.6   0.01596
  16997.2   0.01660
  17053.1   0.01715
  17109.4   0.01758
  17166.0   0.01757
  17223.0   0.01728
  17280.5   0.01703
  17338.2   0.01686
  17396.4   0.01656
  17455.0   0.01639
  17514.0   0.01657
  17573.3   0.01696
  17633.1   0.01728
  17693.3   0.01741
  17753.9   0.01746
  17814.9   0.01725
  17876.3   0.01680
  17938.2   0.01641
  18000.5   0.01611
  18063.2   0.01571
  18126.3   0.01554
  18189.9   0.01595
  18254.0   0.01673
  18318.5   0.01734
  18383.5   0.01809
  18448.9   0.01930
  18514.8   0.02017
  18581.1   0.02035
  18648.0   0.02011
  18715.3   0.01988
  18783.1   0.01939
  18851.4   0.01887
  18920.2   0.01828
  18989.5   0.01758
  19059.3   0.01710
  19129.7   0.01711
  19200.5   0.01706
  19271.9   0.01687
  19343.8   0.01669
  19416.2   0.01661
  19489.2   0.01664
  19562.8   0.01687
  19636.9   0.01695
  19711.5   0.01686
  19786.8   0.01654
  19862.6   0.01618
  19939.0   0.01609
  20016.0   0.01604
  20093.5   0.01576
  20171.7   0.01536
  20250.5   0.01508
  20329.9   0.01508
  20410.0   0.01529
  20490.7   0.01547
  20572.0   0.01572
  20653.9   0.01634
  20736.5   0.01688
  20819.8   0.01709
  20903.8   0.01719
  20988.4   0.01719
  21073.7   0.01712
  21159.7   0.01713
  21246.5   0.01729
  21333.9   0.01762
  21422.0   0.01781
  21510.9   0.01774
  21600.6   0.01763
  21690.9   0.01766
  21782.1   0.01760
  21874.0   0.01739
  21966.7   0.01670
  22060.1   0.01635
  22154.4   0.01617
  22249.5   0.01586
  22345.4   0.01570
  22442.1   0.01589
  22539.7   0.01537
  22638.1   0.01498
  22737.4   0.01528
  22837.6   0.01571
  22938.7   0.01607
  23040.6   0.01675
  23143.5   0.01741
  23247.2   0.01772
  23352.0   0.01778
  23457.6   0.01842
  23564.3   0.01931
  23671.8   0.01938
  23780.4   0.01969
  23890.0   0.02055
  24000.6   0.02042
  24112.3   0.02089
  24224.9   0.02150
  24338.7   0.02125
  24453.5   0.02122
  24569.4   0.02259
  24686.4   0.02283
  24804.5   0.02261
  24923.7   0.02231
  25044.1   0.02321
  25165.7   0.02538
  25288.5   0.02621
  25412.4   0.02679
  25537.6   0.02826
  25664.0   0.02772
  25791.7   0.02712
  25920.7   0.02612



 KALR44      .ASC                        

 LR-CMP-044                                                              
 68501,601 125< um                                                       
 Connected at 3150 nm                                                    

 Source Ang: 30.00   Detect Ang: 30.00  Volt: 1.222
 Date: 22-DEC-98   Time: 18:20:24
