  3545
    900.0   0.02531
    900.3   0.02528
    900.6   0.02559
    901.0   0.02563
    901.3   0.02554
    901.6   0.02542
    901.9   0.02537
    902.2   0.02510
    902.5   0.02485
    902.8   0.02498
    903.2   0.02506
    903.5   0.02477
    903.8   0.02478
    904.1   0.02540
    904.4   0.02560
    904.7   0.02503
    905.1   0.02465
    905.4   0.02479
    905.7   0.02496
    906.0   0.02494
    906.3   0.02500
    906.6   0.02497
    907.0   0.02520
    907.3   0.02546
    907.6   0.02530
    907.9   0.02543
    908.2   0.02539
    908.5   0.02510
    908.9   0.02512
    909.2   0.02521
    909.5   0.02533
    909.8   0.02572
    910.1   0.02546
    910.5   0.02507
    910.8   0.02516
    911.1   0.02516
    911.4   0.02540
    911.7   0.02558
    912.1   0.02527
    912.4   0.02518
    912.7   0.02533
    913.0   0.02511
    913.3   0.02510
    913.7   0.02537
    914.0   0.02532
    914.3   0.02528
    914.6   0.02532
    915.0   0.02532
    915.3   0.02531
    915.6   0.02543
    915.9   0.02560
    916.2   0.02510
    916.6   0.02484
    916.9   0.02504
    917.2   0.02571
    917.5   0.02539
    917.9   0.02579
    918.2   0.02638
    918.5   0.02591
    918.8   0.02553
    919.2   0.02516
    919.5   0.02505
    919.8   0.02541
    920.2   0.02531
    920.5   0.02513
    920.8   0.02527
    921.1   0.02535
    921.5   0.02519
    921.8   0.02525
    922.1   0.02536
    922.4   0.02565
    922.8   0.02595
    923.1   0.02570
    923.4   0.02531
    923.8   0.02525
    924.1   0.02499
    924.4   0.02456
    924.7   0.02533
    925.1   0.02590
    925.4   0.02537
    925.7   0.02637
    926.1   0.02736
    926.4   0.02668
    926.7   0.02577
    927.1   0.02502
    927.4   0.02439
    927.7   0.02463
    928.1   0.02537
    928.4   0.02558
    928.7   0.02538
    929.1   0.02551
    929.4   0.02564
    929.7   0.02534
    930.1   0.02529
    930.4   0.02539
    930.7   0.02560
    931.1   0.02571
    931.4   0.02566
    931.7   0.02557
    932.1   0.02540
    932.4   0.02542
    932.7   0.02535
    933.1   0.02540
    933.4   0.02539
    933.7   0.02534
    934.1   0.02583
    934.4   0.02607
    934.8   0.02591
    935.1   0.02578
    935.4   0.02556
    935.8   0.02527
    936.1   0.02530
    936.4   0.02540
    936.8   0.02540
    937.1   0.02510
    937.5   0.02512
    937.8   0.02546
    938.1   0.02556
    938.5   0.02534
    938.8   0.02527
    939.2   0.02553
    939.5   0.02544
    939.8   0.02516
    940.2   0.02516
    940.5   0.02540
    940.9   0.02548
    941.2   0.02554
    941.5   0.02568
    941.9   0.02573
    942.2   0.02577
    942.6   0.02554
    942.9   0.02544
    943.3   0.02539
    943.6   0.02539
    943.9   0.02566
    944.3   0.02569
    944.6   0.02555
    945.0   0.02543
    945.3   0.02544
    945.7   0.02551
    946.0   0.02553
    946.4   0.02565
    946.7   0.02575
    947.0   0.02564
    947.4   0.02548
    947.7   0.02505
    948.1   0.02524
    948.4   0.02561
    948.8   0.02561
    949.1   0.02546
    949.5   0.02540
    949.8   0.02543
    950.2   0.02556
    950.5   0.02563
    950.9   0.02556
    951.2   0.02542
    951.6   0.02530
    951.9   0.02543
    952.3   0.02562
    952.6   0.02545
    953.0   0.02542
    953.3   0.02565
    953.7   0.02592
    954.0   0.02609
    954.4   0.02607
    954.7   0.02576
    955.1   0.02545
    955.4   0.02525
    955.8   0.02519
    956.1   0.02545
    956.5   0.02554
    956.8   0.02546
    957.2   0.02553
    957.5   0.02543
    957.9   0.02543
    958.3   0.02557
    958.6   0.02563
    959.0   0.02570
    959.3   0.02559
    959.7   0.02533
    960.0   0.02531
    960.4   0.02565
    960.7   0.02562
    961.1   0.02566
    961.4   0.02579
    961.8   0.02547
    962.2   0.02548
    962.5   0.02561
    962.9   0.02565
    963.2   0.02534
    963.6   0.02518
    964.0   0.02559
    964.3   0.02591
    964.7   0.02570
    965.0   0.02563
    965.4   0.02560
    965.7   0.02539
    966.1   0.02543
    966.5   0.02553
    966.8   0.02560
    967.2   0.02546
    967.6   0.02537
    967.9   0.02544
    968.3   0.02543
    968.6   0.02564
    969.0   0.02554
    969.4   0.02548
    969.7   0.02552
    970.1   0.02547
    970.4   0.02548
    970.8   0.02545
    971.2   0.02549
    971.5   0.02573
    971.9   0.02571
    972.3   0.02566
    972.6   0.02573
    973.0   0.02577
    973.4   0.02577
    973.7   0.02566
    974.1   0.02558
    974.5   0.02560
    974.8   0.02560
    975.2   0.02572
    975.6   0.02583
    975.9   0.02583
    976.3   0.02582
    976.7   0.02593
    977.0   0.02563
    977.4   0.02549
    977.8   0.02568
    978.1   0.02587
    978.5   0.02612
    978.9   0.02621
    979.2   0.02606
    979.6   0.02581
    980.0   0.02571
    980.4   0.02561
    980.7   0.02557
    981.1   0.02553
    981.5   0.02550
    981.8   0.02551
    982.2   0.02561
    982.6   0.02589
    983.0   0.02607
    983.3   0.02587
    983.7   0.02591
    984.1   0.02595
    984.5   0.02581
    984.8   0.02582
    985.2   0.02571
    985.6   0.02570
    986.0   0.02575
    986.3   0.02583
    986.7   0.02590
    987.1   0.02589
    987.5   0.02583
    987.8   0.02582
    988.2   0.02605
    988.6   0.02625
    989.0   0.02602
    989.3   0.02580
    989.7   0.02569
    990.1   0.02583
    990.5   0.02580
    990.9   0.02570
    991.2   0.02584
    991.6   0.02603
    992.0   0.02605
    992.4   0.02601
    992.7   0.02595
    993.1   0.02587
    993.5   0.02593
    993.9   0.02595
    994.3   0.02597
    994.7   0.02608
    995.0   0.02607
    995.4   0.02579
    995.8   0.02568
    996.2   0.02591
    996.6   0.02587
    996.9   0.02583
    997.3   0.02590
    997.7   0.02593
    998.1   0.02600
    998.5   0.02607
    998.9   0.02617
    999.3   0.02620
    999.6   0.02603
   1000.0   0.02573
   1000.4   0.02564
   1000.8   0.02599
   1001.2   0.02614
   1001.6   0.02591
   1002.0   0.02582
   1002.3   0.02590
   1002.7   0.02603
   1003.1   0.02606
   1003.5   0.02600
   1003.9   0.02573
   1004.3   0.02589
   1004.7   0.02602
   1005.1   0.02608
   1005.5   0.02606
   1005.8   0.02603
   1006.2   0.02607
   1006.6   0.02613
   1007.0   0.02610
   1007.4   0.02604
   1007.8   0.02594
   1008.2   0.02596
   1008.6   0.02604
   1009.0   0.02607
   1009.4   0.02625
   1009.8   0.02636
   1010.2   0.02623
   1010.6   0.02621
   1010.9   0.02625
   1011.3   0.02628
   1011.7   0.02631
   1012.1   0.02627
   1012.5   0.02618
   1012.9   0.02600
   1013.3   0.02609
   1013.7   0.02625
   1014.1   0.02639
   1014.5   0.02640
   1014.9   0.02651
   1015.3   0.02679
   1015.7   0.02656
   1016.1   0.02617
   1016.5   0.02604
   1016.9   0.02621
   1017.3   0.02630
   1017.7   0.02635
   1018.1   0.02647
   1018.5   0.02655
   1018.9   0.02637
   1019.3   0.02631
   1019.7   0.02640
   1020.1   0.02642
   1020.5   0.02634
   1020.9   0.02629
   1021.3   0.02629
   1021.7   0.02624
   1022.1   0.02623
   1022.5   0.02645
   1022.9   0.02649
   1023.3   0.02641
   1023.7   0.02663
   1024.1   0.02679
   1024.5   0.02648
   1024.9   0.02623
   1025.3   0.02647
   1025.7   0.02662
   1026.2   0.02648
   1026.6   0.02638
   1027.0   0.02639
   1027.4   0.02642
   1027.8   0.02640
   1028.2   0.02652
   1028.6   0.02661
   1029.0   0.02660
   1029.4   0.02652
   1029.8   0.02657
   1030.2   0.02654
   1030.6   0.02646
   1031.1   0.02641
   1031.5   0.02657
   1031.9   0.02677
   1032.3   0.02663
   1032.7   0.02659
   1033.1   0.02653
   1033.5   0.02656
   1033.9   0.02683
   1034.3   0.02695
   1034.8   0.02680
   1035.2   0.02668
   1035.6   0.02664
   1036.0   0.02669
   1036.4   0.02664
   1036.8   0.02660
   1037.2   0.02674
   1037.7   0.02687
   1038.1   0.02682
   1038.5   0.02672
   1038.9   0.02675
   1039.3   0.02684
   1039.7   0.02690
   1040.2   0.02684
   1040.6   0.02678
   1041.0   0.02677
   1041.4   0.02682
   1041.8   0.02688
   1042.2   0.02694
   1042.7   0.02687
   1043.1   0.02682
   1043.5   0.02683
   1043.9   0.02682
   1044.3   0.02693
   1044.8   0.02700
   1045.2   0.02685
   1045.6   0.02683
   1046.0   0.02692
   1046.5   0.02683
   1046.9   0.02686
   1047.3   0.02693
   1047.7   0.02691
   1048.1   0.02708
   1048.6   0.02728
   1049.0   0.02720
   1049.4   0.02703
   1049.8   0.02692
   1050.3   0.02702
   1050.7   0.02710
   1051.1   0.02699
   1051.5   0.02713
   1052.0   0.02724
   1052.4   0.02711
   1052.8   0.02712
   1053.3   0.02715
   1053.7   0.02717
   1054.1   0.02724
   1054.5   0.02721
   1055.0   0.02715
   1055.4   0.02720
   1055.8   0.02722
   1056.3   0.02723
   1056.7   0.02739
   1057.1   0.02738
   1057.6   0.02718
   1058.0   0.02726
   1058.4   0.02741
   1058.9   0.02741
   1059.3   0.02732
   1059.7   0.02734
   1060.2   0.02744
   1060.6   0.02743
   1061.0   0.02735
   1061.5   0.02726
   1061.9   0.02723
   1062.3   0.02732
   1062.8   0.02748
   1063.2   0.02740
   1063.6   0.02727
   1064.1   0.02737
   1064.5   0.02748
   1064.9   0.02735
   1065.4   0.02730
   1065.8   0.02740
   1066.3   0.02755
   1066.7   0.02761
   1067.1   0.02757
   1067.6   0.02759
   1068.0   0.02762
   1068.5   0.02757
   1068.9   0.02755
   1069.3   0.02758
   1069.8   0.02759
   1070.2   0.02762
   1070.7   0.02759
   1071.1   0.02756
   1071.5   0.02757
   1072.0   0.02759
   1072.4   0.02761
   1072.9   0.02761
   1073.3   0.02767
   1073.8   0.02776
   1074.2   0.02781
   1074.7   0.02796
   1075.1   0.02794
   1075.5   0.02787
   1076.0   0.02784
   1076.4   0.02778
   1076.9   0.02782
   1077.3   0.02792
   1077.8   0.02788
   1078.2   0.02796
   1078.7   0.02810
   1079.1   0.02812
   1079.6   0.02807
   1080.0   0.02804
   1080.5   0.02809
   1080.9   0.02820
   1081.4   0.02829
   1081.8   0.02823
   1082.3   0.02822
   1082.7   0.02823
   1083.2   0.02817
   1083.6   0.02810
   1084.1   0.02806
   1084.5   0.02814
   1085.0   0.02825
   1085.5   0.02839
   1085.9   0.02850
   1086.4   0.02837
   1086.8   0.02836
   1087.3   0.02850
   1087.7   0.02856
   1088.2   0.02849
   1088.6   0.02845
   1089.1   0.02834
   1089.6   0.02827
   1090.0   0.02830
   1090.5   0.02846
   1090.9   0.02856
   1091.4   0.02849
   1091.9   0.02848
   1092.3   0.02857
   1092.8   0.02873
   1093.2   0.02885
   1093.7   0.02871
   1094.2   0.02860
   1094.6   0.02864
   1095.1   0.02866
   1095.5   0.02875
   1096.0   0.02884
   1096.5   0.02880
   1096.9   0.02877
   1097.4   0.02882
   1097.9   0.02889
   1098.3   0.02896
   1098.8   0.02902
   1099.3   0.02901
   1099.7   0.02904
   1100.2   0.02895
   1100.7   0.02892
   1101.1   0.02897
   1101.6   0.02887
   1102.1   0.02894
   1102.5   0.02913
   1103.0   0.02926
   1103.5   0.02923
   1103.9   0.02915
   1104.4   0.02911
   1104.9   0.02913
   1105.4   0.02916
   1105.8   0.02922
   1106.3   0.02925
   1106.8   0.02917
   1107.2   0.02924
   1107.7   0.02925
   1108.2   0.02925
   1108.7   0.02938
   1109.1   0.02946
   1109.6   0.02949
   1110.1   0.02958
   1110.6   0.02954
   1111.0   0.02940
   1111.5   0.02946
   1112.0   0.02954
   1112.5   0.02952
   1113.0   0.02956
   1113.4   0.02955
   1113.9   0.02959
   1114.4   0.02966
   1114.9   0.02967
   1115.3   0.02971
   1115.8   0.02973
   1116.3   0.02969
   1116.8   0.02973
   1117.3   0.02977
   1117.8   0.02975
   1118.2   0.02974
   1118.7   0.02971
   1119.2   0.02982
   1119.7   0.02994
   1120.2   0.02995
   1120.7   0.02994
   1121.1   0.02998
   1121.6   0.03004
   1122.1   0.03010
   1122.6   0.03008
   1123.1   0.02999
   1123.6   0.02996
   1124.1   0.03004
   1124.5   0.03006
   1125.0   0.03009
   1125.5   0.03015
   1126.0   0.03025
   1126.5   0.03033
   1127.0   0.03032
   1127.5   0.03030
   1128.0   0.03026
   1128.5   0.03016
   1128.9   0.03023
   1129.4   0.03037
   1129.9   0.03036
   1130.4   0.03027
   1130.9   0.03025
   1131.4   0.03040
   1131.9   0.03051
   1132.4   0.03054
   1132.9   0.03052
   1133.4   0.03062
   1133.9   0.03063
   1134.4   0.03057
   1134.9   0.03053
   1135.4   0.03055
   1135.9   0.03059
   1136.4   0.03065
   1136.9   0.03064
   1137.4   0.03062
   1137.9   0.03068
   1138.4   0.03068
   1138.9   0.03069
   1139.4   0.03073
   1139.9   0.03070
   1140.4   0.03073
   1140.9   0.03079
   1141.4   0.03080
   1141.9   0.03088
   1142.4   0.03098
   1142.9   0.03101
   1143.4   0.03105
   1143.9   0.03098
   1144.4   0.03090
   1144.9   0.03094
   1145.4   0.03095
   1145.9   0.03100
   1146.4   0.03108
   1146.9   0.03107
   1147.4   0.03108
   1147.9   0.03111
   1148.5   0.03114
   1149.0   0.03120
   1149.5   0.03126
   1150.0   0.03126
   1150.5   0.03130
   1151.0   0.03130
   1151.5   0.03124
   1152.0   0.03127
   1152.5   0.03142
   1153.1   0.03145
   1153.6   0.03143
   1154.1   0.03137
   1154.6   0.03136
   1155.1   0.03135
   1155.6   0.03144
   1156.1   0.03148
   1156.7   0.03148
   1157.2   0.03158
   1157.7   0.03154
   1158.2   0.03152
   1158.7   0.03153
   1159.2   0.03155
   1159.8   0.03165
   1160.3   0.03165
   1160.8   0.03163
   1161.3   0.03164
   1161.8   0.03168
   1162.4   0.03166
   1162.9   0.03171
   1163.4   0.03174
   1163.9   0.03176
   1164.5   0.03182
   1165.0   0.03191
   1165.5   0.03194
   1166.0   0.03188
   1166.5   0.03179
   1167.1   0.03184
   1167.6   0.03184
   1168.1   0.03186
   1168.7   0.03185
   1169.2   0.03182
   1169.7   0.03186
   1170.2   0.03198
   1170.8   0.03208
   1171.3   0.03206
   1171.8   0.03203
   1172.4   0.03209
   1172.9   0.03212
   1173.4   0.03210
   1173.9   0.03208
   1174.5   0.03199
   1175.0   0.03199
   1175.5   0.03216
   1176.1   0.03221
   1176.6   0.03216
   1177.1   0.03225
   1177.7   0.03228
   1178.2   0.03221
   1178.7   0.03221
   1179.3   0.03223
   1179.8   0.03232
   1180.4   0.03233
   1180.9   0.03228
   1181.4   0.03234
   1182.0   0.03242
   1182.5   0.03240
   1183.1   0.03230
   1183.6   0.03232
   1184.1   0.03242
   1184.7   0.03242
   1185.2   0.03242
   1185.8   0.03250
   1186.3   0.03251
   1186.8   0.03254
   1187.4   0.03258
   1187.9   0.03262
   1188.5   0.03259
   1189.0   0.03252
   1189.6   0.03246
   1190.1   0.03255
   1190.7   0.03254
   1191.2   0.03252
   1191.8   0.03256
   1192.3   0.03257
   1192.9   0.03252
   1193.4   0.03257
   1194.0   0.03266
   1194.5   0.03265
   1195.1   0.03265
   1195.6   0.03275
   1196.2   0.03278
   1196.7   0.03270
   1197.3   0.03274
   1197.8   0.03274
   1198.4   0.03275
   1198.9   0.03277
   1199.5   0.03276
   1200.0   0.03286
   1200.6   0.03293
   1201.1   0.03293
   1201.7   0.03284
   1202.3   0.03274
   1202.8   0.03285
   1203.4   0.03296
   1203.9   0.03293
   1204.5   0.03297
   1205.1   0.03293
   1205.6   0.03286
   1206.2   0.03293
   1206.7   0.03301
   1207.3   0.03299
   1207.9   0.03299
   1208.4   0.03302
   1209.0   0.03304
   1209.6   0.03308
   1210.1   0.03311
   1210.7   0.03304
   1211.2   0.03301
   1211.8   0.03311
   1212.4   0.03322
   1212.9   0.03319
   1213.5   0.03316
   1214.1   0.03328
   1214.7   0.03334
   1215.2   0.03327
   1215.8   0.03322
   1216.4   0.03323
   1216.9   0.03321
   1217.5   0.03321
   1218.1   0.03319
   1218.6   0.03323
   1219.2   0.03326
   1219.8   0.03327
   1220.4   0.03327
   1220.9   0.03332
   1221.5   0.03336
   1222.1   0.03335
   1222.7   0.03334
   1223.3   0.03339
   1223.8   0.03349
   1224.4   0.03356
   1225.0   0.03351
   1225.6   0.03339
   1226.1   0.03342
   1226.7   0.03348
   1227.3   0.03348
   1227.9   0.03350
   1228.5   0.03352
   1229.1   0.03353
   1229.6   0.03349
   1230.2   0.03352
   1230.8   0.03361
   1231.4   0.03359
   1232.0   0.03357
   1232.6   0.03355
   1233.1   0.03352
   1233.7   0.03353
   1234.3   0.03366
   1234.9   0.03371
   1235.5   0.03367
   1236.1   0.03371
   1236.7   0.03370
   1237.3   0.03366
   1237.9   0.03370
   1238.4   0.03375
   1239.0   0.03380
   1239.6   0.03380
   1240.2   0.03379
   1240.8   0.03376
   1241.4   0.03381
   1242.0   0.03380
   1242.6   0.03376
   1243.2   0.03379
   1243.8   0.03381
   1244.4   0.03384
   1245.0   0.03391
   1245.6   0.03399
   1246.2   0.03395
   1246.8   0.03386
   1247.4   0.03393
   1248.0   0.03394
   1248.6   0.03390
   1249.2   0.03392
   1249.8   0.03397
   1250.4   0.03395
   1251.0   0.03394
   1251.6   0.03400
   1252.2   0.03406
   1252.8   0.03402
   1253.4   0.03398
   1254.0   0.03407
   1254.6   0.03413
   1255.2   0.03400
   1255.8   0.03401
   1256.5   0.03410
   1257.1   0.03406
   1257.7   0.03404
   1258.3   0.03404
   1258.9   0.03410
   1259.5   0.03413
   1260.1   0.03420
   1260.7   0.03424
   1261.3   0.03426
   1262.0   0.03429
   1262.6   0.03430
   1263.2   0.03431
   1263.8   0.03431
   1264.4   0.03429
   1265.0   0.03426
   1265.7   0.03427
   1266.3   0.03427
   1266.9   0.03437
   1267.5   0.03439
   1268.1   0.03446
   1268.8   0.03452
   1269.4   0.03443
   1270.0   0.03436
   1270.6   0.03432
   1271.2   0.03438
   1271.9   0.03447
   1272.5   0.03453
   1273.1   0.03453
   1273.7   0.03446
   1274.4   0.03448
   1275.0   0.03452
   1275.6   0.03450
   1276.3   0.03457
   1276.9   0.03459
   1277.5   0.03452
   1278.1   0.03447
   1278.8   0.03448
   1279.4   0.03454
   1280.0   0.03463
   1280.7   0.03463
   1281.3   0.03460
   1281.9   0.03460
   1282.6   0.03465
   1283.2   0.03467
   1283.8   0.03463
   1284.5   0.03467
   1285.1   0.03472
   1285.7   0.03472
   1286.4   0.03476
   1287.0   0.03477
   1287.7   0.03474
   1288.3   0.03476
   1288.9   0.03477
   1289.6   0.03477
   1290.2   0.03482
   1290.9   0.03480
   1291.5   0.03480
   1292.2   0.03483
   1292.8   0.03480
   1293.4   0.03482
   1294.1   0.03480
   1294.7   0.03481
   1295.4   0.03489
   1296.0   0.03490
   1296.7   0.03492
   1297.3   0.03493
   1298.0   0.03494
   1298.6   0.03501
   1299.3   0.03507
   1299.9   0.03513
   1300.6   0.03514
   1301.2   0.03506
   1301.9   0.03501
   1302.5   0.03510
   1303.2   0.03517
   1303.9   0.03516
   1304.5   0.03512
   1305.2   0.03508
   1305.8   0.03509
   1306.5   0.03517
   1307.1   0.03520
   1307.8   0.03515
   1308.5   0.03514
   1309.1   0.03518
   1309.8   0.03516
   1310.4   0.03513
   1311.1   0.03518
   1311.8   0.03523
   1312.4   0.03523
   1313.1   0.03525
   1313.8   0.03526
   1314.4   0.03521
   1315.1   0.03519
   1315.8   0.03525
   1316.4   0.03531
   1317.1   0.03537
   1317.8   0.03533
   1318.4   0.03532
   1319.1   0.03539
   1319.8   0.03546
   1320.5   0.03550
   1321.1   0.03548
   1321.8   0.03544
   1322.5   0.03545
   1323.2   0.03550
   1323.8   0.03549
   1324.5   0.03547
   1325.2   0.03547
   1325.9   0.03553
   1326.5   0.03557
   1327.2   0.03558
   1327.9   0.03564
   1328.6   0.03563
   1329.3   0.03559
   1329.9   0.03560
   1330.6   0.03558
   1331.3   0.03553
   1332.0   0.03557
   1332.7   0.03564
   1333.4   0.03570
   1334.1   0.03570
   1334.7   0.03574
   1335.4   0.03579
   1336.1   0.03575
   1336.8   0.03572
   1337.5   0.03572
   1338.2   0.03568
   1338.9   0.03575
   1339.6   0.03582
   1340.3   0.03583
   1341.0   0.03580
   1341.6   0.03589
   1342.3   0.03596
   1343.0   0.03590
   1343.7   0.03586
   1344.4   0.03589
   1345.1   0.03592
   1345.8   0.03591
   1346.5   0.03595
   1347.2   0.03596
   1347.9   0.03598
   1348.6   0.03600
   1349.3   0.03600
   1350.0   0.03595
   1350.7   0.03599
   1351.4   0.03607
   1352.1   0.03603
   1352.9   0.03604
   1353.6   0.03607
   1354.3   0.03606
   1355.0   0.03607
   1355.7   0.03613
   1356.4   0.03613
   1357.1   0.03613
   1357.8   0.03613
   1358.5   0.03612
   1359.2   0.03619
   1360.0   0.03626
   1360.7   0.03625
   1361.4   0.03621
   1362.1   0.03625
   1362.8   0.03628
   1363.5   0.03630
   1364.2   0.03638
   1365.0   0.03632
   1365.7   0.03625
   1366.4   0.03629
   1367.1   0.03633
   1367.8   0.03632
   1368.6   0.03640
   1369.3   0.03648
   1370.0   0.03649
   1370.7   0.03648
   1371.5   0.03644
   1372.2   0.03648
   1372.9   0.03655
   1373.6   0.03657
   1374.4   0.03654
   1375.1   0.03651
   1375.8   0.03652
   1376.6   0.03653
   1377.3   0.03651
   1378.0   0.03651
   1378.8   0.03659
   1379.5   0.03663
   1380.2   0.03663
   1381.0   0.03664
   1381.7   0.03664
   1382.4   0.03661
   1383.2   0.03663
   1383.9   0.03667
   1384.7   0.03669
   1385.4   0.03674
   1386.1   0.03675
   1386.9   0.03673
   1387.6   0.03676
   1388.4   0.03680
   1389.1   0.03685
   1389.8   0.03691
   1390.6   0.03687
   1391.3   0.03684
   1392.1   0.03686
   1392.8   0.03687
   1393.6   0.03690
   1394.3   0.03692
   1395.1   0.03689
   1395.8   0.03689
   1396.6   0.03686
   1397.3   0.03690
   1398.1   0.03696
   1398.8   0.03691
   1399.6   0.03696
   1400.4   0.03698
   1401.1   0.03695
   1401.9   0.03698
   1402.6   0.03702
   1403.4   0.03707
   1404.2   0.03712
   1404.9   0.03707
   1405.7   0.03706
   1406.4   0.03715
   1407.2   0.03716
   1408.0   0.03710
   1408.7   0.03713
   1409.5   0.03717
   1410.3   0.03719
   1411.0   0.03720
   1411.8   0.03718
   1412.6   0.03721
   1413.3   0.03730
   1414.1   0.03731
   1414.9   0.03728
   1415.7   0.03729
   1416.4   0.03733
   1417.2   0.03733
   1418.0   0.03728
   1418.8   0.03731
   1419.5   0.03736
   1420.3   0.03735
   1421.1   0.03734
   1421.9   0.03739
   1422.6   0.03741
   1423.4   0.03745
   1424.2   0.03747
   1425.0   0.03750
   1425.8   0.03749
   1426.6   0.03747
   1427.3   0.03746
   1428.1   0.03749
   1428.9   0.03751
   1429.7   0.03752
   1430.5   0.03752
   1431.3   0.03750
   1432.1   0.03753
   1432.9   0.03761
   1433.7   0.03762
   1434.5   0.03757
   1435.3   0.03760
   1436.0   0.03767
   1436.8   0.03768
   1437.6   0.03772
   1438.4   0.03766
   1439.2   0.03768
   1440.0   0.03775
   1440.8   0.03777
   1441.6   0.03777
   1442.4   0.03777
   1443.2   0.03778
   1444.0   0.03780
   1444.9   0.03779
   1445.7   0.03777
   1446.5   0.03779
   1447.3   0.03789
   1448.1   0.03793
   1448.9   0.03793
   1449.7   0.03789
   1450.5   0.03792
   1451.3   0.03789
   1452.1   0.03793
   1453.0   0.03796
   1453.8   0.03801
   1454.6   0.03803
   1455.4   0.03803
   1456.2   0.03796
   1457.0   0.03796
   1457.9   0.03803
   1458.7   0.03803
   1459.5   0.03801
   1460.3   0.03805
   1461.1   0.03804
   1462.0   0.03807
   1462.8   0.03816
   1463.6   0.03816
   1464.4   0.03811
   1465.3   0.03809
   1466.1   0.03814
   1466.9   0.03820
   1467.8   0.03818
   1468.6   0.03815
   1469.4   0.03817
   1470.3   0.03821
   1471.1   0.03822
   1471.9   0.03828
   1472.8   0.03832
   1473.6   0.03831
   1474.4   0.03832
   1475.3   0.03837
   1476.1   0.03837
   1477.0   0.03835
   1477.8   0.03832
   1478.6   0.03830
   1479.5   0.03830
   1480.3   0.03834
   1481.2   0.03840
   1482.0   0.03844
   1482.9   0.03843
   1483.7   0.03842
   1484.6   0.03845
   1485.4   0.03848
   1486.3   0.03849
   1487.1   0.03846
   1488.0   0.03846
   1488.8   0.03846
   1489.7   0.03850
   1490.6   0.03854
   1491.4   0.03852
   1492.3   0.03850
   1493.1   0.03851
   1494.0   0.03856
   1494.8   0.03862
   1495.7   0.03858
   1496.6   0.03857
   1497.4   0.03863
   1498.3   0.03867
   1499.2   0.03863
   1500.0   0.03863
   1500.9   0.03867
   1501.8   0.03868
   1502.6   0.03864
   1503.5   0.03862
   1504.4   0.03866
   1505.3   0.03865
   1506.1   0.03865
   1507.0   0.03866
   1507.9   0.03863
   1508.8   0.03871
   1509.6   0.03883
   1510.5   0.03884
   1511.4   0.03883
   1512.3   0.03883
   1513.2   0.03878
   1514.1   0.03881
   1514.9   0.03886
   1515.8   0.03888
   1516.7   0.03882
   1517.6   0.03880
   1518.5   0.03886
   1519.4   0.03892
   1520.3   0.03890
   1521.2   0.03892
   1522.1   0.03891
   1523.0   0.03890
   1523.8   0.03892
   1524.7   0.03897
   1525.6   0.03899
   1526.5   0.03899
   1527.4   0.03899
   1528.3   0.03900
   1529.2   0.03907
   1530.1   0.03906
   1531.0   0.03902
   1532.0   0.03906
   1532.9   0.03911
   1533.8   0.03912
   1534.7   0.03911
   1535.6   0.03910
   1536.5   0.03913
   1537.4   0.03913
   1538.3   0.03914
   1539.2   0.03913
   1540.1   0.03911
   1541.1   0.03914
   1542.0   0.03916
   1542.9   0.03916
   1543.8   0.03917
   1544.7   0.03917
   1545.7   0.03918
   1546.6   0.03921
   1547.5   0.03921
   1548.4   0.03922
   1549.4   0.03922
   1550.3   0.03925
   1551.2   0.03929
   1552.1   0.03930
   1553.1   0.03932
   1554.0   0.03934
   1554.9   0.03932
   1555.9   0.03929
   1556.8   0.03932
   1557.7   0.03940
   1558.7   0.03939
   1559.6   0.03935
   1560.5   0.03944
   1561.5   0.03949
   1562.4   0.03943
   1563.4   0.03943
   1564.3   0.03945
   1565.3   0.03939
   1566.2   0.03932
   1567.2   0.03933
   1568.1   0.03940
   1569.0   0.03942
   1570.0   0.03942
   1571.0   0.03944
   1571.9   0.03949
   1572.9   0.03952
   1573.8   0.03954
   1574.8   0.03956
   1575.7   0.03952
   1576.7   0.03950
   1577.6   0.03953
   1578.6   0.03958
   1579.6   0.03955
   1580.5   0.03950
   1581.5   0.03950
   1582.5   0.03955
   1583.4   0.03958
   1584.4   0.03959
   1585.4   0.03961
   1586.3   0.03964
   1587.3   0.03966
   1588.3   0.03970
   1589.3   0.03968
   1590.2   0.03967
   1591.2   0.03967
   1592.2   0.03969
   1593.2   0.03970
   1594.1   0.03969
   1595.1   0.03974
   1596.1   0.03979
   1597.1   0.03974
   1598.1   0.03971
   1599.1   0.03977
   1600.0   0.03980
   1601.0   0.03976
   1602.0   0.03977
   1603.0   0.03982
   1604.0   0.03984
   1605.0   0.03982
   1606.0   0.03979
   1607.0   0.03978
   1608.0   0.03979
   1609.0   0.03979
   1610.0   0.03982
   1611.0   0.03986
   1612.0   0.03986
   1613.0   0.03983
   1614.0   0.03984
   1615.0   0.03989
   1616.0   0.03990
   1617.0   0.03986
   1618.0   0.03990
   1619.0   0.03997
   1620.0   0.03997
   1621.1   0.03996
   1622.1   0.03999
   1623.1   0.04000
   1624.1   0.03995
   1625.1   0.03988
   1626.1   0.03988
   1627.2   0.03994
   1628.2   0.03997
   1629.2   0.03997
   1630.2   0.04005
   1631.3   0.04005
   1632.3   0.04002
   1633.3   0.04001
   1634.3   0.04002
   1635.4   0.04007
   1636.4   0.04007
   1637.4   0.04005
   1638.5   0.04005
   1639.5   0.04011
   1640.5   0.04013
   1641.6   0.04009
   1642.6   0.04004
   1643.7   0.04007
   1644.7   0.04011
   1645.8   0.04011
   1646.8   0.04014
   1647.8   0.04015
   1648.9   0.04016
   1649.9   0.04017
   1651.0   0.04020
   1652.1   0.04015
   1653.1   0.04012
   1654.2   0.04014
   1655.2   0.04016
   1656.3   0.04017
   1657.3   0.04016
   1658.4   0.04015
   1659.5   0.04015
   1660.5   0.04019
   1661.6   0.04021
   1662.6   0.04021
   1663.7   0.04025
   1664.8   0.04029
   1665.9   0.04030
   1666.9   0.04026
   1668.0   0.04025
   1669.1   0.04027
   1670.1   0.04028
   1671.2   0.04030
   1672.3   0.04033
   1673.4   0.04030
   1674.5   0.04030
   1675.5   0.04030
   1676.6   0.04030
   1677.7   0.04034
   1678.8   0.04036
   1679.9   0.04034
   1681.0   0.04035
   1682.1   0.04041
   1683.2   0.04048
   1684.3   0.04044
   1685.3   0.04041
   1686.4   0.04049
   1687.5   0.04051
   1688.6   0.04046
   1689.7   0.04045
   1690.8   0.04046
   1692.0   0.04046
   1693.1   0.04047
   1694.2   0.04049
   1695.3   0.04047
   1696.4   0.04051
   1697.5   0.04051
   1698.6   0.04049
   1699.7   0.04053
   1700.8   0.04054
   1701.9   0.04054
   1703.1   0.04054
   1704.2   0.04052
   1705.3   0.04056
   1706.4   0.04052
   1707.6   0.04050
   1708.7   0.04054
   1709.8   0.04055
   1710.9   0.04057
   1712.1   0.04062
   1713.2   0.04062
   1714.3   0.04059
   1715.5   0.04061
   1716.6   0.04066
   1717.7   0.04065
   1718.9   0.04063
   1720.0   0.04064
   1721.2   0.04062
   1722.3   0.04060
   1723.4   0.04065
   1724.6   0.04073
   1725.7   0.04075
   1726.9   0.04069
   1728.0   0.04067
   1729.2   0.04073
   1730.4   0.04075
   1731.5   0.04074
   1732.7   0.04069
   1733.8   0.04068
   1735.0   0.04074
   1736.1   0.04073
   1737.3   0.04075
   1738.5   0.04079
   1739.6   0.04078
   1740.8   0.04078
   1742.0   0.04079
   1743.2   0.04076
   1744.3   0.04075
   1745.5   0.04074
   1746.7   0.04076
   1747.9   0.04081
   1749.0   0.04084
   1750.2   0.04083
   1751.4   0.04081
   1752.6   0.04083
   1753.8   0.04083
   1755.0   0.04085
   1756.1   0.04091
   1757.3   0.04094
   1758.5   0.04094
   1759.7   0.04091
   1760.9   0.04089
   1762.1   0.04089
   1763.3   0.04089
   1764.5   0.04091
   1765.7   0.04096
   1766.9   0.04097
   1768.1   0.04096
   1769.3   0.04097
   1770.5   0.04098
   1771.7   0.04097
   1773.0   0.04099
   1774.2   0.04101
   1775.4   0.04106
   1776.6   0.04107
   1777.8   0.04106
   1779.0   0.04109
   1780.3   0.04109
   1781.5   0.04106
   1782.7   0.04105
   1783.9   0.04105
   1785.2   0.04102
   1786.4   0.04101
   1787.6   0.04106
   1788.9   0.04111
   1790.1   0.04113
   1791.3   0.04115
   1792.6   0.04111
   1793.8   0.04108
   1795.1   0.04110
   1796.3   0.04115
   1797.6   0.04117
   1798.8   0.04118
   1800.0   0.04120
   1801.3   0.04119
   1802.6   0.04116
   1803.8   0.04121
   1805.1   0.04121
   1806.3   0.04121
   1807.6   0.04127
   1808.8   0.04127
   1810.1   0.04125
   1811.4   0.04125
   1812.6   0.04126
   1813.9   0.04126
   1815.2   0.04130
   1816.4   0.04130
   1817.7   0.04130
   1819.0   0.04131
   1820.3   0.04129
   1821.6   0.04130
   1822.8   0.04138
   1824.1   0.04141
   1825.4   0.04139
   1826.7   0.04137
   1828.0   0.04138
   1829.3   0.04140
   1830.6   0.04141
   1831.8   0.04144
   1833.1   0.04145
   1834.4   0.04145
   1835.7   0.04148
   1837.0   0.04146
   1838.3   0.04145
   1839.7   0.04146
   1841.0   0.04144
   1842.3   0.04141
   1843.6   0.04142
   1844.9   0.04144
   1846.2   0.04147
   1847.5   0.04151
   1848.8   0.04156
   1850.2   0.04159
   1851.5   0.04155
   1852.8   0.04154
   1854.1   0.04154
   1855.5   0.04150
   1856.8   0.04153
   1858.1   0.04159
   1859.4   0.04163
   1860.8   0.04160
   1862.1   0.04158
   1863.5   0.04156
   1864.8   0.04158
   1866.1   0.04161
   1867.5   0.04162
   1868.8   0.04161
   1870.2   0.04159
   1871.5   0.04162
   1872.9   0.04166
   1874.2   0.04165
   1875.6   0.04165
   1876.9   0.04173
   1878.3   0.04175
   1879.7   0.04177
   1881.0   0.04186
   1882.4   0.04187
   1883.8   0.04179
   1885.1   0.04174
   1886.5   0.04173
   1887.9   0.04179
   1889.3   0.04184
   1890.6   0.04184
   1892.0   0.04183
   1893.4   0.04186
   1894.8   0.04186
   1896.2   0.04181
   1897.6   0.04181
   1899.0   0.04183
   1900.3   0.04185
   1901.7   0.04189
   1903.1   0.04193
   1904.5   0.04195
   1905.9   0.04194
   1907.3   0.04192
   1908.7   0.04190
   1910.1   0.04189
   1911.6   0.04193
   1913.0   0.04199
   1914.4   0.04199
   1915.8   0.04197
   1917.2   0.04196
   1918.6   0.04197
   1920.0   0.04201
   1921.5   0.04198
   1922.9   0.04199
   1924.3   0.04204
   1925.8   0.04205
   1927.2   0.04210
   1928.6   0.04215
   1930.1   0.04209
   1931.5   0.04208
   1932.9   0.04213
   1934.4   0.04218
   1935.8   0.04216
   1937.3   0.04217
   1938.7   0.04219
   1940.2   0.04218
   1941.6   0.04218
   1943.1   0.04218
   1944.5   0.04218
   1946.0   0.04218
   1947.5   0.04223
   1948.9   0.04226
   1950.4   0.04225
   1951.9   0.04225
   1953.3   0.04229
   1954.8   0.04231
   1956.3   0.04234
   1957.8   0.04231
   1959.2   0.04227
   1960.7   0.04230
   1962.2   0.04234
   1963.7   0.04234
   1965.2   0.04239
   1966.7   0.04244
   1968.2   0.04243
   1969.7   0.04238
   1971.2   0.04241
   1972.7   0.04246
   1974.2   0.04247
   1975.7   0.04248
   1977.2   0.04249
   1978.7   0.04250
   1980.2   0.04252
   1981.7   0.04255
   1983.2   0.04255
   1984.7   0.04255
   1986.3   0.04255
   1987.8   0.04255
   1989.3   0.04256
   1990.8   0.04259
   1992.4   0.04259
   1993.9   0.04259
   1995.4   0.04263
   1997.0   0.04268
   1998.5   0.04268
   2000.1   0.04267
   2001.6   0.04270
   2003.1   0.04271
   2004.7   0.04269
   2006.2   0.04271
   2007.8   0.04275
   2009.4   0.04282
   2010.9   0.04281
   2012.5   0.04277
   2014.0   0.04280
   2015.6   0.04278
   2017.2   0.04278
   2018.7   0.04282
   2020.3   0.04287
   2021.9   0.04293
   2023.5   0.04293
   2025.1   0.04292
   2026.6   0.04290
   2028.2   0.04287
   2029.8   0.04287
   2031.4   0.04291
   2033.0   0.04298
   2034.6   0.04299
   2036.2   0.04297
   2037.8   0.04298
   2039.4   0.04296
   2041.0   0.04299
   2042.6   0.04300
   2044.2   0.04297
   2045.8   0.04297
   2047.4   0.04301
   2049.1   0.04303
   2050.7   0.04304
   2052.3   0.04305
   2053.9   0.04305
   2055.6   0.04308
   2057.2   0.04314
   2058.8   0.04314
   2060.5   0.04313
   2062.1   0.04318
   2063.7   0.04320
   2065.4   0.04320
   2067.0   0.04323
   2068.7   0.04325
   2070.3   0.04321
   2072.0   0.04320
   2073.7   0.04321
   2075.3   0.04323
   2077.0   0.04326
   2078.6   0.04326
   2080.3   0.04329
   2082.0   0.04333
   2083.7   0.04333
   2085.3   0.04333
   2087.0   0.04336
   2088.7   0.04337
   2090.4   0.04336
   2092.1   0.04337
   2093.8   0.04340
   2095.4   0.04340
   2097.1   0.04341
   2098.8   0.04343
   2100.5   0.04347
   2102.2   0.04352
   2104.0   0.04350
   2105.7   0.04347
   2107.4   0.04352
   2109.1   0.04356
   2110.8   0.04352
   2112.5   0.04350
   2114.2   0.04355
   2116.0   0.04357
   2117.7   0.04361
   2119.4   0.04363
   2121.2   0.04363
   2122.9   0.04361
   2124.6   0.04360
   2126.4   0.04362
   2128.1   0.04363
   2129.9   0.04366
   2131.6   0.04372
   2133.4   0.04376
   2135.1   0.04376
   2136.9   0.04380
   2138.7   0.04385
   2140.4   0.04381
   2142.2   0.04379
   2144.0   0.04383
   2145.8   0.04384
   2147.5   0.04383
   2149.3   0.04389
   2151.1   0.04390
   2152.9   0.04391
   2154.7   0.04393
   2156.5   0.04391
   2158.3   0.04393
   2160.1   0.04398
   2161.9   0.04397
   2163.7   0.04399
   2165.5   0.04404
   2167.3   0.04403
   2169.1   0.04401
   2170.9   0.04404
   2172.7   0.04411
   2174.6   0.04414
   2176.4   0.04413
   2178.2   0.04412
   2180.0   0.04411
   2181.9   0.04413
   2183.7   0.04423
   2185.6   0.04429
   2187.4   0.04424
   2189.2   0.04422
   2191.1   0.04423
   2193.0   0.04425
   2194.8   0.04422
   2196.7   0.04423
   2198.5   0.04429
   2200.4   0.04432
   2202.3   0.04433
   2204.1   0.04436
   2206.0   0.04439
   2207.9   0.04441
   2209.8   0.04441
   2211.7   0.04441
   2213.6   0.04444
   2215.4   0.04448
   2217.3   0.04451
   2219.2   0.04454
   2221.1   0.04455
   2223.0   0.04453
   2225.0   0.04457
   2226.9   0.04466
   2228.8   0.04469
   2230.7   0.04469
   2232.6   0.04468
   2234.5   0.04468
   2236.5   0.04471
   2238.4   0.04469
   2240.3   0.04467
   2242.3   0.04472
   2244.2   0.04477
   2246.2   0.04478
   2248.1   0.04479
   2250.1   0.04482
   2252.0   0.04484
   2254.0   0.04486
   2255.9   0.04492
   2257.9   0.04496
   2259.9   0.04498
   2261.8   0.04500
   2263.8   0.04504
   2265.8   0.04505
   2267.8   0.04503
   2269.8   0.04504
   2271.8   0.04508
   2273.7   0.04510
   2275.7   0.04518
   2277.7   0.04526
   2279.7   0.04526
   2281.7   0.04523
   2283.8   0.04524
   2285.8   0.04530
   2287.8   0.04535
   2289.8   0.04535
   2291.8   0.04535
   2293.9   0.04535
   2295.9   0.04538
   2297.9   0.04542
   2300.0   0.04547
   2302.0   0.04555
   2304.1   0.04564
   2306.1   0.04567
   2308.2   0.04571
   2310.2   0.04568
   2312.3   0.04566
   2314.3   0.04571
   2316.4   0.04576
   2318.5   0.04581
   2320.6   0.04585
   2322.6   0.04588
   2324.7   0.04593
   2326.8   0.04598
   2328.9   0.04602
   2331.0   0.04600
   2333.1   0.04600
   2335.2   0.04602
   2337.3   0.04603
   2339.4   0.04607
   2341.5   0.04614
   2343.6   0.04620
   2345.8   0.04623
   2347.9   0.04626
   2350.0   0.04629
   2352.1   0.04631
   2354.3   0.04634
   2356.4   0.04640
   2358.6   0.04645
   2360.7   0.04651
   2362.9   0.04658
   2365.0   0.04663
   2367.2   0.04662
   2369.3   0.04663
   2371.5   0.04664
   2373.7   0.04667
   2375.9   0.04677
   2378.0   0.04686
   2380.2   0.04688
   2382.4   0.04694
   2384.6   0.04698
   2386.8   0.04702
   2389.0   0.04713
   2391.2   0.04713
   2393.4   0.04713
   2395.6   0.04720
   2397.8   0.04722
   2400.1   0.04727
   2402.3   0.04736
   2404.5   0.04738
   2406.7   0.04742
   2409.0   0.04752
   2411.2   0.04757
   2413.5   0.04761
   2415.7   0.04768
   2418.0   0.04768
   2420.2   0.04769
   2422.5   0.04773
   2424.8   0.04782
   2427.0   0.04790
   2429.3   0.04792
   2431.6   0.04800
   2433.9   0.04813
   2436.2   0.04820
   2438.4   0.04823
   2440.7   0.04826
   2443.0   0.04826
   2445.3   0.04837
   2447.7   0.04850
   2450.0   0.04854
   2452.3   0.04854
   2454.6   0.04858
   2456.9   0.04862
   2459.3   0.04868
   2461.6   0.04875
   2463.9   0.04884
   2466.3   0.04890
   2468.6   0.04890
   2471.0   0.04896
   2473.3   0.04910
   2475.7   0.04919
   2478.1   0.04925
   2480.4   0.04930
   2482.8   0.04931
   2485.2   0.04937
   2487.6   0.04947
   2490.0   0.04956
   2492.4   0.04961
   2494.8   0.04963
   2497.2   0.04969
   2499.6   0.04979
   2502.0   0.04986
   2504.4   0.04990
   2506.8   0.04997
   2509.3   0.05003
   2511.7   0.05013
   2514.1   0.05020
   2516.6   0.05021
   2519.0   0.05023
   2521.5   0.05031
   2523.9   0.05038
   2526.4   0.05046
   2528.8   0.05055
   2531.3   0.05069
   2533.8   0.05085
   2536.3   0.05090
   2538.8   0.05089
   2541.2   0.05093
   2543.7   0.05100
   2546.2   0.05108
   2548.7   0.05118
   2551.2   0.05126
   2553.8   0.05134
   2556.3   0.05141
   2558.8   0.05144
   2561.3   0.05153
   2563.9   0.05157
   2566.4   0.05159
   2568.9   0.05166
   2571.5   0.05173
   2574.0   0.05180
   2576.6   0.05188
   2579.2   0.05199
   2581.7   0.05210
   2584.3   0.05216
   2586.9   0.05223
   2589.5   0.05233
   2592.1   0.05240
   2594.7   0.05241
   2597.3   0.05239
   2599.9   0.05252
   2602.5   0.05260
   2605.1   0.05264
   2607.7   0.05274
   2610.3   0.05288
   2613.0   0.05298
   2615.6   0.05301
   2618.3   0.05304
   2620.9   0.05311
   2623.6   0.05319
   2626.2   0.05326
   2628.9   0.05328
   2631.5   0.05334
   2634.2   0.05346
   2636.9   0.05350
   2639.6   0.05348
   2642.3   0.05355
   2645.0   0.05368
   2647.7   0.05380
   2650.4   0.05385
   2653.1   0.05383
   2655.8   0.05386
   2658.5   0.05397
   2661.3   0.05400
   2664.0   0.05401
   2666.7   0.05402
   2669.5   0.05405
   2672.2   0.05410
   2675.0   0.05414
   2677.8   0.05416
   2680.5   0.05420
   2683.3   0.05427
   2686.1   0.05425
   2688.9   0.05421
   2691.7   0.05419
   2694.5   0.05415
   2697.3   0.05414
   2700.1   0.05404
   2702.9   0.05391
   2705.7   0.05391
   2708.5   0.05387
   2711.4   0.05365
   2714.2   0.05355
   2717.1   0.05359
   2719.9   0.05348
   2722.8   0.05333
   2725.6   0.05325
   2728.5   0.05330
   2731.4   0.05335
   2734.2   0.05330
   2737.1   0.05316
   2740.0   0.05293
   2742.9   0.05278
   2745.8   0.05285
   2748.7   0.05281
   2751.7   0.05268
   2754.6   0.05253
   2757.5   0.05240
   2760.5   0.05234
   2763.4   0.05227
   2766.3   0.05215
   2769.3   0.05214
   2772.3   0.05204
   2775.2   0.05197
   2778.2   0.05200
   2781.2   0.05198
   2784.2   0.05192
   2787.2   0.05171
   2790.2   0.05152
   2793.2   0.05155
   2796.2   0.05156
   2799.2   0.05140
   2802.2   0.05128
   2805.3   0.05126
   2808.3   0.05126
   2811.4   0.05121
   2814.4   0.05113
   2817.5   0.05107
   2820.5   0.05098
   2823.6   0.05085
   2826.7   0.05083
   2829.8   0.05089
   2832.9   0.05089
   2836.0   0.05087
   2839.1   0.05085
   2842.2   0.05079
   2845.3   0.05073
   2848.4   0.05069
   2851.6   0.05063
   2854.7   0.05056
   2857.8   0.05052
   2861.0   0.05052
   2864.2   0.05056
   2867.3   0.05056
   2870.5   0.05059
   2873.7   0.05062
   2876.9   0.05062
   2880.1   0.05056
   2883.3   0.05045
   2886.5   0.05038
   2889.7   0.05042
   2892.9   0.05045
   2896.2   0.05042
   2899.4   0.05042
   2902.7   0.05042
   2905.9   0.05043
   2909.2   0.05053
   2912.4   0.05059
   2915.7   0.05049
   2919.0   0.05043
   2922.3   0.05038
   2925.6   0.05037
   2928.9   0.05043
   2932.2   0.05050
   2935.5   0.05050
   2938.9   0.05051
   2942.2   0.05053
   2945.5   0.05053
   2948.9   0.05057
   2952.2   0.05059
   2955.6   0.05059
   2959.0   0.05056
   2962.4   0.05054
   2965.8   0.05065
   2969.1   0.05072
   2972.6   0.05077
   2976.0   0.05069
   2979.4   0.05066
   2982.8   0.05070
   2986.3   0.05064
   2989.7   0.05055
   2993.1   0.05065
   2996.6   0.05083
   3000.1   0.05095
   3001.8   0.05101
   3003.6   0.05108
   3005.3   0.05104
   3007.0   0.05101
   3008.8   0.05112
   3010.5   0.05110
   3012.3   0.05104
   3014.0   0.05103
   3015.8   0.05100
   3017.5   0.05107
   3019.3   0.05117
   3021.1   0.05125
   3022.8   0.05133
   3024.6   0.05138
   3026.3   0.05137
   3028.1   0.05139
   3029.9   0.05138
   3031.7   0.05132
   3033.4   0.05133
   3035.2   0.05143
   3037.0   0.05146
   3038.8   0.05142
   3040.5   0.05138
   3042.3   0.05140
   3044.1   0.05148
   3045.9   0.05147
   3047.7   0.05153
   3049.5   0.05157
   3051.3   0.05156
   3053.1   0.05159
   3054.9   0.05156
   3056.7   0.05160
   3058.5   0.05173
   3060.3   0.05176
   3062.1   0.05181
   3063.9   0.05184
   3065.7   0.05178
   3067.5   0.05170
   3069.4   0.05170
   3071.2   0.05176
   3073.0   0.05182
   3074.8   0.05191
   3076.6   0.05194
   3078.5   0.05192
   3080.3   0.05191
   3082.1   0.05187
   3084.0   0.05189
   3085.8   0.05188
   3087.6   0.05191
   3089.5   0.05200
   3091.3   0.05207
   3093.2   0.05208
   3095.0   0.05212
   3096.9   0.05215
   3098.7   0.05229
   3100.6   0.05235
   3102.4   0.05239
   3104.3   0.05234
   3106.1   0.05229
   3108.0   0.05237
   3109.9   0.05237
   3111.7   0.05238
   3113.6   0.05241
   3115.5   0.05251
   3117.3   0.05260
   3119.2   0.05265
   3121.1   0.05265
   3123.0   0.05263
   3124.9   0.05264
   3126.7   0.05270
   3128.6   0.05283
   3130.5   0.05288
   3132.4   0.05289
   3134.3   0.05290
   3136.2   0.05287
   3138.1   0.05282
   3140.0   0.05289
   3141.9   0.05302
   3143.8   0.05299
   3145.7   0.05303
   3147.6   0.05314
   3149.5   0.05320
   3151.4   0.05322
   3153.4   0.05317
   3155.3   0.05317
   3157.2   0.05321
   3159.1   0.05329
   3161.1   0.05339
   3163.0   0.05346
   3164.9   0.05341
   3166.9   0.05338
   3168.8   0.05347
   3170.7   0.05358
   3172.7   0.05362
   3174.6   0.05355
   3176.6   0.05356
   3178.5   0.05361
   3180.5   0.05372
   3182.4   0.05376
   3184.4   0.05378
   3186.3   0.05385
   3188.3   0.05384
   3190.2   0.05388
   3192.2   0.05393
   3194.2   0.05391
   3196.1   0.05394
   3198.1   0.05409
   3200.1   0.05416
   3202.1   0.05411
   3204.0   0.05411
   3206.0   0.05416
   3208.0   0.05423
   3210.0   0.05429
   3212.0   0.05436
   3214.0   0.05442
   3216.0   0.05446
   3218.0   0.05450
   3220.0   0.05454
   3222.0   0.05454
   3224.0   0.05455
   3226.0   0.05466
   3228.0   0.05474
   3230.0   0.05469
   3232.0   0.05471
   3234.0   0.05479
   3236.0   0.05493
   3238.1   0.05506
   3240.1   0.05499
   3242.1   0.05493
   3244.1   0.05501
   3246.2   0.05506
   3248.2   0.05511
   3250.2   0.05518
   3252.3   0.05524
   3254.3   0.05531
   3256.4   0.05536
   3258.4   0.05534
   3260.5   0.05536
   3262.5   0.05543
   3264.6   0.05554
   3266.6   0.05563
   3268.7   0.05563
   3270.7   0.05559
   3272.8   0.05564
   3274.9   0.05573
   3277.0   0.05578
   3279.0   0.05580
   3281.1   0.05582
   3283.2   0.05584
   3285.3   0.05587
   3287.3   0.05602
   3289.4   0.05607
   3291.5   0.05607
   3293.6   0.05608
   3295.7   0.05611
   3297.8   0.05616
   3299.9   0.05624
   3302.0   0.05629
   3304.1   0.05630
   3306.2   0.05638
   3308.3   0.05643
   3310.4   0.05644
   3312.5   0.05655
   3314.7   0.05663
   3316.8   0.05666
   3318.9   0.05671
   3321.0   0.05677
   3323.2   0.05671
   3325.3   0.05673
   3327.4   0.05680
   3329.6   0.05681
   3331.7   0.05683
   3333.8   0.05691
   3336.0   0.05699
   3338.1   0.05702
   3340.3   0.05702
   3342.4   0.05706
   3344.6   0.05715
   3346.8   0.05724
   3348.9   0.05728
   3351.1   0.05734
   3353.3   0.05742
   3355.4   0.05744
   3357.6   0.05744
   3359.8   0.05753
   3362.0   0.05755
   3364.1   0.05748
   3366.3   0.05754
   3368.5   0.05763
   3370.7   0.05773
   3372.9   0.05779
   3375.1   0.05783
   3377.3   0.05791
   3379.5   0.05801
   3381.7   0.05811
   3383.9   0.05817
   3386.1   0.05823
   3388.3   0.05827
   3390.5   0.05834
   3392.8   0.05837
   3395.0   0.05834
   3397.2   0.05833
   3399.4   0.05840
   3401.7   0.05852
   3403.9   0.05863
   3406.1   0.05864
   3408.4   0.05869
   3410.6   0.05886
   3412.9   0.05905
   3415.1   0.05913
   3417.4   0.05917
   3419.6   0.05917
   3421.9   0.05924
   3424.1   0.05933
   3426.4   0.05935
   3428.7   0.05933
   3430.9   0.05931
   3433.2   0.05923
   3435.5   0.05921
   3437.8   0.05923
   3440.0   0.05926
   3442.3   0.05927
   3444.6   0.05927
   3446.9   0.05926
   3449.2   0.05926
   3451.5   0.05924
   3453.8   0.05927
   3456.1   0.05934
   3458.4   0.05936
   3460.7   0.05939
   3463.0   0.05943
   3465.3   0.05945
   3467.6   0.05948
   3470.0   0.05951
   3472.3   0.05954
   3474.6   0.05956
   3477.0   0.05960
   3479.3   0.05963
   3481.6   0.05964
   3484.0   0.05964
   3486.3   0.05972
   3488.7   0.05972
   3491.0   0.05973
   3493.4   0.05983
   3495.7   0.05989
   3498.1   0.05994
   3500.4   0.06003
   3502.8   0.06014
   3505.2   0.06022
   3507.5   0.06026
   3509.9   0.06030
   3512.3   0.06024
   3514.7   0.06018
   3517.1   0.06018
   3519.4   0.06013
   3521.8   0.06016
   3524.2   0.06020
   3526.6   0.06014
   3529.0   0.06018
   3531.4   0.06023
   3533.8   0.06021
   3536.2   0.06025
   3538.7   0.06030
   3541.1   0.06034
   3543.5   0.06037
   3545.9   0.06034
   3548.3   0.06029
   3550.8   0.06034
   3553.2   0.06047
   3555.6   0.06052
   3558.1   0.06048
   3560.5   0.06044
   3563.0   0.06041
   3565.4   0.06040
   3567.9   0.06047
   3570.3   0.06058
   3572.8   0.06065
   3575.3   0.06066
   3577.7   0.06065
   3580.2   0.06065
   3582.7   0.06064
   3585.2   0.06066
   3587.6   0.06073
   3590.1   0.06078
   3592.6   0.06077
   3595.1   0.06074
   3597.6   0.06072
   3600.1   0.06076
   3602.6   0.06083
   3605.1   0.06083
   3607.6   0.06083
   3610.1   0.06089
   3612.6   0.06091
   3615.2   0.06089
   3617.7   0.06094
   3620.2   0.06101
   3622.7   0.06099
   3625.3   0.06094
   3627.8   0.06099
   3630.3   0.06103
   3632.9   0.06102
   3635.4   0.06099
   3638.0   0.06106
   3640.5   0.06109
   3643.1   0.06105
   3645.7   0.06107
   3648.2   0.06115
   3650.8   0.06120
   3653.4   0.06113
   3655.9   0.06113
   3658.5   0.06120
   3661.1   0.06119
   3663.7   0.06119
   3666.3   0.06123
   3668.9   0.06124
   3671.5   0.06123
   3674.1   0.06119
   3676.7   0.06120
   3679.3   0.06120
   3681.9   0.06119
   3684.5   0.06120
   3687.2   0.06125
   3689.8   0.06127
   3692.4   0.06131
   3695.0   0.06136
   3697.7   0.06135
   3700.3   0.06130
   3703.0   0.06126
   3705.6   0.06127
   3708.3   0.06129
   3710.9   0.06131
   3713.6   0.06129
   3716.2   0.06131
   3718.9   0.06133
   3721.6   0.06133
   3724.2   0.06132
   3726.9   0.06134
   3729.6   0.06132
   3732.3   0.06133
   3735.0   0.06130
   3737.7   0.06129
   3740.4   0.06131
   3743.1   0.06133
   3745.8   0.06132
   3748.5   0.06129
   3751.2   0.06127
   3753.9   0.06125
   3756.6   0.06127
   3759.3   0.06133
   3762.1   0.06135
   3764.8   0.06131
   3767.5   0.06132
   3770.3   0.06126
   3773.0   0.06121
   3775.8   0.06124
   3778.5   0.06125
   3781.3   0.06126
   3784.0   0.06129
   3786.8   0.06128
   3789.6   0.06125
   3792.3   0.06123
   3795.1   0.06119
   3797.9   0.06119
   3800.7   0.06123
   3803.5   0.06127
   3806.3   0.06122
   3809.1   0.06116
   3811.9   0.06113
   3814.7   0.06120
   3817.5   0.06123
   3820.3   0.06123
   3823.1   0.06122
   3825.9   0.06121
   3828.8   0.06116
   3831.6   0.06116
   3834.4   0.06120
   3837.3   0.06120
   3840.1   0.06119
   3842.9   0.06116
   3845.8   0.06108
   3848.7   0.06106
   3851.5   0.06109
   3854.4   0.06112
   3857.2   0.06113
   3860.1   0.06113
   3863.0   0.06112
   3865.9   0.06111
   3868.8   0.06111
   3871.6   0.06114
   3874.5   0.06111
   3877.4   0.06103
   3880.3   0.06101
   3883.2   0.06104
   3886.2   0.06107
   3889.1   0.06107
   3892.0   0.06106
   3894.9   0.06107
   3897.8   0.06105
   3900.8   0.06104
   3903.7   0.06101
   3906.7   0.06102
   3909.6   0.06102
   3912.6   0.06101
   3915.5   0.06097
   3918.5   0.06096
   3921.4   0.06095
   3924.4   0.06092
   3927.4   0.06090
   3930.4   0.06089
   3933.3   0.06087
   3936.3   0.06086
   3939.3   0.06085
   3942.3   0.06090
   3945.3   0.06097
   3948.3   0.06091
   3951.3   0.06082
   3954.3   0.06080
   3957.4   0.06080
   3960.4   0.06078
   3963.4   0.06076
   3966.4   0.06077
   3969.5   0.06073
   3972.5   0.06067
   3975.6   0.06060
   3978.6   0.06056
   3981.7   0.06057
   3984.7   0.06062
   3987.8   0.06063
   3990.9   0.06054
   3993.9   0.06051
   3997.0   0.06052
   4000.1   0.06053
   4003.2   0.06051
   4006.3   0.06046
   4009.4   0.06049
   4012.5   0.06047
   4015.6   0.06046
   4018.7   0.06047
   4021.8   0.06042
   4024.9   0.06042
   4028.1   0.06044
   4031.2   0.06041
   4034.3   0.06036
   4037.5   0.06035
   4040.6   0.06038
   4043.8   0.06042
   4046.9   0.06043
   4050.1   0.06038
   4053.3   0.06034
   4056.4   0.06033
   4059.6   0.06036
   4062.8   0.06039
   4066.0   0.06035
   4069.2   0.06034
   4072.4   0.06039
   4075.6   0.06040
   4078.8   0.06037
   4082.0   0.06037
   4085.2   0.06035
   4088.4   0.06030
   4091.7   0.06029
   4094.9   0.06032
   4098.1   0.06032
   4101.4   0.06031
   4104.6   0.06029
   4107.9   0.06024
   4111.1   0.06025
   4114.4   0.06024
   4117.7   0.06018
   4120.9   0.06019
   4124.2   0.06024
   4127.5   0.06024
   4130.8   0.06025
   4134.1   0.06027
   4137.4   0.06029
   4140.7   0.06029
   4144.0   0.06027
   4147.3   0.06029
   4150.6   0.06030
   4154.0   0.06020
   4157.3   0.06021
   4160.6   0.06027
   4164.0   0.06028
   4167.3   0.06030
   4170.7   0.06034
   4174.0   0.06033
   4177.4   0.06028
   4180.8   0.06024
   4184.1   0.06031
   4187.5   0.06035
   4190.9   0.06035
   4194.3   0.06035
   4197.7   0.06040
   4201.1   0.06039
   4204.5   0.06043
   4207.9   0.06045
   4211.3   0.06049
   4214.7   0.06055
   4218.2   0.06059
   4221.6   0.06063
   4225.0   0.06062
   4228.5   0.06060
   4231.9   0.06057
   4235.4   0.06064
   4238.9   0.06069
   4242.3   0.06066
   4245.8   0.06066
   4249.3   0.06064
   4252.8   0.06057
   4256.3   0.06055
   4259.8   0.06059
   4263.3   0.06064
   4266.8   0.06068
   4270.3   0.06069
   4273.8   0.06068
   4277.3   0.06071
   4280.9   0.06075
   4284.4   0.06079
   4288.0   0.06079
   4291.5   0.06073
   4295.1   0.06073
   4298.6   0.06077
   4302.2   0.06076
   4305.8   0.06075
   4309.3   0.06080
   4312.9   0.06077
   4316.5   0.06072
   4320.1   0.06073
   4323.7   0.06077
   4327.3   0.06079
   4330.9   0.06080
   4334.6   0.06081
   4338.2   0.06079
   4341.8   0.06074
   4345.5   0.06078
   4349.1   0.06083
   4352.8   0.06082
   4356.4   0.06082
   4360.1   0.06083
   4363.8   0.06087
   4367.4   0.06087
   4371.1   0.06086
   4374.8   0.06089
   4378.5   0.06090
   4382.2   0.06090
   4385.9   0.06092
   4389.6   0.06097
   4393.3   0.06097
   4397.1   0.06094
   4400.8   0.06096
   4404.5   0.06099
   4408.3   0.06104
   4412.0   0.06106
   4415.8   0.06104
   4419.6   0.06105
   4423.3   0.06106
   4427.1   0.06110
   4430.9   0.06111
   4434.7   0.06106
   4438.5   0.06105
   4442.3   0.06109
   4446.1   0.06112
   4449.9   0.06118
   4453.7   0.06123
   4457.6   0.06124
   4461.4   0.06123
   4465.2   0.06127
   4469.1   0.06131
   4472.9   0.06130
   4476.8   0.06128
   4480.7   0.06128
   4484.5   0.06130
   4488.4   0.06131
   4492.3   0.06130
   4496.2   0.06128
   4500.1   0.06132
   4504.0   0.06136
   4507.9   0.06137
   4511.9   0.06137
   4515.8   0.06138
   4519.7   0.06137
   4523.7   0.06135
   4527.6   0.06134
   4531.6   0.06133
   4535.6   0.06131
   4539.5   0.06132
   4543.5   0.06135
   4547.5   0.06135
   4551.5   0.06134
   4555.5   0.06128
   4559.5   0.06125
   4563.5   0.06124
   4567.5   0.06121
   4571.5   0.06119
   4575.6   0.06116
   4579.6   0.06112
   4583.7   0.06114
   4587.7   0.06110
   4591.8   0.06104
   4595.9   0.06101
   4599.9   0.06094
   4604.0   0.06088
   4608.1   0.06087
   4612.2   0.06082
   4616.3   0.06074
   4620.4   0.06070
   4624.6   0.06068
   4628.7   0.06064
   4632.8   0.06055
   4637.0   0.06045
   4641.1   0.06039
   4645.3   0.06032
   4649.4   0.06024
   4653.6   0.06014
   4657.8   0.06008
   4662.0   0.06004
   4666.2   0.05999
   4670.4   0.05991
   4674.6   0.05985
   4678.8   0.05977
   4683.0   0.05968
   4687.3   0.05960
   4691.5   0.05952
   4695.8   0.05943
   4700.0   0.05939
   4704.3   0.05930
   4708.6   0.05921
   4712.9   0.05912
   4717.1   0.05897
   4721.4   0.05888
   4725.7   0.05885
   4730.1   0.05879
   4734.4   0.05868
   4738.7   0.05861
   4743.0   0.05849
   4747.4   0.05835
   4751.7   0.05827
   4756.1   0.05819
   4760.5   0.05810
   4764.8   0.05803
   4769.2   0.05794
   4773.6   0.05783
   4778.0   0.05775
   4782.4   0.05768
   4786.8   0.05759
   4791.3   0.05745
   4795.7   0.05735
   4800.1   0.05728
   4804.6   0.05721
   4809.0   0.05711
   4813.5   0.05701
   4818.0   0.05694
   4822.5   0.05686
   4826.9   0.05677
   4831.4   0.05669
   4835.9   0.05660
   4840.5   0.05651
   4845.0   0.05638
   4849.5   0.05621
   4854.1   0.05610
   4858.6   0.05603
   4863.2   0.05595
   4867.7   0.05585
   4872.3   0.05570
   4876.9   0.05558
   4881.5   0.05548
   4886.1   0.05540
   4890.7   0.05528
   4895.3   0.05513
   4899.9   0.05501
   4904.6   0.05492
   4909.2   0.05482
   4913.9   0.05469
   4918.5   0.05457
   4923.2   0.05446
   4927.9   0.05436
   4932.6   0.05422
   4937.3   0.05412
   4942.0   0.05405
   4946.7   0.05394
   4951.4   0.05380
   4956.2   0.05368
   4960.9   0.05356
   4965.6   0.05338
   4970.4   0.05326
   4975.2   0.05318
   4980.0   0.05307
   4984.7   0.05295
   4989.5   0.05282
   4994.3   0.05266
   4999.2   0.05250
   5004.0   0.05238
   5008.8   0.05227
   5013.7   0.05214
   5018.5   0.05200
   5023.4   0.05184
   5028.3   0.05167
   5033.1   0.05153
   5038.0   0.05140
   5042.9   0.05128
   5047.8   0.05114
   5052.8   0.05104
   5057.7   0.05092
   5062.6   0.05076
   5067.6   0.05059
   5072.5   0.05047
   5077.5   0.05039
   5082.5   0.05029
   5087.5   0.05018
   5092.5   0.05009
   5097.5   0.04999
   5102.5   0.04985
   5107.5   0.04976
   5112.6   0.04970
   5117.6   0.04961
   5122.7   0.04950
   5127.7   0.04939
   5132.8   0.04929
   5137.9   0.04923
   5143.0   0.04913
   5148.1   0.04904
   5153.2   0.04896
   5158.3   0.04889
   5163.5   0.04882
   5168.6   0.04873
   5173.8   0.04861
   5179.0   0.04854
   5184.1   0.04851
   5189.3   0.04842
   5194.5   0.04836
   5199.7   0.04828
   5205.0   0.04818
   5210.2   0.04808
   5215.4   0.04796
   5220.7   0.04785
   5225.9   0.04776
   5231.2   0.04770
   5236.5   0.04763
   5241.8   0.04749
   5247.1   0.04738
   5252.4   0.04731
   5257.7   0.04721
   5263.1   0.04709
   5268.4   0.04704
   5273.8   0.04698
   5279.2   0.04690
   5284.5   0.04680
   5289.9   0.04671
   5295.3   0.04664
   5300.8   0.04660
   5306.2   0.04656
   5311.6   0.04654
   5317.1   0.04652
   5322.5   0.04642
   5328.0   0.04638
   5333.5   0.04635
   5339.0   0.04633
   5344.5   0.04632
   5350.0   0.04636
   5355.5   0.04637
   5361.0   0.04637
   5366.6   0.04638
   5372.2   0.04639
   5377.7   0.04637
   5383.3   0.04637
   5388.9   0.04637
   5394.5   0.04640
   5400.1   0.04644
   5405.8   0.04644
   5411.4   0.04646
   5417.1   0.04648
   5422.7   0.04647
   5428.4   0.04647
   5434.1   0.04648
   5439.8   0.04650
   5445.5   0.04654
   5451.2   0.04655
   5457.0   0.04658
   5462.7   0.04663
   5468.5   0.04665
   5474.3   0.04665
   5480.1   0.04665
   5485.9   0.04666
   5491.7   0.04666
   5497.5   0.04665
   5503.3   0.04665
   5509.2   0.04667
   5515.0   0.04671
   5520.9   0.04674
   5526.8   0.04672
   5532.7   0.04667
   5538.6   0.04664
   5544.5   0.04661
   5550.5   0.04657
   5556.4   0.04651
   5562.4   0.04642
   5568.4   0.04639
   5574.3   0.04637
   5580.3   0.04634
   5586.4   0.04626
   5592.4   0.04618
   5598.4   0.04611
   5604.5   0.04602
   5610.5   0.04592
   5616.6   0.04586
   5622.7   0.04578
   5628.8   0.04569
   5634.9   0.04560
   5641.1   0.04552
   5647.2   0.04540
   5653.4   0.04531
   5659.5   0.04523
   5665.7   0.04517
   5671.9   0.04511
   5678.1   0.04501
   5684.4   0.04488
   5690.6   0.04483
   5696.9   0.04479
   5703.1   0.04469
   5709.4   0.04458
   5715.7   0.04452
   5722.0   0.04446
   5728.3   0.04439
   5734.7   0.04428
   5741.0   0.04414
   5747.4   0.04402
   5753.8   0.04393
   5760.1   0.04378
   5766.6   0.04368
   5773.0   0.04352
   5779.4   0.04336
   5785.9   0.04321
   5792.3   0.04305
   5798.8   0.04287
   5805.3   0.04273
   5811.8   0.04261
   5818.3   0.04254
   5824.9   0.04240
   5831.4   0.04219
   5838.0   0.04197
   5844.6   0.04184
   5851.2   0.04174
   5857.8   0.04161
   5864.4   0.04147
   5871.0   0.04134
   5877.7   0.04121
   5884.4   0.04108
   5891.1   0.04091
   5897.8   0.04077
   5904.5   0.04062
   5911.2   0.04050
   5918.0   0.04038
   5924.7   0.04024
   5931.5   0.04013
   5938.3   0.04001
   5945.1   0.03985
   5951.9   0.03969
   5958.8   0.03952
   5965.6   0.03937
   5972.5   0.03927
   5979.4   0.03915
   5986.3   0.03900
   5993.2   0.03888
   6000.2   0.03874
   6007.1   0.03861
   6014.1   0.03848
   6021.1   0.03835
   6028.1   0.03824
   6035.1   0.03816
   6042.1   0.03807
   6049.2   0.03800
   6056.2   0.03787
   6063.3   0.03770
   6070.4   0.03766
   6077.5   0.03762
   6084.7   0.03753
   6091.8   0.03749
   6099.0   0.03741
   6106.2   0.03734
   6113.4   0.03731
   6120.6   0.03722
   6127.8   0.03710
   6135.1   0.03705
   6142.3   0.03703
   6149.6   0.03697
   6156.9   0.03691
   6164.3   0.03691
   6171.6   0.03688
   6178.9   0.03684
   6186.3   0.03682
   6193.7   0.03674
   6201.1   0.03668
   6208.5   0.03667
   6216.0   0.03665
   6223.5   0.03666
   6230.9   0.03666
   6238.4   0.03661
   6245.9   0.03655
   6253.5   0.03652
   6261.0   0.03649
   6268.6   0.03646
   6276.2   0.03642
   6283.8   0.03638
   6291.4   0.03635
   6299.1   0.03634
   6306.7   0.03629
   6314.4   0.03627
   6322.1   0.03627
   6329.8   0.03622
   6337.6   0.03621
   6345.3   0.03619
   6353.1   0.03617
   6360.9   0.03613
   6368.7   0.03617
   6376.5   0.03618
   6384.4   0.03605
   6392.3   0.03598
   6400.2   0.03600
   6408.1   0.03604
   6416.0   0.03603
   6424.0   0.03594
   6431.9   0.03587
   6439.9   0.03584
   6447.9   0.03585
   6456.0   0.03586
   6464.0   0.03588
   6472.1   0.03590
   6480.2   0.03585
   6488.3   0.03580
   6496.4   0.03578
   6504.6   0.03574
   6512.7   0.03573
   6520.9   0.03579
   6529.1   0.03576
   6537.4   0.03572
   6545.6   0.03579
   6553.9   0.03582
   6562.2   0.03583
   6570.5   0.03587
   6578.9   0.03590
   6587.2   0.03588
   6595.6   0.03596
   6604.0   0.03600
   6612.4   0.03602
   6620.9   0.03602
   6629.3   0.03605
   6637.8   0.03613
   6646.3   0.03608
   6654.9   0.03601
   6663.4   0.03608
   6672.0   0.03609
   6680.6   0.03604
   6689.2   0.03607
   6697.8   0.03608
   6706.5   0.03612
   6715.2   0.03612
   6723.9   0.03610
   6732.6   0.03607
   6741.4   0.03608
   6750.2   0.03614
   6759.0   0.03618
   6767.8   0.03619
   6776.6   0.03618
   6785.5   0.03622
   6794.4   0.03625
   6803.3   0.03621
   6812.3   0.03621
   6821.2   0.03624
   6830.2   0.03620
   6839.2   0.03614
   6848.3   0.03615
   6857.3   0.03614
   6866.4   0.03611
   6875.5   0.03603
   6884.6   0.03601
   6893.8   0.03602
   6903.0   0.03594
   6912.2   0.03592
   6921.4   0.03592
   6930.7   0.03584
   6939.9   0.03572
   6949.2   0.03568
   6958.6   0.03565
   6967.9   0.03557
   6977.3   0.03548
   6986.7   0.03544
   6996.1   0.03536
   7005.6   0.03523
   7015.1   0.03515
   7024.6   0.03509
   7034.1   0.03508
   7043.7   0.03508
   7053.2   0.03501
   7062.9   0.03493
   7072.5   0.03485
   7082.2   0.03482
   7091.8   0.03482
   7101.6   0.03474
   7111.3   0.03468
   7121.1   0.03462
   7130.9   0.03454
   7140.7   0.03450
   7150.5   0.03447
   7160.4   0.03439
   7170.3   0.03429
   7180.2   0.03423
   7190.2   0.03417
   7200.2   0.03406
   7210.2   0.03397
   7220.2   0.03388
   7230.3   0.03381
   7240.4   0.03375
   7250.5   0.03367
   7260.7   0.03355
   7270.9   0.03346
   7281.1   0.03342
   7291.3   0.03333
   7301.6   0.03323
   7311.9   0.03312
   7322.2   0.03305
   7332.6   0.03292
   7343.0   0.03278
   7353.4   0.03270
   7363.8   0.03259
   7374.3   0.03249
   7384.8   0.03239
   7395.3   0.03232
   7405.9   0.03217
   7416.5   0.03199
   7427.1   0.03185
   7437.8   0.03176
   7448.5   0.03167
   7459.2   0.03152
   7469.9   0.03140
   7480.7   0.03129
   7491.5   0.03113
   7502.4   0.03091
   7513.2   0.03077
   7524.1   0.03071
   7535.1   0.03056
   7546.0   0.03040
   7557.0   0.03024
   7568.1   0.03011
   7579.1   0.02999
   7590.2   0.02987
   7601.4   0.02974
   7612.5   0.02961
   7623.7   0.02950
   7635.0   0.02939
   7646.2   0.02928
   7657.5   0.02913
   7668.8   0.02896
   7680.2   0.02879
   7691.6   0.02864
   7703.0   0.02846
   7714.5   0.02822
   7726.0   0.02798
   7737.5   0.02775
   7749.1   0.02760
   7760.7   0.02740
   7772.3   0.02713
   7784.0   0.02689
   7795.7   0.02668
   7807.4   0.02645
   7819.2   0.02620
   7831.0   0.02598
   7842.9   0.02579
   7854.8   0.02555
   7866.7   0.02529
   7878.6   0.02500
   7890.6   0.02473
   7902.6   0.02451
   7914.7   0.02425
   7926.8   0.02392
   7939.0   0.02364
   7951.1   0.02337
   7963.3   0.02307
   7975.6   0.02273
   7987.9   0.02245
   8000.2   0.02218
   8012.6   0.02186
   8025.0   0.02151
   8037.4   0.02124
   8049.9   0.02102
   8062.4   0.02080
   8075.0   0.02054
   8087.6   0.02033
   8100.2   0.02017
   8112.9   0.02002
   8125.6   0.01989
   8138.4   0.01976
   8151.2   0.01964
   8164.0   0.01960
   8176.9   0.01957
   8189.8   0.01952
   8202.7   0.01949
   8215.7   0.01950
   8228.8   0.01953
   8241.9   0.01956
   8255.0   0.01958
   8268.2   0.01962
   8281.4   0.01977
   8294.6   0.01995
   8307.9   0.02014
   8321.2   0.02030
   8334.6   0.02043
   8348.0   0.02051
   8361.5   0.02066
   8375.0   0.02085
   8388.6   0.02104
   8402.2   0.02121
   8415.8   0.02138
   8429.5   0.02163
   8443.2   0.02183
   8457.0   0.02200
   8470.8   0.02225
   8484.7   0.02252
   8498.6   0.02280
   8512.5   0.02306
   8526.5   0.02327
   8540.6   0.02350
   8554.7   0.02379
   8568.8   0.02416
   8583.0   0.02450
   8597.2   0.02483
   8611.5   0.02522
   8625.8   0.02566
   8640.2   0.02609
   8654.6   0.02651
   8669.1   0.02703
   8683.6   0.02762
   8698.2   0.02827
   8712.8   0.02884
   8727.5   0.02943
   8742.2   0.03006
   8757.0   0.03072
   8771.8   0.03136
   8786.7   0.03203
   8801.6   0.03266
   8816.6   0.03326
   8831.6   0.03384
   8846.6   0.03442
   8861.8   0.03503
   8876.9   0.03552
   8892.2   0.03596
   8907.4   0.03645
   8922.8   0.03696
   8938.2   0.03734
   8953.6   0.03775
   8969.1   0.03820
   8984.6   0.03864
   9000.2   0.03897
   9015.9   0.03923
   9031.6   0.03946
   9047.4   0.03968
   9063.2   0.03988
   9079.0   0.04008
   9095.0   0.04027
   9111.0   0.04047
   9127.0   0.04059
   9143.1   0.04071
   9159.3   0.04084
   9175.5   0.04091
   9191.7   0.04102
   9208.1   0.04110
   9224.4   0.04117
   9240.9   0.04123
   9257.4   0.04130
   9273.9   0.04142
   9290.6   0.04151
   9307.2   0.04155
   9324.0   0.04154
   9340.8   0.04158
   9357.6   0.04168
   9374.6   0.04177
   9391.5   0.04171
   9408.6   0.04162
   9425.7   0.04162
   9442.9   0.04170
   9460.1   0.04167
   9477.4   0.04160
   9494.8   0.04159
   9512.2   0.04164
   9529.7   0.04165
   9547.2   0.04167
   9564.8   0.04180
   9582.5   0.04186
   9600.3   0.04176
   9618.1   0.04173
   9635.9   0.04174
   9653.9   0.04166
   9671.9   0.04153
   9690.0   0.04144
   9708.1   0.04135
   9726.3   0.04128
   9744.6   0.04127
   9763.0   0.04126
   9781.4   0.04121
   9799.9   0.04114
   9818.4   0.04107
   9837.1   0.04104
   9855.8   0.04102
   9874.5   0.04101
   9893.4   0.04106
   9912.3   0.04106
   9931.3   0.04104
   9950.4   0.04108
   9969.5   0.04117
   9988.7   0.04115
  10008.0   0.04112
  10027.3   0.04110
  10046.8   0.04109
  10066.3   0.04103
  10085.9   0.04103
  10105.5   0.04113
  10125.3   0.04121
  10145.1   0.04108
  10165.0   0.04100
  10184.9   0.04097
  10205.0   0.04090
  10225.1   0.04098
  10245.3   0.04113
  10265.6   0.04138
  10286.0   0.04157
  10306.4   0.04165
  10327.0   0.04181
  10347.6   0.04201
  10368.3   0.04215
  10389.0   0.04224
  10409.9   0.04230
  10430.9   0.04241
  10451.9   0.04256
  10473.0   0.04261
  10494.2   0.04255
  10515.5   0.04250
  10536.9   0.04255
  10558.3   0.04253
  10579.9   0.04249
  10601.5   0.04238
  10623.2   0.04229
  10645.0   0.04219
  10666.9   0.04215
  10688.9   0.04211
  10711.0   0.04209
  10733.2   0.04206
  10755.5   0.04192
  10777.8   0.04179
  10800.3   0.04168
  10822.8   0.04149
  10845.5   0.04128
  10868.2   0.04112
  10891.0   0.04099
  10914.0   0.04086
  10937.0   0.04061
  10960.1   0.04031
  10983.3   0.04019
  11006.7   0.04006
  11030.1   0.03983
  11053.6   0.03967
  11077.2   0.03955
  11100.9   0.03945
  11124.8   0.03927
  11148.7   0.03897
  11172.7   0.03876
  11196.8   0.03860
  11221.1   0.03845
  11245.4   0.03833
  11269.9   0.03815
  11294.4   0.03789
  11319.1   0.03771
  11343.8   0.03758
  11368.7   0.03741
  11393.7   0.03718
  11418.8   0.03686
  11444.0   0.03660
  11469.3   0.03639
  11494.8   0.03618
  11520.3   0.03599
  11546.0   0.03576
  11571.7   0.03554
  11597.6   0.03533
  11623.6   0.03507
  11649.7   0.03486
  11676.0   0.03463
  11702.3   0.03445
  11728.8   0.03425
  11755.4   0.03410
  11782.1   0.03393
  11809.0   0.03370
  11835.9   0.03344
  11863.0   0.03327
  11890.2   0.03319
  11917.6   0.03304
  11945.0   0.03284
  11972.6   0.03256
  12000.3   0.03235
  12028.2   0.03217
  12056.1   0.03196
  12084.2   0.03180
  12112.5   0.03155
  12140.8   0.03127
  12169.3   0.03114
  12198.0   0.03098
  12226.7   0.03069
  12255.6   0.03049
  12284.7   0.03027
  12313.9   0.03012
  12343.2   0.03006
  12372.6   0.02988
  12402.2   0.02957
  12432.0   0.02932
  12461.9   0.02917
  12491.9   0.02910
  12522.1   0.02899
  12552.4   0.02881
  12582.9   0.02877
  12613.5   0.02882
  12644.2   0.02882
  12675.1   0.02871
  12706.2   0.02855
  12737.4   0.02849
  12768.8   0.02842
  12800.3   0.02821
  12832.0   0.02806
  12863.9   0.02792
  12895.9   0.02782
  12928.0   0.02781
  12960.3   0.02783
  12992.8   0.02788
  13025.5   0.02780
  13058.3   0.02770
  13091.3   0.02781
  13124.4   0.02787
  13157.7   0.02779
  13191.2   0.02778
  13224.8   0.02780
  13258.7   0.02772
  13292.7   0.02766
  13326.8   0.02765
  13361.2   0.02760
  13395.7   0.02750
  13430.4   0.02746
  13465.3   0.02738
  13500.4   0.02731
  13535.6   0.02727
  13571.0   0.02733
  13606.7   0.02734
  13642.5   0.02728
  13678.5   0.02724
  13714.6   0.02722
  13751.0   0.02726
  13787.6   0.02719
  13824.4   0.02714
  13861.3   0.02723
  13898.5   0.02738
  13935.8   0.02737
  13973.4   0.02725
  14011.2   0.02711
  14049.1   0.02711
  14087.3   0.02708
  14125.7   0.02691
  14164.3   0.02687
  14203.1   0.02670
  14242.1   0.02648
  14281.4   0.02639
  14320.8   0.02640
  14360.5   0.02641
  14400.4   0.02632
  14440.5   0.02623
  14480.8   0.02626
  14521.4   0.02632
  14562.2   0.02634
  14603.2   0.02642
  14644.4   0.02638
  14685.9   0.02638
  14727.7   0.02640
  14769.6   0.02634
  14811.8   0.02630
  14854.3   0.02630
  14896.9   0.02628
  14939.9   0.02631
  14983.0   0.02617
  15026.5   0.02605
  15070.2   0.02599
  15114.1   0.02598
  15158.3   0.02596
  15202.7   0.02577
  15247.5   0.02554
  15292.4   0.02560
  15337.7   0.02557
  15383.2   0.02550
  15429.0   0.02565
  15475.0   0.02588
  15521.4   0.02605
  15568.0   0.02619
  15614.9   0.02642
  15662.0   0.02661
  15709.5   0.02680
  15757.2   0.02703
  15805.3   0.02725
  15853.6   0.02753
  15902.3   0.02756
  15951.2   0.02760
  16000.4   0.02769
  16050.0   0.02764
  16099.8   0.02767
  16150.0   0.02782
  16200.4   0.02780
  16251.2   0.02781
  16302.3   0.02786
  16353.7   0.02807
  16405.5   0.02834
  16457.6   0.02860
  16510.0   0.02899
  16562.7   0.02925
  16615.8   0.02941
  16669.2   0.02961
  16723.0   0.02988
  16777.1   0.03023
  16831.6   0.03062
  16886.4   0.03118
  16941.6   0.03144
  16997.2   0.03154
  17053.1   0.03184
  17109.4   0.03232
  17166.0   0.03273
  17223.0   0.03302
  17280.5   0.03331
  17338.2   0.03345
  17396.4   0.03378
  17455.0   0.03434
  17514.0   0.03464
  17573.3   0.03499
  17633.1   0.03537
  17693.3   0.03549
  17753.9   0.03550
  17814.9   0.03604
  17876.3   0.03654
  17938.2   0.03665
  18000.5   0.03679
  18063.2   0.03698
  18126.3   0.03719
  18189.9   0.03723
  18254.0   0.03753
  18318.5   0.03807
  18383.5   0.03830
  18448.9   0.03840
  18514.8   0.03864
  18581.1   0.03889
  18648.0   0.03908
  18715.3   0.03924
  18783.1   0.03948
  18851.4   0.03969
  18920.2   0.03976
  18989.5   0.03980
  19059.3   0.03981
  19129.7   0.03965
  19200.5   0.03982
  19271.9   0.04004
  19343.8   0.04001
  19416.2   0.04018
  19489.2   0.04024
  19562.8   0.04033
  19636.9   0.04043
  19711.5   0.04045
  19786.8   0.04065
  19862.6   0.04090
  19939.0   0.04092
  20016.0   0.04102
  20093.5   0.04108
  20171.7   0.04104
  20250.5   0.04112
  20329.9   0.04119
  20410.0   0.04136
  20490.7   0.04134
  20572.0   0.04161
  20653.9   0.04186
  20736.5   0.04192
  20819.8   0.04229
  20903.8   0.04246
  20988.4   0.04253
  21073.7   0.04229
  21159.7   0.04199
  21246.5   0.04223
  21333.9   0.04233
  21422.0   0.04214
  21510.9   0.04222
  21600.6   0.04226
  21690.9   0.04172
  21782.1   0.04122
  21874.0   0.04116
  21966.7   0.04113
  22060.1   0.04138
  22154.4   0.04123
  22249.5   0.04080
  22345.4   0.04056
  22442.1   0.04059
  22539.7   0.04066
  22638.1   0.04014
  22737.4   0.03976
  22837.6   0.03978
  22938.7   0.03959
  23040.6   0.03960
  23143.5   0.03971
  23247.2   0.04009
  23352.0   0.04045
  23457.6   0.04054
  23564.3   0.04030
  23671.8   0.03981
  23780.4   0.04022
  23890.0   0.04087
  24000.6   0.04047
  24112.3   0.04001
  24224.9   0.04045
  24338.7   0.04085
  24453.5   0.04097
  24569.4   0.04180
  24686.4   0.04238
  24804.5   0.04165
  24923.7   0.04109
  25044.1   0.04154
  25165.7   0.04252
  25288.5   0.04308
  25412.4   0.04272
  25537.6   0.04211
  25664.0   0.04230
  25791.7   0.04415
  25920.7   0.04522



 KALR33      .ASC                        

 LR-CMP-033                                                              
 10068,139 90-150 um                                                     
 Connected at 3000 nm                                                    

 Source Ang: 30.00   Detect Ang: 30.00  Volt: 1.222
 Date: 12-NOV-98   Time: 14:57:10
