       224
    320.00   .032786   .008198
    330.00   .033058   .005656
    340.00   .033615   .005463
    350.00   .034464   .003922
    360.00   .034899   .017924
    370.00   .035992   .009003
    380.00   .037176   .004460
    390.00   .037987   .003985
    400.00   .038616   .002317
    410.00   .039244   .001542
    420.00   .040106   .001091
    430.00   .040823   .000876
    440.00   .041645   .000778
    450.00   .042463   .000706
    460.00   .043264   .000634
    470.00   .044019   .000590
    480.00   .044902   .000577
    490.00   .045745   .000508
    500.00   .046428   .000543
    510.00   .047111   .000578
    520.00   .048024   .000574
    530.00   .048780   .000557
    540.00   .049467   .000570
    550.00   .050155   .000499
    560.00   .050899   .000545
    570.00   .051617   .000570
    580.00   .052345   .000563
    590.00   .053040   .000547
    600.00   .053640   .000563
    610.00   .054306   .000540
    620.00   .054872   .000579
    630.00   .055473   .000645
    640.00   .056091   .000651
    650.00   .056762   .000563
    660.00   .057184   .000623
    670.00   .057799   .000612
    680.00   .058414   .000642
    690.00   .058861   .000608
    700.00   .059484   .000637
    710.00   .059983   .000668
    720.00   .060413   .000734
    730.00   .061004   .000748
    740.00   .061536   .000850
    750.00   .061965   .000915
    760.00   .062411   .001021
    770.00   .062822   .001191
    780.00   .063078   .001341
    790.00   .063479   .001446
    800.00   .063742   .001649
    810.00   .063757   .001822
    820.00   .064095   .001929
    830.00   .064123   .002068
    840.00   .064304   .002098
    850.00   .064376   .002085
    860.00   .064319   .002104
    870.00   .064380   .002133
    880.00   .064499   .003130
    890.00   .064538   .003021
    900.00   .064781   .002772
    910.00   .064844   .002539
    920.00   .065081   .002369
    930.00   .065204   .002153
    940.00   .065293   .001917
    950.00   .065396   .001689
    960.00   .065515   .001478
    970.00   .065660   .001291
    980.00   .065802   .001100
    990.00   .066153   .000975
   1000.00   .066586   .001330
   1010.00   .067058   .001211
   1020.00   .067517   .001101
   1030.00   .067869   .001020
   1040.00   .068436   .000948
   1050.00   .068955   .000883
   1060.00   .069581   .000835
   1070.00   .070132   .000814
   1080.00   .070702   .000742
   1090.00   .071306   .001081
   1100.00   .071828   .001013
   1110.00   .072408   .000983
   1120.00   .073139   .000935
   1130.00   .073777   .000874
   1140.00   .074274   .000840
   1150.00   .074881   .000768
   1160.00   .075375   .000782
   1170.00   .075986   .000780
   1180.00   .076543   .000764
   1190.00   .077034   .000740
   1200.00   .077519   .000692
   1210.00   .078145   .000699
   1220.00   .078731   .000691
   1230.00   .079208   .000635
   1240.00   .079834   .000628
   1250.00   .080565   .000601
   1260.00   .080992   .000614
   1270.00   .081708   .000647
   1280.00   .082288   .000630
   1290.00   .082953   .000880
   1300.00   .083535   .000849
   1310.00   .084113   .000838
   1320.00   .084843   .000832
   1330.00   .085494   .000821
   1340.00   .086246   .000834
   1350.00   .087048   .000861
   1360.00   .087828   .000984
   1370.00   .088416   .000978
   1380.00   .089184   .001052
   1390.00   .089812   .000901
   1400.00   .090623   .000948
   1410.00   .091293   .000880
   1420.00   .091812   .000866
   1430.00   .092529   .000811
   1440.00   .093105   .000814
   1450.00   .093845   .000842
   1460.00   .094556   .000840
   1470.00   .095146   .000845
   1480.00   .095694   .000861
   1490.00   .096183   .000825
   1500.00   .096811   .000868
   1510.00   .097408   .000878
   1520.00   .098115   .000892
   1530.00   .098652   .000875
   1540.00   .099071   .000860
   1550.00   .099674   .000867
   1560.00   .100110   .000885
   1570.00   .100543   .000884
   1580.00   .101090   .000869
   1590.00   .101339   .000906
   1600.00   .101871   .000898
   1610.00   .102283   .000904
   1620.00   .102599   .000916
   1630.00   .103074   .000947
   1640.00   .103430   .001041
   1650.00   .103670   .000993
   1660.00   .104294   .000994
   1670.00   .104475   .000984
   1680.00   .104773   .000976
   1690.00   .105076   .001004
   1700.00   .105327   .000980
   1710.00   .105793   .001014
   1720.00   .106165   .000982
   1730.00   .106465   .000991
   1740.00   .106688   .001004
   1750.00   .106946   .001034
   1760.00   .107286   .001021
   1770.00   .107426   .000990
   1780.00   .107944   .001123
   1790.00   .108167   .001121
   1800.00   .108460   .001160
   1810.00   .108589   .001176
   1820.00   .108834   .001277
   1830.00   .109182   .001287
   1840.00   .109490   .001310
   1850.00   .109829   .001365
   1860.00   .110221   .001337
   1870.00   .110593   .001290
   1880.00   .110979   .001256
   1890.00   .111372   .001232
   1900.00   .111852   .001219
   1910.00   .112190   .001218
   1920.00   .112759   .001253
   1930.00   .113112   .001213
   1940.00   .113506   .001126
   1950.00   .113941   .001200
   1960.00   .114415   .001157
   1970.00   .114837   .001211
   1980.00   .115546   .001231
   1990.00   .116068   .001224
   2000.00   .116724   .001238
   2010.00   .117342   .001223
   2020.00   .118058   .001194
   2030.00   .118896   .001167
   2040.00   .119477   .001172
   2050.00   .120312   .001189
   2060.00   .120827   .001232
   2070.00   .121628   .001261
   2080.00   .122480   .001250
   2090.00   .123393   .001228
   2100.00   .124240   .001232
   2110.00   .125372   .001179
   2120.00   .126219   .001210
   2130.00   .127367   .001213
   2140.00   .128060   .001279
   2150.00   .128349   .001024
   2160.00   .128325   .001020
   2170.00   .128326   .001028
   2180.00   .128591   .001034
   2190.00   .128915   .001025
   2200.00   .129233   .001051
   2210.00   .129907   .001167
   2220.00   .130458   .001160
   2230.00   .131131   .001205
   2240.00   .131799   .001079
   2250.00   .132795   .001100
   2260.00   .133613   .001140
   2270.00   .134547   .001140
   2280.00   .135186   .001177
   2290.00   .136415   .001139
   2300.00   .137464   .001203
   2310.00   .138228   .001226
   2320.00   .138952   .001147
   2330.00   .140411   .001062
   2340.00   .141664   .001106
   2350.00   .142378   .001187
   2360.00   .143339   .001282
   2370.00   .144115   .001227
   2380.00   .145079   .001134
   2390.00   .146103   .001165
   2400.00   .147201   .001223
   2410.00   .148013   .001215
   2420.00   .148648   .001204
   2430.00   .149494   .001166
   2440.00   .150155   .001148
   2450.00   .150939   .001209
   2460.00   .151648   .001115
   2470.00   .152433   .001228
   2480.00   .153232   .001105
   2490.00   .154347   .001074
   2500.00   .155299   .001065
   2510.00   .156802   .001114
   2520.00   .159005   .001160
   2530.00   .161892   .001194
   2540.00   .163662   .001282
   2550.00   .167305   .001263



 KALS143.ASC             

 LS-BWD-143
 15041 agglutinate (hand-picked) 125-250 um at (i,e)=(30,0)
 No depolarizer was used over the wavelength range of 1800-2550 nm
 Albedo adjusted to the visible range
 
 Source Ang:  30.00, Detect Ang:    .00, Volt:  .777
 Date: 20-FEB-19, Time: 10:11:36
