       224
    320.00   .051744   .009017
    330.00   .052231   .006251
    340.00   .053412   .006039
    350.00   .054411   .004291
    360.00   .055259   .001572
    370.00   .056672   .001005
    380.00   .058484   .000722
    390.00   .059827   .000557
    400.00   .061074   .001648
    410.00   .062300   .001112
    420.00   .063505   .000941
    430.00   .064717   .001029
    440.00   .065976   .000927
    450.00   .067098   .000811
    460.00   .068323   .000769
    470.00   .069234   .000728
    480.00   .070455   .000693
    490.00   .071473   .000682
    500.00   .072486   .000662
    510.00   .073592   .000779
    520.00   .074624   .000779
    530.00   .075515   .000766
    540.00   .076612   .000797
    550.00   .077414   .000827
    560.00   .078313   .000798
    570.00   .079208   .000847
    580.00   .079972   .000845
    590.00   .080897   .000896
    600.00   .081605   .000854
    610.00   .082440   .000874
    620.00   .083146   .001011
    630.00   .084007   .001003
    640.00   .084805   .001056
    650.00   .085346   .000946
    660.00   .086189   .001072
    670.00   .086976   .001063
    680.00   .087800   .001112
    690.00   .088603   .001155
    700.00   .089386   .001151
    710.00   .089921   .001216
    720.00   .090693   .001213
    730.00   .091325   .001360
    740.00   .092106   .001386
    750.00   .092865   .001426
    760.00   .093393   .001583
    770.00   .094255   .001746
    780.00   .094686   .001886
    790.00   .095173   .002022
    800.00   .095546   .002265
    810.00   .096001   .002465
    820.00   .096494   .002669
    830.00   .096630   .002668
    840.00   .096839   .002750
    850.00   .097197   .004277
    860.00   .097347   .003938
    870.00   .097181   .003648
    880.00   .097057   .003454
    890.00   .096943   .002970
    900.00   .096500   .002722
    910.00   .096448   .002486
    920.00   .096784   .002311
    930.00   .096869   .002105
    940.00   .096976   .001849
    950.00   .097603   .001591
    960.00   .098010   .001377
    970.00   .098311   .001189
    980.00   .099067   .001547
    990.00   .099911   .001417
   1000.00   .100385   .001731
   1010.00   .101018   .002018
   1020.00   .101339   .001847
   1030.00   .102275   .001845
   1040.00   .102725   .001713
   1050.00   .103297   .001744
   1060.00   .103755   .001611
   1070.00   .104464   .001706
   1080.00   .105057   .001625
   1090.00   .105483   .001908
   1100.00   .106539   .001984
   1110.00   .107031   .001919
   1120.00   .107405   .001857
   1130.00   .108095   .001886
   1140.00   .108863   .001967
   1150.00   .109223   .001838
   1160.00   .109897   .001795
   1170.00   .110554   .001871
   1180.00   .111141   .001659
   1190.00   .111867   .001730
   1200.00   .112454   .001889
   1210.00   .113037   .001771
   1220.00   .113391   .001758
   1230.00   .114132   .001885
   1240.00   .114584   .001808
   1250.00   .115445   .001837
   1260.00   .116341   .001762
   1270.00   .116627   .001808
   1280.00   .117247   .001883
   1290.00   .118234   .002151
   1300.00   .118959   .002099
   1310.00   .119681   .002148
   1320.00   .120456   .002151
   1330.00   .121031   .002021
   1340.00   .121760   .002004
   1350.00   .122041   .002071
   1360.00   .122562   .002108
   1370.00   .123260   .002149
   1380.00   .123896   .002187
   1390.00   .124797   .002169
   1400.00   .125614   .002186
   1410.00   .126496   .002175
   1420.00   .127282   .002226
   1430.00   .128044   .002152
   1440.00   .129112   .002211
   1450.00   .129510   .002345
   1460.00   .130472   .002225
   1470.00   .130975   .002167
   1480.00   .131901   .002298
   1490.00   .132600   .002355
   1500.00   .133261   .002404
   1510.00   .133788   .002364
   1520.00   .134579   .002419
   1530.00   .135290   .002288
   1540.00   .135715   .002350
   1550.00   .136311   .002481
   1560.00   .136631   .002539
   1570.00   .137394   .002357
   1580.00   .137803   .002394
   1590.00   .138447   .002530
   1600.00   .138939   .002641
   1610.00   .139559   .002663
   1620.00   .140054   .002670
   1630.00   .140366   .002577
   1640.00   .140815   .002657
   1650.00   .141338   .002479
   1660.00   .141684   .002640
   1670.00   .142223   .002638
   1680.00   .142802   .002860
   1690.00   .143477   .002698
   1700.00   .143736   .002708
   1710.00   .143995   .002751
   1720.00   .144630   .002930
   1730.00   .144899   .002726
   1740.00   .145345   .002914
   1750.00   .145809   .002742
   1760.00   .146219   .002716
   1770.00   .146484   .003050
   1780.00   .147163   .004014
   1790.00   .147433   .004047
   1800.00   .147980   .003968
   1810.00   .148145   .005033
   1820.00   .148619   .005047
   1830.00   .148791   .005115
   1840.00   .149150   .005237
   1850.00   .149746   .005260
   1860.00   .150282   .005310
   1870.00   .150842   .005374
   1880.00   .151303   .005398
   1890.00   .151802   .005426
   1900.00   .152419   .005517
   1910.00   .152937   .005569
   1920.00   .153458   .005626
   1930.00   .154059   .005621
   1940.00   .154550   .005476
   1950.00   .155689   .005408
   1960.00   .155861   .005702
   1970.00   .156470   .005597
   1980.00   .157537   .005709
   1990.00   .157921   .005767
   2000.00   .158770   .005778
   2010.00   .159799   .005942
   2020.00   .160805   .005935
   2030.00   .161661   .006166
   2040.00   .162423   .006101
   2050.00   .163724   .005842
   2060.00   .164598   .006058
   2070.00   .165030   .006167
   2080.00   .165982   .006143
   2090.00   .166808   .006318
   2100.00   .167858   .006496
   2110.00   .168984   .006408
   2120.00   .170337   .006266
   2130.00   .171550   .006383
   2140.00   .171664   .006399
   2150.00   .172137   .006394
   2160.00   .172006   .006367
   2170.00   .171758   .006440
   2180.00   .171907   .006416
   2190.00   .172299   .006788
   2200.00   .172406   .006432
   2210.00   .173202   .006442
   2220.00   .173328   .006305
   2230.00   .174580   .006488
   2240.00   .175230   .006813
   2250.00   .176254   .006730
   2260.00   .177170   .006815
   2270.00   .177588   .006778
   2280.00   .179328   .006715
   2290.00   .180073   .006685
   2300.00   .181052   .006629
   2310.00   .181891   .006936
   2320.00   .182847   .006992
   2330.00   .184605   .006876
   2340.00   .185746   .006969
   2350.00   .186845   .007006
   2360.00   .187346   .007050
   2370.00   .187760   .007152
   2380.00   .188883   .007357
   2390.00   .189699   .007296
   2400.00   .190707   .007283
   2410.00   .191246   .007512
   2420.00   .192308   .007263
   2430.00   .192821   .007395
   2440.00   .193806   .007497
   2450.00   .194565   .007477
   2460.00   .195015   .007547
   2470.00   .195235   .007310
   2480.00   .196229   .007034
   2490.00   .197145   .007300
   2500.00   .198111   .007188
   2510.00   .199673   .007251
   2520.00   .201686   .007540
   2530.00   .203698   .007498
   2540.00   .205976   .007727
   2550.00   .208494   .007909



 KBLS141.ASC             

 LS-BWD-141
 62231 agglutinate (hand-picked) 125-250 um at (i,e)=(30,5)
 No depolarizer was used over the wavelength range of 1800-2550 nm
 Albedo adjusted to the visible range
 
 Source Ang:  30.00, Detect Ang:   5.00, Volt:  .777
 Date: 13-FEB-19, Time: 12:37:39
