       224
    320.00   .038281   .001989
    330.00   .038578   .001650
    340.00   .039257   .001737
    350.00   .039567   .001330
    360.00   .039846   .001033
    370.00   .040464   .001268
    380.00   .041064   .000789
    390.00   .041663   .000862
    400.00   .042237   .001136
    410.00   .043134   .000880
    420.00   .043887   .001155
    430.00   .044430   .001312
    440.00   .045108   .001102
    450.00   .045404   .000982
    460.00   .046119   .001559
    470.00   .046649   .001361
    480.00   .047331   .001194
    490.00   .047747   .001084
    500.00   .048374   .001011
    510.00   .048976   .000940
    520.00   .049766   .001183
    530.00   .050333   .001122
    540.00   .050841   .001068
    550.00   .051351   .001021
    560.00   .051951   .001005
    570.00   .052566   .000992
    580.00   .053053   .000968
    590.00   .053614   .000953
    600.00   .054104   .000950
    610.00   .054575   .000952
    620.00   .055050   .000949
    630.00   .055515   .000969
    640.00   .055951   .000991
    650.00   .056350   .001010
    660.00   .056838   .001058
    670.00   .057354   .001057
    680.00   .057719   .001012
    690.00   .058043   .001002
    700.00   .058453   .001017
    710.00   .058835   .001061
    720.00   .059265   .001113
    730.00   .059722   .001182
    740.00   .060052   .001425
    750.00   .060341   .001517
    760.00   .060634   .001652
    770.00   .060971   .000984
    780.00   .061147   .001065
    790.00   .061305   .001149
    800.00   .061387   .001257
    810.00   .061481   .001358
    820.00   .061561   .001445
    830.00   .061624   .001520
    840.00   .061633   .001550
    850.00   .061542   .001572
    860.00   .061524   .002979
    870.00   .061351   .002344
    880.00   .061132   .002084
    890.00   .060666   .002561
    900.00   .061002   .002337
    910.00   .060622   .002174
    920.00   .060646   .001988
    930.00   .060899   .001807
    940.00   .061008   .001697
    950.00   .060954   .001506
    960.00   .061069   .001329
    970.00   .061228   .001229
    980.00   .061394   .001120
    990.00   .061429   .001095
   1000.00   .061721   .000975
   1010.00   .061953   .000898
   1020.00   .062306   .001342
   1030.00   .062696   .001249
   1040.00   .063041   .001249
   1050.00   .063573   .001165
   1060.00   .064068   .001092
   1070.00   .064591   .001026
   1080.00   .065133   .001038
   1090.00   .065735   .000970
   1100.00   .066265   .001037
   1110.00   .066802   .000932
   1120.00   .067171   .001473
   1130.00   .067683   .001432
   1140.00   .068102   .001385
   1150.00   .068603   .001316
   1160.00   .069084   .001315
   1170.00   .069668   .001254
   1180.00   .069978   .001258
   1190.00   .070400   .001208
   1200.00   .070832   .001146
   1210.00   .071152   .001157
   1220.00   .071585   .001168
   1230.00   .072087   .001271
   1240.00   .072539   .001217
   1250.00   .072877   .001229
   1260.00   .073387   .001194
   1270.00   .073960   .001135
   1280.00   .074447   .001149
   1290.00   .074977   .001161
   1300.00   .075452   .001144
   1310.00   .076020   .001029
   1320.00   .076528   .001053
   1330.00   .077086   .001154
   1340.00   .077752   .001062
   1350.00   .078148   .001133
   1360.00   .078674   .001250
   1370.00   .079391   .001208
   1380.00   .079827   .001206
   1390.00   .080490   .001168
   1400.00   .081055   .001270
   1410.00   .081671   .001141
   1420.00   .082227   .001154
   1430.00   .082566   .001142
   1440.00   .083144   .001092
   1450.00   .083640   .001046
   1460.00   .084193   .001154
   1470.00   .084532   .001148
   1480.00   .085026   .001125
   1490.00   .085623   .001116
   1500.00   .085961   .001175
   1510.00   .086365   .001192
   1520.00   .086784   .001144
   1530.00   .087286   .001167
   1540.00   .087705   .001249
   1550.00   .088082   .001284
   1560.00   .088414   .001198
   1570.00   .088689   .001271
   1580.00   .088978   .001153
   1590.00   .089290   .001211
   1600.00   .089709   .001112
   1610.00   .089923   .001225
   1620.00   .090175   .001203
   1630.00   .090353   .001212
   1640.00   .090533   .001270
   1650.00   .090762   .001288
   1660.00   .090797   .001251
   1670.00   .091022   .001190
   1680.00   .091198   .001249
   1690.00   .091406   .001232
   1700.00   .091671   .001295
   1710.00   .091885   .001360
   1720.00   .091997   .001314
   1730.00   .092123   .001238
   1740.00   .092278   .001211
   1750.00   .092386   .001276
   1760.00   .092527   .001284
   1770.00   .092711   .001267
   1780.00   .092805   .001417
   1790.00   .093093   .001376
   1800.00   .093259   .001380
   1810.00   .093690   .001576
   1820.00   .093843   .001538
   1830.00   .094003   .001617
   1840.00   .094428   .001597
   1850.00   .094683   .001742
   1860.00   .094984   .001650
   1870.00   .095017   .001660
   1880.00   .095527   .001668
   1890.00   .095614   .001644
   1900.00   .095757   .001749
   1910.00   .096141   .001654
   1920.00   .096303   .001601
   1930.00   .096739   .001641
   1940.00   .097054   .001619
   1950.00   .097339   .001548
   1960.00   .097821   .001598
   1970.00   .098333   .001603
   1980.00   .098523   .001469
   1990.00   .099138   .001636
   2000.00   .099715   .001618
   2010.00   .100324   .001632
   2020.00   .100658   .001585
   2030.00   .101300   .001641
   2040.00   .101984   .001609
   2050.00   .102644   .001664
   2060.00   .103214   .001754
   2070.00   .103843   .001769
   2080.00   .104401   .001807
   2090.00   .104984   .001611
   2100.00   .105723   .001639
   2110.00   .106432   .001637
   2120.00   .107538   .001818
   2130.00   .108335   .001754
   2140.00   .108736   .001769
   2150.00   .109070   .001785
   2160.00   .109119   .001706
   2170.00   .108951   .001798
   2180.00   .108840   .001897
   2190.00   .108924   .001914
   2200.00   .109335   .002036
   2210.00   .109772   .002064
   2220.00   .110462   .001996
   2230.00   .111085   .002006
   2240.00   .111520   .002065
   2250.00   .112328   .002089
   2260.00   .113013   .002093
   2270.00   .113611   .002151
   2280.00   .114382   .002051
   2290.00   .115180   .002059
   2300.00   .116148   .002102
   2310.00   .116944   .002199
   2320.00   .117903   .002094
   2330.00   .118831   .001996
   2340.00   .119874   .002125
   2350.00   .120817   .002115
   2360.00   .121162   .002091
   2370.00   .121883   .002130
   2380.00   .122626   .002094
   2390.00   .123280   .002065
   2400.00   .123819   .002207
   2410.00   .124510   .002238
   2420.00   .125338   .002291
   2430.00   .125755   .002195
   2440.00   .126623   .002215
   2450.00   .127172   .002093
   2460.00   .127854   .002099
   2470.00   .128581   .002066
   2480.00   .129149   .002044
   2490.00   .130283   .002228
   2500.00   .130670   .001883
   2510.00   .131542   .001954
   2520.00   .133152   .001941
   2530.00   .134592   .002164
   2540.00   .136043   .002339
   2550.00   .138014   .002306



 KBLS161.ASC             

 LS-BWD-161
 15041 agglutinate magnetic separate 125-250 um at (i,e)=(30,5)
 Albedo adjusted to the visible range
 
 Source Ang:  30.00, Detect Ang:   5.00, Volt:  .777
 Date: 08-NOV-21, Time: 12:35:26
