       224
    320.00   .121148   .008014
    330.00   .124201   .006062
    340.00   .127853   .006157
    350.00   .132820   .004744
    360.00   .137021   .003345
    370.00   .141394   .003174
    380.00   .146517   .003330
    390.00   .149546   .003297
    400.00   .153111   .004044
    410.00   .155746   .003765
    420.00   .158113   .003764
    430.00   .160509   .004081
    440.00   .162317   .004021
    450.00   .164274   .003807
    460.00   .166227   .004018
    470.00   .167852   .004058
    480.00   .169526   .004091
    490.00   .170901   .003978
    500.00   .172626   .004014
    510.00   .174180   .004106
    520.00   .176257   .004246
    530.00   .177138   .004133
    540.00   .178511   .004053
    550.00   .179886   .003988
    560.00   .181468   .004080
    570.00   .182790   .004035
    580.00   .183920   .004178
    590.00   .185128   .003941
    600.00   .186000   .004053
    610.00   .187519   .004050
    620.00   .188540   .004087
    630.00   .189604   .004002
    640.00   .190530   .004197
    650.00   .191807   .004106
    660.00   .192915   .004043
    670.00   .193689   .003962
    680.00   .195054   .004075
    690.00   .195956   .003926
    700.00   .196745   .004083
    710.00   .196853   .004033
    720.00   .197498   .004084
    730.00   .198263   .003984
    740.00   .198990   .004063
    750.00   .199769   .003911
    760.00   .200907   .004091
    770.00   .201396   .004074
    780.00   .201825   .004107
    790.00   .201915   .004280
    800.00   .201947   .004275
    810.00   .201173   .004424
    820.00   .200388   .004390
    830.00   .198996   .004367
    840.00   .198061   .004471
    850.00   .196683   .004438
    860.00   .195941   .010542
    870.00   .194389   .008237
    880.00   .193523   .007144
    890.00   .192805   .008008
    900.00   .191952   .007743
    910.00   .191803   .007495
    920.00   .190910   .006836
    930.00   .191238   .006333
    940.00   .191041   .005887
    950.00   .191465   .005562
    960.00   .192002   .005913
    970.00   .193070   .005336
    980.00   .193921   .004352
    990.00   .194910   .004056
   1000.00   .197037   .004537
   1010.00   .197856   .004459
   1020.00   .199414   .004015
   1030.00   .199958   .003792
   1040.00   .201565   .003574
   1050.00   .202241   .003478
   1060.00   .203477   .003364
   1070.00   .204569   .003256
   1080.00   .205752   .003205
   1090.00   .207024   .003520
   1100.00   .207888   .003484
   1110.00   .208815   .003322
   1120.00   .209727   .003292
   1130.00   .210323   .003285
   1140.00   .211540   .002921
   1150.00   .211691   .002973
   1160.00   .212946   .002945
   1170.00   .213307   .002891
   1180.00   .213549   .002883
   1190.00   .214383   .002883
   1200.00   .214917   .002703
   1210.00   .215399   .002831
   1220.00   .215606   .002703
   1230.00   .216162   .002770
   1240.00   .216621   .002635
   1250.00   .217419   .002758
   1260.00   .218335   .002747
   1270.00   .218668   .002658
   1280.00   .219131   .002618
   1290.00   .220381   .002970
   1300.00   .220606   .002927
   1310.00   .221238   .003062
   1320.00   .222302   .003002
   1330.00   .223049   .002989
   1340.00   .223930   .002957
   1350.00   .225146   .003167
   1360.00   .225805   .003182
   1370.00   .226237   .003225
   1380.00   .228298   .003335
   1390.00   .228485   .003048
   1400.00   .229155   .003278
   1410.00   .230789   .003299
   1420.00   .231428   .003269
   1430.00   .232441   .003068
   1440.00   .233024   .003222
   1450.00   .233693   .003064
   1460.00   .234763   .003191
   1470.00   .235379   .003152
   1480.00   .235426   .003007
   1490.00   .236634   .003052
   1500.00   .236621   .003039
   1510.00   .237307   .003069
   1520.00   .238342   .003242
   1530.00   .238704   .003190
   1540.00   .238801   .003192
   1550.00   .239308   .003150
   1560.00   .239921   .003067
   1570.00   .239998   .003131
   1580.00   .240448   .003164
   1590.00   .240197   .003047
   1600.00   .240746   .003108
   1610.00   .240824   .003136
   1620.00   .240969   .003121
   1630.00   .241482   .003203
   1640.00   .241344   .003161
   1650.00   .241458   .002853
   1660.00   .241431   .003109
   1670.00   .241444   .003081
   1680.00   .241579   .003176
   1690.00   .241336   .003154
   1700.00   .241251   .003120
   1710.00   .241100   .003081
   1720.00   .240892   .003009
   1730.00   .240628   .002924
   1740.00   .240743   .002913
   1750.00   .240603   .002908
   1760.00   .240666   .002900
   1770.00   .240703   .002930
   1780.00   .240734   .002965
   1790.00   .240886   .002965
   1800.00   .240972   .003226
   1810.00   .241409   .003541
   1820.00   .242185   .003544
   1830.00   .242649   .003786
   1840.00   .242829   .003576
   1850.00   .243718   .003875
   1860.00   .243889   .003408
   1870.00   .244306   .003765
   1880.00   .244595   .003478
   1890.00   .245052   .003502
   1900.00   .245963   .003936
   1910.00   .246293   .003616
   1920.00   .246331   .003598
   1930.00   .247259   .003702
   1940.00   .247275   .003516
   1950.00   .247698   .003632
   1960.00   .248533   .003897
   1970.00   .248815   .003735
   1980.00   .249909   .003631
   1990.00   .250805   .003574
   2000.00   .251325   .003760
   2010.00   .252310   .003738
   2020.00   .253686   .003631
   2030.00   .254613   .003761
   2040.00   .255975   .003725
   2050.00   .257269   .003512
   2060.00   .257791   .003711
   2070.00   .258520   .003855
   2080.00   .259495   .003753
   2090.00   .261184   .003764
   2100.00   .262363   .003725
   2110.00   .264050   .003798
   2120.00   .266458   .003725
   2130.00   .266774   .003812
   2140.00   .268219   .003633
   2150.00   .267443   .003642
   2160.00   .267478   .003302
   2170.00   .267006   .003042
   2180.00   .267589   .003381
   2190.00   .267236   .003480
   2200.00   .266666   .003397
   2210.00   .267774   .003652
   2220.00   .268592   .003441
   2230.00   .270025   .003395
   2240.00   .270981   .003276
   2250.00   .272304   .003448
   2260.00   .273350   .003469
   2270.00   .274597   .003343
   2280.00   .275714   .003227
   2290.00   .276935   .003099
   2300.00   .277973   .003281
   2310.00   .279605   .003162
   2320.00   .280882   .003227
   2330.00   .283302   .003280
   2340.00   .285139   .003336
   2350.00   .285547   .003036
   2360.00   .285746   .003307
   2370.00   .286911   .003328
   2380.00   .288968   .003341
   2390.00   .289233   .003299
   2400.00   .290162   .003308
   2410.00   .291749   .003393
   2420.00   .292385   .003311
   2430.00   .293060   .003471
   2440.00   .293891   .003535
   2450.00   .295558   .003092
   2460.00   .295541   .003651
   2470.00   .296718   .003396
   2480.00   .296791   .002776
   2490.00   .299335   .003052
   2500.00   .300249   .002836
   2510.00   .301366   .003149
   2520.00   .304002   .002952
   2530.00   .307593   .003082
   2540.00   .310305   .003295
   2550.00   .314546   .003516



 KDLS140.ASC             

 LS-BWD-140
 62231 bulk 125-250 um at (i,e)=(30,45)
 No depolarizer was used over the wavelength range of 1800-2550 nm
 Albedo adjusted to the visible range
 
 Source Ang:  30.00, Detect Ang:  45.00, Volt:  .777
 Date: 31-JAN-19, Time: 14:11:31
