       224
    320.00   .075146   .012013
    330.00   .078422   .008361
    340.00   .081683   .008037
    350.00   .084163   .005766
    360.00   .086625   .002192
    370.00   .089396   .001497
    380.00   .091392   .001524
    390.00   .093926   .001560
    400.00   .096102   .002877
    410.00   .098018   .002462
    420.00   .100044   .002338
    430.00   .101629   .002772
    440.00   .103246   .002681
    450.00   .104775   .002748
    460.00   .106266   .002662
    470.00   .107605   .002749
    480.00   .109017   .002759
    490.00   .110413   .002751
    500.00   .111616   .002830
    510.00   .113006   .002789
    520.00   .114715   .002841
    530.00   .115825   .002787
    540.00   .116853   .002877
    550.00   .117811   .002825
    560.00   .118912   .002896
    570.00   .119887   .002920
    580.00   .120862   .002982
    590.00   .121635   .002923
    600.00   .122524   .002913
    610.00   .123397   .002980
    620.00   .124175   .003012
    630.00   .124972   .003018
    640.00   .125824   .002976
    650.00   .126505   .002908
    660.00   .127639   .002974
    670.00   .128493   .003000
    680.00   .129567   .002879
    690.00   .130495   .002969
    700.00   .131344   .002892
    710.00   .132119   .002908
    720.00   .132786   .002963
    730.00   .133482   .002911
    740.00   .133972   .003042
    750.00   .134676   .003053
    760.00   .135072   .003151
    770.00   .135804   .003364
    780.00   .136043   .003311
    790.00   .135964   .003444
    800.00   .135514   .003725
    810.00   .135217   .003777
    820.00   .134546   .004067
    830.00   .134287   .004040
    840.00   .133484   .004181
    850.00   .132959   .004172
    860.00   .132756   .007459
    870.00   .131613   .006639
    880.00   .130901   .006132
    890.00   .130149   .006442
    900.00   .129864   .006151
    910.00   .129743   .005759
    920.00   .128947   .005439
    930.00   .128720   .004999
    940.00   .129149   .004482
    950.00   .129339   .004257
    960.00   .130048   .003974
    970.00   .130392   .003664
    980.00   .131234   .003312
    990.00   .131858   .003047
   1000.00   .133097   .003268
   1010.00   .133826   .003125
   1020.00   .134534   .003217
   1030.00   .135523   .003208
   1040.00   .136307   .003387
   1050.00   .137216   .002963
   1060.00   .137936   .003154
   1070.00   .138700   .002984
   1080.00   .139593   .002942
   1090.00   .140499   .003489
   1100.00   .141176   .003172
   1110.00   .142100   .003317
   1120.00   .142892   .003248
   1130.00   .143636   .003345
   1140.00   .144185   .003226
   1150.00   .144684   .003381
   1160.00   .145387   .003533
   1170.00   .145849   .003111
   1180.00   .146474   .003290
   1190.00   .146792   .003206
   1200.00   .147552   .003323
   1210.00   .147895   .003331
   1220.00   .148471   .003237
   1230.00   .148905   .003107
   1240.00   .149304   .003184
   1250.00   .149869   .003181
   1260.00   .150462   .003181
   1270.00   .151360   .003058
   1280.00   .151792   .003233
   1290.00   .153111   .003519
   1300.00   .153463   .003640
   1310.00   .154187   .003540
   1320.00   .154661   .003518
   1330.00   .155783   .003581
   1340.00   .156602   .003712
   1350.00   .157574   .003646
   1360.00   .158532   .003700
   1370.00   .159490   .003754
   1380.00   .160219   .003684
   1390.00   .160948   .003614
   1400.00   .161798   .004091
   1410.00   .162080   .003921
   1420.00   .162857   .003893
   1430.00   .163997   .003810
   1440.00   .164203   .003855
   1450.00   .165055   .004078
   1460.00   .165606   .003910
   1470.00   .166644   .003681
   1480.00   .167071   .003797
   1490.00   .167613   .003623
   1500.00   .167888   .003712
   1510.00   .168704   .004043
   1520.00   .169178   .003669
   1530.00   .169646   .003708
   1540.00   .169922   .004081
   1550.00   .170537   .003904
   1560.00   .170626   .004036
   1570.00   .170966   .003883
   1580.00   .171524   .003899
   1590.00   .171799   .003744
   1600.00   .171902   .003744
   1610.00   .171875   .003764
   1620.00   .172365   .003663
   1630.00   .172340   .003549
   1640.00   .172534   .003641
   1650.00   .172638   .004508
   1660.00   .172655   .004401
   1670.00   .172901   .004500
   1680.00   .173128   .004390
   1690.00   .173186   .004505
   1700.00   .173339   .004528
   1710.00   .173093   .005176
   1720.00   .173299   .005118
   1730.00   .173446   .004684
   1740.00   .173541   .004969
   1750.00   .173506   .004746
   1760.00   .174003   .005008
   1770.00   .174084   .004941
   1780.00   .174372   .004778
   1790.00   .174407   .004699
   1800.00   .174120   .004927
   1810.00   .174420   .004844
   1820.00   .174486   .004893
   1830.00   .174657   .004857
   1840.00   .174929   .004796
   1850.00   .175203   .004772
   1860.00   .175481   .004783
   1870.00   .175927   .004746
   1880.00   .176281   .004756
   1890.00   .176592   .004756
   1900.00   .176979   .004716
   1910.00   .177294   .004679
   1920.00   .177677   .004620
   1930.00   .178236   .004495
   1940.00   .178885   .004463
   1950.00   .179543   .004170
   1960.00   .179845   .004456
   1970.00   .180462   .004347
   1980.00   .181159   .004346
   1990.00   .181708   .004459
   2000.00   .182551   .004689
   2010.00   .183137   .004657
   2020.00   .184031   .004782
   2030.00   .184860   .004790
   2040.00   .186019   .004763
   2050.00   .186953   .004798
   2060.00   .188041   .005087
   2070.00   .188429   .005271
   2080.00   .189489   .005229
   2090.00   .190523   .005237
   2100.00   .191650   .005228
   2110.00   .193036   .005184
   2120.00   .194182   .005154
   2130.00   .195287   .005103
   2140.00   .195973   .005113
   2150.00   .196485   .004757
   2160.00   .196353   .005148
   2170.00   .196192   .004496
   2180.00   .195985   .004836
   2190.00   .196318   .004843
   2200.00   .196998   .004811
   2210.00   .197271   .004676
   2220.00   .197907   .004613
   2230.00   .198768   .004582
   2240.00   .199431   .004869
   2250.00   .200576   .004550
   2260.00   .201255   .004934
   2270.00   .202578   .004724
   2280.00   .203305   .004839
   2290.00   .204693   .005105
   2300.00   .205326   .004738
   2310.00   .206721   .004927
   2320.00   .207984   .004935
   2330.00   .209547   .005075
   2340.00   .210955   .004876
   2350.00   .211982   .004999
   2360.00   .213332   .004882
   2370.00   .214236   .005253
   2380.00   .215162   .005000
   2390.00   .215877   .005055
   2400.00   .216795   .005119
   2410.00   .217611   .005499
   2420.00   .218575   .005260
   2430.00   .218918   .005089
   2440.00   .219830   .004632
   2450.00   .220243   .005525
   2460.00   .220859   .005274
   2470.00   .221632   .005492
   2480.00   .222772   .004981
   2490.00   .223915   .005428
   2500.00   .224883   .005153
   2510.00   .226458   .005154
   2520.00   .228393   .005439
   2530.00   .230478   .005523
   2540.00   .233761   .004911
   2550.00   .233901   .005168



 KHLS140.ASC             

 LS-BWD-140
 62231 bulk 125-250 um at (i,e)=(30,-35)
 No depolarizer was used over the wavelength range of 1700-2550 nm
 Albedo adjusted to the visible range
 
 Source Ang:  30.00, Detect Ang: -35.00, Volt:  .777
 Date: 06-FEB-19, Time: 14:44:18
