       224
    320.00   .094682   .004470
    330.00   .097321   .004301
    340.00   .100876   .004440
    350.00   .103840   .004391
    360.00   .106432   .004203
    370.00   .109024   .004314
    380.00   .111373   .005327
    390.00   .113201   .005005
    400.00   .115003   .005103
    410.00   .117452   .004963
    420.00   .119638   .004423
    430.00   .120912   .004472
    440.00   .122528   .004366
    450.00   .123670   .003617
    460.00   .125640   .003965
    470.00   .126982   .003866
    480.00   .128402   .003785
    490.00   .129726   .003749
    500.00   .130816   .003712
    510.00   .131918   .003670
    520.00   .133773   .003689
    530.00   .135852   .003798
    540.00   .137435   .003805
    550.00   .138428   .003780
    560.00   .139496   .003769
    570.00   .140455   .003781
    580.00   .141384   .003760
    590.00   .142190   .003788
    600.00   .142956   .003772
    610.00   .143791   .003767
    620.00   .144635   .003797
    630.00   .145348   .003802
    640.00   .146169   .003812
    650.00   .147015   .003827
    660.00   .148112   .003829
    670.00   .148869   .003827
    680.00   .149828   .003870
    690.00   .150688   .003852
    700.00   .151733   .003876
    710.00   .152569   .003882
    720.00   .153342   .003919
    730.00   .154069   .003927
    740.00   .154804   .004088
    750.00   .155379   .004110
    760.00   .155871   .003878
    770.00   .156146   .003889
    780.00   .156226   .003902
    790.00   .156248   .003965
    800.00   .155866   .004021
    810.00   .155351   .004049
    820.00   .154613   .004099
    830.00   .153742   .004116
    840.00   .152815   .004158
    850.00   .151743   .004154
    860.00   .150763   .004883
    870.00   .149568   .004406
    880.00   .148682   .004196
    890.00   .147834   .003839
    900.00   .146944   .003592
    910.00   .146708   .003525
    920.00   .146078   .003341
    930.00   .146123   .003346
    940.00   .146157   .003199
    950.00   .146469   .003075
    960.00   .147107   .002854
    970.00   .147641   .002775
    980.00   .148447   .002821
    990.00   .149268   .002756
   1000.00   .150442   .002763
   1010.00   .151565   .002866
   1020.00   .152831   .002948
   1030.00   .153662   .002910
   1040.00   .155069   .003197
   1050.00   .155861   .003104
   1060.00   .156935   .002991
   1070.00   .158202   .003141
   1080.00   .159053   .003112
   1090.00   .160117   .003175
   1100.00   .161085   .003050
   1110.00   .161979   .003132
   1120.00   .162893   .003120
   1130.00   .163626   .003107
   1140.00   .164313   .003110
   1150.00   .165073   .003230
   1160.00   .165708   .003285
   1170.00   .166035   .003380
   1180.00   .166444   .003261
   1190.00   .166927   .003185
   1200.00   .167336   .003166
   1210.00   .167743   .003202
   1220.00   .168195   .003201
   1230.00   .168657   .003208
   1240.00   .169214   .003212
   1250.00   .169643   .003197
   1260.00   .170268   .003225
   1270.00   .170872   .003186
   1280.00   .171493   .003334
   1290.00   .172019   .003205
   1300.00   .172781   .003153
   1310.00   .173721   .003252
   1320.00   .174226   .003218
   1330.00   .174801   .003132
   1340.00   .175674   .003144
   1350.00   .176611   .003221
   1360.00   .177632   .003210
   1370.00   .178500   .003257
   1380.00   .179261   .003278
   1390.00   .179895   .003308
   1400.00   .180631   .003324
   1410.00   .181229   .003357
   1420.00   .181860   .003350
   1430.00   .182675   .003370
   1440.00   .183269   .003338
   1450.00   .183982   .003339
   1460.00   .184564   .003284
   1470.00   .185424   .003355
   1480.00   .185865   .003326
   1490.00   .186638   .003500
   1500.00   .186834   .003344
   1510.00   .187547   .003374
   1520.00   .187770   .003373
   1530.00   .188242   .003255
   1540.00   .188501   .003414
   1550.00   .188670   .003287
   1560.00   .189033   .003477
   1570.00   .189304   .003416
   1580.00   .189661   .003419
   1590.00   .189759   .003426
   1600.00   .189811   .003370
   1610.00   .189894   .003400
   1620.00   .190032   .003371
   1630.00   .190130   .003367
   1640.00   .190278   .003362
   1650.00   .190476   .003350
   1660.00   .190565   .003291
   1670.00   .190574   .003267
   1680.00   .190652   .003262
   1690.00   .190740   .003266
   1700.00   .190784   .003287
   1710.00   .190787   .003319
   1720.00   .190813   .003340
   1730.00   .190830   .003342
   1740.00   .190726   .003322
   1750.00   .190642   .003301
   1760.00   .190613   .003271
   1770.00   .190626   .003253
   1780.00   .190575   .004106
   1790.00   .190784   .004136
   1800.00   .190569   .003965
   1810.00   .190556   .004876
   1820.00   .190539   .004872
   1830.00   .190578   .004925
   1840.00   .190849   .004961
   1850.00   .191118   .005026
   1860.00   .191454   .005191
   1870.00   .191597   .005204
   1880.00   .191798   .005175
   1890.00   .191760   .005183
   1900.00   .191940   .005142
   1910.00   .192123   .004997
   1920.00   .192459   .004956
   1930.00   .192294   .005018
   1940.00   .192824   .005095
   1950.00   .193572   .005072
   1960.00   .193964   .005078
   1970.00   .194365   .004935
   1980.00   .195044   .004911
   1990.00   .195808   .004976
   2000.00   .196712   .004898
   2010.00   .197666   .005319
   2020.00   .198646   .005263
   2030.00   .199865   .005389
   2040.00   .200692   .005192
   2050.00   .201584   .005216
   2060.00   .202381   .005094
   2070.00   .203270   .005233
   2080.00   .204144   .005281
   2090.00   .204903   .005108
   2100.00   .206282   .005233
   2110.00   .207492   .005388
   2120.00   .208882   .005335
   2130.00   .210036   .005270
   2140.00   .210784   .005457
   2150.00   .210994   .005385
   2160.00   .211289   .005454
   2170.00   .210862   .005393
   2180.00   .210674   .005580
   2190.00   .210717   .005576
   2200.00   .211016   .005517
   2210.00   .211650   .005592
   2220.00   .212202   .005677
   2230.00   .213174   .005637
   2240.00   .214038   .005768
   2250.00   .215110   .005692
   2260.00   .215866   .005939
   2270.00   .216890   .005577
   2280.00   .217751   .005736
   2290.00   .219281   .005672
   2300.00   .220358   .005652
   2310.00   .221520   .005733
   2320.00   .222376   .005987
   2330.00   .223928   .005830
   2340.00   .225343   .005947
   2350.00   .226458   .005997
   2360.00   .227339   .006018
   2370.00   .228605   .005902
   2380.00   .229831   .005887
   2390.00   .230471   .005832
   2400.00   .231478   .005952
   2410.00   .232243   .006078
   2420.00   .233443   .006243
   2430.00   .233931   .006224
   2440.00   .234715   .006429
   2450.00   .235489   .006446
   2460.00   .236253   .006593
   2470.00   .236649   .006526
   2480.00   .237439   .006459
   2490.00   .238103   .006708
   2500.00   .239747   .006528
   2510.00   .240772   .006756
   2520.00   .242382   .006828
   2530.00   .243992   .006341
   2540.00   .246097   .006540
   2550.00   .247631   .006354



 KILS159.ASC             

 LS-BWD-159
 62231.58 low-agglutinate magnetic separate 125-250 um at (i,e)=(30,-45)
 Albedo adjusted to the visible range
 
 Source Ang:  30.00, Detect Ang: -45.00, Volt:  .777
 Date: 17-NOV-21, Time: 17:02:51
