       224
    320.00   .097275   .005354
    330.00   .101301   .004945
    340.00   .105457   .005111
    350.00   .107731   .004498
    360.00   .109815   .004162
    370.00   .112227   .004291
    380.00   .115082   .005119
    390.00   .116820   .004503
    400.00   .119280   .004706
    410.00   .121137   .004319
    420.00   .123762   .003789
    430.00   .125188   .003921
    440.00   .126808   .003748
    450.00   .127523   .002841
    460.00   .128777   .003403
    470.00   .130048   .003218
    480.00   .131682   .003070
    490.00   .133251   .002984
    500.00   .134312   .002952
    510.00   .135822   .002939
    520.00   .137182   .002909
    530.00   .139631   .003109
    540.00   .140499   .003068
    550.00   .141548   .003028
    560.00   .142971   .003067
    570.00   .144049   .003040
    580.00   .144691   .003025
    590.00   .145875   .003070
    600.00   .146945   .003052
    610.00   .147658   .003067
    620.00   .148359   .003111
    630.00   .148805   .003099
    640.00   .150003   .003126
    650.00   .150972   .003190
    660.00   .152198   .003259
    670.00   .153122   .003208
    680.00   .154403   .003145
    690.00   .155456   .003122
    700.00   .156753   .003158
    710.00   .158051   .003194
    720.00   .159078   .003265
    730.00   .159785   .003385
    740.00   .160222   .003512
    750.00   .160850   .003585
    760.00   .161095   .003204
    770.00   .161756   .003257
    780.00   .162059   .003315
    790.00   .161904   .003413
    800.00   .161866   .003450
    810.00   .161183   .003572
    820.00   .160730   .003610
    830.00   .160065   .003683
    840.00   .159419   .003685
    850.00   .158706   .003722
    860.00   .158124   .005545
    870.00   .156736   .005084
    880.00   .156095   .004828
    890.00   .155116   .005916
    900.00   .154530   .005642
    910.00   .154217   .005839
    920.00   .153813   .005792
    930.00   .153909   .005645
    940.00   .154017   .005656
    950.00   .154226   .005524
    960.00   .154953   .005379
    970.00   .155590   .005362
    980.00   .156444   .005115
    990.00   .157201   .005051
   1000.00   .158410   .005219
   1010.00   .159145   .005051
   1020.00   .160491   .005032
   1030.00   .161857   .005077
   1040.00   .163010   .005252
   1050.00   .163901   .005314
   1060.00   .164911   .005264
   1070.00   .166089   .005232
   1080.00   .167231   .005368
   1090.00   .168297   .005189
   1100.00   .169324   .005326
   1110.00   .170072   .005250
   1120.00   .171071   .005374
   1130.00   .171785   .005322
   1140.00   .172532   .005335
   1150.00   .173058   .005286
   1160.00   .173277   .005458
   1170.00   .174127   .005316
   1180.00   .174339   .005187
   1190.00   .174892   .005197
   1200.00   .175471   .005190
   1210.00   .176001   .005268
   1220.00   .176777   .005206
   1230.00   .177056   .005203
   1240.00   .177610   .005086
   1250.00   .178185   .005208
   1260.00   .178772   .005218
   1270.00   .179308   .005358
   1280.00   .179990   .005251
   1290.00   .180588   .005155
   1300.00   .181176   .004993
   1310.00   .181916   .005145
   1320.00   .182649   .005170
   1330.00   .183439   .005288
   1340.00   .184253   .005277
   1350.00   .184973   .005164
   1360.00   .185933   .005078
   1370.00   .186480   .005237
   1380.00   .187514   .005194
   1390.00   .188303   .005254
   1400.00   .189001   .005288
   1410.00   .189876   .005376
   1420.00   .190570   .005383
   1430.00   .191521   .005326
   1440.00   .192308   .005321
   1450.00   .193041   .005297
   1460.00   .193811   .005348
   1470.00   .194232   .005266
   1480.00   .195021   .005283
   1490.00   .195475   .005389
   1500.00   .195953   .005315
   1510.00   .196659   .005366
   1520.00   .197169   .005225
   1530.00   .197619   .005330
   1540.00   .197879   .005296
   1550.00   .198401   .005139
   1560.00   .198570   .005171
   1570.00   .199024   .005245
   1580.00   .199521   .005343
   1590.00   .199544   .005235
   1600.00   .199530   .005241
   1610.00   .200045   .005339
   1620.00   .200046   .005262
   1630.00   .200332   .005257
   1640.00   .200427   .005253
   1650.00   .200487   .005118
   1660.00   .200663   .004771
   1670.00   .200906   .004897
   1680.00   .200995   .004870
   1690.00   .200989   .004643
   1700.00   .201173   .004760
   1710.00   .201303   .004754
   1720.00   .201407   .004730
   1730.00   .201482   .004695
   1740.00   .201538   .004665
   1750.00   .201637   .004646
   1760.00   .201612   .004604
   1770.00   .201743   .004641
   1780.00   .201740   .005187
   1790.00   .201832   .005163
   1800.00   .201941   .005111
   1810.00   .201798   .005687
   1820.00   .202240   .005520
   1830.00   .202257   .005557
   1840.00   .202822   .005728
   1850.00   .203198   .005623
   1860.00   .203371   .005547
   1870.00   .203569   .005527
   1880.00   .203895   .005517
   1890.00   .204118   .005576
   1900.00   .204289   .005647
   1910.00   .204592   .005619
   1920.00   .204934   .005611
   1930.00   .205025   .005657
   1940.00   .205522   .005586
   1950.00   .205940   .005693
   1960.00   .206383   .005640
   1970.00   .206887   .005665
   1980.00   .207695   .005618
   1990.00   .208517   .005701
   2000.00   .209418   .005387
   2010.00   .210295   .005533
   2020.00   .211172   .005526
   2030.00   .211920   .005552
   2040.00   .213156   .005729
   2050.00   .213892   .005594
   2060.00   .214908   .005786
   2070.00   .215533   .005631
   2080.00   .216587   .005740
   2090.00   .217719   .005630
   2100.00   .218704   .005851
   2110.00   .220042   .005921
   2120.00   .221423   .005852
   2130.00   .222162   .006021
   2140.00   .223358   .005976
   2150.00   .223674   .006049
   2160.00   .223611   .005951
   2170.00   .223560   .006035
   2180.00   .223625   .005998
   2190.00   .223654   .005952
   2200.00   .223919   .006005
   2210.00   .224497   .006110
   2220.00   .224833   .006179
   2230.00   .226305   .006108
   2240.00   .226862   .006240
   2250.00   .227866   .006341
   2260.00   .228914   .006449
   2270.00   .229947   .006169
   2280.00   .230940   .006273
   2290.00   .232129   .006137
   2300.00   .233490   .006382
   2310.00   .234664   .006257
   2320.00   .235520   .006201
   2330.00   .237059   .006314
   2340.00   .238481   .006519
   2350.00   .239681   .006656
   2360.00   .240771   .006737
   2370.00   .241878   .006653
   2380.00   .242832   .006780
   2390.00   .243456   .006692
   2400.00   .244581   .006764
   2410.00   .245205   .006886
   2420.00   .246217   .007093
   2430.00   .246962   .006963
   2440.00   .247757   .007148
   2450.00   .248541   .007165
   2460.00   .249541   .007292
   2470.00   .250461   .007226
   2480.00   .251257   .007331
   2490.00   .252258   .007108
   2500.00   .253812   .007365
   2510.00   .255255   .007300
   2520.00   .257212   .007388
   2530.00   .260158   .007112
   2540.00   .262942   .007282
   2550.00   .265696   .007686



 KSLS159.ASC             

 LS-BWD-159
 62231.58 low-agglutinate magnetic separate 125-250 um at (i,e)=(45,-60)
 Albedo adjusted to the visible range
 
 Source Ang:  45.00, Detect Ang: -60.00, Volt:  .777
 Date: 19-NOV-21, Time: 12:53:34
