  2681
   1800.0   0.10753
   1800.7   0.10762
   1801.3   0.10788
   1801.9   0.10789
   1802.6   0.10756
   1803.2   0.10734
   1803.8   0.10756
   1804.4   0.10746
   1805.1   0.10806
   1805.7   0.10802
   1806.3   0.10821
   1806.9   0.10857
   1807.6   0.10844
   1808.2   0.10798
   1808.8   0.10799
   1809.5   0.10783
   1810.1   0.10793
   1810.7   0.10805
   1811.4   0.10857
   1812.0   0.10864
   1812.6   0.10828
   1813.3   0.10817
   1813.9   0.10789
   1814.5   0.10770
   1815.2   0.10790
   1815.8   0.10768
   1816.4   0.10761
   1817.1   0.10770
   1817.7   0.10756
   1818.4   0.10808
   1819.0   0.10820
   1819.6   0.10835
   1820.3   0.10782
   1820.9   0.10796
   1821.6   0.10815
   1822.2   0.10827
   1822.8   0.10829
   1823.5   0.10849
   1824.1   0.10862
   1824.8   0.10838
   1825.4   0.10845
   1826.0   0.10854
   1826.7   0.10834
   1827.3   0.10828
   1828.0   0.10870
   1828.6   0.10875
   1829.3   0.10882
   1829.9   0.10917
   1830.6   0.10917
   1831.2   0.10897
   1831.8   0.10917
   1832.5   0.10898
   1833.1   0.10901
   1833.8   0.10903
   1834.4   0.10892
   1835.1   0.10872
   1835.7   0.10875
   1836.4   0.10887
   1837.0   0.10845
   1837.7   0.10841
   1838.3   0.10867
   1839.0   0.10867
   1839.7   0.10866
   1840.3   0.10892
   1841.0   0.10913
   1841.6   0.10934
   1842.3   0.10937
   1842.9   0.10906
   1843.6   0.10915
   1844.2   0.10915
   1844.9   0.10922
   1845.5   0.10972
   1846.2   0.10950
   1846.9   0.10938
   1847.5   0.10941
   1848.2   0.10892
   1848.8   0.10926
   1849.5   0.10946
   1850.2   0.10919
   1850.8   0.10929
   1851.5   0.10953
   1852.1   0.10955
   1852.8   0.10956
   1853.5   0.10951
   1854.1   0.10952
   1854.8   0.10942
   1855.5   0.10933
   1856.1   0.10960
   1856.8   0.10972
   1857.4   0.10978
   1858.1   0.10996
   1858.8   0.11018
   1859.4   0.11047
   1860.1   0.11016
   1860.8   0.10951
   1861.4   0.10972
   1862.1   0.10993
   1862.8   0.10997
   1863.5   0.10981
   1864.1   0.11011
   1864.8   0.11010
   1865.5   0.10977
   1866.1   0.10971
   1866.8   0.10994
   1867.5   0.11006
   1868.2   0.11015
   1868.8   0.11010
   1869.5   0.10979
   1870.2   0.11011
   1870.9   0.11026
   1871.5   0.11065
   1872.2   0.11025
   1872.9   0.10998
   1873.6   0.11012
   1874.2   0.11008
   1874.9   0.10984
   1875.6   0.10968
   1876.3   0.10975
   1876.9   0.11041
   1877.6   0.11049
   1878.3   0.11028
   1879.0   0.11074
   1879.7   0.11057
   1880.4   0.11044
   1881.0   0.11031
   1881.7   0.11072
   1882.4   0.11109
   1883.1   0.11111
   1883.8   0.11127
   1884.5   0.11127
   1885.1   0.11079
   1885.8   0.11083
   1886.5   0.11127
   1887.2   0.11128
   1887.9   0.11134
   1888.6   0.11145
   1889.3   0.11132
   1890.0   0.11125
   1890.6   0.11139
   1891.3   0.11111
   1892.0   0.11147
   1892.7   0.11158
   1893.4   0.11145
   1894.1   0.11161
   1894.8   0.11136
   1895.5   0.11123
   1896.2   0.11131
   1896.9   0.11135
   1897.6   0.11179
   1898.3   0.11174
   1899.0   0.11140
   1899.6   0.11140
   1900.3   0.11148
   1901.0   0.11162
   1901.7   0.11173
   1902.4   0.11177
   1903.1   0.11181
   1903.8   0.11154
   1904.5   0.11162
   1905.2   0.11188
   1905.9   0.11192
   1906.6   0.11155
   1907.3   0.11155
   1908.0   0.11193
   1908.7   0.11201
   1909.4   0.11193
   1910.1   0.11221
   1910.8   0.11235
   1911.6   0.11220
   1912.3   0.11210
   1913.0   0.11232
   1913.7   0.11232
   1914.4   0.11244
   1915.1   0.11232
   1915.8   0.11209
   1916.5   0.11210
   1917.2   0.11212
   1917.9   0.11219
   1918.6   0.11263
   1919.3   0.11299
   1920.0   0.11295
   1920.8   0.11287
   1921.5   0.11273
   1922.2   0.11281
   1922.9   0.11274
   1923.6   0.11283
   1924.3   0.11272
   1925.0   0.11236
   1925.8   0.11253
   1926.5   0.11265
   1927.2   0.11273
   1927.9   0.11280
   1928.6   0.11272
   1929.3   0.11293
   1930.1   0.11303
   1930.8   0.11316
   1931.5   0.11334
   1932.2   0.11331
   1932.9   0.11303
   1933.7   0.11302
   1934.4   0.11318
   1935.1   0.11348
   1935.8   0.11355
   1936.5   0.11355
   1937.3   0.11346
   1938.0   0.11345
   1938.7   0.11357
   1939.4   0.11383
   1940.2   0.11384
   1940.9   0.11362
   1941.6   0.11339
   1942.4   0.11337
   1943.1   0.11346
   1943.8   0.11333
   1944.5   0.11310
   1945.3   0.11344
   1946.0   0.11349
   1946.7   0.11358
   1947.5   0.11328
   1948.2   0.11348
   1948.9   0.11377
   1949.7   0.11393
   1950.4   0.11402
   1951.1   0.11385
   1951.9   0.11388
   1952.6   0.11371
   1953.3   0.11384
   1954.1   0.11387
   1954.8   0.11393
   1955.5   0.11386
   1956.3   0.11392
   1957.0   0.11407
   1957.8   0.11403
   1958.5   0.11417
   1959.2   0.11386
   1960.0   0.11378
   1960.7   0.11413
   1961.5   0.11444
   1962.2   0.11436
   1962.9   0.11446
   1963.7   0.11447
   1964.4   0.11445
   1965.2   0.11464
   1965.9   0.11475
   1966.7   0.11475
   1967.4   0.11467
   1968.2   0.11481
   1968.9   0.11481
   1969.7   0.11498
   1970.4   0.11497
   1971.2   0.11496
   1971.9   0.11473
   1972.7   0.11505
   1973.4   0.11512
   1974.2   0.11502
   1974.9   0.11479
   1975.7   0.11468
   1976.4   0.11486
   1977.2   0.11495
   1977.9   0.11517
   1978.7   0.11537
   1979.4   0.11544
   1980.2   0.11548
   1980.9   0.11543
   1981.7   0.11529
   1982.5   0.11512
   1983.2   0.11525
   1984.0   0.11530
   1984.7   0.11529
   1985.5   0.11503
   1986.3   0.11526
   1987.0   0.11525
   1987.8   0.11542
   1988.5   0.11547
   1989.3   0.11546
   1990.1   0.11550
   1990.8   0.11540
   1991.6   0.11543
   1992.4   0.11544
   1993.1   0.11508
   1993.9   0.11542
   1994.7   0.11585
   1995.4   0.11591
   1996.2   0.11566
   1997.0   0.11559
   1997.7   0.11587
   1998.5   0.11597
   1999.3   0.11589
   2000.1   0.11623
   2000.8   0.11633
   2001.6   0.11603
   2002.4   0.11603
   2003.1   0.11625
   2003.9   0.11625
   2004.7   0.11634
   2005.5   0.11633
   2006.2   0.11630
   2007.0   0.11635
   2007.8   0.11645
   2008.6   0.11653
   2009.4   0.11651
   2010.1   0.11647
   2010.9   0.11663
   2011.7   0.11680
   2012.5   0.11677
   2013.3   0.11653
   2014.0   0.11649
   2014.8   0.11650
   2015.6   0.11644
   2016.4   0.11642
   2017.2   0.11664
   2018.0   0.11659
   2018.7   0.11666
   2019.5   0.11700
   2020.3   0.11714
   2021.1   0.11696
   2021.9   0.11714
   2022.7   0.11734
   2023.5   0.11749
   2024.3   0.11714
   2025.1   0.11686
   2025.8   0.11719
   2026.6   0.11710
   2027.4   0.11682
   2028.2   0.11724
   2029.0   0.11734
   2029.8   0.11717
   2030.6   0.11720
   2031.4   0.11733
   2032.2   0.11744
   2033.0   0.11745
   2033.8   0.11775
   2034.6   0.11758
   2035.4   0.11749
   2036.2   0.11756
   2037.0   0.11762
   2037.8   0.11769
   2038.6   0.11798
   2039.4   0.11808
   2040.2   0.11796
   2041.0   0.11777
   2041.8   0.11785
   2042.6   0.11772
   2043.4   0.11782
   2044.2   0.11803
   2045.0   0.11795
   2045.8   0.11808
   2046.6   0.11805
   2047.4   0.11790
   2048.3   0.11795
   2049.1   0.11806
   2049.9   0.11816
   2050.7   0.11798
   2051.5   0.11777
   2052.3   0.11805
   2053.1   0.11855
   2053.9   0.11843
   2054.8   0.11835
   2055.6   0.11843
   2056.4   0.11832
   2057.2   0.11843
   2058.0   0.11845
   2058.8   0.11845
   2059.6   0.11851
   2060.5   0.11872
   2061.3   0.11861
   2062.1   0.11854
   2062.9   0.11913
   2063.7   0.11898
   2064.6   0.11850
   2065.4   0.11873
   2066.2   0.11907
   2067.0   0.11909
   2067.9   0.11906
   2068.7   0.11921
   2069.5   0.11895
   2070.3   0.11888
   2071.2   0.11919
   2072.0   0.11933
   2072.8   0.11946
   2073.7   0.11943
   2074.5   0.11937
   2075.3   0.11920
   2076.1   0.11918
   2077.0   0.11922
   2077.8   0.11948
   2078.6   0.11954
   2079.5   0.11962
   2080.3   0.11965
   2081.1   0.11976
   2082.0   0.11985
   2082.8   0.12006
   2083.7   0.12000
   2084.5   0.11966
   2085.3   0.11988
   2086.2   0.12009
   2087.0   0.12008
   2087.9   0.12003
   2088.7   0.11981
   2089.5   0.11969
   2090.4   0.11978
   2091.2   0.11983
   2092.1   0.11993
   2092.9   0.12023
   2093.8   0.12042
   2094.6   0.11995
   2095.4   0.11991
   2096.3   0.12009
   2097.1   0.12029
   2098.0   0.12018
   2098.8   0.11998
   2099.7   0.12003
   2100.5   0.12023
   2101.4   0.12060
   2102.2   0.12057
   2103.1   0.12056
   2104.0   0.12066
   2104.8   0.12060
   2105.7   0.12043
   2106.5   0.12047
   2107.4   0.12042
   2108.2   0.12054
   2109.1   0.12079
   2109.9   0.12081
   2110.8   0.12091
   2111.7   0.12088
   2112.5   0.12072
   2113.4   0.12085
   2114.2   0.12105
   2115.1   0.12079
   2116.0   0.12095
   2116.8   0.12123
   2117.7   0.12139
   2118.6   0.12149
   2119.4   0.12158
   2120.3   0.12156
   2121.2   0.12142
   2122.0   0.12139
   2122.9   0.12138
   2123.8   0.12152
   2124.6   0.12156
   2125.5   0.12163
   2126.4   0.12156
   2127.3   0.12142
   2128.1   0.12135
   2129.0   0.12148
   2129.9   0.12153
   2130.8   0.12171
   2131.6   0.12171
   2132.5   0.12168
   2133.4   0.12164
   2134.3   0.12188
   2135.1   0.12217
   2136.0   0.12197
   2136.9   0.12188
   2137.8   0.12195
   2138.7   0.12209
   2139.6   0.12219
   2140.4   0.12216
   2141.3   0.12216
   2142.2   0.12215
   2143.1   0.12207
   2144.0   0.12213
   2144.9   0.12216
   2145.8   0.12230
   2146.6   0.12244
   2147.5   0.12254
   2148.4   0.12274
   2149.3   0.12265
   2150.2   0.12224
   2151.1   0.12221
   2152.0   0.12266
   2152.9   0.12280
   2153.8   0.12280
   2154.7   0.12271
   2155.6   0.12277
   2156.5   0.12293
   2157.4   0.12293
   2158.3   0.12296
   2159.2   0.12295
   2160.1   0.12298
   2161.0   0.12281
   2161.9   0.12297
   2162.8   0.12323
   2163.7   0.12327
   2164.6   0.12347
   2165.5   0.12376
   2166.4   0.12361
   2167.3   0.12335
   2168.2   0.12336
   2169.1   0.12364
   2170.0   0.12390
   2170.9   0.12388
   2171.8   0.12362
   2172.7   0.12351
   2173.6   0.12379
   2174.6   0.12380
   2175.5   0.12365
   2176.4   0.12375
   2177.3   0.12371
   2178.2   0.12381
   2179.1   0.12388
   2180.0   0.12397
   2181.0   0.12414
   2181.9   0.12429
   2182.8   0.12449
   2183.7   0.12429
   2184.6   0.12425
   2185.6   0.12439
   2186.5   0.12423
   2187.4   0.12424
   2188.3   0.12423
   2189.2   0.12436
   2190.2   0.12446
   2191.1   0.12459
   2192.0   0.12463
   2193.0   0.12461
   2193.9   0.12480
   2194.8   0.12492
   2195.7   0.12481
   2196.7   0.12480
   2197.6   0.12496
   2198.5   0.12487
   2199.5   0.12489
   2200.4   0.12489
   2201.3   0.12521
   2202.3   0.12530
   2203.2   0.12511
   2204.1   0.12498
   2205.1   0.12508
   2206.0   0.12525
   2207.0   0.12525
   2207.9   0.12520
   2208.8   0.12542
   2209.8   0.12560
   2210.7   0.12552
   2211.7   0.12556
   2212.6   0.12577
   2213.6   0.12565
   2214.5   0.12570
   2215.4   0.12597
   2216.4   0.12604
   2217.3   0.12596
   2218.3   0.12586
   2219.2   0.12595
   2220.2   0.12598
   2221.1   0.12593
   2222.1   0.12595
   2223.0   0.12607
   2224.0   0.12615
   2225.0   0.12625
   2225.9   0.12631
   2226.9   0.12639
   2227.8   0.12630
   2228.8   0.12630
   2229.7   0.12634
   2230.7   0.12626
   2231.7   0.12642
   2232.6   0.12668
   2233.6   0.12666
   2234.5   0.12661
   2235.5   0.12666
   2236.5   0.12658
   2237.4   0.12661
   2238.4   0.12681
   2239.4   0.12696
   2240.3   0.12689
   2241.3   0.12684
   2242.3   0.12699
   2243.2   0.12707
   2244.2   0.12713
   2245.2   0.12699
   2246.2   0.12692
   2247.1   0.12720
   2248.1   0.12735
   2249.1   0.12725
   2250.1   0.12737
   2251.0   0.12748
   2252.0   0.12755
   2253.0   0.12760
   2254.0   0.12771
   2255.0   0.12765
   2255.9   0.12749
   2256.9   0.12764
   2257.9   0.12767
   2258.9   0.12759
   2259.9   0.12780
   2260.9   0.12794
   2261.8   0.12781
   2262.8   0.12781
   2263.8   0.12797
   2264.8   0.12822
   2265.8   0.12825
   2266.8   0.12799
   2267.8   0.12796
   2268.8   0.12798
   2269.8   0.12821
   2270.8   0.12820
   2271.8   0.12834
   2272.7   0.12821
   2273.7   0.12828
   2274.7   0.12847
   2275.7   0.12861
   2276.7   0.12863
   2277.7   0.12885
   2278.7   0.12896
   2279.7   0.12878
   2280.7   0.12892
   2281.7   0.12912
   2282.8   0.12915
   2283.8   0.12903
   2284.8   0.12918
   2285.8   0.12923
   2286.8   0.12921
   2287.8   0.12927
   2288.8   0.12947
   2289.8   0.12957
   2290.8   0.12962
   2291.8   0.12963
   2292.9   0.12954
   2293.9   0.12953
   2294.9   0.12960
   2295.9   0.12950
   2296.9   0.12979
   2297.9   0.12984
   2299.0   0.12991
   2300.0   0.12996
   2301.0   0.13016
   2302.0   0.13020
   2303.0   0.13021
   2304.1   0.13037
   2305.1   0.13043
   2306.1   0.13045
   2307.1   0.13047
   2308.2   0.13045
   2309.2   0.13051
   2310.2   0.13071
   2311.3   0.13062
   2312.3   0.13067
   2313.3   0.13088
   2314.3   0.13101
   2315.4   0.13103
   2316.4   0.13092
   2317.4   0.13106
   2318.5   0.13117
   2319.5   0.13097
   2320.6   0.13096
   2321.6   0.13105
   2322.6   0.13112
   2323.7   0.13124
   2324.7   0.13133
   2325.8   0.13148
   2326.8   0.13153
   2327.9   0.13157
   2328.9   0.13174
   2329.9   0.13164
   2331.0   0.13164
   2332.0   0.13170
   2333.1   0.13176
   2334.1   0.13190
   2335.2   0.13182
   2336.2   0.13181
   2337.3   0.13179
   2338.4   0.13209
   2339.4   0.13225
   2340.5   0.13219
   2341.5   0.13219
   2342.6   0.13218
   2343.6   0.13211
   2344.7   0.13233
   2345.8   0.13252
   2346.8   0.13250
   2347.9   0.13256
   2349.0   0.13260
   2350.0   0.13262
   2351.1   0.13265
   2352.1   0.13285
   2353.2   0.13288
   2354.3   0.13292
   2355.4   0.13290
   2356.4   0.13309
   2357.5   0.13318
   2358.6   0.13309
   2359.6   0.13323
   2360.7   0.13323
   2361.8   0.13316
   2362.9   0.13316
   2363.9   0.13338
   2365.0   0.13345
   2366.1   0.13351
   2367.2   0.13376
   2368.3   0.13377
   2369.3   0.13381
   2370.4   0.13394
   2371.5   0.13404
   2372.6   0.13395
   2373.7   0.13389
   2374.8   0.13395
   2375.9   0.13409
   2377.0   0.13426
   2378.0   0.13436
   2379.1   0.13441
   2380.2   0.13440
   2381.3   0.13434
   2382.4   0.13435
   2383.5   0.13441
   2384.6   0.13455
   2385.7   0.13484
   2386.8   0.13491
   2387.9   0.13490
   2389.0   0.13492
   2390.1   0.13500
   2391.2   0.13506
   2392.3   0.13504
   2393.4   0.13519
   2394.5   0.13548
   2395.6   0.13555
   2396.7   0.13545
   2397.8   0.13553
   2399.0   0.13567
   2400.1   0.13586
   2401.2   0.13586
   2402.3   0.13582
   2403.4   0.13588
   2404.5   0.13596
   2405.6   0.13612
   2406.7   0.13633
   2407.9   0.13634
   2409.0   0.13633
   2410.1   0.13637
   2411.2   0.13655
   2412.3   0.13657
   2413.5   0.13654
   2414.6   0.13671
   2415.7   0.13682
   2416.8   0.13687
   2418.0   0.13681
   2419.1   0.13690
   2420.2   0.13696
   2421.4   0.13696
   2422.5   0.13706
   2423.6   0.13719
   2424.8   0.13729
   2425.9   0.13721
   2427.0   0.13732
   2428.2   0.13737
   2429.3   0.13742
   2430.4   0.13760
   2431.6   0.13767
   2432.7   0.13777
   2433.9   0.13784
   2435.0   0.13800
   2436.2   0.13810
   2437.3   0.13794
   2438.4   0.13792
   2439.6   0.13802
   2440.7   0.13822
   2441.9   0.13837
   2443.0   0.13831
   2444.2   0.13837
   2445.3   0.13863
   2446.5   0.13872
   2447.7   0.13870
   2448.8   0.13868
   2450.0   0.13885
   2451.1   0.13904
   2452.3   0.13910
   2453.4   0.13914
   2454.6   0.13928
   2455.8   0.13920
   2456.9   0.13920
   2458.1   0.13928
   2459.3   0.13932
   2460.4   0.13934
   2461.6   0.13938
   2462.8   0.13945
   2463.9   0.13955
   2465.1   0.13969
   2466.3   0.13977
   2467.5   0.13980
   2468.6   0.14001
   2469.8   0.14005
   2471.0   0.14005
   2472.2   0.14010
   2473.3   0.14015
   2474.5   0.14007
   2475.7   0.14010
   2476.9   0.14020
   2478.1   0.14030
   2479.3   0.14039
   2480.4   0.14049
   2481.6   0.14063
   2482.8   0.14068
   2484.0   0.14083
   2485.2   0.14094
   2486.4   0.14093
   2487.6   0.14095
   2488.8   0.14094
   2490.0   0.14100
   2491.2   0.14106
   2492.4   0.14118
   2493.6   0.14126
   2494.8   0.14133
   2496.0   0.14147
   2497.2   0.14163
   2498.4   0.14176
   2499.6   0.14178
   2500.8   0.14187
   2502.0   0.14205
   2503.2   0.14207
   2504.4   0.14202
   2505.6   0.14198
   2506.8   0.14206
   2508.0   0.14221
   2509.3   0.14237
   2510.5   0.14240
   2511.7   0.14250
   2512.9   0.14256
   2514.1   0.14264
   2515.3   0.14274
   2516.6   0.14288
   2517.8   0.14306
   2519.0   0.14312
   2520.2   0.14309
   2521.5   0.14329
   2522.7   0.14336
   2523.9   0.14340
   2525.2   0.14346
   2526.4   0.14356
   2527.6   0.14377
   2528.8   0.14377
   2530.1   0.14376
   2531.3   0.14393
   2532.6   0.14412
   2533.8   0.14402
   2535.0   0.14413
   2536.3   0.14449
   2537.5   0.14429
   2538.8   0.14417
   2540.0   0.14443
   2541.2   0.14462
   2542.5   0.14492
   2543.7   0.14499
   2545.0   0.14474
   2546.2   0.14468
   2547.5   0.14493
   2548.7   0.14510
   2550.0   0.14497
   2551.2   0.14534
   2552.5   0.14552
   2553.8   0.14547
   2555.0   0.14515
   2556.3   0.14544
   2557.5   0.14550
   2558.8   0.14561
   2560.1   0.14600
   2561.3   0.14669
   2562.6   0.14653
   2563.9   0.14617
   2565.1   0.14613
   2566.4   0.14577
   2567.7   0.14601
   2568.9   0.14659
   2570.2   0.14685
   2571.5   0.14610
   2572.8   0.14644
   2574.0   0.14734
   2575.3   0.14627
   2576.6   0.14690
   2577.9   0.14727
   2579.2   0.14643
   2580.5   0.14682
   2581.7   0.14748
   2583.0   0.14717
   2584.3   0.14808
   2585.6   0.14700
   2586.9   0.14710
   2588.2   0.14777
   2589.5   0.14724
   2590.8   0.14713
   2592.1   0.14730
   2593.4   0.14833
   2594.7   0.14998
   2596.0   0.14939
   2597.3   0.14675
   2598.6   0.14719
   2599.9   0.14775
   2601.2   0.14833
   2602.5   0.14859
   2603.8   0.14873
   2605.1   0.14932
   2606.4   0.14932
   2607.7   0.14829
   2609.0   0.14844
   2610.3   0.14869
   2611.7   0.14851
   2613.0   0.14878
   2614.3   0.14916
   2615.6   0.14909
   2616.9   0.15035
   2618.3   0.14965
   2619.6   0.14893
   2620.9   0.15014
   2622.2   0.14882
   2623.6   0.14873
   2624.9   0.14945
   2626.2   0.14999
   2627.5   0.15046
   2628.9   0.14948
   2630.2   0.15077
   2631.5   0.15071
   2632.9   0.14945
   2634.2   0.15037
   2635.6   0.15009
   2636.9   0.14975
   2638.2   0.15010
   2639.6   0.15017
   2640.9   0.15038
   2642.3   0.15045
   2643.6   0.15048
   2645.0   0.15084
   2646.3   0.15140
   2647.7   0.15071
   2649.0   0.15059
   2650.4   0.15081
   2651.7   0.15112
   2653.1   0.15148
   2654.4   0.15099
   2655.8   0.15117
   2657.2   0.15121
   2658.5   0.15116
   2659.9   0.15194
   2661.3   0.15169
   2662.6   0.15160
   2664.0   0.15199
   2665.4   0.15338
   2666.7   0.15311
   2668.1   0.15216
   2669.5   0.15191
   2670.9   0.15413
   2672.2   0.15186
   2673.6   0.15134
   2675.0   0.15241
   2676.4   0.15340
   2677.8   0.15360
   2679.1   0.15280
   2680.5   0.15262
   2681.9   0.15219
   2683.3   0.15295
   2684.7   0.15289
   2686.1   0.15268
   2687.5   0.15288
   2688.9   0.15267
   2690.3   0.15268
   2691.7   0.15273
   2693.1   0.15348
   2694.5   0.15400
   2695.9   0.15324
   2697.3   0.15265
   2698.7   0.15263
   2700.1   0.15314
   2701.5   0.15372
   2702.9   0.15342
   2704.3   0.15297
   2705.7   0.15325
   2707.1   0.15328
   2708.5   0.15367
   2710.0   0.15404
   2711.4   0.15400
   2712.8   0.15278
   2714.2   0.15240
   2715.6   0.15310
   2717.1   0.15326
   2718.5   0.15361
   2719.9   0.15408
   2721.3   0.15475
   2722.8   0.15259
   2724.2   0.15339
   2725.6   0.15376
   2727.1   0.15220
   2728.5   0.15231
   2729.9   0.15271
   2731.4   0.15263
   2732.8   0.15265
   2734.2   0.15298
   2735.7   0.15340
   2737.1   0.15244
   2738.6   0.15298
   2740.0   0.15405
   2741.5   0.15327
   2742.9   0.15217
   2744.4   0.15170
   2745.8   0.15204
   2747.3   0.15197
   2748.7   0.15188
   2750.2   0.15188
   2751.7   0.15200
   2753.1   0.15202
   2754.6   0.15225
   2756.1   0.15298
   2757.5   0.15098
   2759.0   0.15053
   2760.5   0.15116
   2761.9   0.15173
   2763.4   0.15194
   2764.9   0.15094
   2766.3   0.15071
   2767.8   0.15134
   2769.3   0.15109
   2770.8   0.15104
   2772.3   0.15093
   2773.7   0.15035
   2775.2   0.15035
   2776.7   0.15055
   2778.2   0.15049
   2779.7   0.15024
   2781.2   0.15038
   2782.7   0.15040
   2784.2   0.15008
   2785.7   0.15012
   2787.2   0.15078
   2788.7   0.15041
   2790.2   0.14959
   2791.7   0.14964
   2793.2   0.14979
   2794.7   0.14980
   2796.2   0.14969
   2797.7   0.14964
   2799.2   0.14957
   2800.7   0.14964
   2802.2   0.15005
   2803.8   0.15041
   2805.3   0.14978
   2806.8   0.14935
   2808.3   0.14950
   2809.8   0.14960
   2811.4   0.14955
   2812.9   0.14964
   2814.4   0.14980
   2815.9   0.14961
   2817.5   0.14937
   2819.0   0.14959
   2820.5   0.14975
   2822.1   0.14952
   2823.6   0.14940
   2825.1   0.14956
   2826.7   0.14964
   2828.2   0.14969
   2829.8   0.14956
   2831.3   0.14958
   2832.9   0.14975
   2834.4   0.14995
   2836.0   0.15003
   2837.5   0.14997
   2839.1   0.14995
   2840.6   0.14986
   2842.2   0.14981
   2843.7   0.14994
   2845.3   0.15012
   2846.9   0.15015
   2848.4   0.15023
   2850.0   0.15037
   2851.6   0.15023
   2853.1   0.15028
   2854.7   0.15056
   2856.3   0.15046
   2857.8   0.15031
   2859.4   0.15038
   2861.0   0.15048
   2862.6   0.15057
   2864.2   0.15055
   2865.7   0.15059
   2867.3   0.15073
   2868.9   0.15081
   2870.5   0.15078
   2872.1   0.15087
   2873.7   0.15084
   2875.3   0.15080
   2876.9   0.15098
   2878.5   0.15098
   2880.1   0.15096
   2881.7   0.15108
   2883.3   0.15112
   2884.9   0.15113
   2886.5   0.15125
   2888.1   0.15145
   2889.7   0.15143
   2891.3   0.15131
   2892.9   0.15145
   2894.5   0.15157
   2896.2   0.15151
   2897.8   0.15157
   2899.4   0.15172
   2901.0   0.15189
   2902.7   0.15183
   2904.3   0.15183
   2905.9   0.15186
   2907.5   0.15191
   2909.2   0.15202
   2910.8   0.15204
   2912.4   0.15205
   2914.1   0.15218
   2915.7   0.15226
   2917.4   0.15230
   2919.0   0.15231
   2920.6   0.15235
   2922.3   0.15243
   2923.9   0.15251
   2925.6   0.15253
   2927.2   0.15259
   2928.9   0.15257
   2930.5   0.15261
   2932.2   0.15274
   2933.9   0.15281
   2935.5   0.15287
   2937.2   0.15293
   2938.9   0.15301
   2940.5   0.15303
   2942.2   0.15302
   2943.9   0.15318
   2945.5   0.15319
   2947.2   0.15332
   2948.9   0.15336
   2950.6   0.15333
   2952.2   0.15342
   2953.9   0.15356
   2955.6   0.15366
   2957.3   0.15381
   2959.0   0.15392
   2960.7   0.15392
   2962.4   0.15395
   2964.1   0.15404
   2965.8   0.15416
   2967.4   0.15413
   2969.1   0.15411
   2970.9   0.15421
   2972.6   0.15431
   2974.3   0.15445
   2976.0   0.15452
   2977.7   0.15455
   2979.4   0.15464
   2981.1   0.15476
   2982.8   0.15481
   2984.5   0.15483
   2986.3   0.15483
   2988.0   0.15496
   2989.7   0.15507
   2991.4   0.15512
   2993.1   0.15520
   2994.9   0.15525
   2996.6   0.15530
   2998.3   0.15542
   3000.1   0.15554
   3001.8   0.15566
   3003.6   0.15565
   3005.3   0.15565
   3007.0   0.15589
   3008.8   0.15599
   3010.5   0.15590
   3012.3   0.15599
   3014.0   0.15613
   3015.8   0.15631
   3017.5   0.15631
   3019.3   0.15630
   3021.1   0.15641
   3022.8   0.15659
   3024.6   0.15659
   3026.3   0.15647
   3028.1   0.15653
   3029.9   0.15669
   3031.7   0.15679
   3033.4   0.15687
   3035.2   0.15694
   3037.0   0.15705
   3038.8   0.15709
   3040.5   0.15716
   3042.3   0.15719
   3044.1   0.15720
   3045.9   0.15733
   3047.7   0.15747
   3049.5   0.15745
   3051.3   0.15750
   3053.1   0.15756
   3054.9   0.15765
   3056.7   0.15769
   3058.5   0.15774
   3060.3   0.15789
   3062.1   0.15796
   3063.9   0.15793
   3065.7   0.15799
   3067.5   0.15819
   3069.4   0.15827
   3071.2   0.15834
   3073.0   0.15840
   3074.8   0.15847
   3076.6   0.15855
   3078.5   0.15870
   3080.3   0.15880
   3082.1   0.15888
   3084.0   0.15894
   3085.8   0.15896
   3087.6   0.15900
   3089.5   0.15903
   3091.3   0.15908
   3093.2   0.15914
   3095.0   0.15928
   3096.9   0.15946
   3098.7   0.15960
   3100.6   0.15969
   3102.4   0.15976
   3104.3   0.15984
   3106.1   0.15998
   3108.0   0.16007
   3109.9   0.15990
   3111.7   0.16005
   3113.6   0.16024
   3115.5   0.16032
   3117.3   0.16044
   3119.2   0.16050
   3121.1   0.16062
   3123.0   0.16072
   3124.9   0.16085
   3126.7   0.16092
   3128.6   0.16101
   3130.5   0.16112
   3132.4   0.16119
   3134.3   0.16125
   3136.2   0.16135
   3138.1   0.16140
   3140.0   0.16152
   3141.9   0.16160
   3143.8   0.16162
   3145.7   0.16173
   3147.6   0.16194
   3149.5   0.16202
   3151.4   0.16208
   3153.4   0.16225
   3155.3   0.16236
   3157.2   0.16235
   3159.1   0.16240
   3161.1   0.16249
   3163.0   0.16267
   3164.9   0.16274
   3166.9   0.16280
   3168.8   0.16288
   3170.7   0.16301
   3172.7   0.16308
   3174.6   0.16315
   3176.6   0.16321
   3178.5   0.16329
   3180.5   0.16335
   3182.4   0.16348
   3184.4   0.16361
   3186.3   0.16369
   3188.3   0.16377
   3190.2   0.16390
   3192.2   0.16396
   3194.2   0.16405
   3196.1   0.16412
   3198.1   0.16428
   3200.1   0.16439
   3202.1   0.16442
   3204.0   0.16450
   3206.0   0.16457
   3208.0   0.16469
   3210.0   0.16479
   3212.0   0.16491
   3214.0   0.16499
   3216.0   0.16497
   3218.0   0.16497
   3220.0   0.16507
   3222.0   0.16522
   3224.0   0.16533
   3226.0   0.16541
   3228.0   0.16553
   3230.0   0.16566
   3232.0   0.16572
   3234.0   0.16574
   3236.0   0.16580
   3238.1   0.16590
   3240.1   0.16595
   3242.1   0.16598
   3244.1   0.16605
   3246.2   0.16613
   3248.2   0.16624
   3250.2   0.16640
   3252.3   0.16645
   3254.3   0.16650
   3256.4   0.16659
   3258.4   0.16673
   3260.5   0.16680
   3262.5   0.16687
   3264.6   0.16695
   3266.6   0.16700
   3268.7   0.16708
   3270.7   0.16715
   3272.8   0.16727
   3274.9   0.16735
   3277.0   0.16741
   3279.0   0.16760
   3281.1   0.16765
   3283.2   0.16768
   3285.3   0.16774
   3287.3   0.16787
   3289.4   0.16795
   3291.5   0.16804
   3293.6   0.16809
   3295.7   0.16817
   3297.8   0.16820
   3299.9   0.16833
   3302.0   0.16841
   3304.1   0.16846
   3306.2   0.16852
   3308.3   0.16863
   3310.4   0.16869
   3312.5   0.16874
   3314.7   0.16880
   3316.8   0.16888
   3318.9   0.16892
   3321.0   0.16901
   3323.2   0.16910
   3325.3   0.16924
   3327.4   0.16928
   3329.6   0.16930
   3331.7   0.16932
   3333.8   0.16942
   3336.0   0.16944
   3338.1   0.16948
   3340.3   0.16963
   3342.4   0.16973
   3344.6   0.16970
   3346.8   0.16983
   3348.9   0.16999
   3351.1   0.17000
   3353.3   0.16999
   3355.4   0.17003
   3357.6   0.17008
   3359.8   0.17012
   3362.0   0.17015
   3364.1   0.17017
   3366.3   0.17020
   3368.5   0.17020
   3370.7   0.17018
   3372.9   0.17018
   3375.1   0.17017
   3377.3   0.17016
   3379.5   0.17024
   3381.7   0.17035
   3383.9   0.17043
   3386.1   0.17054
   3388.3   0.17063
   3390.5   0.17071
   3392.8   0.17075
   3395.0   0.17077
   3397.2   0.17075
   3399.4   0.17073
   3401.7   0.17075
   3403.9   0.17079
   3406.1   0.17069
   3408.4   0.17057
   3410.6   0.17050
   3412.9   0.17044
   3415.1   0.17043
   3417.4   0.17053
   3419.6   0.17064
   3421.9   0.17087
   3424.1   0.17106
   3426.4   0.17134
   3428.7   0.17157
   3430.9   0.17179
   3433.2   0.17191
   3435.5   0.17211
   3437.8   0.17236
   3440.0   0.17248
   3442.3   0.17263
   3444.6   0.17276
   3446.9   0.17289
   3449.2   0.17306
   3451.5   0.17325
   3453.8   0.17336
   3456.1   0.17338
   3458.4   0.17350
   3460.7   0.17360
   3463.0   0.17372
   3465.3   0.17386
   3467.6   0.17392
   3470.0   0.17402
   3472.3   0.17415
   3474.6   0.17419
   3477.0   0.17427
   3479.3   0.17432
   3481.6   0.17426
   3484.0   0.17433
   3486.3   0.17445
   3488.7   0.17450
   3491.0   0.17457
   3493.4   0.17457
   3495.7   0.17458
   3498.1   0.17462
   3500.4   0.17461
   3502.8   0.17471
   3505.2   0.17486
   3507.5   0.17498
   3509.9   0.17516
   3512.3   0.17539
   3514.7   0.17559
   3517.1   0.17575
   3519.4   0.17589
   3521.8   0.17602
   3524.2   0.17616
   3526.6   0.17635
   3529.0   0.17647
   3531.4   0.17657
   3533.8   0.17669
   3536.2   0.17682
   3538.7   0.17689
   3541.1   0.17692
   3543.5   0.17708
   3545.9   0.17722
   3548.3   0.17727
   3550.8   0.17731
   3553.2   0.17741
   3555.6   0.17758
   3558.1   0.17763
   3560.5   0.17760
   3563.0   0.17775
   3565.4   0.17787
   3567.9   0.17794
   3570.3   0.17801
   3572.8   0.17807
   3575.3   0.17817
   3577.7   0.17832
   3580.2   0.17842
   3582.7   0.17849
   3585.2   0.17852
   3587.6   0.17861
   3590.1   0.17873
   3592.6   0.17880
   3595.1   0.17893
   3597.6   0.17898
   3600.1   0.17903
   3602.6   0.17913
   3605.1   0.17923
   3607.6   0.17933
   3610.1   0.17939
   3612.6   0.17951
   3615.2   0.17962
   3617.7   0.17969
   3620.2   0.17976
   3622.7   0.17984
   3625.3   0.17993
   3627.8   0.18002
   3630.3   0.18006
   3632.9   0.18015
   3635.4   0.18024
   3638.0   0.18031
   3640.5   0.18038
   3643.1   0.18052
   3645.7   0.18062
   3648.2   0.18065
   3650.8   0.18072
   3653.4   0.18083
   3655.9   0.18095
   3658.5   0.18101
   3661.1   0.18106
   3663.7   0.18114
   3666.3   0.18123
   3668.9   0.18132
   3671.5   0.18140
   3674.1   0.18145
   3676.7   0.18155
   3679.3   0.18167
   3681.9   0.18175
   3684.5   0.18191
   3687.2   0.18202
   3689.8   0.18208
   3692.4   0.18213
   3695.0   0.18222
   3697.7   0.18230
   3700.3   0.18239
   3703.0   0.18249
   3705.6   0.18262
   3708.3   0.18264
   3710.9   0.18271
   3713.6   0.18285
   3716.2   0.18297
   3718.9   0.18304
   3721.6   0.18310
   3724.2   0.18315
   3726.9   0.18319
   3729.6   0.18330
   3732.3   0.18342
   3735.0   0.18348
   3737.7   0.18361
   3740.4   0.18375
   3743.1   0.18382
   3745.8   0.18381
   3748.5   0.18384
   3751.2   0.18392
   3753.9   0.18406
   3756.6   0.18414
   3759.3   0.18424
   3762.1   0.18431
   3764.8   0.18444
   3767.5   0.18454
   3770.3   0.18461
   3773.0   0.18462
   3775.8   0.18470
   3778.5   0.18478
   3781.3   0.18488
   3784.0   0.18495
   3786.8   0.18500
   3789.6   0.18510
   3792.3   0.18521
   3795.1   0.18526
   3797.9   0.18531
   3800.7   0.18537
   3803.5   0.18547
   3806.3   0.18549
   3809.1   0.18556
   3811.9   0.18564
   3814.7   0.18571
   3817.5   0.18575
   3820.3   0.18586
   3823.1   0.18592
   3825.9   0.18598
   3828.8   0.18605
   3831.6   0.18615
   3834.4   0.18617
   3837.3   0.18623
   3840.1   0.18633
   3842.9   0.18641
   3845.8   0.18648
   3848.7   0.18656
   3851.5   0.18659
   3854.4   0.18659
   3857.2   0.18668
   3860.1   0.18677
   3863.0   0.18682
   3865.9   0.18690
   3868.8   0.18699
   3871.6   0.18703
   3874.5   0.18708
   3877.4   0.18715
   3880.3   0.18723
   3883.2   0.18734
   3886.2   0.18739
   3889.1   0.18748
   3892.0   0.18754
   3894.9   0.18762
   3897.8   0.18767
   3900.8   0.18774
   3903.7   0.18778
   3906.7   0.18785
   3909.6   0.18789
   3912.6   0.18799
   3915.5   0.18806
   3918.5   0.18819
   3921.4   0.18824
   3924.4   0.18829
   3927.4   0.18836
   3930.4   0.18847
   3933.3   0.18853
   3936.3   0.18859
   3939.3   0.18861
   3942.3   0.18866
   3945.3   0.18873
   3948.3   0.18883
   3951.3   0.18895
   3954.3   0.18906
   3957.4   0.18907
   3960.4   0.18910
   3963.4   0.18922
   3966.4   0.18927
   3969.5   0.18929
   3972.5   0.18940
   3975.6   0.18949
   3978.6   0.18952
   3981.7   0.18954
   3984.7   0.18960
   3987.8   0.18964
   3990.9   0.18966
   3993.9   0.18972
   3997.0   0.18981
   4000.1   0.18987
   4003.2   0.18993
   4006.3   0.18996
   4009.4   0.19002
   4012.5   0.19008
   4015.6   0.19016
   4018.7   0.19020
   4021.8   0.19018
   4024.9   0.19018
   4028.1   0.19023
   4031.2   0.19027
   4034.3   0.19038
   4037.5   0.19043
   4040.6   0.19049
   4043.8   0.19054
   4046.9   0.19060
   4050.1   0.19058
   4053.3   0.19060
   4056.4   0.19062
   4059.6   0.19069
   4062.8   0.19074
   4066.0   0.19078
   4069.2   0.19082
   4072.4   0.19087
   4075.6   0.19086
   4078.8   0.19094
   4082.0   0.19105
   4085.2   0.19110
   4088.4   0.19112
   4091.7   0.19116
   4094.9   0.19120
   4098.1   0.19131
   4101.4   0.19134
   4104.6   0.19139
   4107.9   0.19145
   4111.1   0.19153
   4114.4   0.19159
   4117.7   0.19166
   4120.9   0.19168
   4124.2   0.19171
   4127.5   0.19179
   4130.8   0.19188
   4134.1   0.19192
   4137.4   0.19199
   4140.7   0.19207
   4144.0   0.19209
   4147.3   0.19212
   4150.6   0.19217
   4154.0   0.19221
   4157.3   0.19225
   4160.6   0.19230
   4164.0   0.19243
   4167.3   0.19248
   4170.7   0.19254
   4174.0   0.19258
   4177.4   0.19261
   4180.8   0.19264
   4184.1   0.19269
   4187.5   0.19274
   4190.9   0.19283
   4194.3   0.19290
   4197.7   0.19302
   4201.1   0.19318
   4204.5   0.19350
   4207.9   0.19382
   4211.3   0.19420
   4214.7   0.19461
   4218.2   0.19500
   4221.6   0.19527
   4225.0   0.19552
   4228.5   0.19572
   4231.9   0.19581
   4235.4   0.19581
   4238.9   0.19585
   4242.3   0.19570
   4245.8   0.19557
   4249.3   0.19526
   4252.8   0.19475
   4256.3   0.19427
   4259.8   0.19441
   4263.3   0.19518
   4266.8   0.19564
   4270.3   0.19560
   4273.8   0.19562
   4277.3   0.19559
   4280.9   0.19555
   4284.4   0.19548
   4288.0   0.19553
   4291.5   0.19556
   4295.1   0.19558
   4298.6   0.19548
   4302.2   0.19540
   4305.8   0.19533
   4309.3   0.19519
   4312.9   0.19504
   4316.5   0.19500
   4320.1   0.19488
   4323.7   0.19487
   4327.3   0.19486
   4330.9   0.19483
   4334.6   0.19475
   4338.2   0.19468
   4341.8   0.19463
   4345.5   0.19460
   4349.1   0.19457
   4352.8   0.19459
   4356.4   0.19459
   4360.1   0.19458
   4363.8   0.19461
   4367.4   0.19461
   4371.1   0.19462
   4374.8   0.19465
   4378.5   0.19462
   4382.2   0.19464
   4385.9   0.19467
   4389.6   0.19470
   4393.3   0.19470
   4397.1   0.19467
   4400.8   0.19468
   4404.5   0.19471
   4408.3   0.19473
   4412.0   0.19475
   4415.8   0.19475
   4419.6   0.19476
   4423.3   0.19475
   4427.1   0.19478
   4430.9   0.19481
   4434.7   0.19484
   4438.5   0.19483
   4442.3   0.19484
   4446.1   0.19480
   4449.9   0.19482
   4453.7   0.19486
   4457.6   0.19487
   4461.4   0.19485
   4465.2   0.19487
   4469.1   0.19487
   4472.9   0.19489
   4476.8   0.19488
   4480.7   0.19489
   4484.5   0.19487
   4488.4   0.19486
   4492.3   0.19487
   4496.2   0.19484
   4500.1   0.19479
   4504.0   0.19484
   4507.9   0.19479
   4511.9   0.19477
   4515.8   0.19475
   4519.7   0.19475
   4523.7   0.19475
   4527.6   0.19477
   4531.6   0.19474
   4535.6   0.19469
   4539.5   0.19464
   4543.5   0.19461
   4547.5   0.19457
   4551.5   0.19452
   4555.5   0.19448
   4559.5   0.19445
   4563.5   0.19431
   4567.5   0.19420
   4571.5   0.19417
   4575.6   0.19414
   4579.6   0.19409
   4583.7   0.19405
   4587.7   0.19395
   4591.8   0.19386
   4595.9   0.19377
   4599.9   0.19369
   4604.0   0.19361
   4608.1   0.19351
   4612.2   0.19334
   4616.3   0.19324
   4620.4   0.19317
   4624.6   0.19307
   4628.7   0.19297
   4632.8   0.19286
   4637.0   0.19266
   4641.1   0.19253
   4645.3   0.19240
   4649.4   0.19229
   4653.6   0.19216
   4657.8   0.19202
   4662.0   0.19184
   4666.2   0.19167
   4670.4   0.19148
   4674.6   0.19133
   4678.8   0.19119
   4683.0   0.19104
   4687.3   0.19084
   4691.5   0.19065
   4695.8   0.19045
   4700.0   0.19029
   4704.3   0.19014
   4708.6   0.19005
   4712.9   0.18986
   4717.1   0.18962
   4721.4   0.18939
   4725.7   0.18924
   4730.1   0.18905
   4734.4   0.18884
   4738.7   0.18863
   4743.0   0.18845
   4747.4   0.18826
   4751.7   0.18806
   4756.1   0.18782
   4760.5   0.18760
   4764.8   0.18735
   4769.2   0.18717
   4773.6   0.18696
   4778.0   0.18678
   4782.4   0.18657
   4786.8   0.18638
   4791.3   0.18611
   4795.7   0.18587
   4800.1   0.18564
   4804.6   0.18546
   4809.0   0.18524
   4813.5   0.18507
   4818.0   0.18486
   4822.5   0.18468
   4826.9   0.18444
   4831.4   0.18426
   4835.9   0.18403
   4840.5   0.18381
   4845.0   0.18360
   4849.5   0.18334
   4854.1   0.18305
   4858.6   0.18286
   4863.2   0.18259
   4867.7   0.18235
   4872.3   0.18212
   4876.9   0.18186
   4881.5   0.18160
   4886.1   0.18133
   4890.7   0.18106
   4895.3   0.18087
   4899.9   0.18061
   4904.6   0.18034
   4909.2   0.18003
   4913.9   0.17977
   4918.5   0.17948
   4923.2   0.17921
   4927.9   0.17893
   4932.6   0.17866
   4937.3   0.17832
   4942.0   0.17807
   4946.7   0.17778
   4951.4   0.17752
   4956.2   0.17724
   4960.9   0.17698
   4965.6   0.17664
   4970.4   0.17636
   4975.2   0.17605
   4980.0   0.17574
   4984.7   0.17539
   4989.5   0.17514
   4994.3   0.17479
   4999.2   0.17447
   5004.0   0.17415
   5008.8   0.17391
   5013.7   0.17360
   5018.5   0.17332
   5023.4   0.17302
   5028.3   0.17260
   5033.1   0.17225
   5038.0   0.17193
   5042.9   0.17161
   5047.8   0.17132
   5052.8   0.17102
   5057.7   0.17073
   5062.6   0.17041
   5067.6   0.17010
   5072.5   0.16979
   5077.5   0.16954
   5082.5   0.16931
   5087.5   0.16908
   5092.5   0.16871
   5097.5   0.16851
   5102.5   0.16833
   5107.5   0.16817
   5112.6   0.16781
   5117.6   0.16759
   5122.7   0.16735
   5127.7   0.16713
   5132.8   0.16691
   5137.9   0.16672
   5143.0   0.16650
   5148.1   0.16642
   5153.2   0.16610
   5158.3   0.16576
   5163.5   0.16559
   5168.6   0.16535
   5173.8   0.16520
   5179.0   0.16501
   5184.1   0.16473
   5189.3   0.16449
   5194.5   0.16427
   5199.7   0.16420
   5205.0   0.16397
   5210.2   0.16368
   5215.4   0.16365
   5220.7   0.16317
   5225.9   0.16282
   5231.2   0.16269
   5236.5   0.16247
   5241.8   0.16226
   5247.1   0.16191
   5252.4   0.16169
   5257.7   0.16140
   5263.1   0.16118
   5268.4   0.16092
   5273.8   0.16069
   5279.2   0.16054
   5284.5   0.16027
   5289.9   0.16014
   5295.3   0.16013
   5300.8   0.15973
   5306.2   0.15964
   5311.6   0.15953
   5317.1   0.15943
   5322.5   0.15933
   5328.0   0.15931
   5333.5   0.15923
   5339.0   0.15919
   5344.5   0.15927
   5350.0   0.15966
   5355.5   0.15960
   5361.0   0.15923
   5366.6   0.15921
   5372.2   0.15932
   5377.7   0.15938
   5383.3   0.15943
   5388.9   0.15946
   5394.5   0.15951
   5400.1   0.15958
   5405.8   0.15964
   5411.4   0.15981
   5417.1   0.15998
   5422.7   0.16047
   5428.4   0.16024
   5434.1   0.15968
   5439.8   0.16003
   5445.5   0.16012
   5451.2   0.16015
   5457.0   0.16010
   5462.7   0.16047
   5468.5   0.16073
   5474.3   0.16035
   5480.1   0.16058
   5485.9   0.16052
   5491.7   0.16028
   5497.5   0.16049
   5503.3   0.16052
   5509.2   0.16057
   5515.0   0.16051
   5520.9   0.16072
   5526.8   0.16064
   5532.7   0.16051
   5538.6   0.16043
   5544.5   0.16053
   5550.5   0.16057
   5556.4   0.16067
   5562.4   0.16040
   5568.4   0.16030
   5574.3   0.16029
   5580.3   0.16068
   5586.4   0.16020
   5592.4   0.15965
   5598.4   0.15961
   5604.5   0.15973
   5610.5   0.15938
   5616.6   0.15931
   5622.7   0.15904
   5628.8   0.15874
   5634.9   0.15882
   5641.1   0.15924
   5647.2   0.15909
   5653.4   0.15815
   5659.5   0.15814
   5665.7   0.15765
   5671.9   0.15768
   5678.1   0.15806
   5684.4   0.15745
   5690.6   0.15728
   5696.9   0.15730
   5703.1   0.15677
   5709.4   0.15718
   5715.7   0.15729
   5722.0   0.15674
   5728.3   0.15650
   5734.7   0.15633
   5741.0   0.15631
   5747.4   0.15619
   5753.8   0.15598
   5760.1   0.15524
   5766.6   0.15622
   5773.0   0.15544
   5779.4   0.15406
   5785.9   0.15410
   5792.3   0.15374
   5798.8   0.15354
   5805.3   0.15327
   5811.8   0.15281
   5818.3   0.15314
   5824.9   0.15345
   5831.4   0.15216
   5838.0   0.15134
   5844.6   0.15088
   5851.2   0.15077
   5857.8   0.15062
   5864.4   0.15056
   5871.0   0.14998
   5877.7   0.14982
   5884.4   0.15068
   5891.1   0.14848
   5897.8   0.14874
   5904.5   0.14791
   5911.2   0.14667
   5918.0   0.14686
   5924.7   0.14649
   5931.5   0.14626
   5938.3   0.14693
   5945.1   0.14548
   5951.9   0.14407
   5958.8   0.14400
   5965.6   0.14377
   5972.5   0.14395
   5979.4   0.14269
   5986.3   0.14264
   5993.2   0.14261
   6000.2   0.14143
   6007.1   0.14080
   6014.1   0.14102
   6021.1   0.14063
   6028.1   0.13983
   6035.1   0.13958
   6042.1   0.13976
   6049.2   0.14107
   6056.2   0.13990
   6063.3   0.13778
   6070.4   0.13891
   6077.5   0.13900
   6084.7   0.13762
   6091.8   0.13720
   6099.0   0.13738
   6106.2   0.13742
   6113.4   0.13794
   6120.6   0.13735
   6127.8   0.13603
   6135.1   0.13606
   6142.3   0.13631
   6149.6   0.13613
   6156.9   0.13594
   6164.3   0.13605
   6171.6   0.13532
   6178.9   0.13521
   6186.3   0.13586
   6193.7   0.13526
   6201.1   0.13442
   6208.5   0.13466
   6216.0   0.13462
   6223.5   0.13452
   6230.9   0.13430
   6238.4   0.13428
   6245.9   0.13414
   6253.5   0.13406
   6261.0   0.13399
   6268.6   0.13403
   6276.2   0.13396
   6283.8   0.13388
   6291.4   0.13386
   6299.1   0.13394
   6306.7   0.13389
   6314.4   0.13391
   6322.1   0.13384
   6329.8   0.13386
   6337.6   0.13396
   6345.3   0.13465
   6353.1   0.13406
   6360.9   0.13333
   6368.7   0.13397
   6376.5   0.13423
   6384.4   0.13358
   6392.3   0.13368
   6400.2   0.13365
   6408.1   0.13416
   6416.0   0.13555
   6424.0   0.13416
   6431.9   0.13305
   6439.9   0.13333
   6447.9   0.13291
   6456.0   0.13307
   6464.0   0.13279
   6472.1   0.13310
   6480.2   0.13337
   6488.3   0.13356
   6496.4   0.13390
   6504.6   0.13274
   6512.7   0.13192
   6520.9   0.13281
   6529.1   0.13278
   6537.4   0.13217
   6545.6   0.13237
   6553.9   0.13263
   6562.2   0.13248
   6570.5   0.13271
   6578.9   0.13310
   6587.2   0.13229
   6595.6   0.13263
   6604.0   0.13231
   6612.4   0.13213
   6620.9   0.13237
   6629.3   0.13265
   6637.8   0.13357
   6646.3   0.13277
   6654.9   0.13140
   6663.4   0.13178
   6672.0   0.13221
   6680.6   0.13245
   6689.2   0.13222
   6697.8   0.13158
   6706.5   0.13196
   6715.2   0.13239
   6723.9   0.13200
   6732.6   0.13174
   6741.4   0.13159
   6750.2   0.13164
   6759.0   0.13159
   6767.8   0.13148
   6776.6   0.13171
   6785.5   0.13171
   6794.4   0.13174
   6803.3   0.13075
   6812.3   0.13021
   6821.2   0.13033
   6830.2   0.13041
   6839.2   0.12978
   6848.3   0.12942
   6857.3   0.12982
   6866.4   0.13023
   6875.5   0.12886
   6884.6   0.12800
   6893.8   0.12798
   6903.0   0.12771
   6912.2   0.12752
   6921.4   0.12693
   6930.7   0.12658
   6939.9   0.12631
   6949.2   0.12599
   6958.6   0.12602
   6967.9   0.12565
   6977.3   0.12446
   6986.7   0.12436
   6996.1   0.12411
   7005.6   0.12352
   7015.1   0.12295
   7024.6   0.12278
   7034.1   0.12229
   7043.7   0.12222
   7053.2   0.12204
   7062.9   0.12093
   7072.5   0.12043
   7082.2   0.12007
   7091.8   0.11971
   7101.6   0.11929
   7111.3   0.11892
   7121.1   0.11858
   7130.9   0.11802
   7140.7   0.11755
   7150.5   0.11740
   7160.4   0.11681
   7170.3   0.11643
   7180.2   0.11586
   7190.2   0.11507
   7200.2   0.11472
   7210.2   0.11444
   7220.2   0.11372
   7230.3   0.11300
   7240.4   0.11257
   7250.5   0.11198
   7260.7   0.11150
   7270.9   0.11101
   7281.1   0.11057
   7291.3   0.10975
   7301.6   0.10902
   7311.9   0.10846
   7322.2   0.10783
   7332.6   0.10736
   7343.0   0.10687
   7353.4   0.10601
   7363.8   0.10520
   7374.3   0.10457
   7384.8   0.10389
   7395.3   0.10315
   7405.9   0.10242
   7416.5   0.10171
   7427.1   0.10098
   7437.8   0.10021
   7448.5   0.09941
   7459.2   0.09861
   7469.9   0.09783
   7480.7   0.09701
   7491.5   0.09611
   7502.4   0.09521
   7513.2   0.09432
   7524.1   0.09345
   7535.1   0.09251
   7546.0   0.09153
   7557.0   0.09058
   7568.1   0.08962
   7579.1   0.08862
   7590.2   0.08767
   7601.4   0.08665
   7612.5   0.08567
   7623.7   0.08461
   7635.0   0.08352
   7646.2   0.08251
   7657.5   0.08154
   7668.8   0.08048
   7680.2   0.07945
   7691.6   0.07835
   7703.0   0.07722
   7714.5   0.07608
   7726.0   0.07499
   7737.5   0.07383
   7749.1   0.07264
   7760.7   0.07140
   7772.3   0.07015
   7784.0   0.06888
   7795.7   0.06769
   7807.4   0.06639
   7819.2   0.06508
   7831.0   0.06372
   7842.9   0.06242
   7854.8   0.06103
   7866.7   0.05963
   7878.6   0.05818
   7890.6   0.05678
   7902.6   0.05533
   7914.7   0.05391
   7926.8   0.05231
   7939.0   0.05072
   7951.1   0.04908
   7963.3   0.04749
   7975.6   0.04586
   7987.9   0.04430
   8000.2   0.04269
   8012.6   0.04117
   8025.0   0.03961
   8037.4   0.03814
   8049.9   0.03661
   8062.4   0.03518
   8075.0   0.03374
   8087.6   0.03240
   8100.2   0.03107
   8112.9   0.02983
   8125.6   0.02854
   8138.4   0.02736
   8151.2   0.02624
   8164.0   0.02528
   8176.9   0.02421
   8189.8   0.02327
   8202.7   0.02235
   8215.7   0.02159
   8228.8   0.02084
   8241.9   0.02013
   8255.0   0.01941
   8268.2   0.01877
   8281.4   0.01803
   8294.6   0.01753
   8307.9   0.01704
   8321.2   0.01668
   8334.6   0.01628
   8348.0   0.01594
   8361.5   0.01560
   8375.0   0.01538
   8388.6   0.01509
   8402.2   0.01500
   8415.8   0.01480
   8429.5   0.01467
   8443.2   0.01456
   8457.0   0.01451
   8470.8   0.01439
   8484.7   0.01437
   8498.6   0.01429
   8512.5   0.01429
   8526.5   0.01427
   8540.6   0.01432
   8554.7   0.01434
   8568.8   0.01444
   8583.0   0.01442
   8597.2   0.01453
   8611.5   0.01457
   8625.8   0.01471
   8640.2   0.01484
   8654.6   0.01497
   8669.1   0.01502
   8683.6   0.01523
   8698.2   0.01538
   8712.8   0.01558
   8727.5   0.01575
   8742.2   0.01604
   8757.0   0.01625
   8771.8   0.01651
   8786.7   0.01673
   8801.6   0.01706
   8816.6   0.01731
   8831.6   0.01768
   8846.6   0.01800
   8861.8   0.01833
   8876.9   0.01858
   8892.2   0.01896
   8907.4   0.01923
   8922.8   0.01959
   8938.2   0.01992
   8953.6   0.02027
   8969.1   0.02057
   8984.6   0.02098
   9000.2   0.02125
   9015.9   0.02153
   9031.6   0.02175
   9047.4   0.02202
   9063.2   0.02219
   9079.0   0.02241
   9095.0   0.02260
   9111.0   0.02287
   9127.0   0.02302
   9143.1   0.02314
   9159.3   0.02321
   9175.5   0.02332
   9191.7   0.02337
   9208.1   0.02346
   9224.4   0.02345
   9240.9   0.02363
   9257.4   0.02372
   9273.9   0.02376
   9290.6   0.02374
   9307.2   0.02390
   9324.0   0.02393
   9340.8   0.02398
   9357.6   0.02398
   9374.6   0.02403
   9391.5   0.02404
   9408.6   0.02407
   9425.7   0.02397
   9442.9   0.02385
   9460.1   0.02380
   9477.4   0.02392
   9494.8   0.02387
   9512.2   0.02384
   9529.7   0.02373
   9547.2   0.02370
   9564.8   0.02371
   9582.5   0.02383
   9600.3   0.02382
   9618.1   0.02378
   9635.9   0.02376
   9653.9   0.02377
   9671.9   0.02371
   9690.0   0.02381
   9708.1   0.02383
   9726.3   0.02388
   9744.6   0.02392
   9763.0   0.02396
   9781.4   0.02392
   9799.9   0.02395
   9818.4   0.02392
   9837.1   0.02401
   9855.8   0.02405
   9874.5   0.02413
   9893.4   0.02416
   9912.3   0.02430
   9931.3   0.02437
   9950.4   0.02444
   9969.5   0.02443
   9988.7   0.02446
  10008.0   0.02458
  10027.3   0.02477
  10046.8   0.02478
  10066.3   0.02474
  10085.9   0.02466
  10105.5   0.02475
  10125.3   0.02482
  10145.1   0.02486
  10165.0   0.02481
  10184.9   0.02486
  10205.0   0.02492
  10225.1   0.02504
  10245.3   0.02506
  10265.6   0.02512
  10286.0   0.02532
  10306.4   0.02556
  10327.0   0.02573
  10347.6   0.02595
  10368.3   0.02611
  10389.0   0.02634
  10409.9   0.02651
  10430.9   0.02662
  10451.9   0.02668
  10473.0   0.02677
  10494.2   0.02684
  10515.5   0.02700
  10536.9   0.02701
  10558.3   0.02708
  10579.9   0.02710
  10601.5   0.02715
  10623.2   0.02715
  10645.0   0.02724
  10666.9   0.02729
  10688.9   0.02737
  10711.0   0.02745
  10733.2   0.02751
  10755.5   0.02761
  10777.8   0.02777
  10800.3   0.02777
  10822.8   0.02776
  10845.5   0.02769
  10868.2   0.02767
  10891.0   0.02756
  10914.0   0.02759
  10937.0   0.02752
  10960.1   0.02742
  10983.3   0.02730
  11006.7   0.02726
  11030.1   0.02717
  11053.6   0.02708
  11077.2   0.02699
  11100.9   0.02698
  11124.8   0.02690
  11148.7   0.02694
  11172.7   0.02685
  11196.8   0.02680
  11221.1   0.02668
  11245.4   0.02665
  11269.9   0.02658
  11294.4   0.02653
  11319.1   0.02646
  11343.8   0.02649
  11368.7   0.02644
  11393.7   0.02638
  11418.8   0.02618
  11444.0   0.02614
  11469.3   0.02604
  11494.8   0.02585
  11520.3   0.02565
  11546.0   0.02565
  11571.7   0.02554
  11597.6   0.02544
  11623.6   0.02523
  11649.7   0.02503
  11676.0   0.02484
  11702.3   0.02465
  11728.8   0.02436
  11755.4   0.02428
  11782.1   0.02426
  11809.0   0.02415
  11835.9   0.02402
  11863.0   0.02397
  11890.2   0.02371
  11917.6   0.02355
  11945.0   0.02345
  11972.6   0.02341
  12000.3   0.02343
  12028.2   0.02349
  12056.1   0.02340
  12084.2   0.02340
  12112.5   0.02336
  12140.8   0.02343
  12169.3   0.02337
  12198.0   0.02340
  12226.7   0.02343
  12255.6   0.02345
  12284.7   0.02342
  12313.9   0.02341
  12343.2   0.02322
  12372.6   0.02309
  12402.2   0.02298
  12432.0   0.02284
  12461.9   0.02267
  12491.9   0.02248
  12522.1   0.02217
  12552.4   0.02198
  12582.9   0.02185
  12613.5   0.02158
  12644.2   0.02128
  12675.1   0.02118
  12706.2   0.02103
  12737.4   0.02087
  12768.8   0.02052
  12800.3   0.02030
  12832.0   0.02019
  12863.9   0.02003
  12895.9   0.01969
  12928.0   0.01951
  12960.3   0.01950
  12992.8   0.01944
  13025.5   0.01914
  13058.3   0.01915
  13091.3   0.01914
  13124.4   0.01914
  13157.7   0.01914
  13191.2   0.01913
  13224.8   0.01898
  13258.7   0.01898
  13292.7   0.01893
  13326.8   0.01891
  13361.2   0.01887
  13395.7   0.01884
  13430.4   0.01883
  13465.3   0.01880
  13500.4   0.01867
  13535.6   0.01871
  13571.0   0.01861
  13606.7   0.01853
  13642.5   0.01850
  13678.5   0.01857
  13714.6   0.01860
  13751.0   0.01868
  13787.6   0.01866
  13824.4   0.01880
  13861.3   0.01897
  13898.5   0.01907
  13935.8   0.01889
  13973.4   0.01890
  14011.2   0.01896
  14049.1   0.01905
  14087.3   0.01904
  14125.7   0.01906
  14164.3   0.01899
  14203.1   0.01887
  14242.1   0.01878
  14281.4   0.01876
  14320.8   0.01865
  14360.5   0.01861
  14400.4   0.01850
  14440.5   0.01857
  14480.8   0.01850
  14521.4   0.01818
  14562.2   0.01801
  14603.2   0.01787
  14644.4   0.01769
  14685.9   0.01759
  14727.7   0.01748
  14769.6   0.01752
  14811.8   0.01733
  14854.3   0.01734
  14896.9   0.01727
  14939.9   0.01700
  14983.0   0.01698
  15026.5   0.01693
  15070.2   0.01683
  15114.1   0.01719
  15158.3   0.01727
  15202.7   0.01710
  15247.5   0.01695
  15292.4   0.01697
  15337.7   0.01687
  15383.2   0.01681
  15429.0   0.01685
  15475.0   0.01706
  15521.4   0.01714
  15568.0   0.01726
  15614.9   0.01730
  15662.0   0.01747
  15709.5   0.01752
  15757.2   0.01752
  15805.3   0.01759
  15853.6   0.01783
  15902.3   0.01807
  15951.2   0.01813
  16000.4   0.01806
  16050.0   0.01818
  16099.8   0.01826
  16150.0   0.01838
  16200.4   0.01824
  16251.2   0.01842
  16302.3   0.01862
  16353.7   0.01863
  16405.5   0.01862
  16457.6   0.01892
  16510.0   0.01903
  16562.7   0.01922
  16615.8   0.01930
  16669.2   0.01955
  16723.0   0.01975
  16777.1   0.01994
  16831.6   0.02019
  16886.4   0.02035
  16941.6   0.02058
  16997.2   0.02098
  17053.1   0.02134
  17109.4   0.02174
  17166.0   0.02173
  17223.0   0.02168
  17280.5   0.02190
  17338.2   0.02240
  17396.4   0.02260
  17455.0   0.02261
  17514.0   0.02282
  17573.3   0.02321
  17633.1   0.02352
  17693.3   0.02379
  17753.9   0.02374
  17814.9   0.02402
  17876.3   0.02445
  17938.2   0.02465
  18000.5   0.02487
  18063.2   0.02502
  18126.3   0.02513
  18189.9   0.02530
  18254.0   0.02552
  18318.5   0.02606
  18383.5   0.02650
  18448.9   0.02690
  18514.8   0.02728
  18581.1   0.02760
  18648.0   0.02768
  18715.3   0.02789
  18783.1   0.02791
  18851.4   0.02824
  18920.2   0.02846
  18989.5   0.02864
  19059.3   0.02864
  19129.7   0.02873
  19200.5   0.02878
  19271.9   0.02892
  19343.8   0.02917
  19416.2   0.02961
  19489.2   0.03024
  19562.8   0.03024
  19636.9   0.03012
  19711.5   0.03054
  19786.8   0.03079
  19862.6   0.03103
  19939.0   0.03094
  20016.0   0.03080
  20093.5   0.03034
  20171.7   0.03003
  20250.5   0.03024
  20329.9   0.03086
  20410.0   0.03071
  20490.7   0.03083
  20572.0   0.03062
  20653.9   0.03002
  20736.5   0.03023
  20819.8   0.03060
  20903.8   0.03050
  20988.4   0.03060
  21073.7   0.03095
  21159.7   0.03115
  21246.5   0.03088
  21333.9   0.03090
  21422.0   0.03049
  21510.9   0.03021
  21600.6   0.03029
  21690.9   0.03063
  21782.1   0.03005
  21874.0   0.02960
  21966.7   0.02939
  22060.1   0.02936
  22154.4   0.02925
  22249.5   0.02897
  22345.4   0.02867
  22442.1   0.02880
  22539.7   0.02877
  22638.1   0.02889
  22737.4   0.02863
  22837.6   0.02812
  22938.7   0.02814
  23040.6   0.02842
  23143.5   0.02769
  23247.2   0.02763
  23352.0   0.02784
  23457.6   0.02820
  23564.3   0.02794
  23671.8   0.02812
  23780.4   0.02703
  23890.0   0.02626
  24000.6   0.02653
  24112.3   0.02712
  24224.9   0.02664
  24338.7   0.02636
  24453.5   0.02664
  24569.4   0.02836
  24686.4   0.02876
  24804.5   0.02774
  24923.7   0.02566
  25044.1   0.02605
  25165.7   0.02686
  25288.5   0.02740
  25412.4   0.02786
  25537.6   0.02785
  25664.0   0.02683
  25791.7   0.02588
  25920.7   0.02480



 N1LS31      .ASC                        

 LS-CMP-031         AFTER 4 HRS PURGE                                    
                                                                         

 Source Ang: 30.00   Detect Ang: 30.00  Volt: 1.222
 Date:  1-JUL-92   Time: 10:47:29
