  2681
   1800.0   0.06269
   1800.7   0.06195
   1801.3   0.06160
   1801.9   0.06202
   1802.6   0.06245
   1803.2   0.06241
   1803.8   0.06174
   1804.4   0.06200
   1805.1   0.06276
   1805.7   0.06322
   1806.3   0.06322
   1806.9   0.06317
   1807.6   0.06289
   1808.2   0.06286
   1808.8   0.06251
   1809.5   0.06251
   1810.1   0.06243
   1810.7   0.06204
   1811.4   0.06193
   1812.0   0.06199
   1812.6   0.06203
   1813.3   0.06158
   1813.9   0.06179
   1814.5   0.06248
   1815.2   0.06284
   1815.8   0.06271
   1816.4   0.06248
   1817.1   0.06224
   1817.7   0.06220
   1818.4   0.06211
   1819.0   0.06226
   1819.6   0.06248
   1820.3   0.06283
   1820.9   0.06398
   1821.6   0.06311
   1822.2   0.06208
   1822.8   0.06260
   1823.5   0.06331
   1824.1   0.06388
   1824.8   0.06355
   1825.4   0.06327
   1826.0   0.06359
   1826.7   0.06370
   1827.3   0.06338
   1828.0   0.06310
   1828.6   0.06291
   1829.3   0.06254
   1829.9   0.06287
   1830.6   0.06335
   1831.2   0.06329
   1831.8   0.06346
   1832.5   0.06325
   1833.1   0.06283
   1833.8   0.06371
   1834.4   0.06346
   1835.1   0.06269
   1835.7   0.06288
   1836.4   0.06259
   1837.0   0.06281
   1837.7   0.06372
   1838.3   0.06375
   1839.0   0.06342
   1839.7   0.06369
   1840.3   0.06322
   1841.0   0.06254
   1841.6   0.06237
   1842.3   0.06202
   1842.9   0.06200
   1843.6   0.06231
   1844.2   0.06216
   1844.9   0.06185
   1845.5   0.06253
   1846.2   0.06337
   1846.9   0.06357
   1847.5   0.06307
   1848.2   0.06236
   1848.8   0.06309
   1849.5   0.06387
   1850.2   0.06329
   1850.8   0.06270
   1851.5   0.06334
   1852.1   0.06402
   1852.8   0.06355
   1853.5   0.06312
   1854.1   0.06277
   1854.8   0.06364
   1855.5   0.06412
   1856.1   0.06295
   1856.8   0.06292
   1857.4   0.06407
   1858.1   0.06393
   1858.8   0.06330
   1859.4   0.06294
   1860.1   0.06327
   1860.8   0.06361
   1861.4   0.06385
   1862.1   0.06384
   1862.8   0.06351
   1863.5   0.06303
   1864.1   0.06193
   1864.8   0.06229
   1865.5   0.06280
   1866.1   0.06319
   1866.8   0.06372
   1867.5   0.06401
   1868.2   0.06315
   1868.8   0.06218
   1869.5   0.06253
   1870.2   0.06326
   1870.9   0.06368
   1871.5   0.06303
   1872.2   0.06299
   1872.9   0.06409
   1873.6   0.06470
   1874.2   0.06411
   1874.9   0.06410
   1875.6   0.06401
   1876.3   0.06296
   1876.9   0.06284
   1877.6   0.06314
   1878.3   0.06339
   1879.0   0.06377
   1879.7   0.06324
   1880.4   0.06311
   1881.0   0.06392
   1881.7   0.06410
   1882.4   0.06408
   1883.1   0.06399
   1883.8   0.06349
   1884.5   0.06409
   1885.1   0.06444
   1885.8   0.06355
   1886.5   0.06336
   1887.2   0.06345
   1887.9   0.06324
   1888.6   0.06298
   1889.3   0.06268
   1890.0   0.06327
   1890.6   0.06393
   1891.3   0.06404
   1892.0   0.06372
   1892.7   0.06290
   1893.4   0.06319
   1894.1   0.06364
   1894.8   0.06326
   1895.5   0.06290
   1896.2   0.06339
   1896.9   0.06332
   1897.6   0.06336
   1898.3   0.06386
   1899.0   0.06420
   1899.6   0.06365
   1900.3   0.06292
   1901.0   0.06294
   1901.7   0.06277
   1902.4   0.06254
   1903.1   0.06326
   1903.8   0.06386
   1904.5   0.06381
   1905.2   0.06403
   1905.9   0.06408
   1906.6   0.06361
   1907.3   0.06328
   1908.0   0.06320
   1908.7   0.06362
   1909.4   0.06449
   1910.1   0.06460
   1910.8   0.06388
   1911.6   0.06348
   1912.3   0.06358
   1913.0   0.06414
   1913.7   0.06428
   1914.4   0.06409
   1915.1   0.06422
   1915.8   0.06423
   1916.5   0.06420
   1917.2   0.06397
   1917.9   0.06413
   1918.6   0.06442
   1919.3   0.06408
   1920.0   0.06372
   1920.8   0.06379
   1921.5   0.06389
   1922.2   0.06368
   1922.9   0.06346
   1923.6   0.06330
   1924.3   0.06351
   1925.0   0.06351
   1925.8   0.06344
   1926.5   0.06358
   1927.2   0.06393
   1927.9   0.06450
   1928.6   0.06435
   1929.3   0.06372
   1930.1   0.06359
   1930.8   0.06378
   1931.5   0.06387
   1932.2   0.06421
   1932.9   0.06464
   1933.7   0.06414
   1934.4   0.06361
   1935.1   0.06401
   1935.8   0.06409
   1936.5   0.06426
   1937.3   0.06423
   1938.0   0.06373
   1938.7   0.06380
   1939.4   0.06436
   1940.2   0.06449
   1940.9   0.06451
   1941.6   0.06480
   1942.4   0.06469
   1943.1   0.06372
   1943.8   0.06391
   1944.5   0.06421
   1945.3   0.06396
   1946.0   0.06411
   1946.7   0.06406
   1947.5   0.06361
   1948.2   0.06360
   1948.9   0.06440
   1949.7   0.06483
   1950.4   0.06500
   1951.1   0.06486
   1951.9   0.06451
   1952.6   0.06394
   1953.3   0.06417
   1954.1   0.06486
   1954.8   0.06479
   1955.5   0.06474
   1956.3   0.06496
   1957.0   0.06499
   1957.8   0.06438
   1958.5   0.06417
   1959.2   0.06440
   1960.0   0.06444
   1960.7   0.06455
   1961.5   0.06448
   1962.2   0.06468
   1962.9   0.06493
   1963.7   0.06478
   1964.4   0.06484
   1965.2   0.06466
   1965.9   0.06464
   1966.7   0.06495
   1967.4   0.06468
   1968.2   0.06456
   1968.9   0.06464
   1969.7   0.06482
   1970.4   0.06456
   1971.2   0.06436
   1971.9   0.06477
   1972.7   0.06519
   1973.4   0.06522
   1974.2   0.06525
   1974.9   0.06496
   1975.7   0.06501
   1976.4   0.06509
   1977.2   0.06477
   1977.9   0.06470
   1978.7   0.06527
   1979.4   0.06552
   1980.2   0.06552
   1980.9   0.06514
   1981.7   0.06447
   1982.5   0.06421
   1983.2   0.06435
   1984.0   0.06450
   1984.7   0.06469
   1985.5   0.06489
   1986.3   0.06489
   1987.0   0.06481
   1987.8   0.06499
   1988.5   0.06498
   1989.3   0.06505
   1990.1   0.06505
   1990.8   0.06523
   1991.6   0.06565
   1992.4   0.06546
   1993.1   0.06539
   1993.9   0.06586
   1994.7   0.06577
   1995.4   0.06551
   1996.2   0.06502
   1997.0   0.06473
   1997.7   0.06487
   1998.5   0.06514
   1999.3   0.06506
   2000.1   0.06517
   2000.8   0.06511
   2001.6   0.06558
   2002.4   0.06561
   2003.1   0.06520
   2003.9   0.06499
   2004.7   0.06471
   2005.5   0.06469
   2006.2   0.06549
   2007.0   0.06557
   2007.8   0.06518
   2008.6   0.06533
   2009.4   0.06548
   2010.1   0.06521
   2010.9   0.06542
   2011.7   0.06582
   2012.5   0.06537
   2013.3   0.06501
   2014.0   0.06504
   2014.8   0.06461
   2015.6   0.06440
   2016.4   0.06457
   2017.2   0.06487
   2018.0   0.06520
   2018.7   0.06535
   2019.5   0.06524
   2020.3   0.06508
   2021.1   0.06517
   2021.9   0.06531
   2022.7   0.06532
   2023.5   0.06530
   2024.3   0.06572
   2025.1   0.06561
   2025.8   0.06563
   2026.6   0.06595
   2027.4   0.06564
   2028.2   0.06535
   2029.0   0.06520
   2029.8   0.06510
   2030.6   0.06483
   2031.4   0.06457
   2032.2   0.06572
   2033.0   0.06657
   2033.8   0.06578
   2034.6   0.06514
   2035.4   0.06510
   2036.2   0.06559
   2037.0   0.06609
   2037.8   0.06647
   2038.6   0.06625
   2039.4   0.06567
   2040.2   0.06559
   2041.0   0.06574
   2041.8   0.06634
   2042.6   0.06693
   2043.4   0.06633
   2044.2   0.06607
   2045.0   0.06593
   2045.8   0.06560
   2046.6   0.06565
   2047.4   0.06561
   2048.3   0.06536
   2049.1   0.06609
   2049.9   0.06635
   2050.7   0.06603
   2051.5   0.06585
   2052.3   0.06604
   2053.1   0.06596
   2053.9   0.06566
   2054.8   0.06603
   2055.6   0.06624
   2056.4   0.06593
   2057.2   0.06560
   2058.0   0.06543
   2058.8   0.06593
   2059.6   0.06639
   2060.5   0.06666
   2061.3   0.06613
   2062.1   0.06566
   2062.9   0.06584
   2063.7   0.06624
   2064.6   0.06655
   2065.4   0.06631
   2066.2   0.06615
   2067.0   0.06650
   2067.9   0.06624
   2068.7   0.06565
   2069.5   0.06600
   2070.3   0.06629
   2071.2   0.06620
   2072.0   0.06619
   2072.8   0.06606
   2073.7   0.06592
   2074.5   0.06612
   2075.3   0.06684
   2076.1   0.06685
   2077.0   0.06614
   2077.8   0.06608
   2078.6   0.06647
   2079.5   0.06641
   2080.3   0.06656
   2081.1   0.06668
   2082.0   0.06662
   2082.8   0.06638
   2083.7   0.06634
   2084.5   0.06644
   2085.3   0.06664
   2086.2   0.06646
   2087.0   0.06631
   2087.9   0.06647
   2088.7   0.06671
   2089.5   0.06632
   2090.4   0.06594
   2091.2   0.06599
   2092.1   0.06600
   2092.9   0.06631
   2093.8   0.06646
   2094.6   0.06648
   2095.4   0.06677
   2096.3   0.06698
   2097.1   0.06665
   2098.0   0.06651
   2098.8   0.06646
   2099.7   0.06655
   2100.5   0.06705
   2101.4   0.06727
   2102.2   0.06658
   2103.1   0.06673
   2104.0   0.06642
   2104.8   0.06600
   2105.7   0.06657
   2106.5   0.06703
   2107.4   0.06718
   2108.2   0.06723
   2109.1   0.06688
   2109.9   0.06657
   2110.8   0.06639
   2111.7   0.06669
   2112.5   0.06710
   2113.4   0.06676
   2114.2   0.06654
   2115.1   0.06725
   2116.0   0.06748
   2116.8   0.06723
   2117.7   0.06733
   2118.6   0.06744
   2119.4   0.06734
   2120.3   0.06709
   2121.2   0.06696
   2122.0   0.06711
   2122.9   0.06726
   2123.8   0.06744
   2124.6   0.06750
   2125.5   0.06729
   2126.4   0.06721
   2127.3   0.06698
   2128.1   0.06686
   2129.0   0.06692
   2129.9   0.06646
   2130.8   0.06650
   2131.6   0.06719
   2132.5   0.06743
   2133.4   0.06747
   2134.3   0.06750
   2135.1   0.06752
   2136.0   0.06749
   2136.9   0.06726
   2137.8   0.06686
   2138.7   0.06730
   2139.6   0.06767
   2140.4   0.06746
   2141.3   0.06762
   2142.2   0.06782
   2143.1   0.06775
   2144.0   0.06733
   2144.9   0.06752
   2145.8   0.06802
   2146.6   0.06782
   2147.5   0.06771
   2148.4   0.06783
   2149.3   0.06767
   2150.2   0.06767
   2151.1   0.06757
   2152.0   0.06773
   2152.9   0.06797
   2153.8   0.06814
   2154.7   0.06805
   2155.6   0.06768
   2156.5   0.06740
   2157.4   0.06730
   2158.3   0.06738
   2159.2   0.06769
   2160.1   0.06789
   2161.0   0.06791
   2161.9   0.06786
   2162.8   0.06813
   2163.7   0.06834
   2164.6   0.06808
   2165.5   0.06799
   2166.4   0.06787
   2167.3   0.06773
   2168.2   0.06731
   2169.1   0.06736
   2170.0   0.06760
   2170.9   0.06768
   2171.8   0.06798
   2172.7   0.06805
   2173.6   0.06760
   2174.6   0.06754
   2175.5   0.06771
   2176.4   0.06747
   2177.3   0.06756
   2178.2   0.06779
   2179.1   0.06780
   2180.0   0.06762
   2181.0   0.06756
   2181.9   0.06734
   2182.8   0.06732
   2183.7   0.06781
   2184.6   0.06793
   2185.6   0.06775
   2186.5   0.06789
   2187.4   0.06801
   2188.3   0.06802
   2189.2   0.06791
   2190.2   0.06786
   2191.1   0.06811
   2192.0   0.06853
   2193.0   0.06875
   2193.9   0.06856
   2194.8   0.06844
   2195.7   0.06825
   2196.7   0.06840
   2197.6   0.06816
   2198.5   0.06816
   2199.5   0.06836
   2200.4   0.06824
   2201.3   0.06819
   2202.3   0.06843
   2203.2   0.06853
   2204.1   0.06868
   2205.1   0.06838
   2206.0   0.06836
   2207.0   0.06853
   2207.9   0.06850
   2208.8   0.06861
   2209.8   0.06863
   2210.7   0.06847
   2211.7   0.06837
   2212.6   0.06844
   2213.6   0.06843
   2214.5   0.06841
   2215.4   0.06858
   2216.4   0.06882
   2217.3   0.06865
   2218.3   0.06844
   2219.2   0.06822
   2220.2   0.06818
   2221.1   0.06813
   2222.1   0.06871
   2223.0   0.06922
   2224.0   0.06912
   2225.0   0.06864
   2225.9   0.06828
   2226.9   0.06868
   2227.8   0.06913
   2228.8   0.06902
   2229.7   0.06884
   2230.7   0.06872
   2231.7   0.06881
   2232.6   0.06889
   2233.6   0.06886
   2234.5   0.06903
   2235.5   0.06894
   2236.5   0.06889
   2237.4   0.06927
   2238.4   0.06920
   2239.4   0.06889
   2240.3   0.06905
   2241.3   0.06890
   2242.3   0.06891
   2243.2   0.06891
   2244.2   0.06875
   2245.2   0.06901
   2246.2   0.06904
   2247.1   0.06885
   2248.1   0.06918
   2249.1   0.06919
   2250.1   0.06880
   2251.0   0.06894
   2252.0   0.06937
   2253.0   0.06915
   2254.0   0.06878
   2255.0   0.06875
   2255.9   0.06904
   2256.9   0.06914
   2257.9   0.06910
   2258.9   0.06934
   2259.9   0.06936
   2260.9   0.06910
   2261.8   0.06906
   2262.8   0.06911
   2263.8   0.06925
   2264.8   0.06919
   2265.8   0.06904
   2266.8   0.06917
   2267.8   0.06934
   2268.8   0.06935
   2269.8   0.06940
   2270.8   0.06954
   2271.8   0.06983
   2272.7   0.06984
   2273.7   0.06959
   2274.7   0.06950
   2275.7   0.06951
   2276.7   0.06964
   2277.7   0.06959
   2278.7   0.06950
   2279.7   0.06940
   2280.7   0.06933
   2281.7   0.06929
   2282.8   0.06952
   2283.8   0.06950
   2284.8   0.06958
   2285.8   0.06980
   2286.8   0.06954
   2287.8   0.06940
   2288.8   0.06965
   2289.8   0.06985
   2290.8   0.06993
   2291.8   0.07000
   2292.9   0.07003
   2293.9   0.06987
   2294.9   0.07003
   2295.9   0.06988
   2296.9   0.06966
   2297.9   0.06960
   2299.0   0.06971
   2300.0   0.07009
   2301.0   0.06995
   2302.0   0.06988
   2303.0   0.06974
   2304.1   0.06975
   2305.1   0.06972
   2306.1   0.06976
   2307.1   0.07017
   2308.2   0.07015
   2309.2   0.07030
   2310.2   0.07054
   2311.3   0.07056
   2312.3   0.07037
   2313.3   0.07011
   2314.3   0.07033
   2315.4   0.07044
   2316.4   0.07049
   2317.4   0.07055
   2318.5   0.07045
   2319.5   0.07035
   2320.6   0.07032
   2321.6   0.07024
   2322.6   0.07029
   2323.7   0.07020
   2324.7   0.07023
   2325.8   0.07048
   2326.8   0.07057
   2327.9   0.07050
   2328.9   0.07046
   2329.9   0.07039
   2331.0   0.07033
   2332.0   0.07017
   2333.1   0.07026
   2334.1   0.07058
   2335.2   0.07060
   2336.2   0.07048
   2337.3   0.07047
   2338.4   0.07056
   2339.4   0.07092
   2340.5   0.07081
   2341.5   0.07069
   2342.6   0.07076
   2343.6   0.07098
   2344.7   0.07085
   2345.8   0.07075
   2346.8   0.07057
   2347.9   0.07052
   2349.0   0.07080
   2350.0   0.07101
   2351.1   0.07097
   2352.1   0.07069
   2353.2   0.07057
   2354.3   0.07084
   2355.4   0.07097
   2356.4   0.07083
   2357.5   0.07091
   2358.6   0.07104
   2359.6   0.07114
   2360.7   0.07096
   2361.8   0.07084
   2362.9   0.07107
   2363.9   0.07100
   2365.0   0.07089
   2366.1   0.07092
   2367.2   0.07108
   2368.3   0.07118
   2369.3   0.07130
   2370.4   0.07127
   2371.5   0.07113
   2372.6   0.07122
   2373.7   0.07137
   2374.8   0.07145
   2375.9   0.07166
   2377.0   0.07152
   2378.0   0.07134
   2379.1   0.07139
   2380.2   0.07137
   2381.3   0.07138
   2382.4   0.07154
   2383.5   0.07130
   2384.6   0.07115
   2385.7   0.07123
   2386.8   0.07137
   2387.9   0.07154
   2389.0   0.07155
   2390.1   0.07172
   2391.2   0.07181
   2392.3   0.07176
   2393.4   0.07184
   2394.5   0.07170
   2395.6   0.07153
   2396.7   0.07149
   2397.8   0.07150
   2399.0   0.07143
   2400.1   0.07169
   2401.2   0.07187
   2402.3   0.07204
   2403.4   0.07198
   2404.5   0.07204
   2405.6   0.07186
   2406.7   0.07180
   2407.9   0.07233
   2409.0   0.07226
   2410.1   0.07167
   2411.2   0.07165
   2412.3   0.07204
   2413.5   0.07234
   2414.6   0.07245
   2415.7   0.07247
   2416.8   0.07224
   2418.0   0.07215
   2419.1   0.07243
   2420.2   0.07257
   2421.4   0.07249
   2422.5   0.07252
   2423.6   0.07256
   2424.8   0.07254
   2425.9   0.07262
   2427.0   0.07247
   2428.2   0.07254
   2429.3   0.07278
   2430.4   0.07261
   2431.6   0.07235
   2432.7   0.07234
   2433.9   0.07250
   2435.0   0.07277
   2436.2   0.07289
   2437.3   0.07273
   2438.4   0.07257
   2439.6   0.07276
   2440.7   0.07302
   2441.9   0.07311
   2443.0   0.07300
   2444.2   0.07283
   2445.3   0.07276
   2446.5   0.07290
   2447.7   0.07279
   2448.8   0.07287
   2450.0   0.07306
   2451.1   0.07302
   2452.3   0.07304
   2453.4   0.07298
   2454.6   0.07289
   2455.8   0.07295
   2456.9   0.07298
   2458.1   0.07304
   2459.3   0.07312
   2460.4   0.07332
   2461.6   0.07335
   2462.8   0.07330
   2463.9   0.07314
   2465.1   0.07307
   2466.3   0.07326
   2467.5   0.07334
   2468.6   0.07332
   2469.8   0.07333
   2471.0   0.07323
   2472.2   0.07312
   2473.3   0.07316
   2474.5   0.07334
   2475.7   0.07327
   2476.9   0.07332
   2478.1   0.07351
   2479.3   0.07365
   2480.4   0.07377
   2481.6   0.07374
   2482.8   0.07368
   2484.0   0.07361
   2485.2   0.07350
   2486.4   0.07351
   2487.6   0.07379
   2488.8   0.07402
   2490.0   0.07399
   2491.2   0.07399
   2492.4   0.07407
   2493.6   0.07408
   2494.8   0.07413
   2496.0   0.07417
   2497.2   0.07416
   2498.4   0.07411
   2499.6   0.07390
   2500.8   0.07399
   2502.0   0.07410
   2503.2   0.07435
   2504.4   0.07431
   2505.6   0.07414
   2506.8   0.07399
   2508.0   0.07399
   2509.3   0.07431
   2510.5   0.07432
   2511.7   0.07412
   2512.9   0.07438
   2514.1   0.07452
   2515.3   0.07441
   2516.6   0.07441
   2517.8   0.07466
   2519.0   0.07461
   2520.2   0.07443
   2521.5   0.07446
   2522.7   0.07461
   2523.9   0.07468
   2525.2   0.07484
   2526.4   0.07490
   2527.6   0.07471
   2528.8   0.07459
   2530.1   0.07478
   2531.3   0.07481
   2532.6   0.07481
   2533.8   0.07477
   2535.0   0.07492
   2536.3   0.07502
   2537.5   0.07496
   2538.8   0.07497
   2540.0   0.07505
   2541.2   0.07506
   2542.5   0.07503
   2543.7   0.07497
   2545.0   0.07497
   2546.2   0.07511
   2547.5   0.07518
   2548.7   0.07520
   2550.0   0.07543
   2551.2   0.07547
   2552.5   0.07546
   2553.8   0.07522
   2555.0   0.07524
   2556.3   0.07520
   2557.5   0.07519
   2558.8   0.07552
   2560.1   0.07565
   2561.3   0.07537
   2562.6   0.07524
   2563.9   0.07557
   2565.1   0.07575
   2566.4   0.07560
   2567.7   0.07545
   2568.9   0.07536
   2570.2   0.07568
   2571.5   0.07575
   2572.8   0.07551
   2574.0   0.07558
   2575.3   0.07593
   2576.6   0.07593
   2577.9   0.07573
   2579.2   0.07575
   2580.5   0.07587
   2581.7   0.07592
   2583.0   0.07582
   2584.3   0.07617
   2585.6   0.07640
   2586.9   0.07646
   2588.2   0.07643
   2589.5   0.07623
   2590.8   0.07605
   2592.1   0.07622
   2593.4   0.07629
   2594.7   0.07645
   2596.0   0.07644
   2597.3   0.07605
   2598.6   0.07635
   2599.9   0.07655
   2601.2   0.07669
   2602.5   0.07653
   2603.8   0.07653
   2605.1   0.07658
   2606.4   0.07656
   2607.7   0.07648
   2609.0   0.07658
   2610.3   0.07687
   2611.7   0.07695
   2613.0   0.07687
   2614.3   0.07675
   2615.6   0.07670
   2616.9   0.07701
   2618.3   0.07717
   2619.6   0.07690
   2620.9   0.07641
   2622.2   0.07638
   2623.6   0.07694
   2624.9   0.07698
   2626.2   0.07683
   2627.5   0.07676
   2628.9   0.07671
   2630.2   0.07703
   2631.5   0.07736
   2632.9   0.07735
   2634.2   0.07710
   2635.6   0.07714
   2636.9   0.07732
   2638.2   0.07731
   2639.6   0.07734
   2640.9   0.07744
   2642.3   0.07756
   2643.6   0.07749
   2645.0   0.07751
   2646.3   0.07751
   2647.7   0.07749
   2649.0   0.07771
   2650.4   0.07771
   2651.7   0.07760
   2653.1   0.07732
   2654.4   0.07730
   2655.8   0.07747
   2657.2   0.07762
   2658.5   0.07773
   2659.9   0.07788
   2661.3   0.07780
   2662.6   0.07791
   2664.0   0.07794
   2665.4   0.07788
   2666.7   0.07755
   2668.1   0.07740
   2669.5   0.07774
   2670.9   0.07806
   2672.2   0.07779
   2673.6   0.07785
   2675.0   0.07799
   2676.4   0.07832
   2677.8   0.07821
   2679.1   0.07798
   2680.5   0.07805
   2681.9   0.07807
   2683.3   0.07806
   2684.7   0.07803
   2686.1   0.07828
   2687.5   0.07849
   2688.9   0.07826
   2690.3   0.07823
   2691.7   0.07848
   2693.1   0.07856
   2694.5   0.07838
   2695.9   0.07841
   2697.3   0.07845
   2698.7   0.07847
   2700.1   0.07860
   2701.5   0.07857
   2702.9   0.07834
   2704.3   0.07820
   2705.7   0.07827
   2707.1   0.07834
   2708.5   0.07846
   2710.0   0.07838
   2711.4   0.07840
   2712.8   0.07861
   2714.2   0.07870
   2715.6   0.07867
   2717.1   0.07866
   2718.5   0.07850
   2719.9   0.07836
   2721.3   0.07838
   2722.8   0.07832
   2724.2   0.07851
   2725.6   0.07854
   2727.1   0.07855
   2728.5   0.07859
   2729.9   0.07856
   2731.4   0.07847
   2732.8   0.07858
   2734.2   0.07857
   2735.7   0.07844
   2737.1   0.07839
   2738.6   0.07841
   2740.0   0.07829
   2741.5   0.07844
   2742.9   0.07845
   2744.4   0.07845
   2745.8   0.07845
   2747.3   0.07844
   2748.7   0.07843
   2750.2   0.07846
   2751.7   0.07858
   2753.1   0.07834
   2754.6   0.07830
   2756.1   0.07846
   2757.5   0.07824
   2759.0   0.07831
   2760.5   0.07832
   2761.9   0.07837
   2763.4   0.07838
   2764.9   0.07836
   2766.3   0.07824
   2767.8   0.07816
   2769.3   0.07831
   2770.8   0.07828
   2772.3   0.07823
   2773.7   0.07822
   2775.2   0.07817
   2776.7   0.07812
   2778.2   0.07831
   2779.7   0.07837
   2781.2   0.07822
   2782.7   0.07810
   2784.2   0.07811
   2785.7   0.07833
   2787.2   0.07833
   2788.7   0.07812
   2790.2   0.07815
   2791.7   0.07826
   2793.2   0.07837
   2794.7   0.07833
   2796.2   0.07832
   2797.7   0.07829
   2799.2   0.07809
   2800.7   0.07804
   2802.2   0.07812
   2803.8   0.07828
   2805.3   0.07828
   2806.8   0.07838
   2808.3   0.07836
   2809.8   0.07833
   2811.4   0.07833
   2812.9   0.07830
   2814.4   0.07824
   2815.9   0.07813
   2817.5   0.07796
   2819.0   0.07807
   2820.5   0.07816
   2822.1   0.07825
   2823.6   0.07828
   2825.1   0.07840
   2826.7   0.07839
   2828.2   0.07817
   2829.8   0.07814
   2831.3   0.07829
   2832.9   0.07848
   2834.4   0.07864
   2836.0   0.07856
   2837.5   0.07843
   2839.1   0.07844
   2840.6   0.07856
   2842.2   0.07845
   2843.7   0.07837
   2845.3   0.07842
   2846.9   0.07844
   2848.4   0.07847
   2850.0   0.07858
   2851.6   0.07848
   2853.1   0.07837
   2854.7   0.07849
   2856.3   0.07866
   2857.8   0.07868
   2859.4   0.07866
   2861.0   0.07863
   2862.6   0.07861
   2864.2   0.07862
   2865.7   0.07866
   2867.3   0.07866
   2868.9   0.07857
   2870.5   0.07855
   2872.1   0.07869
   2873.7   0.07873
   2875.3   0.07865
   2876.9   0.07866
   2878.5   0.07883
   2880.1   0.07885
   2881.7   0.07876
   2883.3   0.07858
   2884.9   0.07860
   2886.5   0.07876
   2888.1   0.07882
   2889.7   0.07889
   2891.3   0.07891
   2892.9   0.07882
   2894.5   0.07883
   2896.2   0.07890
   2897.8   0.07887
   2899.4   0.07891
   2901.0   0.07900
   2902.7   0.07904
   2904.3   0.07896
   2905.9   0.07895
   2907.5   0.07901
   2909.2   0.07904
   2910.8   0.07899
   2912.4   0.07890
   2914.1   0.07889
   2915.7   0.07899
   2917.4   0.07916
   2919.0   0.07913
   2920.6   0.07912
   2922.3   0.07920
   2923.9   0.07930
   2925.6   0.07925
   2927.2   0.07914
   2928.9   0.07897
   2930.5   0.07903
   2932.2   0.07914
   2933.9   0.07909
   2935.5   0.07911
   2937.2   0.07928
   2938.9   0.07929
   2940.5   0.07920
   2942.2   0.07917
   2943.9   0.07927
   2945.5   0.07934
   2947.2   0.07942
   2948.9   0.07935
   2950.6   0.07921
   2952.2   0.07930
   2953.9   0.07934
   2955.6   0.07940
   2957.3   0.07947
   2959.0   0.07944
   2960.7   0.07957
   2962.4   0.07960
   2964.1   0.07952
   2965.8   0.07951
   2967.4   0.07951
   2969.1   0.07950
   2970.9   0.07963
   2972.6   0.07967
   2974.3   0.07967
   2976.0   0.07972
   2977.7   0.07964
   2979.4   0.07968
   2981.1   0.07979
   2982.8   0.07983
   2984.5   0.07975
   2986.3   0.07975
   2988.0   0.07980
   2989.7   0.07983
   2991.4   0.07978
   2993.1   0.07987
   2994.9   0.08006
   2996.6   0.08013
   2998.3   0.08009
   3000.1   0.08002
   3001.8   0.08003
   3003.6   0.08008
   3005.3   0.08024
   3007.0   0.08020
   3008.8   0.08018
   3010.5   0.08011
   3012.3   0.08009
   3014.0   0.08023
   3015.8   0.08037
   3017.5   0.08039
   3019.3   0.08042
   3021.1   0.08041
   3022.8   0.08030
   3024.6   0.08020
   3026.3   0.08023
   3028.1   0.08032
   3029.9   0.08034
   3031.7   0.08031
   3033.4   0.08036
   3035.2   0.08030
   3037.0   0.08026
   3038.8   0.08031
   3040.5   0.08035
   3042.3   0.08035
   3044.1   0.08047
   3045.9   0.08052
   3047.7   0.08045
   3049.5   0.08042
   3051.3   0.08040
   3053.1   0.08044
   3054.9   0.08046
   3056.7   0.08045
   3058.5   0.08045
   3060.3   0.08058
   3062.1   0.08064
   3063.9   0.08047
   3065.7   0.08049
   3067.5   0.08061
   3069.4   0.08069
   3071.2   0.08066
   3073.0   0.08071
   3074.8   0.08072
   3076.6   0.08069
   3078.5   0.08077
   3080.3   0.08083
   3082.1   0.08079
   3084.0   0.08091
   3085.8   0.08105
   3087.6   0.08096
   3089.5   0.08098
   3091.3   0.08106
   3093.2   0.08104
   3095.0   0.08107
   3096.9   0.08103
   3098.7   0.08109
   3100.6   0.08110
   3102.4   0.08104
   3104.3   0.08099
   3106.1   0.08107
   3108.0   0.08105
   3109.9   0.08113
   3111.7   0.08125
   3113.6   0.08115
   3115.5   0.08113
   3117.3   0.08122
   3119.2   0.08132
   3121.1   0.08134
   3123.0   0.08130
   3124.9   0.08138
   3126.7   0.08138
   3128.6   0.08135
   3130.5   0.08153
   3132.4   0.08163
   3134.3   0.08148
   3136.2   0.08157
   3138.1   0.08161
   3140.0   0.08166
   3141.9   0.08164
   3143.8   0.08162
   3145.7   0.08173
   3147.6   0.08179
   3149.5   0.08169
   3151.4   0.08176
   3153.4   0.08185
   3155.3   0.08192
   3157.2   0.08199
   3159.1   0.08193
   3161.1   0.08198
   3163.0   0.08208
   3164.9   0.08211
   3166.9   0.08213
   3168.8   0.08203
   3170.7   0.08203
   3172.7   0.08203
   3174.6   0.08208
   3176.6   0.08219
   3178.5   0.08219
   3180.5   0.08221
   3182.4   0.08230
   3184.4   0.08232
   3186.3   0.08225
   3188.3   0.08230
   3190.2   0.08239
   3192.2   0.08234
   3194.2   0.08246
   3196.1   0.08257
   3198.1   0.08266
   3200.1   0.08270
   3202.1   0.08263
   3204.0   0.08264
   3206.0   0.08255
   3208.0   0.08243
   3210.0   0.08248
   3212.0   0.08256
   3214.0   0.08275
   3216.0   0.08272
   3218.0   0.08273
   3220.0   0.08287
   3222.0   0.08291
   3224.0   0.08283
   3226.0   0.08283
   3228.0   0.08288
   3230.0   0.08296
   3232.0   0.08297
   3234.0   0.08300
   3236.0   0.08310
   3238.1   0.08309
   3240.1   0.08312
   3242.1   0.08314
   3244.1   0.08309
   3246.2   0.08312
   3248.2   0.08305
   3250.2   0.08307
   3252.3   0.08313
   3254.3   0.08314
   3256.4   0.08316
   3258.4   0.08326
   3260.5   0.08337
   3262.5   0.08329
   3264.6   0.08326
   3266.6   0.08335
   3268.7   0.08341
   3270.7   0.08350
   3272.8   0.08353
   3274.9   0.08347
   3277.0   0.08349
   3279.0   0.08352
   3281.1   0.08359
   3283.2   0.08368
   3285.3   0.08361
   3287.3   0.08359
   3289.4   0.08357
   3291.5   0.08367
   3293.6   0.08379
   3295.7   0.08377
   3297.8   0.08374
   3299.9   0.08378
   3302.0   0.08375
   3304.1   0.08378
   3306.2   0.08384
   3308.3   0.08397
   3310.4   0.08400
   3312.5   0.08394
   3314.7   0.08393
   3316.8   0.08391
   3318.9   0.08386
   3321.0   0.08392
   3323.2   0.08405
   3325.3   0.08413
   3327.4   0.08419
   3329.6   0.08425
   3331.7   0.08418
   3333.8   0.08417
   3336.0   0.08423
   3338.1   0.08422
   3340.3   0.08421
   3342.4   0.08428
   3344.6   0.08432
   3346.8   0.08438
   3348.9   0.08440
   3351.1   0.08443
   3353.3   0.08437
   3355.4   0.08432
   3357.6   0.08432
   3359.8   0.08443
   3362.0   0.08451
   3364.1   0.08446
   3366.3   0.08431
   3368.5   0.08425
   3370.7   0.08428
   3372.9   0.08436
   3375.1   0.08433
   3377.3   0.08427
   3379.5   0.08432
   3381.7   0.08435
   3383.9   0.08432
   3386.1   0.08432
   3388.3   0.08430
   3390.5   0.08438
   3392.8   0.08440
   3395.0   0.08433
   3397.2   0.08434
   3399.4   0.08434
   3401.7   0.08433
   3403.9   0.08425
   3406.1   0.08413
   3408.4   0.08417
   3410.6   0.08409
   3412.9   0.08402
   3415.1   0.08393
   3417.4   0.08390
   3419.6   0.08392
   3421.9   0.08392
   3424.1   0.08402
   3426.4   0.08427
   3428.7   0.08434
   3430.9   0.08440
   3433.2   0.08457
   3435.5   0.08472
   3437.8   0.08473
   3440.0   0.08483
   3442.3   0.08500
   3444.6   0.08512
   3446.9   0.08516
   3449.2   0.08520
   3451.5   0.08520
   3453.8   0.08527
   3456.1   0.08533
   3458.4   0.08542
   3460.7   0.08542
   3463.0   0.08543
   3465.3   0.08555
   3467.6   0.08562
   3470.0   0.08555
   3472.3   0.08553
   3474.6   0.08552
   3477.0   0.08551
   3479.3   0.08551
   3481.6   0.08553
   3484.0   0.08553
   3486.3   0.08557
   3488.7   0.08562
   3491.0   0.08565
   3493.4   0.08564
   3495.7   0.08560
   3498.1   0.08554
   3500.4   0.08553
   3502.8   0.08552
   3505.2   0.08557
   3507.5   0.08560
   3509.9   0.08571
   3512.3   0.08588
   3514.7   0.08592
   3517.1   0.08598
   3519.4   0.08617
   3521.8   0.08621
   3524.2   0.08622
   3526.6   0.08631
   3529.0   0.08644
   3531.4   0.08640
   3533.8   0.08634
   3536.2   0.08638
   3538.7   0.08655
   3541.1   0.08661
   3543.5   0.08663
   3545.9   0.08661
   3548.3   0.08660
   3550.8   0.08657
   3553.2   0.08658
   3555.6   0.08664
   3558.1   0.08675
   3560.5   0.08677
   3563.0   0.08675
   3565.4   0.08677
   3567.9   0.08685
   3570.3   0.08693
   3572.8   0.08697
   3575.3   0.08694
   3577.7   0.08695
   3580.2   0.08694
   3582.7   0.08700
   3585.2   0.08707
   3587.6   0.08712
   3590.1   0.08709
   3592.6   0.08710
   3595.1   0.08718
   3597.6   0.08728
   3600.1   0.08733
   3602.6   0.08732
   3605.1   0.08730
   3607.6   0.08729
   3610.1   0.08728
   3612.6   0.08737
   3615.2   0.08742
   3617.7   0.08745
   3620.2   0.08747
   3622.7   0.08745
   3625.3   0.08744
   3627.8   0.08744
   3630.3   0.08746
   3632.9   0.08753
   3635.4   0.08762
   3638.0   0.08767
   3640.5   0.08769
   3643.1   0.08777
   3645.7   0.08773
   3648.2   0.08766
   3650.8   0.08771
   3653.4   0.08770
   3655.9   0.08772
   3658.5   0.08789
   3661.1   0.08797
   3663.7   0.08792
   3666.3   0.08786
   3668.9   0.08783
   3671.5   0.08787
   3674.1   0.08795
   3676.7   0.08804
   3679.3   0.08815
   3681.9   0.08818
   3684.5   0.08814
   3687.2   0.08806
   3689.8   0.08805
   3692.4   0.08811
   3695.0   0.08825
   3697.7   0.08828
   3700.3   0.08825
   3703.0   0.08830
   3705.6   0.08844
   3708.3   0.08847
   3710.9   0.08841
   3713.6   0.08837
   3716.2   0.08842
   3718.9   0.08847
   3721.6   0.08852
   3724.2   0.08855
   3726.9   0.08861
   3729.6   0.08857
   3732.3   0.08857
   3735.0   0.08862
   3737.7   0.08869
   3740.4   0.08871
   3743.1   0.08877
   3745.8   0.08883
   3748.5   0.08875
   3751.2   0.08869
   3753.9   0.08878
   3756.6   0.08880
   3759.3   0.08881
   3762.1   0.08884
   3764.8   0.08886
   3767.5   0.08889
   3770.3   0.08890
   3773.0   0.08889
   3775.8   0.08890
   3778.5   0.08893
   3781.3   0.08901
   3784.0   0.08898
   3786.8   0.08898
   3789.6   0.08901
   3792.3   0.08904
   3795.1   0.08903
   3797.9   0.08906
   3800.7   0.08912
   3803.5   0.08913
   3806.3   0.08913
   3809.1   0.08915
   3811.9   0.08917
   3814.7   0.08929
   3817.5   0.08932
   3820.3   0.08923
   3823.1   0.08922
   3825.9   0.08931
   3828.8   0.08938
   3831.6   0.08941
   3834.4   0.08943
   3837.3   0.08949
   3840.1   0.08947
   3842.9   0.08943
   3845.8   0.08946
   3848.7   0.08952
   3851.5   0.08945
   3854.4   0.08944
   3857.2   0.08945
   3860.1   0.08951
   3863.0   0.08956
   3865.9   0.08959
   3868.8   0.08960
   3871.6   0.08962
   3874.5   0.08964
   3877.4   0.08970
   3880.3   0.08976
   3883.2   0.08981
   3886.2   0.08975
   3889.1   0.08967
   3892.0   0.08971
   3894.9   0.08977
   3897.8   0.08985
   3900.8   0.08991
   3903.7   0.08984
   3906.7   0.08986
   3909.6   0.08986
   3912.6   0.08988
   3915.5   0.08995
   3918.5   0.09000
   3921.4   0.08987
   3924.4   0.08984
   3927.4   0.08992
   3930.4   0.08995
   3933.3   0.09000
   3936.3   0.09009
   3939.3   0.09007
   3942.3   0.09007
   3945.3   0.09011
   3948.3   0.09009
   3951.3   0.09001
   3954.3   0.09003
   3957.4   0.09014
   3960.4   0.09009
   3963.4   0.08999
   3966.4   0.09005
   3969.5   0.09011
   3972.5   0.09009
   3975.6   0.09007
   3978.6   0.09010
   3981.7   0.09005
   3984.7   0.09010
   3987.8   0.09015
   3990.9   0.09015
   3993.9   0.09017
   3997.0   0.09022
   4000.1   0.09022
   4003.2   0.09018
   4006.3   0.09010
   4009.4   0.09017
   4012.5   0.09020
   4015.6   0.09019
   4018.7   0.09020
   4021.8   0.09025
   4024.9   0.09028
   4028.1   0.09022
   4031.2   0.09016
   4034.3   0.09015
   4037.5   0.09014
   4040.6   0.09023
   4043.8   0.09032
   4046.9   0.09028
   4050.1   0.09021
   4053.3   0.09026
   4056.4   0.09028
   4059.6   0.09034
   4062.8   0.09036
   4066.0   0.09033
   4069.2   0.09033
   4072.4   0.09037
   4075.6   0.09032
   4078.8   0.09030
   4082.0   0.09025
   4085.2   0.09026
   4088.4   0.09029
   4091.7   0.09035
   4094.9   0.09030
   4098.1   0.09023
   4101.4   0.09023
   4104.6   0.09031
   4107.9   0.09024
   4111.1   0.09020
   4114.4   0.09029
   4117.7   0.09035
   4120.9   0.09025
   4124.2   0.09026
   4127.5   0.09030
   4130.8   0.09035
   4134.1   0.09034
   4137.4   0.09026
   4140.7   0.09020
   4144.0   0.09026
   4147.3   0.09030
   4150.6   0.09033
   4154.0   0.09033
   4157.3   0.09032
   4160.6   0.09030
   4164.0   0.09032
   4167.3   0.09031
   4170.7   0.09032
   4174.0   0.09029
   4177.4   0.09026
   4180.8   0.09023
   4184.1   0.09021
   4187.5   0.09017
   4190.9   0.09018
   4194.3   0.09015
   4197.7   0.09013
   4201.1   0.09008
   4204.5   0.09013
   4207.9   0.09018
   4211.3   0.09020
   4214.7   0.09009
   4218.2   0.08998
   4221.6   0.08992
   4225.0   0.08988
   4228.5   0.08981
   4231.9   0.08981
   4235.4   0.08976
   4238.9   0.08980
   4242.3   0.08985
   4245.8   0.08988
   4249.3   0.08986
   4252.8   0.08987
   4256.3   0.08988
   4259.8   0.08985
   4263.3   0.08979
   4266.8   0.08977
   4270.3   0.08973
   4273.8   0.08968
   4277.3   0.08962
   4280.9   0.08953
   4284.4   0.08946
   4288.0   0.08947
   4291.5   0.08945
   4295.1   0.08952
   4298.6   0.08944
   4302.2   0.08933
   4305.8   0.08929
   4309.3   0.08930
   4312.9   0.08932
   4316.5   0.08936
   4320.1   0.08930
   4323.7   0.08924
   4327.3   0.08921
   4330.9   0.08916
   4334.6   0.08910
   4338.2   0.08911
   4341.8   0.08909
   4345.5   0.08911
   4349.1   0.08906
   4352.8   0.08900
   4356.4   0.08894
   4360.1   0.08894
   4363.8   0.08890
   4367.4   0.08884
   4371.1   0.08872
   4374.8   0.08873
   4378.5   0.08866
   4382.2   0.08867
   4385.9   0.08870
   4389.6   0.08868
   4393.3   0.08859
   4397.1   0.08856
   4400.8   0.08851
   4404.5   0.08847
   4408.3   0.08841
   4412.0   0.08831
   4415.8   0.08822
   4419.6   0.08822
   4423.3   0.08818
   4427.1   0.08816
   4430.9   0.08811
   4434.7   0.08804
   4438.5   0.08801
   4442.3   0.08797
   4446.1   0.08787
   4449.9   0.08787
   4453.7   0.08779
   4457.6   0.08775
   4461.4   0.08773
   4465.2   0.08769
   4469.1   0.08755
   4472.9   0.08751
   4476.8   0.08744
   4480.7   0.08739
   4484.5   0.08733
   4488.4   0.08729
   4492.3   0.08722
   4496.2   0.08722
   4500.1   0.08712
   4504.0   0.08705
   4507.9   0.08694
   4511.9   0.08686
   4515.8   0.08678
   4519.7   0.08671
   4523.7   0.08661
   4527.6   0.08658
   4531.6   0.08649
   4535.6   0.08644
   4539.5   0.08630
   4543.5   0.08615
   4547.5   0.08606
   4551.5   0.08600
   4555.5   0.08586
   4559.5   0.08577
   4563.5   0.08566
   4567.5   0.08557
   4571.5   0.08550
   4575.6   0.08538
   4579.6   0.08523
   4583.7   0.08515
   4587.7   0.08501
   4591.8   0.08492
   4595.9   0.08481
   4599.9   0.08464
   4604.0   0.08449
   4608.1   0.08433
   4612.2   0.08415
   4616.3   0.08408
   4620.4   0.08400
   4624.6   0.08384
   4628.7   0.08362
   4632.8   0.08344
   4637.0   0.08327
   4641.1   0.08313
   4645.3   0.08295
   4649.4   0.08281
   4653.6   0.08269
   4657.8   0.08258
   4662.0   0.08239
   4666.2   0.08225
   4670.4   0.08208
   4674.6   0.08190
   4678.8   0.08170
   4683.0   0.08156
   4687.3   0.08141
   4691.5   0.08120
   4695.8   0.08099
   4700.0   0.08092
   4704.3   0.08075
   4708.6   0.08059
   4712.9   0.08040
   4717.1   0.08025
   4721.4   0.08011
   4725.7   0.07994
   4730.1   0.07975
   4734.4   0.07959
   4738.7   0.07939
   4743.0   0.07929
   4747.4   0.07916
   4751.7   0.07901
   4756.1   0.07887
   4760.5   0.07874
   4764.8   0.07857
   4769.2   0.07846
   4773.6   0.07829
   4778.0   0.07814
   4782.4   0.07797
   4786.8   0.07785
   4791.3   0.07766
   4795.7   0.07747
   4800.1   0.07733
   4804.6   0.07722
   4809.0   0.07706
   4813.5   0.07695
   4818.0   0.07682
   4822.5   0.07656
   4826.9   0.07632
   4831.4   0.07617
   4835.9   0.07599
   4840.5   0.07581
   4845.0   0.07566
   4849.5   0.07550
   4854.1   0.07523
   4858.6   0.07500
   4863.2   0.07484
   4867.7   0.07470
   4872.3   0.07447
   4876.9   0.07432
   4881.5   0.07414
   4886.1   0.07389
   4890.7   0.07368
   4895.3   0.07354
   4899.9   0.07331
   4904.6   0.07302
   4909.2   0.07271
   4913.9   0.07249
   4918.5   0.07233
   4923.2   0.07213
   4927.9   0.07188
   4932.6   0.07164
   4937.3   0.07136
   4942.0   0.07110
   4946.7   0.07078
   4951.4   0.07055
   4956.2   0.07032
   4960.9   0.07013
   4965.6   0.06989
   4970.4   0.06960
   4975.2   0.06936
   4980.0   0.06916
   4984.7   0.06887
   4989.5   0.06868
   4994.3   0.06849
   4999.2   0.06830
   5004.0   0.06802
   5008.8   0.06779
   5013.7   0.06755
   5018.5   0.06735
   5023.4   0.06714
   5028.3   0.06692
   5033.1   0.06674
   5038.0   0.06658
   5042.9   0.06632
   5047.8   0.06617
   5052.8   0.06601
   5057.7   0.06582
   5062.6   0.06564
   5067.6   0.06547
   5072.5   0.06521
   5077.5   0.06500
   5082.5   0.06486
   5087.5   0.06474
   5092.5   0.06455
   5097.5   0.06435
   5102.5   0.06411
   5107.5   0.06395
   5112.6   0.06376
   5117.6   0.06353
   5122.7   0.06330
   5127.7   0.06315
   5132.8   0.06295
   5137.9   0.06278
   5143.0   0.06257
   5148.1   0.06238
   5153.2   0.06215
   5158.3   0.06199
   5163.5   0.06180
   5168.6   0.06157
   5173.8   0.06131
   5179.0   0.06117
   5184.1   0.06099
   5189.3   0.06080
   5194.5   0.06063
   5199.7   0.06045
   5205.0   0.06018
   5210.2   0.06001
   5215.4   0.05979
   5220.7   0.05956
   5225.9   0.05942
   5231.2   0.05927
   5236.5   0.05902
   5241.8   0.05880
   5247.1   0.05861
   5252.4   0.05843
   5257.7   0.05822
   5263.1   0.05808
   5268.4   0.05793
   5273.8   0.05772
   5279.2   0.05751
   5284.5   0.05734
   5289.9   0.05718
   5295.3   0.05703
   5300.8   0.05684
   5306.2   0.05671
   5311.6   0.05661
   5317.1   0.05655
   5322.5   0.05640
   5328.0   0.05629
   5333.5   0.05620
   5339.0   0.05610
   5344.5   0.05600
   5350.0   0.05593
   5355.5   0.05582
   5361.0   0.05574
   5366.6   0.05567
   5372.2   0.05565
   5377.7   0.05558
   5383.3   0.05552
   5388.9   0.05548
   5394.5   0.05543
   5400.1   0.05531
   5405.8   0.05523
   5411.4   0.05519
   5417.1   0.05512
   5422.7   0.05499
   5428.4   0.05492
   5434.1   0.05487
   5439.8   0.05484
   5445.5   0.05476
   5451.2   0.05471
   5457.0   0.05466
   5462.7   0.05462
   5468.5   0.05449
   5474.3   0.05438
   5480.1   0.05434
   5485.9   0.05434
   5491.7   0.05431
   5497.5   0.05425
   5503.3   0.05413
   5509.2   0.05412
   5515.0   0.05413
   5520.9   0.05408
   5526.8   0.05399
   5532.7   0.05394
   5538.6   0.05384
   5544.5   0.05376
   5550.5   0.05369
   5556.4   0.05370
   5562.4   0.05361
   5568.4   0.05355
   5574.3   0.05343
   5580.3   0.05341
   5586.4   0.05328
   5592.4   0.05309
   5598.4   0.05293
   5604.5   0.05279
   5610.5   0.05263
   5616.6   0.05245
   5622.7   0.05227
   5628.8   0.05213
   5634.9   0.05189
   5641.1   0.05171
   5647.2   0.05152
   5653.4   0.05141
   5659.5   0.05130
   5665.7   0.05124
   5671.9   0.05113
   5678.1   0.05096
   5684.4   0.05083
   5690.6   0.05084
   5696.9   0.05077
   5703.1   0.05069
   5709.4   0.05062
   5715.7   0.05057
   5722.0   0.05053
   5728.3   0.05049
   5734.7   0.05045
   5741.0   0.05035
   5747.4   0.05020
   5753.8   0.05009
   5760.1   0.04999
   5766.6   0.04996
   5773.0   0.04980
   5779.4   0.04962
   5785.9   0.04946
   5792.3   0.04933
   5798.8   0.04915
   5805.3   0.04896
   5811.8   0.04880
   5818.3   0.04863
   5824.9   0.04839
   5831.4   0.04819
   5838.0   0.04797
   5844.6   0.04777
   5851.2   0.04761
   5857.8   0.04748
   5864.4   0.04731
   5871.0   0.04709
   5877.7   0.04692
   5884.4   0.04678
   5891.1   0.04645
   5897.8   0.04628
   5904.5   0.04602
   5911.2   0.04587
   5918.0   0.04571
   5924.7   0.04556
   5931.5   0.04537
   5938.3   0.04517
   5945.1   0.04491
   5951.9   0.04484
   5958.8   0.04466
   5965.6   0.04446
   5972.5   0.04427
   5979.4   0.04411
   5986.3   0.04399
   5993.2   0.04383
   6000.2   0.04365
   6007.1   0.04348
   6014.1   0.04335
   6021.1   0.04325
   6028.1   0.04315
   6035.1   0.04304
   6042.1   0.04286
   6049.2   0.04264
   6056.2   0.04259
   6063.3   0.04274
   6070.4   0.04270
   6077.5   0.04264
   6084.7   0.04263
   6091.8   0.04264
   6099.0   0.04267
   6106.2   0.04262
   6113.4   0.04258
   6120.6   0.04249
   6127.8   0.04241
   6135.1   0.04241
   6142.3   0.04235
   6149.6   0.04227
   6156.9   0.04225
   6164.3   0.04221
   6171.6   0.04219
   6178.9   0.04215
   6186.3   0.04201
   6193.7   0.04192
   6201.1   0.04191
   6208.5   0.04194
   6216.0   0.04192
   6223.5   0.04185
   6230.9   0.04178
   6238.4   0.04172
   6245.9   0.04166
   6253.5   0.04159
   6261.0   0.04151
   6268.6   0.04151
   6276.2   0.04154
   6283.8   0.04153
   6291.4   0.04149
   6299.1   0.04142
   6306.7   0.04133
   6314.4   0.04126
   6322.1   0.04120
   6329.8   0.04120
   6337.6   0.04115
   6345.3   0.04114
   6353.1   0.04119
   6360.9   0.04117
   6368.7   0.04109
   6376.5   0.04102
   6384.4   0.04102
   6392.3   0.04105
   6400.2   0.04095
   6408.1   0.04093
   6416.0   0.04081
   6424.0   0.04084
   6431.9   0.04090
   6439.9   0.04082
   6447.9   0.04074
   6456.0   0.04066
   6464.0   0.04059
   6472.1   0.04063
   6480.2   0.04058
   6488.3   0.04047
   6496.4   0.04035
   6504.6   0.04041
   6512.7   0.04039
   6520.9   0.04038
   6529.1   0.04031
   6537.4   0.04020
   6545.6   0.04022
   6553.9   0.04020
   6562.2   0.04017
   6570.5   0.04011
   6578.9   0.04003
   6587.2   0.03996
   6595.6   0.03990
   6604.0   0.03985
   6612.4   0.03984
   6620.9   0.03988
   6629.3   0.03985
   6637.8   0.03978
   6646.3   0.03975
   6654.9   0.03975
   6663.4   0.03978
   6672.0   0.03980
   6680.6   0.03974
   6689.2   0.03965
   6697.8   0.03963
   6706.5   0.03962
   6715.2   0.03955
   6723.9   0.03950
   6732.6   0.03951
   6741.4   0.03948
   6750.2   0.03941
   6759.0   0.03939
   6767.8   0.03933
   6776.6   0.03920
   6785.5   0.03907
   6794.4   0.03899
   6803.3   0.03883
   6812.3   0.03881
   6821.2   0.03874
   6830.2   0.03860
   6839.2   0.03853
   6848.3   0.03846
   6857.3   0.03835
   6866.4   0.03825
   6875.5   0.03813
   6884.6   0.03799
   6893.8   0.03785
   6903.0   0.03771
   6912.2   0.03756
   6921.4   0.03744
   6930.7   0.03731
   6939.9   0.03720
   6949.2   0.03707
   6958.6   0.03694
   6967.9   0.03677
   6977.3   0.03661
   6986.7   0.03648
   6996.1   0.03639
   7005.6   0.03622
   7015.1   0.03605
   7024.6   0.03593
   7034.1   0.03579
   7043.7   0.03566
   7053.2   0.03549
   7062.9   0.03527
   7072.5   0.03520
   7082.2   0.03507
   7091.8   0.03487
   7101.6   0.03468
   7111.3   0.03459
   7121.1   0.03445
   7130.9   0.03434
   7140.7   0.03422
   7150.5   0.03408
   7160.4   0.03390
   7170.3   0.03376
   7180.2   0.03361
   7190.2   0.03343
   7200.2   0.03322
   7210.2   0.03305
   7220.2   0.03280
   7230.3   0.03267
   7240.4   0.03253
   7250.5   0.03238
   7260.7   0.03211
   7270.9   0.03187
   7281.1   0.03177
   7291.3   0.03161
   7301.6   0.03137
   7311.9   0.03117
   7322.2   0.03096
   7332.6   0.03077
   7343.0   0.03060
   7353.4   0.03045
   7363.8   0.03022
   7374.3   0.02994
   7384.8   0.02963
   7395.3   0.02939
   7405.9   0.02922
   7416.5   0.02900
   7427.1   0.02876
   7437.8   0.02853
   7448.5   0.02830
   7459.2   0.02812
   7469.9   0.02783
   7480.7   0.02750
   7491.5   0.02724
   7502.4   0.02703
   7513.2   0.02671
   7524.1   0.02646
   7535.1   0.02622
   7546.0   0.02603
   7557.0   0.02571
   7568.1   0.02541
   7579.1   0.02516
   7590.2   0.02494
   7601.4   0.02461
   7612.5   0.02431
   7623.7   0.02400
   7635.0   0.02375
   7646.2   0.02349
   7657.5   0.02322
   7668.8   0.02294
   7680.2   0.02262
   7691.6   0.02232
   7703.0   0.02208
   7714.5   0.02178
   7726.0   0.02145
   7737.5   0.02109
   7749.1   0.02079
   7760.7   0.02048
   7772.3   0.02025
   7784.0   0.01994
   7795.7   0.01962
   7807.4   0.01928
   7819.2   0.01890
   7831.0   0.01850
   7842.9   0.01815
   7854.8   0.01781
   7866.7   0.01754
   7878.6   0.01714
   7890.6   0.01678
   7902.6   0.01644
   7914.7   0.01614
   7926.8   0.01574
   7939.0   0.01540
   7951.1   0.01497
   7963.3   0.01452
   7975.6   0.01411
   7987.9   0.01378
   8000.2   0.01329
   8012.6   0.01286
   8025.0   0.01249
   8037.4   0.01219
   8049.9   0.01179
   8062.4   0.01147
   8075.0   0.01116
   8087.6   0.01088
   8100.2   0.01052
   8112.9   0.01025
   8125.6   0.01003
   8138.4   0.00986
   8151.2   0.00967
   8164.0   0.00960
   8176.9   0.00943
   8189.8   0.00929
   8202.7   0.00920
   8215.7   0.00930
   8228.8   0.00934
   8241.9   0.00942
   8255.0   0.00957
   8268.2   0.00982
   8281.4   0.01007
   8294.6   0.01042
   8307.9   0.01086
   8321.2   0.01134
   8334.6   0.01184
   8348.0   0.01248
   8361.5   0.01313
   8375.0   0.01381
   8388.6   0.01446
   8402.2   0.01521
   8415.8   0.01594
   8429.5   0.01673
   8443.2   0.01752
   8457.0   0.01835
   8470.8   0.01912
   8484.7   0.01993
   8498.6   0.02075
   8512.5   0.02152
   8526.5   0.02219
   8540.6   0.02288
   8554.7   0.02358
   8568.8   0.02426
   8583.0   0.02496
   8597.2   0.02563
   8611.5   0.02619
   8625.8   0.02683
   8640.2   0.02749
   8654.6   0.02808
   8669.1   0.02865
   8683.6   0.02922
   8698.2   0.02965
   8712.8   0.03011
   8727.5   0.03064
   8742.2   0.03115
   8757.0   0.03157
   8771.8   0.03200
   8786.7   0.03253
   8801.6   0.03310
   8816.6   0.03350
   8831.6   0.03389
   8846.6   0.03436
   8861.8   0.03475
   8876.9   0.03518
   8892.2   0.03561
   8907.4   0.03595
   8922.8   0.03626
   8938.2   0.03660
   8953.6   0.03692
   8969.1   0.03721
   8984.6   0.03741
   9000.2   0.03756
   9015.9   0.03770
   9031.6   0.03783
   9047.4   0.03798
   9063.2   0.03814
   9079.0   0.03834
   9095.0   0.03846
   9111.0   0.03846
   9127.0   0.03836
   9143.1   0.03841
   9159.3   0.03864
   9175.5   0.03873
   9191.7   0.03871
   9208.1   0.03882
   9224.4   0.03891
   9240.9   0.03892
   9257.4   0.03915
   9273.9   0.03943
   9290.6   0.03960
   9307.2   0.03972
   9324.0   0.03986
   9340.8   0.03997
   9357.6   0.04020
   9374.6   0.04044
   9391.5   0.04058
   9408.6   0.04079
   9425.7   0.04100
   9442.9   0.04118
   9460.1   0.04137
   9477.4   0.04162
   9494.8   0.04182
   9512.2   0.04203
   9529.7   0.04235
   9547.2   0.04257
   9564.8   0.04279
   9582.5   0.04307
   9600.3   0.04327
   9618.1   0.04338
   9635.9   0.04355
   9653.9   0.04379
   9671.9   0.04401
   9690.0   0.04419
   9708.1   0.04448
   9726.3   0.04480
   9744.6   0.04508
   9763.0   0.04533
   9781.4   0.04561
   9799.9   0.04592
   9818.4   0.04614
   9837.1   0.04648
   9855.8   0.04688
   9874.5   0.04722
   9893.4   0.04753
   9912.3   0.04795
   9931.3   0.04836
   9950.4   0.04857
   9969.5   0.04888
   9988.7   0.04941
  10008.0   0.04980
  10027.3   0.05007
  10046.8   0.05053
  10066.3   0.05094
  10085.9   0.05127
  10105.5   0.05169
  10125.3   0.05223
  10145.1   0.05267
  10165.0   0.05317
  10184.9   0.05375
  10205.0   0.05430
  10225.1   0.05484
  10245.3   0.05564
  10265.6   0.05654
  10286.0   0.05733
  10306.4   0.05804
  10327.0   0.05881
  10347.6   0.05939
  10368.3   0.05983
  10389.0   0.06034
  10409.9   0.06078
  10430.9   0.06097
  10451.9   0.06106
  10473.0   0.06111
  10494.2   0.06114
  10515.5   0.06115
  10536.9   0.06136
  10558.3   0.06170
  10579.9   0.06208
  10601.5   0.06254
  10623.2   0.06290
  10645.0   0.06313
  10666.9   0.06337
  10688.9   0.06343
  10711.0   0.06333
  10733.2   0.06326
  10755.5   0.06318
  10777.8   0.06298
  10800.3   0.06280
  10822.8   0.06260
  10845.5   0.06247
  10868.2   0.06215
  10891.0   0.06185
  10914.0   0.06165
  10937.0   0.06147
  10960.1   0.06111
  10983.3   0.06069
  11006.7   0.06039
  11030.1   0.06019
  11053.6   0.06001
  11077.2   0.05968
  11100.9   0.05938
  11124.8   0.05923
  11148.7   0.05892
  11172.7   0.05850
  11196.8   0.05809
  11221.1   0.05775
  11245.4   0.05747
  11269.9   0.05722
  11294.4   0.05683
  11319.1   0.05650
  11343.8   0.05620
  11368.7   0.05586
  11393.7   0.05553
  11418.8   0.05541
  11444.0   0.05530
  11469.3   0.05517
  11494.8   0.05497
  11520.3   0.05467
  11546.0   0.05432
  11571.7   0.05386
  11597.6   0.05314
  11623.6   0.05243
  11649.7   0.05166
  11676.0   0.05077
  11702.3   0.04998
  11728.8   0.04917
  11755.4   0.04831
  11782.1   0.04756
  11809.0   0.04685
  11835.9   0.04609
  11863.0   0.04530
  11890.2   0.04461
  11917.6   0.04391
  11945.0   0.04336
  11972.6   0.04309
  12000.3   0.04294
  12028.2   0.04271
  12056.1   0.04234
  12084.2   0.04186
  12112.5   0.04142
  12140.8   0.04089
  12169.3   0.04027
  12198.0   0.03969
  12226.7   0.03905
  12255.6   0.03836
  12284.7   0.03783
  12313.9   0.03713
  12343.2   0.03651
  12372.6   0.03601
  12402.2   0.03533
  12432.0   0.03460
  12461.9   0.03403
  12491.9   0.03355
  12522.1   0.03304
  12552.4   0.03246
  12582.9   0.03194
  12613.5   0.03159
  12644.2   0.03106
  12675.1   0.03041
  12706.2   0.03002
  12737.4   0.02961
  12768.8   0.02923
  12800.3   0.02890
  12832.0   0.02864
  12863.9   0.02847
  12895.9   0.02828
  12928.0   0.02816
  12960.3   0.02807
  12992.8   0.02793
  13025.5   0.02781
  13058.3   0.02779
  13091.3   0.02781
  13124.4   0.02775
  13157.7   0.02767
  13191.2   0.02784
  13224.8   0.02784
  13258.7   0.02769
  13292.7   0.02762
  13326.8   0.02772
  13361.2   0.02772
  13395.7   0.02770
  13430.4   0.02770
  13465.3   0.02773
  13500.4   0.02778
  13535.6   0.02781
  13571.0   0.02781
  13606.7   0.02776
  13642.5   0.02782
  13678.5   0.02802
  13714.6   0.02811
  13751.0   0.02811
  13787.6   0.02800
  13824.4   0.02793
  13861.3   0.02784
  13898.5   0.02776
  13935.8   0.02775
  13973.4   0.02774
  14011.2   0.02759
  14049.1   0.02742
  14087.3   0.02737
  14125.7   0.02724
  14164.3   0.02687
  14203.1   0.02661
  14242.1   0.02645
  14281.4   0.02645
  14320.8   0.02650
  14360.5   0.02653
  14400.4   0.02638
  14440.5   0.02602
  14480.8   0.02563
  14521.4   0.02536
  14562.2   0.02523
  14603.2   0.02518
  14644.4   0.02497
  14685.9   0.02482
  14727.7   0.02490
  14769.6   0.02487
  14811.8   0.02475
  14854.3   0.02447
  14896.9   0.02422
  14939.9   0.02416
  14983.0   0.02400
  15026.5   0.02378
  15070.2   0.02360
  15114.1   0.02328
  15158.3   0.02290
  15202.7   0.02255
  15247.5   0.02209
  15292.4   0.02150
  15337.7   0.02102
  15383.2   0.02099
  15429.0   0.02089
  15475.0   0.02078
  15521.4   0.02072
  15568.0   0.02087
  15614.9   0.02125
  15662.0   0.02181
  15709.5   0.02232
  15757.2   0.02310
  15805.3   0.02422
  15853.6   0.02539
  15902.3   0.02646
  15951.2   0.02776
  16000.4   0.02934
  16050.0   0.03054
  16099.8   0.03164
  16150.0   0.03254
  16200.4   0.03318
  16251.2   0.03391
  16302.3   0.03445
  16353.7   0.03492
  16405.5   0.03533
  16457.6   0.03569
  16510.0   0.03620
  16562.7   0.03665
  16615.8   0.03710
  16669.2   0.03767
  16723.0   0.03822
  16777.1   0.03870
  16831.6   0.03912
  16886.4   0.03964
  16941.6   0.04030
  16997.2   0.04120
  17053.1   0.04179
  17109.4   0.04209
  17166.0   0.04246
  17223.0   0.04276
  17280.5   0.04347
  17338.2   0.04430
  17396.4   0.04458
  17455.0   0.04450
  17514.0   0.04508
  17573.3   0.04558
  17633.1   0.04588
  17693.3   0.04630
  17753.9   0.04647
  17814.9   0.04651
  17876.3   0.04652
  17938.2   0.04635
  18000.5   0.04621
  18063.2   0.04598
  18126.3   0.04590
  18189.9   0.04652
  18254.0   0.04716
  18318.5   0.04760
  18383.5   0.04855
  18448.9   0.04989
  18514.8   0.05124
  18581.1   0.05205
  18648.0   0.05240
  18715.3   0.05249
  18783.1   0.05261
  18851.4   0.05236
  18920.2   0.05203
  18989.5   0.05213
  19059.3   0.05223
  19129.7   0.05180
  19200.5   0.05179
  19271.9   0.05207
  19343.8   0.05199
  19416.2   0.05173
  19489.2   0.05203
  19562.8   0.05229
  19636.9   0.05206
  19711.5   0.05187
  19786.8   0.05179
  19862.6   0.05136
  19939.0   0.05099
  20016.0   0.05115
  20093.5   0.05133
  20171.7   0.05132
  20250.5   0.05098
  20329.9   0.05095
  20410.0   0.05096
  20490.7   0.05081
  20572.0   0.05110
  20653.9   0.05117
  20736.5   0.05111
  20819.8   0.05127
  20903.8   0.05107
  20988.4   0.05026
  21073.7   0.04997
  21159.7   0.04966
  21246.5   0.04915
  21333.9   0.04892
  21422.0   0.04862
  21510.9   0.04836
  21600.6   0.04812
  21690.9   0.04765
  21782.1   0.04734
  21874.0   0.04774
  21966.7   0.04739
  22060.1   0.04617
  22154.4   0.04474
  22249.5   0.04390
  22345.4   0.04374
  22442.1   0.04344
  22539.7   0.04319
  22638.1   0.04340
  22737.4   0.04386
  22837.6   0.04417
  22938.7   0.04478
  23040.6   0.04580
  23143.5   0.04629
  23247.2   0.04650
  23352.0   0.04768
  23457.6   0.04913
  23564.3   0.04908
  23671.8   0.04920
  23780.4   0.05050
  23890.0   0.05149
  24000.6   0.05300
  24112.3   0.05452
  24224.9   0.05561
  24338.7   0.05586
  24453.5   0.05522
  24569.4   0.05614
  24686.4   0.05883
  24804.5   0.06050
  24923.7   0.06233
  25044.1   0.06473
  25165.7   0.06567
  25288.5   0.06353
  25412.4   0.06372
  25537.6   0.06449
  25664.0   0.06437
  25791.7   0.06513
  25920.7   0.06626



 N1LS48      .ASC                        

 LS-CMP-048                                                              
 10084,1779 (Low agglutinate) 250-500 micron                             
 Purged 23 hours                                                         

 Source Ang: 30.00   Detect Ang: 30.00  Volt: 1.222
 Date: 31-JUN-95   Time: 20:53:39
