  3662
    900.0   0.09561
    900.3   0.09313
    900.6   0.09302
    901.0   0.09236
    901.3   0.09239
    901.6   0.09557
    901.9   0.09589
    902.2   0.09312
    902.5   0.09665
    902.8   0.09899
    903.2   0.09438
    903.5   0.09174
    903.8   0.09408
    904.1   0.09731
    904.4   0.09758
    904.7   0.09698
    905.1   0.09648
    905.4   0.09484
    905.7   0.09397
    906.0   0.09409
    906.3   0.09632
    906.6   0.09899
    907.0   0.09920
    907.3   0.09921
    907.6   0.09959
    907.9   0.09930
    908.2   0.09760
    908.5   0.09711
    908.9   0.09803
    909.2   0.09828
    909.5   0.09770
    909.8   0.09761
    910.1   0.09744
    910.5   0.09802
    910.8   0.10077
    911.1   0.10127
    911.4   0.10108
    911.7   0.09940
    912.1   0.09835
    912.4   0.09771
    912.7   0.09900
    913.0   0.09890
    913.3   0.09731
    913.7   0.09673
    914.0   0.09872
    914.3   0.09896
    914.6   0.09937
    915.0   0.10015
    915.3   0.10020
    915.6   0.10121
    915.9   0.10011
    916.2   0.09699
    916.6   0.09526
    916.9   0.09725
    917.2   0.10158
    917.5   0.10084
    917.9   0.09844
    918.2   0.09938
    918.5   0.10166
    918.8   0.09999
    919.2   0.09714
    919.5   0.09875
    919.8   0.09721
    920.2   0.09701
    920.5   0.10193
    920.8   0.10492
    921.1   0.10397
    921.5   0.10035
    921.8   0.09905
    922.1   0.10178
    922.4   0.10259
    922.8   0.10256
    923.1   0.10231
    923.4   0.10091
    923.8   0.10013
    924.1   0.10016
    924.4   0.10064
    924.7   0.10145
    925.1   0.10049
    925.4   0.10172
    925.7   0.10279
    926.1   0.10295
    926.4   0.10240
    926.7   0.10081
    927.1   0.10143
    927.4   0.10247
    927.7   0.10402
    928.1   0.10492
    928.4   0.10303
    928.7   0.10242
    929.1   0.10439
    929.4   0.10644
    929.7   0.10465
    930.1   0.10394
    930.4   0.10168
    930.7   0.10217
    931.1   0.10435
    931.4   0.10281
    931.7   0.10139
    932.1   0.10317
    932.4   0.10370
    932.7   0.10413
    933.1   0.10394
    933.4   0.10354
    933.7   0.10415
    934.1   0.10337
    934.4   0.10261
    934.8   0.10227
    935.1   0.10383
    935.4   0.10504
    935.8   0.10412
    936.1   0.10431
    936.4   0.10440
    936.8   0.10583
    937.1   0.10676
    937.5   0.10583
    937.8   0.10509
    938.1   0.10671
    938.5   0.10734
    938.8   0.10529
    939.2   0.10480
    939.5   0.10616
    939.8   0.10598
    940.2   0.10560
    940.5   0.10392
    940.9   0.10531
    941.2   0.10789
    941.5   0.10818
    941.9   0.10706
    942.2   0.10758
    942.6   0.10840
    942.9   0.10689
    943.3   0.10706
    943.6   0.10828
    943.9   0.10778
    944.3   0.10645
    944.6   0.10565
    945.0   0.10523
    945.3   0.10627
    945.7   0.10653
    946.0   0.10586
    946.4   0.10752
    946.7   0.10915
    947.0   0.11046
    947.4   0.10953
    947.7   0.10700
    948.1   0.10622
    948.4   0.10652
    948.8   0.10879
    949.1   0.10773
    949.5   0.10804
    949.8   0.10858
    950.2   0.10825
    950.5   0.10874
    950.9   0.10856
    951.2   0.10806
    951.6   0.10818
    951.9   0.10810
    952.3   0.10611
    952.6   0.10579
    953.0   0.10831
    953.3   0.10899
    953.7   0.10968
    954.0   0.10728
    954.4   0.10707
    954.7   0.10944
    955.1   0.10944
    955.4   0.10974
    955.8   0.11037
    956.1   0.10917
    956.5   0.10896
    956.8   0.11023
    957.2   0.10929
    957.5   0.10901
    957.9   0.10796
    958.3   0.10684
    958.6   0.10869
    959.0   0.11167
    959.3   0.11097
    959.7   0.11075
    960.0   0.11068
    960.4   0.10924
    960.7   0.10948
    961.1   0.10834
    961.4   0.10874
    961.8   0.11148
    962.2   0.11177
    962.5   0.10884
    962.9   0.10890
    963.2   0.11031
    963.6   0.10984
    964.0   0.11152
    964.3   0.11275
    964.7   0.11152
    965.0   0.11144
    965.4   0.11177
    965.7   0.11200
    966.1   0.11036
    966.5   0.11028
    966.8   0.11169
    967.2   0.11343
    967.6   0.11370
    967.9   0.11227
    968.3   0.11247
    968.6   0.11211
    969.0   0.11029
    969.4   0.11071
    969.7   0.11218
    970.1   0.11223
    970.4   0.11222
    970.8   0.11199
    971.2   0.11202
    971.5   0.11350
    971.9   0.11445
    972.3   0.11382
    972.6   0.11411
    973.0   0.11460
    973.4   0.11527
    973.7   0.11453
    974.1   0.11433
    974.5   0.11409
    974.8   0.11231
    975.2   0.11162
    975.6   0.11323
    975.9   0.11340
    976.3   0.11398
    976.7   0.11488
    977.0   0.11638
    977.4   0.11636
    977.8   0.11538
    978.1   0.11501
    978.5   0.11341
    978.9   0.11269
    979.2   0.11356
    979.6   0.11488
    980.0   0.11457
    980.4   0.11472
    980.7   0.11579
    981.1   0.11586
    981.5   0.11413
    981.8   0.11370
    982.2   0.11507
    982.6   0.11545
    983.0   0.11392
    983.3   0.11424
    983.7   0.11503
    984.1   0.11530
    984.5   0.11639
    984.8   0.11710
    985.2   0.11590
    985.6   0.11556
    986.0   0.11729
    986.3   0.11742
    986.7   0.11657
    987.1   0.11652
    987.5   0.11726
    987.8   0.11674
    988.2   0.11571
    988.6   0.11632
    989.0   0.11722
    989.3   0.11864
    989.7   0.11893
    990.1   0.11774
    990.5   0.11743
    990.9   0.11882
    991.2   0.11796
    991.6   0.11662
    992.0   0.11620
    992.4   0.11772
    992.7   0.11872
    993.1   0.11889
    993.5   0.11868
    993.9   0.11953
    994.3   0.11999
    994.7   0.11936
    995.0   0.11841
    995.4   0.11875
    995.8   0.11889
    996.2   0.11783
    996.6   0.11774
    996.9   0.11872
    997.3   0.12036
    997.7   0.12140
    998.1   0.12063
    998.5   0.11990
    998.9   0.12017
    999.3   0.12058
    999.6   0.12119
   1000.0   0.12117
   1000.4   0.12091
   1000.8   0.12152
   1001.2   0.12086
   1001.6   0.12053
   1002.0   0.12091
   1002.3   0.12072
   1002.7   0.12123
   1003.1   0.12282
   1003.5   0.12267
   1003.9   0.12059
   1004.3   0.11982
   1004.7   0.11950
   1005.1   0.11911
   1005.5   0.12006
   1005.8   0.12046
   1006.2   0.12137
   1006.6   0.12168
   1007.0   0.12105
   1007.4   0.12095
   1007.8   0.12238
   1008.2   0.12334
   1008.6   0.12267
   1009.0   0.12239
   1009.4   0.12161
   1009.8   0.12175
   1010.2   0.12308
   1010.6   0.12248
   1010.9   0.12202
   1011.3   0.12313
   1011.7   0.12435
   1012.1   0.12441
   1012.5   0.12375
   1012.9   0.12280
   1013.3   0.12284
   1013.7   0.12320
   1014.1   0.12221
   1014.5   0.12240
   1014.9   0.12330
   1015.3   0.12321
   1015.7   0.12362
   1016.1   0.12424
   1016.5   0.12526
   1016.9   0.12524
   1017.3   0.12394
   1017.7   0.12452
   1018.1   0.12486
   1018.5   0.12508
   1018.9   0.12474
   1019.3   0.12394
   1019.7   0.12479
   1020.1   0.12588
   1020.5   0.12550
   1020.9   0.12410
   1021.3   0.12483
   1021.7   0.12529
   1022.1   0.12587
   1022.5   0.12720
   1022.9   0.12744
   1023.3   0.12694
   1023.7   0.12664
   1024.1   0.12546
   1024.5   0.12568
   1024.9   0.12732
   1025.3   0.12623
   1025.7   0.12470
   1026.2   0.12595
   1026.6   0.12760
   1027.0   0.12711
   1027.4   0.12683
   1027.8   0.12724
   1028.2   0.12694
   1028.6   0.12590
   1029.0   0.12586
   1029.4   0.12720
   1029.8   0.12752
   1030.2   0.12767
   1030.6   0.12770
   1031.1   0.12748
   1031.5   0.12824
   1031.9   0.12805
   1032.3   0.12846
   1032.7   0.12951
   1033.1   0.12957
   1033.5   0.12920
   1033.9   0.12800
   1034.3   0.12816
   1034.8   0.12864
   1035.2   0.12816
   1035.6   0.12755
   1036.0   0.12794
   1036.4   0.12799
   1036.8   0.12712
   1037.2   0.12787
   1037.7   0.13012
   1038.1   0.13087
   1038.5   0.12889
   1038.9   0.12836
   1039.3   0.12893
   1039.7   0.12898
   1040.2   0.12940
   1040.6   0.12998
   1041.0   0.12955
   1041.4   0.12876
   1041.8   0.12897
   1042.2   0.12961
   1042.7   0.13047
   1043.1   0.13228
   1043.5   0.13254
   1043.9   0.13079
   1044.3   0.13016
   1044.8   0.12999
   1045.2   0.13061
   1045.6   0.13143
   1046.0   0.13250
   1046.5   0.13234
   1046.9   0.13163
   1047.3   0.13089
   1047.7   0.13042
   1048.1   0.12992
   1048.6   0.12958
   1049.0   0.13017
   1049.4   0.13214
   1049.8   0.13304
   1050.3   0.13244
   1050.7   0.13184
   1051.1   0.13114
   1051.5   0.13120
   1052.0   0.13127
   1052.4   0.13228
   1052.8   0.13356
   1053.3   0.13358
   1053.7   0.13330
   1054.1   0.13306
   1054.5   0.13339
   1055.0   0.13336
   1055.4   0.13367
   1055.8   0.13380
   1056.3   0.13370
   1056.7   0.13319
   1057.1   0.13348
   1057.6   0.13373
   1058.0   0.13391
   1058.4   0.13519
   1058.9   0.13582
   1059.3   0.13505
   1059.7   0.13444
   1060.2   0.13473
   1060.6   0.13476
   1061.0   0.13467
   1061.5   0.13475
   1061.9   0.13413
   1062.3   0.13417
   1062.8   0.13496
   1063.2   0.13534
   1063.6   0.13564
   1064.1   0.13641
   1064.5   0.13586
   1064.9   0.13527
   1065.4   0.13528
   1065.8   0.13599
   1066.3   0.13613
   1066.7   0.13544
   1067.1   0.13588
   1067.6   0.13708
   1068.0   0.13687
   1068.5   0.13585
   1068.9   0.13588
   1069.3   0.13664
   1069.8   0.13732
   1070.2   0.13670
   1070.7   0.13614
   1071.1   0.13638
   1071.5   0.13662
   1072.0   0.13671
   1072.4   0.13667
   1072.9   0.13790
   1073.3   0.13831
   1073.8   0.13808
   1074.2   0.13697
   1074.7   0.13681
   1075.1   0.13790
   1075.5   0.13847
   1076.0   0.13848
   1076.4   0.13784
   1076.9   0.13804
   1077.3   0.13830
   1077.8   0.13857
   1078.2   0.13829
   1078.7   0.13840
   1079.1   0.13877
   1079.6   0.13862
   1080.0   0.13837
   1080.5   0.13874
   1080.9   0.13901
   1081.4   0.13892
   1081.8   0.13892
   1082.3   0.13991
   1082.7   0.14062
   1083.2   0.14012
   1083.6   0.13951
   1084.1   0.13887
   1084.5   0.13946
   1085.0   0.14064
   1085.5   0.14052
   1085.9   0.14022
   1086.4   0.14033
   1086.8   0.14070
   1087.3   0.14123
   1087.7   0.14074
   1088.2   0.14126
   1088.6   0.14131
   1089.1   0.14147
   1089.6   0.14145
   1090.0   0.14129
   1090.5   0.14140
   1090.9   0.14186
   1091.4   0.14175
   1091.9   0.14155
   1092.3   0.14107
   1092.8   0.14122
   1093.2   0.14197
   1093.7   0.14182
   1094.2   0.14152
   1094.6   0.14259
   1095.1   0.14277
   1095.5   0.14200
   1096.0   0.14220
   1096.5   0.14267
   1096.9   0.14338
   1097.4   0.14349
   1097.9   0.14344
   1098.3   0.14400
   1098.8   0.14339
   1099.3   0.14395
   1099.7   0.14410
   1100.2   0.14352
   1100.7   0.14302
   1101.1   0.14218
   1101.6   0.14223
   1102.1   0.14371
   1102.5   0.14477
   1103.0   0.14450
   1103.5   0.14411
   1103.9   0.14380
   1104.4   0.14393
   1104.9   0.14523
   1105.4   0.14447
   1105.8   0.14368
   1106.3   0.14491
   1106.8   0.14521
   1107.2   0.14437
   1107.7   0.14538
   1108.2   0.14668
   1108.7   0.14508
   1109.1   0.14346
   1109.6   0.14368
   1110.1   0.14540
   1110.6   0.14555
   1111.0   0.14508
   1111.5   0.14563
   1112.0   0.14613
   1112.5   0.14584
   1113.0   0.14584
   1113.4   0.14648
   1113.9   0.14629
   1114.4   0.14534
   1114.9   0.14558
   1115.3   0.14572
   1115.8   0.14612
   1116.3   0.14731
   1116.8   0.14736
   1117.3   0.14624
   1117.8   0.14623
   1118.2   0.14707
   1118.7   0.14731
   1119.2   0.14755
   1119.7   0.14721
   1120.2   0.14683
   1120.7   0.14758
   1121.1   0.14807
   1121.6   0.14750
   1122.1   0.14776
   1122.6   0.14882
   1123.1   0.14892
   1123.6   0.14820
   1124.1   0.14839
   1124.5   0.14926
   1125.0   0.14988
   1125.5   0.15021
   1126.0   0.15045
   1126.5   0.15031
   1127.0   0.14993
   1127.5   0.14943
   1128.0   0.14895
   1128.5   0.14895
   1128.9   0.14927
   1129.4   0.14965
   1129.9   0.15031
   1130.4   0.15049
   1130.9   0.15015
   1131.4   0.15039
   1131.9   0.15049
   1132.4   0.15014
   1132.9   0.15031
   1133.4   0.15092
   1133.9   0.15110
   1134.4   0.15126
   1134.9   0.15128
   1135.4   0.15092
   1135.9   0.15088
   1136.4   0.15112
   1136.9   0.15138
   1137.4   0.15106
   1137.9   0.15113
   1138.4   0.15153
   1138.9   0.15258
   1139.4   0.15301
   1139.9   0.15287
   1140.4   0.15244
   1140.9   0.15164
   1141.4   0.15143
   1141.9   0.15192
   1142.4   0.15268
   1142.9   0.15241
   1143.4   0.15252
   1143.9   0.15303
   1144.4   0.15357
   1144.9   0.15401
   1145.4   0.15386
   1145.9   0.15372
   1146.4   0.15343
   1146.9   0.15351
   1147.4   0.15349
   1147.9   0.15387
   1148.5   0.15383
   1149.0   0.15354
   1149.5   0.15403
   1150.0   0.15463
   1150.5   0.15448
   1151.0   0.15363
   1151.5   0.15399
   1152.0   0.15492
   1152.5   0.15542
   1153.1   0.15542
   1153.6   0.15502
   1154.1   0.15515
   1154.6   0.15492
   1155.1   0.15438
   1155.6   0.15483
   1156.1   0.15553
   1156.7   0.15540
   1157.2   0.15510
   1157.7   0.15575
   1158.2   0.15630
   1158.7   0.15624
   1159.2   0.15618
   1159.8   0.15555
   1160.3   0.15582
   1160.8   0.15619
   1161.3   0.15600
   1161.8   0.15648
   1162.4   0.15677
   1162.9   0.15702
   1163.4   0.15678
   1163.9   0.15672
   1164.5   0.15728
   1165.0   0.15763
   1165.5   0.15762
   1166.0   0.15728
   1166.5   0.15684
   1167.1   0.15729
   1167.6   0.15750
   1168.1   0.15739
   1168.7   0.15737
   1169.2   0.15726
   1169.7   0.15793
   1170.2   0.15809
   1170.8   0.15826
   1171.3   0.15850
   1171.8   0.15821
   1172.4   0.15866
   1172.9   0.15941
   1173.4   0.15939
   1173.9   0.15929
   1174.5   0.15901
   1175.0   0.15869
   1175.5   0.15914
   1176.1   0.15885
   1176.6   0.15901
   1177.1   0.16012
   1177.7   0.16059
   1178.2   0.15946
   1178.7   0.15898
   1179.3   0.15975
   1179.8   0.15962
   1180.4   0.15909
   1180.9   0.15968
   1181.4   0.16065
   1182.0   0.16013
   1182.5   0.16004
   1183.1   0.16079
   1183.6   0.16074
   1184.1   0.16063
   1184.7   0.16129
   1185.2   0.16175
   1185.8   0.16159
   1186.3   0.16137
   1186.8   0.16145
   1187.4   0.16170
   1187.9   0.16201
   1188.5   0.16234
   1189.0   0.16240
   1189.6   0.16227
   1190.1   0.16222
   1190.7   0.16258
   1191.2   0.16347
   1191.8   0.16364
   1192.3   0.16267
   1192.9   0.16192
   1193.4   0.16115
   1194.0   0.16153
   1194.5   0.16284
   1195.1   0.16369
   1195.6   0.16383
   1196.2   0.16433
   1196.7   0.16439
   1197.3   0.16486
   1197.8   0.16501
   1198.4   0.16386
   1198.9   0.16367
   1199.5   0.16390
   1200.0   0.16405
   1200.6   0.16451
   1201.1   0.16420
   1201.7   0.16405
   1202.3   0.16450
   1202.8   0.16400
   1203.4   0.16378
   1203.9   0.16469
   1204.5   0.16517
   1205.1   0.16531
   1205.6   0.16572
   1206.2   0.16548
   1206.7   0.16545
   1207.3   0.16550
   1207.9   0.16573
   1208.4   0.16609
   1209.0   0.16633
   1209.6   0.16598
   1210.1   0.16550
   1210.7   0.16557
   1211.2   0.16607
   1211.8   0.16636
   1212.4   0.16611
   1212.9   0.16631
   1213.5   0.16671
   1214.1   0.16614
   1214.7   0.16633
   1215.2   0.16715
   1215.8   0.16731
   1216.4   0.16761
   1216.9   0.16796
   1217.5   0.16790
   1218.1   0.16803
   1218.6   0.16814
   1219.2   0.16813
   1219.8   0.16823
   1220.4   0.16861
   1220.9   0.16853
   1221.5   0.16792
   1222.1   0.16819
   1222.7   0.16835
   1223.3   0.16836
   1223.8   0.16872
   1224.4   0.16885
   1225.0   0.16873
   1225.6   0.16842
   1226.1   0.16863
   1226.7   0.16856
   1227.3   0.16919
   1227.9   0.16949
   1228.5   0.16979
   1229.1   0.16975
   1229.6   0.16978
   1230.2   0.17014
   1230.8   0.17009
   1231.4   0.17052
   1232.0   0.17114
   1232.6   0.17042
   1233.1   0.16970
   1233.7   0.17042
   1234.3   0.17094
   1234.9   0.17077
   1235.5   0.17033
   1236.1   0.17016
   1236.7   0.17108
   1237.3   0.17162
   1237.9   0.17094
   1238.4   0.17144
   1239.0   0.17221
   1239.6   0.17222
   1240.2   0.17148
   1240.8   0.17124
   1241.4   0.17140
   1242.0   0.17162
   1242.6   0.17187
   1243.2   0.17207
   1243.8   0.17208
   1244.4   0.17220
   1245.0   0.17245
   1245.6   0.17294
   1246.2   0.17349
   1246.8   0.17334
   1247.4   0.17244
   1248.0   0.17263
   1248.6   0.17320
   1249.2   0.17341
   1249.8   0.17367
   1250.4   0.17403
   1251.0   0.17380
   1251.6   0.17338
   1252.2   0.17328
   1252.8   0.17296
   1253.4   0.17276
   1254.0   0.17383
   1254.6   0.17413
   1255.2   0.17410
   1255.8   0.17455
   1256.5   0.17492
   1257.1   0.17527
   1257.7   0.17571
   1258.3   0.17551
   1258.9   0.17536
   1259.5   0.17539
   1260.1   0.17527
   1260.7   0.17490
   1261.3   0.17497
   1262.0   0.17590
   1262.6   0.17626
   1263.2   0.17552
   1263.8   0.17565
   1264.4   0.17640
   1265.0   0.17672
   1265.7   0.17628
   1266.3   0.17641
   1266.9   0.17643
   1267.5   0.17681
   1268.1   0.17744
   1268.8   0.17745
   1269.4   0.17718
   1270.0   0.17650
   1270.6   0.17604
   1271.2   0.17654
   1271.9   0.17731
   1272.5   0.17722
   1273.1   0.17698
   1273.7   0.17710
   1274.4   0.17730
   1275.0   0.17782
   1275.6   0.17823
   1276.3   0.17836
   1276.9   0.17873
   1277.5   0.17883
   1278.1   0.17893
   1278.8   0.17938
   1279.4   0.17887
   1280.0   0.17839
   1280.7   0.17850
   1281.3   0.17846
   1281.9   0.17838
   1282.6   0.17866
   1283.2   0.17966
   1283.8   0.18002
   1284.5   0.17914
   1285.1   0.17911
   1285.7   0.17992
   1286.4   0.18015
   1287.0   0.18017
   1287.7   0.18025
   1288.3   0.17978
   1288.9   0.17987
   1289.6   0.18054
   1290.2   0.18076
   1290.9   0.18067
   1291.5   0.18077
   1292.2   0.18089
   1292.8   0.18127
   1293.4   0.18120
   1294.1   0.18120
   1294.7   0.18095
   1295.4   0.18134
   1296.0   0.18164
   1296.7   0.18170
   1297.3   0.18221
   1298.0   0.18206
   1298.6   0.18192
   1299.3   0.18233
   1299.9   0.18289
   1300.6   0.18324
   1301.2   0.18309
   1301.9   0.18295
   1302.5   0.18242
   1303.2   0.18219
   1303.9   0.18319
   1304.5   0.18398
   1305.2   0.18389
   1305.8   0.18426
   1306.5   0.18468
   1307.1   0.18410
   1307.8   0.18372
   1308.5   0.18398
   1309.1   0.18377
   1309.8   0.18362
   1310.4   0.18414
   1311.1   0.18493
   1311.8   0.18522
   1312.4   0.18559
   1313.1   0.18542
   1313.8   0.18542
   1314.4   0.18544
   1315.1   0.18546
   1315.8   0.18579
   1316.4   0.18577
   1317.1   0.18572
   1317.8   0.18633
   1318.4   0.18678
   1319.1   0.18684
   1319.8   0.18638
   1320.5   0.18601
   1321.1   0.18620
   1321.8   0.18635
   1322.5   0.18678
   1323.2   0.18704
   1323.8   0.18681
   1324.5   0.18678
   1325.2   0.18758
   1325.9   0.18808
   1326.5   0.18769
   1327.2   0.18729
   1327.9   0.18758
   1328.6   0.18804
   1329.3   0.18793
   1329.9   0.18779
   1330.6   0.18810
   1331.3   0.18818
   1332.0   0.18863
   1332.7   0.18875
   1333.4   0.18821
   1334.1   0.18857
   1334.7   0.18919
   1335.4   0.18931
   1336.1   0.18925
   1336.8   0.18937
   1337.5   0.18981
   1338.2   0.18989
   1338.9   0.18921
   1339.6   0.18934
   1340.3   0.18974
   1341.0   0.18983
   1341.6   0.18981
   1342.3   0.19031
   1343.0   0.19110
   1343.7   0.19101
   1344.4   0.19076
   1345.1   0.19071
   1345.8   0.19097
   1346.5   0.19058
   1347.2   0.19048
   1347.9   0.19079
   1348.6   0.19074
   1349.3   0.19075
   1350.0   0.19122
   1350.7   0.19152
   1351.4   0.19105
   1352.1   0.19109
   1352.9   0.19144
   1353.6   0.19190
   1354.3   0.19209
   1355.0   0.19286
   1355.7   0.19314
   1356.4   0.19295
   1357.1   0.19299
   1357.8   0.19293
   1358.5   0.19272
   1359.2   0.19235
   1360.0   0.19255
   1360.7   0.19290
   1361.4   0.19291
   1362.1   0.19325
   1362.8   0.19316
   1363.5   0.19354
   1364.2   0.19439
   1365.0   0.19435
   1365.7   0.19451
   1366.4   0.19493
   1367.1   0.19526
   1367.8   0.19523
   1368.6   0.19496
   1369.3   0.19520
   1370.0   0.19542
   1370.7   0.19538
   1371.5   0.19601
   1372.2   0.19611
   1372.9   0.19547
   1373.6   0.19538
   1374.4   0.19559
   1375.1   0.19567
   1375.8   0.19566
   1376.6   0.19572
   1377.3   0.19591
   1378.0   0.19625
   1378.8   0.19665
   1379.5   0.19642
   1380.2   0.19669
   1381.0   0.19707
   1381.7   0.19690
   1382.4   0.19745
   1383.2   0.19806
   1383.9   0.19787
   1384.7   0.19722
   1385.4   0.19734
   1386.1   0.19764
   1386.9   0.19800
   1387.6   0.19854
   1388.4   0.19857
   1389.1   0.19839
   1389.8   0.19861
   1390.6   0.19876
   1391.3   0.19852
   1392.1   0.19878
   1392.8   0.19898
   1393.6   0.19947
   1394.3   0.19993
   1395.1   0.19977
   1395.8   0.19954
   1396.6   0.19976
   1397.3   0.20007
   1398.1   0.20036
   1398.8   0.20026
   1399.6   0.20042
   1400.4   0.20086
   1401.1   0.20067
   1401.9   0.20047
   1402.6   0.20095
   1403.4   0.20108
   1404.2   0.20086
   1404.9   0.20156
   1405.7   0.20193
   1406.4   0.20185
   1407.2   0.20201
   1408.0   0.20237
   1408.7   0.20279
   1409.5   0.20285
   1410.3   0.20237
   1411.0   0.20245
   1411.8   0.20280
   1412.6   0.20293
   1413.3   0.20294
   1414.1   0.20290
   1414.9   0.20320
   1415.7   0.20366
   1416.4   0.20354
   1417.2   0.20317
   1418.0   0.20337
   1418.8   0.20378
   1419.5   0.20372
   1420.3   0.20392
   1421.1   0.20441
   1421.9   0.20451
   1422.6   0.20416
   1423.4   0.20408
   1424.2   0.20437
   1425.0   0.20450
   1425.8   0.20481
   1426.6   0.20507
   1427.3   0.20523
   1428.1   0.20577
   1428.9   0.20591
   1429.7   0.20556
   1430.5   0.20552
   1431.3   0.20574
   1432.1   0.20627
   1432.9   0.20607
   1433.7   0.20564
   1434.5   0.20635
   1435.3   0.20710
   1436.0   0.20696
   1436.8   0.20673
   1437.6   0.20698
   1438.4   0.20726
   1439.2   0.20724
   1440.0   0.20757
   1440.8   0.20799
   1441.6   0.20854
   1442.4   0.20869
   1443.2   0.20853
   1444.0   0.20862
   1444.9   0.20851
   1445.7   0.20834
   1446.5   0.20874
   1447.3   0.20901
   1448.1   0.20873
   1448.9   0.20874
   1449.7   0.20901
   1450.5   0.20963
   1451.3   0.20977
   1452.1   0.20973
   1453.0   0.21000
   1453.8   0.21024
   1454.6   0.21018
   1455.4   0.21016
   1456.2   0.21061
   1457.0   0.21105
   1457.9   0.21071
   1458.7   0.21028
   1459.5   0.21024
   1460.3   0.21053
   1461.1   0.21077
   1462.0   0.21133
   1462.8   0.21182
   1463.6   0.21198
   1464.4   0.21207
   1465.3   0.21173
   1466.1   0.21186
   1466.9   0.21215
   1467.8   0.21181
   1468.6   0.21210
   1469.4   0.21245
   1470.3   0.21224
   1471.1   0.21241
   1471.9   0.21294
   1472.8   0.21316
   1473.6   0.21299
   1474.4   0.21310
   1475.3   0.21325
   1476.1   0.21330
   1477.0   0.21365
   1477.8   0.21443
   1478.6   0.21454
   1479.5   0.21457
   1480.3   0.21446
   1481.2   0.21411
   1482.0   0.21417
   1482.9   0.21472
   1483.7   0.21480
   1484.6   0.21499
   1485.4   0.21546
   1486.3   0.21522
   1487.1   0.21500
   1488.0   0.21539
   1488.8   0.21570
   1489.7   0.21571
   1490.6   0.21592
   1491.4   0.21606
   1492.3   0.21592
   1493.1   0.21619
   1494.0   0.21655
   1494.8   0.21683
   1495.7   0.21647
   1496.6   0.21616
   1497.4   0.21668
   1498.3   0.21700
   1499.2   0.21687
   1500.0   0.21704
   1500.9   0.21731
   1501.8   0.21735
   1502.6   0.21756
   1503.5   0.21784
   1504.4   0.21826
   1505.3   0.21861
   1506.1   0.21880
   1507.0   0.21880
   1507.9   0.21851
   1508.8   0.21875
   1509.6   0.21882
   1510.5   0.21880
   1511.4   0.21881
   1512.3   0.21917
   1513.2   0.21979
   1514.1   0.22016
   1514.9   0.22002
   1515.8   0.21956
   1516.7   0.21946
   1517.6   0.22010
   1518.5   0.22062
   1519.4   0.22066
   1520.3   0.22026
   1521.2   0.22012
   1522.1   0.22048
   1523.0   0.22071
   1523.8   0.22036
   1524.7   0.22043
   1525.6   0.22143
   1526.5   0.22221
   1527.4   0.22226
   1528.3   0.22229
   1529.2   0.22212
   1530.1   0.22198
   1531.0   0.22223
   1532.0   0.22237
   1532.9   0.22230
   1533.8   0.22243
   1534.7   0.22281
   1535.6   0.22312
   1536.5   0.22292
   1537.4   0.22323
   1538.3   0.22370
   1539.2   0.22380
   1540.1   0.22356
   1541.1   0.22365
   1542.0   0.22380
   1542.9   0.22397
   1543.8   0.22388
   1544.7   0.22412
   1545.7   0.22414
   1546.6   0.22399
   1547.5   0.22404
   1548.4   0.22433
   1549.4   0.22472
   1550.3   0.22481
   1551.2   0.22520
   1552.1   0.22567
   1553.1   0.22547
   1554.0   0.22545
   1554.9   0.22538
   1555.9   0.22525
   1556.8   0.22561
   1557.7   0.22599
   1558.7   0.22667
   1559.6   0.22657
   1560.5   0.22605
   1561.5   0.22606
   1562.4   0.22632
   1563.4   0.22664
   1564.3   0.22703
   1565.3   0.22702
   1566.2   0.22698
   1567.2   0.22681
   1568.1   0.22693
   1569.0   0.22731
   1570.0   0.22783
   1571.0   0.22774
   1571.9   0.22748
   1572.9   0.22800
   1573.8   0.22895
   1574.8   0.22895
   1575.7   0.22899
   1576.7   0.22910
   1577.6   0.22898
   1578.6   0.22890
   1579.6   0.22878
   1580.5   0.22910
   1581.5   0.22950
   1582.5   0.22950
   1583.4   0.22934
   1584.4   0.22888
   1585.4   0.22930
   1586.3   0.22972
   1587.3   0.22956
   1588.3   0.22981
   1589.3   0.22998
   1590.2   0.23042
   1591.2   0.23089
   1592.2   0.23125
   1593.2   0.23148
   1594.1   0.23082
   1595.1   0.23031
   1596.1   0.23067
   1597.1   0.23146
   1598.1   0.23208
   1599.1   0.23218
   1600.0   0.23199
   1601.0   0.23171
   1602.0   0.23173
   1603.0   0.23195
   1604.0   0.23200
   1605.0   0.23174
   1606.0   0.23211
   1607.0   0.23280
   1608.0   0.23280
   1609.0   0.23265
   1610.0   0.23262
   1611.0   0.23299
   1612.0   0.23350
   1613.0   0.23376
   1614.0   0.23367
   1615.0   0.23376
   1616.0   0.23387
   1617.0   0.23390
   1618.0   0.23403
   1619.0   0.23424
   1620.0   0.23421
   1621.1   0.23416
   1622.1   0.23451
   1623.1   0.23469
   1624.1   0.23475
   1625.1   0.23509
   1626.1   0.23535
   1627.2   0.23530
   1628.2   0.23516
   1629.2   0.23532
   1630.2   0.23512
   1631.3   0.23528
   1632.3   0.23577
   1633.3   0.23611
   1634.3   0.23604
   1635.4   0.23607
   1636.4   0.23630
   1637.4   0.23663
   1638.5   0.23680
   1639.5   0.23701
   1640.5   0.23704
   1641.6   0.23722
   1642.6   0.23766
   1643.7   0.23763
   1644.7   0.23712
   1645.8   0.23719
   1646.8   0.23763
   1647.8   0.23809
   1648.9   0.23832
   1649.9   0.23810
   1651.0   0.23834
   1652.1   0.23869
   1653.1   0.23855
   1654.2   0.23824
   1655.2   0.23858
   1656.3   0.23912
   1657.3   0.23915
   1658.4   0.23889
   1659.5   0.23910
   1660.5   0.23964
   1661.6   0.23997
   1662.6   0.23955
   1663.7   0.23931
   1664.8   0.23944
   1665.9   0.23960
   1666.9   0.23995
   1668.0   0.24021
   1669.1   0.24027
   1670.1   0.24058
   1671.2   0.24081
   1672.3   0.24135
   1673.4   0.24147
   1674.5   0.24117
   1675.5   0.24148
   1676.6   0.24141
   1677.7   0.24104
   1678.8   0.24108
   1679.9   0.24124
   1681.0   0.24167
   1682.1   0.24198
   1683.2   0.24201
   1684.3   0.24236
   1685.3   0.24272
   1686.4   0.24306
   1687.5   0.24297
   1688.6   0.24276
   1689.7   0.24283
   1690.8   0.24307
   1692.0   0.24324
   1693.1   0.24332
   1694.2   0.24363
   1695.3   0.24362
   1696.4   0.24342
   1697.5   0.24369
   1698.6   0.24410
   1699.7   0.24430
   1700.8   0.24415
   1701.9   0.24412
   1703.1   0.24483
   1704.2   0.24541
   1705.3   0.24546
   1706.4   0.24538
   1707.6   0.24520
   1708.7   0.24503
   1709.8   0.24509
   1710.9   0.24517
   1712.1   0.24551
   1713.2   0.24592
   1714.3   0.24582
   1715.5   0.24567
   1716.6   0.24574
   1717.7   0.24594
   1718.9   0.24582
   1720.0   0.24598
   1721.2   0.24659
   1722.3   0.24663
   1723.4   0.24665
   1724.6   0.24678
   1725.7   0.24708
   1726.9   0.24722
   1728.0   0.24714
   1729.2   0.24761
   1730.4   0.24782
   1731.5   0.24766
   1732.7   0.24767
   1733.8   0.24776
   1735.0   0.24802
   1736.1   0.24854
   1737.3   0.24866
   1738.5   0.24887
   1739.6   0.24891
   1740.8   0.24901
   1742.0   0.24901
   1743.2   0.24925
   1744.3   0.24918
   1745.5   0.24926
   1746.7   0.24949
   1747.9   0.24947
   1749.0   0.24950
   1750.2   0.24991
   1751.4   0.25051
   1752.6   0.25047
   1753.8   0.25010
   1755.0   0.25049
   1756.1   0.25088
   1757.3   0.25092
   1758.5   0.25065
   1759.7   0.25074
   1760.9   0.25117
   1762.1   0.25146
   1763.3   0.25144
   1764.5   0.25120
   1765.7   0.25117
   1766.9   0.25129
   1768.1   0.25165
   1769.3   0.25174
   1770.5   0.25172
   1771.7   0.25148
   1773.0   0.25195
   1774.2   0.25237
   1775.4   0.25232
   1776.6   0.25210
   1777.8   0.25203
   1779.0   0.25247
   1780.3   0.25303
   1781.5   0.25320
   1782.7   0.25307
   1783.9   0.25351
   1785.2   0.25381
   1786.4   0.25387
   1787.6   0.25391
   1788.9   0.25379
   1790.1   0.25377
   1791.3   0.25404
   1792.6   0.25404
   1793.8   0.25406
   1795.1   0.25462
   1796.3   0.25503
   1797.6   0.25488
   1798.8   0.25479
   1800.0   0.25490
   1801.3   0.25502
   1802.6   0.25510
   1803.8   0.25516
   1805.1   0.25531
   1806.3   0.25582
   1807.6   0.25619
   1808.8   0.25609
   1810.1   0.25609
   1811.4   0.25608
   1812.6   0.25612
   1813.9   0.25621
   1815.2   0.25675
   1816.4   0.25735
   1817.7   0.25737
   1819.0   0.25746
   1820.3   0.25741
   1821.6   0.25745
   1822.8   0.25753
   1824.1   0.25774
   1825.4   0.25784
   1826.7   0.25782
   1828.0   0.25795
   1829.3   0.25814
   1830.6   0.25807
   1831.8   0.25793
   1833.1   0.25806
   1834.4   0.25849
   1835.7   0.25868
   1837.0   0.25885
   1838.3   0.25910
   1839.7   0.25927
   1841.0   0.25927
   1842.3   0.25970
   1843.6   0.25988
   1844.9   0.25989
   1846.2   0.26005
   1847.5   0.26038
   1848.8   0.26043
   1850.2   0.26046
   1851.5   0.26098
   1852.8   0.26111
   1854.1   0.26092
   1855.5   0.26131
   1856.8   0.26170
   1858.1   0.26147
   1859.4   0.26136
   1860.8   0.26133
   1862.1   0.26149
   1863.5   0.26177
   1864.8   0.26199
   1866.1   0.26235
   1867.5   0.26267
   1868.8   0.26249
   1870.2   0.26256
   1871.5   0.26300
   1872.9   0.26309
   1874.2   0.26330
   1875.6   0.26333
   1876.9   0.26307
   1878.3   0.26337
   1879.7   0.26361
   1881.0   0.26382
   1882.4   0.26401
   1883.8   0.26406
   1885.1   0.26397
   1886.5   0.26413
   1887.9   0.26417
   1889.3   0.26444
   1890.6   0.26488
   1892.0   0.26515
   1893.4   0.26525
   1894.8   0.26533
   1896.2   0.26539
   1897.6   0.26561
   1899.0   0.26596
   1900.3   0.26594
   1901.7   0.26587
   1903.1   0.26635
   1904.5   0.26671
   1905.9   0.26721
   1907.3   0.26758
   1908.7   0.26759
   1910.1   0.26756
   1911.6   0.26726
   1913.0   0.26714
   1914.4   0.26730
   1915.8   0.26736
   1917.2   0.26760
   1918.6   0.26815
   1920.0   0.26823
   1921.5   0.26817
   1922.9   0.26866
   1924.3   0.26905
   1925.8   0.26891
   1927.2   0.26900
   1928.6   0.26933
   1930.1   0.26957
   1931.5   0.26936
   1932.9   0.26917
   1934.4   0.26947
   1935.8   0.27013
   1937.3   0.27031
   1938.7   0.27015
   1940.2   0.27047
   1941.6   0.27098
   1943.1   0.27095
   1944.5   0.27076
   1946.0   0.27097
   1947.5   0.27143
   1948.9   0.27170
   1950.4   0.27184
   1951.9   0.27211
   1953.3   0.27236
   1954.8   0.27245
   1956.3   0.27253
   1957.8   0.27262
   1959.2   0.27297
   1960.7   0.27343
   1962.2   0.27312
   1963.7   0.27323
   1965.2   0.27358
   1966.7   0.27379
   1968.2   0.27415
   1969.7   0.27448
   1971.2   0.27423
   1972.7   0.27423
   1974.2   0.27444
   1975.7   0.27457
   1977.2   0.27473
   1978.7   0.27513
   1980.2   0.27531
   1981.7   0.27557
   1983.2   0.27572
   1984.7   0.27586
   1986.3   0.27611
   1987.8   0.27678
   1989.3   0.27662
   1990.8   0.27644
   1992.4   0.27676
   1993.9   0.27696
   1995.4   0.27706
   1997.0   0.27707
   1998.5   0.27727
   2000.1   0.27763
   2001.6   0.27817
   2003.1   0.27840
   2004.7   0.27838
   2006.2   0.27857
   2007.8   0.27878
   2009.4   0.27877
   2010.9   0.27853
   2012.5   0.27870
   2014.0   0.27934
   2015.6   0.27988
   2017.2   0.28012
   2018.7   0.28032
   2020.3   0.28031
   2021.9   0.27990
   2023.5   0.27998
   2025.1   0.28075
   2026.6   0.28117
   2028.2   0.28137
   2029.8   0.28181
   2031.4   0.28183
   2033.0   0.28175
   2034.6   0.28197
   2036.2   0.28197
   2037.8   0.28195
   2039.4   0.28223
   2041.0   0.28273
   2042.6   0.28300
   2044.2   0.28286
   2045.8   0.28312
   2047.4   0.28328
   2049.1   0.28298
   2050.7   0.28288
   2052.3   0.28329
   2053.9   0.28391
   2055.6   0.28429
   2057.2   0.28427
   2058.8   0.28483
   2060.5   0.28526
   2062.1   0.28509
   2063.7   0.28498
   2065.4   0.28523
   2067.0   0.28549
   2068.7   0.28597
   2070.3   0.28617
   2072.0   0.28632
   2073.7   0.28658
   2075.3   0.28645
   2077.0   0.28705
   2078.6   0.28751
   2080.3   0.28749
   2082.0   0.28777
   2083.7   0.28804
   2085.3   0.28819
   2087.0   0.28840
   2088.7   0.28873
   2090.4   0.28872
   2092.1   0.28862
   2093.8   0.28899
   2095.4   0.28908
   2097.1   0.28960
   2098.8   0.29018
   2100.5   0.29018
   2102.2   0.29041
   2104.0   0.29075
   2105.7   0.29093
   2107.4   0.29117
   2109.1   0.29124
   2110.8   0.29161
   2112.5   0.29190
   2114.2   0.29197
   2116.0   0.29224
   2117.7   0.29288
   2119.4   0.29273
   2121.2   0.29264
   2122.9   0.29300
   2124.6   0.29336
   2126.4   0.29347
   2128.1   0.29369
   2129.9   0.29387
   2131.6   0.29398
   2133.4   0.29441
   2135.1   0.29477
   2136.9   0.29477
   2138.7   0.29477
   2140.4   0.29508
   2142.2   0.29533
   2144.0   0.29527
   2145.8   0.29530
   2147.5   0.29569
   2149.3   0.29640
   2151.1   0.29676
   2152.9   0.29687
   2154.7   0.29657
   2156.5   0.29701
   2158.3   0.29763
   2160.1   0.29754
   2161.9   0.29724
   2163.7   0.29771
   2165.5   0.29834
   2167.3   0.29851
   2169.1   0.29863
   2170.9   0.29873
   2172.7   0.29892
   2174.6   0.29916
   2176.4   0.29913
   2178.2   0.29943
   2180.0   0.29997
   2181.9   0.30014
   2183.7   0.30030
   2185.6   0.30045
   2187.4   0.30076
   2189.2   0.30090
   2191.1   0.30105
   2193.0   0.30146
   2194.8   0.30170
   2196.7   0.30177
   2198.5   0.30210
   2200.4   0.30231
   2202.3   0.30234
   2204.1   0.30261
   2206.0   0.30263
   2207.9   0.30287
   2209.8   0.30337
   2211.7   0.30338
   2213.6   0.30367
   2215.4   0.30422
   2217.3   0.30432
   2219.2   0.30442
   2221.1   0.30454
   2223.0   0.30508
   2225.0   0.30550
   2226.9   0.30595
   2228.8   0.30618
   2230.7   0.30619
   2232.6   0.30620
   2234.5   0.30631
   2236.5   0.30627
   2238.4   0.30664
   2240.3   0.30744
   2242.3   0.30769
   2244.2   0.30757
   2246.2   0.30790
   2248.1   0.30844
   2250.1   0.30869
   2252.0   0.30904
   2254.0   0.30938
   2255.9   0.30928
   2257.9   0.30952
   2259.9   0.31015
   2261.8   0.31024
   2263.8   0.31024
   2265.8   0.31031
   2267.8   0.31080
   2269.8   0.31131
   2271.8   0.31135
   2273.7   0.31153
   2275.7   0.31193
   2277.7   0.31220
   2279.7   0.31259
   2281.7   0.31289
   2283.8   0.31287
   2285.8   0.31314
   2287.8   0.31340
   2289.8   0.31342
   2291.8   0.31352
   2293.9   0.31403
   2295.9   0.31473
   2297.9   0.31504
   2300.0   0.31522
   2302.0   0.31523
   2304.1   0.31555
   2306.1   0.31621
   2308.2   0.31643
   2310.2   0.31642
   2312.3   0.31690
   2314.3   0.31706
   2316.4   0.31716
   2318.5   0.31756
   2320.6   0.31795
   2322.6   0.31824
   2324.7   0.31847
   2326.8   0.31831
   2328.9   0.31822
   2331.0   0.31881
   2333.1   0.31930
   2335.2   0.31946
   2337.3   0.31972
   2339.4   0.32007
   2341.5   0.32053
   2343.6   0.32096
   2345.8   0.32092
   2347.9   0.32084
   2350.0   0.32127
   2352.1   0.32164
   2354.3   0.32194
   2356.4   0.32210
   2358.6   0.32249
   2360.7   0.32276
   2362.9   0.32268
   2365.0   0.32311
   2367.2   0.32402
   2369.3   0.32412
   2371.5   0.32402
   2373.7   0.32412
   2375.9   0.32424
   2378.0   0.32449
   2380.2   0.32488
   2382.4   0.32541
   2384.6   0.32525
   2386.8   0.32561
   2389.0   0.32645
   2391.2   0.32665
   2393.4   0.32659
   2395.6   0.32676
   2397.8   0.32682
   2400.1   0.32685
   2402.3   0.32700
   2404.5   0.32740
   2406.7   0.32778
   2409.0   0.32821
   2411.2   0.32838
   2413.5   0.32847
   2415.7   0.32906
   2418.0   0.32956
   2420.2   0.32969
   2422.5   0.32988
   2424.8   0.33029
   2427.0   0.33052
   2429.3   0.33092
   2431.6   0.33112
   2433.9   0.33115
   2436.2   0.33142
   2438.4   0.33166
   2440.7   0.33200
   2443.0   0.33242
   2445.3   0.33275
   2447.7   0.33291
   2450.0   0.33261
   2452.3   0.33258
   2454.6   0.33342
   2456.9   0.33360
   2459.3   0.33384
   2461.6   0.33428
   2463.9   0.33465
   2466.3   0.33521
   2468.6   0.33538
   2471.0   0.33551
   2473.3   0.33592
   2475.7   0.33620
   2478.1   0.33630
   2480.4   0.33596
   2482.8   0.33643
   2485.2   0.33739
   2487.6   0.33785
   2490.0   0.33781
   2492.4   0.33796
   2494.8   0.33811
   2497.2   0.33847
   2499.6   0.33864
   2499.6   0.33879
   2500.8   0.33877
   2502.0   0.33884
   2503.2   0.33899
   2504.4   0.33901
   2505.6   0.33915
   2506.8   0.33923
   2508.0   0.33931
   2509.3   0.33939
   2510.5   0.33940
   2511.7   0.33957
   2512.9   0.33980
   2514.1   0.34007
   2515.3   0.34024
   2516.6   0.34033
   2517.8   0.34044
   2519.0   0.34054
   2520.2   0.34055
   2521.5   0.34057
   2522.7   0.34068
   2523.9   0.34095
   2525.2   0.34111
   2526.4   0.34102
   2527.6   0.34117
   2528.8   0.34126
   2530.1   0.34144
   2531.3   0.34181
   2532.6   0.34190
   2533.8   0.34177
   2535.0   0.34169
   2536.3   0.34211
   2537.5   0.34203
   2538.8   0.34176
   2540.0   0.34213
   2541.2   0.34239
   2542.5   0.34286
   2543.7   0.34303
   2545.0   0.34243
   2546.2   0.34239
   2547.5   0.34275
   2548.7   0.34295
   2550.0   0.34274
   2551.2   0.34333
   2552.5   0.34361
   2553.8   0.34342
   2555.0   0.34276
   2556.3   0.34305
   2557.5   0.34331
   2558.8   0.34361
   2560.1   0.34418
   2561.3   0.34512
   2562.6   0.34470
   2563.9   0.34378
   2565.1   0.34356
   2566.4   0.34284
   2567.7   0.34344
   2568.9   0.34481
   2570.2   0.34555
   2571.5   0.34390
   2572.8   0.34424
   2574.0   0.34630
   2575.3   0.34406
   2576.6   0.34469
   2577.9   0.34545
   2579.2   0.34413
   2580.5   0.34490
   2581.7   0.34594
   2583.0   0.34525
   2584.3   0.34699
   2585.6   0.34473
   2586.9   0.34479
   2588.2   0.34649
   2589.5   0.34529
   2590.8   0.34522
   2592.1   0.34554
   2593.4   0.34707
   2594.7   0.35042
   2596.0   0.34868
   2597.3   0.34263
   2598.6   0.34375
   2599.9   0.34569
   2601.2   0.34721
   2602.5   0.34757
   2603.8   0.34742
   2605.1   0.34834
   2606.4   0.34850
   2607.7   0.34605
   2609.0   0.34650
   2610.3   0.34741
   2611.7   0.34710
   2613.0   0.34734
   2614.3   0.34787
   2615.6   0.34750
   2616.9   0.34982
   2618.3   0.34831
   2619.6   0.34684
   2620.9   0.34984
   2622.2   0.34726
   2623.6   0.34652
   2624.9   0.34842
   2626.2   0.34974
   2627.5   0.35037
   2628.9   0.34764
   2630.2   0.35020
   2631.5   0.35047
   2632.9   0.34707
   2634.2   0.34881
   2635.6   0.34914
   2636.9   0.34872
   2638.2   0.34940
   2639.6   0.34939
   2640.9   0.34981
   2642.3   0.35005
   2643.6   0.34998
   2645.0   0.35002
   2646.3   0.35088
   2647.7   0.34980
   2649.0   0.34972
   2650.4   0.35021
   2651.7   0.35098
   2653.1   0.35149
   2654.4   0.35030
   2655.8   0.35046
   2657.2   0.35065
   2658.5   0.35035
   2659.9   0.35171
   2661.3   0.35094
   2662.6   0.35062
   2664.0   0.35130
   2665.4   0.35374
   2666.7   0.35254
   2668.1   0.35043
   2669.5   0.34973
   2670.9   0.35435
   2672.2   0.34976
   2673.6   0.34796
   2675.0   0.35109
   2676.4   0.35280
   2677.8   0.35229
   2679.1   0.35065
   2680.5   0.35079
   2681.9   0.34977
   2683.3   0.35151
   2684.7   0.35174
   2686.1   0.35124
   2687.5   0.35126
   2688.9   0.35083
   2690.3   0.35087
   2691.7   0.35089
   2693.1   0.35211
   2694.5   0.35289
   2695.9   0.35058
   2697.3   0.34945
   2698.7   0.34971
   2700.1   0.35058
   2701.5   0.35126
   2702.9   0.35031
   2704.3   0.34931
   2705.7   0.34993
   2707.1   0.34986
   2708.5   0.35036
   2710.0   0.35078
   2711.4   0.35079
   2712.8   0.34801
   2714.2   0.34673
   2715.6   0.34834
   2717.1   0.34854
   2718.5   0.34885
   2719.9   0.34936
   2721.3   0.35038
   2722.8   0.34561
   2724.2   0.34693
   2725.6   0.34779
   2727.1   0.34466
   2728.5   0.34474
   2729.9   0.34546
   2731.4   0.34541
   2732.8   0.34499
   2734.2   0.34518
   2735.7   0.34546
   2737.1   0.34306
   2738.6   0.34374
   2740.0   0.34550
   2741.5   0.34328
   2742.9   0.34034
   2744.4   0.33993
   2745.8   0.34081
   2747.3   0.34066
   2748.7   0.34015
   2750.2   0.33968
   2751.7   0.33945
   2753.1   0.33901
   2754.6   0.33922
   2756.1   0.34053
   2757.5   0.33611
   2759.0   0.33465
   2760.5   0.33572
   2761.9   0.33628
   2763.4   0.33623
   2764.9   0.33421
   2766.3   0.33322
   2767.8   0.33395
   2769.3   0.33328
   2770.8   0.33307
   2772.3   0.33242
   2773.7   0.33091
   2775.2   0.33081
   2776.7   0.33090
   2778.2   0.33058
   2779.7   0.33005
   2781.2   0.32984
   2782.7   0.32933
   2784.2   0.32846
   2785.7   0.32843
   2787.2   0.32908
   2788.7   0.32797
   2790.2   0.32644
   2791.7   0.32646
   2793.2   0.32671
   2794.7   0.32653
   2796.2   0.32607
   2797.7   0.32571
   2799.2   0.32549
   2800.7   0.32536
   2802.2   0.32577
   2803.8   0.32594
   2805.3   0.32445
   2806.8   0.32369
   2808.3   0.32392
   2809.8   0.32392
   2811.4   0.32366
   2812.9   0.32361
   2814.4   0.32355
   2815.9   0.32341
   2817.5   0.32300
   2819.0   0.32322
   2820.5   0.32323
   2822.1   0.32269
   2823.6   0.32234
   2825.1   0.32243
   2826.7   0.32246
   2828.2   0.32243
   2829.8   0.32220
   2831.3   0.32223
   2832.9   0.32239
   2834.4   0.32232
   2836.0   0.32216
   2837.5   0.32195
   2839.1   0.32184
   2840.6   0.32169
   2842.2   0.32167
   2843.7   0.32183
   2845.3   0.32182
   2846.9   0.32180
   2848.4   0.32184
   2850.0   0.32193
   2851.6   0.32162
   2853.1   0.32167
   2854.7   0.32186
   2856.3   0.32167
   2857.8   0.32152
   2859.4   0.32161
   2861.0   0.32174
   2862.6   0.32187
   2864.2   0.32180
   2865.7   0.32172
   2867.3   0.32186
   2868.9   0.32186
   2870.5   0.32178
   2872.1   0.32198
   2873.7   0.32191
   2875.3   0.32181
   2876.9   0.32181
   2878.5   0.32194
   2880.1   0.32196
   2881.7   0.32201
   2883.3   0.32196
   2884.9   0.32198
   2886.5   0.32203
   2888.1   0.32214
   2889.7   0.32213
   2891.3   0.32208
   2892.9   0.32218
   2894.5   0.32221
   2896.2   0.32225
   2897.8   0.32231
   2899.4   0.32233
   2901.0   0.32249
   2902.7   0.32236
   2904.3   0.32231
   2905.9   0.32250
   2907.5   0.32256
   2909.2   0.32264
   2910.8   0.32270
   2912.4   0.32266
   2914.1   0.32274
   2915.7   0.32278
   2917.4   0.32280
   2919.0   0.32286
   2920.6   0.32291
   2922.3   0.32302
   2923.9   0.32319
   2925.6   0.32321
   2927.2   0.32318
   2928.9   0.32326
   2930.5   0.32336
   2932.2   0.32341
   2933.9   0.32337
   2935.5   0.32346
   2937.2   0.32368
   2938.9   0.32375
   2940.5   0.32376
   2942.2   0.32373
   2943.9   0.32385
   2945.5   0.32393
   2947.2   0.32410
   2948.9   0.32410
   2950.6   0.32419
   2952.2   0.32437
   2953.9   0.32452
   2955.6   0.32464
   2957.3   0.32474
   2959.0   0.32478
   2960.7   0.32478
   2962.4   0.32478
   2964.1   0.32490
   2965.8   0.32507
   2967.4   0.32513
   2969.1   0.32509
   2970.9   0.32529
   2972.6   0.32548
   2974.3   0.32561
   2976.0   0.32568
   2977.7   0.32572
   2979.4   0.32583
   2981.1   0.32605
   2982.8   0.32615
   2984.5   0.32615
   2986.3   0.32617
   2988.0   0.32633
   2989.7   0.32647
   2991.4   0.32656
   2993.1   0.32672
   2994.9   0.32686
   2996.6   0.32694
   2998.3   0.32696
   3000.1   0.32714
   3001.8   0.32722
   3003.6   0.32729
   3005.3   0.32749
   3007.0   0.32759
   3008.8   0.32776
   3010.5   0.32789
   3012.3   0.32798
   3014.0   0.32811
   3015.8   0.32826
   3017.5   0.32834
   3019.3   0.32844
   3021.1   0.32848
   3022.8   0.32856
   3024.6   0.32855
   3026.3   0.32865
   3028.1   0.32881
   3029.9   0.32901
   3031.7   0.32906
   3033.4   0.32918
   3035.2   0.32934
   3037.0   0.32943
   3038.8   0.32934
   3040.5   0.32943
   3042.3   0.32964
   3044.1   0.32981
   3045.9   0.32997
   3047.7   0.32999
   3049.5   0.33002
   3051.3   0.33016
   3053.1   0.33023
   3054.9   0.33031
   3056.7   0.33044
   3058.5   0.33053
   3060.3   0.33068
   3062.1   0.33089
   3063.9   0.33104
   3065.7   0.33116
   3067.5   0.33130
   3069.4   0.33150
   3071.2   0.33161
   3073.0   0.33170
   3074.8   0.33189
   3076.6   0.33207
   3078.5   0.33221
   3080.3   0.33238
   3082.1   0.33259
   3084.0   0.33275
   3085.8   0.33291
   3087.6   0.33311
   3089.5   0.33331
   3091.3   0.33350
   3093.2   0.33356
   3095.0   0.33375
   3096.9   0.33392
   3098.7   0.33413
   3100.6   0.33438
   3102.4   0.33450
   3104.3   0.33466
   3106.1   0.33481
   3108.0   0.33490
   3109.9   0.33505
   3111.7   0.33530
   3113.6   0.33549
   3115.5   0.33574
   3117.3   0.33597
   3119.2   0.33612
   3121.1   0.33632
   3123.0   0.33644
   3124.9   0.33659
   3126.7   0.33679
   3128.6   0.33699
   3130.5   0.33718
   3132.4   0.33736
   3134.3   0.33754
   3136.2   0.33782
   3138.1   0.33800
   3140.0   0.33815
   3141.9   0.33829
   3143.8   0.33852
   3145.7   0.33875
   3147.6   0.33904
   3149.5   0.33913
   3151.4   0.33936
   3153.4   0.33960
   3155.3   0.33982
   3157.2   0.33999
   3159.1   0.34017
   3161.1   0.34040
   3163.0   0.34066
   3164.9   0.34087
   3166.9   0.34104
   3168.8   0.34127
   3170.7   0.34154
   3172.7   0.34157
   3174.6   0.34173
   3176.6   0.34202
   3178.5   0.34230
   3180.5   0.34249
   3182.4   0.34275
   3184.4   0.34290
   3186.3   0.34301
   3188.3   0.34323
   3190.2   0.34350
   3192.2   0.34373
   3194.2   0.34388
   3196.1   0.34403
   3198.1   0.34431
   3200.1   0.34456
   3202.1   0.34482
   3204.0   0.34491
   3206.0   0.34494
   3208.0   0.34511
   3210.0   0.34534
   3212.0   0.34561
   3214.0   0.34589
   3216.0   0.34608
   3218.0   0.34619
   3220.0   0.34640
   3222.0   0.34660
   3224.0   0.34678
   3226.0   0.34698
   3228.0   0.34718
   3230.0   0.34746
   3232.0   0.34758
   3234.0   0.34768
   3236.0   0.34787
   3238.1   0.34806
   3240.1   0.34829
   3242.1   0.34846
   3244.1   0.34852
   3246.2   0.34875
   3248.2   0.34892
   3250.2   0.34905
   3252.3   0.34921
   3254.3   0.34943
   3256.4   0.34956
   3258.4   0.34982
   3260.5   0.35003
   3262.5   0.35015
   3264.6   0.35032
   3266.6   0.35051
   3268.7   0.35072
   3270.7   0.35098
   3272.8   0.35117
   3274.9   0.35134
   3277.0   0.35152
   3279.0   0.35179
   3281.1   0.35201
   3283.2   0.35212
   3285.3   0.35225
   3287.3   0.35239
   3289.4   0.35251
   3291.5   0.35278
   3293.6   0.35300
   3295.7   0.35320
   3297.8   0.35338
   3299.9   0.35353
   3302.0   0.35365
   3304.1   0.35380
   3306.2   0.35393
   3308.3   0.35409
   3310.4   0.35430
   3312.5   0.35455
   3314.7   0.35472
   3316.8   0.35482
   3318.9   0.35487
   3321.0   0.35499
   3323.2   0.35517
   3325.3   0.35547
   3327.4   0.35571
   3329.6   0.35586
   3331.7   0.35587
   3333.8   0.35598
   3336.0   0.35606
   3338.1   0.35612
   3340.3   0.35612
   3342.4   0.35607
   3344.6   0.35611
   3346.8   0.35619
   3348.9   0.35614
   3351.1   0.35609
   3353.3   0.35598
   3355.4   0.35582
   3357.6   0.35558
   3359.8   0.35534
   3362.0   0.35504
   3364.1   0.35469
   3366.3   0.35414
   3368.5   0.35350
   3370.7   0.35282
   3372.9   0.35226
   3375.1   0.35196
   3377.3   0.35191
   3379.5   0.35205
   3381.7   0.35245
   3383.9   0.35308
   3386.1   0.35378
   3388.3   0.35429
   3390.5   0.35476
   3392.8   0.35492
   3395.0   0.35473
   3397.2   0.35429
   3399.4   0.35386
   3401.7   0.35333
   3403.9   0.35271
   3406.1   0.35204
   3408.4   0.35137
   3410.6   0.35075
   3412.9   0.35028
   3415.1   0.34994
   3417.4   0.34989
   3419.6   0.35008
   3421.9   0.35063
   3424.1   0.35148
   3426.4   0.35253
   3428.7   0.35351
   3430.9   0.35449
   3433.2   0.35539
   3435.5   0.35635
   3437.8   0.35723
   3440.0   0.35794
   3442.3   0.35852
   3444.6   0.35905
   3446.9   0.35955
   3449.2   0.36011
   3451.5   0.36061
   3453.8   0.36098
   3456.1   0.36137
   3458.4   0.36179
   3460.7   0.36217
   3463.0   0.36246
   3465.3   0.36259
   3467.6   0.36273
   3470.0   0.36270
   3472.3   0.36271
   3474.6   0.36267
   3477.0   0.36274
   3479.3   0.36286
   3481.6   0.36297
   3484.0   0.36313
   3486.3   0.36328
   3488.7   0.36328
   3491.0   0.36326
   3493.4   0.36314
   3495.7   0.36299
   3498.1   0.36276
   3500.4   0.36263
   3502.8   0.36265
   3505.2   0.36305
   3507.5   0.36370
   3509.9   0.36461
   3512.3   0.36558
   3514.7   0.36653
   3517.1   0.36738
   3519.4   0.36818
   3521.8   0.36884
   3524.2   0.36934
   3526.6   0.36982
   3529.0   0.37027
   3531.4   0.37063
   3533.8   0.37098
   3536.2   0.37128
   3538.7   0.37159
   3541.1   0.37178
   3543.5   0.37198
   3545.9   0.37224
   3548.3   0.37249
   3550.8   0.37274
   3553.2   0.37299
   3555.6   0.37322
   3558.1   0.37339
   3560.5   0.37352
   3563.0   0.37373
   3565.4   0.37399
   3567.9   0.37423
   3570.3   0.37441
   3572.8   0.37462
   3575.3   0.37475
   3577.7   0.37497
   3580.2   0.37518
   3582.7   0.37537
   3585.2   0.37551
   3587.6   0.37571
   3590.1   0.37589
   3592.6   0.37609
   3595.1   0.37632
   3597.6   0.37655
   3600.1   0.37672
   3602.6   0.37689
   3605.1   0.37706
   3607.6   0.37728
   3610.1   0.37742
   3612.6   0.37762
   3615.2   0.37782
   3617.7   0.37802
   3620.2   0.37820
   3622.7   0.37846
   3625.3   0.37865
   3627.8   0.37883
   3630.3   0.37898
   3632.9   0.37920
   3635.4   0.37932
   3638.0   0.37945
   3640.5   0.37963
   3643.1   0.37981
   3645.7   0.37996
   3648.2   0.38017
   3650.8   0.38032
   3653.4   0.38052
   3655.9   0.38071
   3658.5   0.38093
   3661.1   0.38107
   3663.7   0.38123
   3666.3   0.38141
   3668.9   0.38163
   3671.5   0.38180
   3674.1   0.38203
   3676.7   0.38219
   3679.3   0.38235
   3681.9   0.38249
   3684.5   0.38269
   3687.2   0.38286
   3689.8   0.38304
   3692.4   0.38319
   3695.0   0.38341
   3697.7   0.38361
   3700.3   0.38380
   3703.0   0.38395
   3705.6   0.38409
   3708.3   0.38421
   3710.9   0.38440
   3713.6   0.38451
   3716.2   0.38467
   3718.9   0.38480
   3721.6   0.38499
   3724.2   0.38517
   3726.9   0.38531
   3729.6   0.38542
   3732.3   0.38558
   3735.0   0.38578
   3737.7   0.38596
   3740.4   0.38608
   3743.1   0.38625
   3745.8   0.38632
   3748.5   0.38652
   3751.2   0.38668
   3753.9   0.38685
   3756.6   0.38701
   3759.3   0.38721
   3762.1   0.38732
   3764.8   0.38746
   3767.5   0.38761
   3770.3   0.38776
   3773.0   0.38794
   3775.8   0.38812
   3778.5   0.38824
   3781.3   0.38834
   3784.0   0.38849
   3786.8   0.38867
   3789.6   0.38876
   3792.3   0.38887
   3795.1   0.38898
   3797.9   0.38911
   3800.7   0.38917
   3803.5   0.38927
   3806.3   0.38946
   3809.1   0.38960
   3811.9   0.38970
   3814.7   0.38981
   3817.5   0.38990
   3820.3   0.39006
   3823.1   0.39013
   3825.9   0.39026
   3828.8   0.39036
   3831.6   0.39053
   3834.4   0.39064
   3837.3   0.39079
   3840.1   0.39084
   3842.9   0.39091
   3845.8   0.39099
   3848.7   0.39112
   3851.5   0.39118
   3854.4   0.39129
   3857.2   0.39137
   3860.1   0.39153
   3863.0   0.39164
   3865.9   0.39174
   3868.8   0.39178
   3871.6   0.39190
   3874.5   0.39197
   3877.4   0.39208
   3880.3   0.39212
   3883.2   0.39223
   3886.2   0.39234
   3889.1   0.39251
   3892.0   0.39259
   3894.9   0.39268
   3897.8   0.39274
   3900.8   0.39287
   3903.7   0.39290
   3906.7   0.39293
   3909.6   0.39293
   3912.6   0.39304
   3915.5   0.39309
   3918.5   0.39319
   3921.4   0.39326
   3924.4   0.39338
   3927.4   0.39341
   3930.4   0.39350
   3933.3   0.39354
   3936.3   0.39364
   3939.3   0.39367
   3942.3   0.39371
   3945.3   0.39377
   3948.3   0.39385
   3951.3   0.39385
   3954.3   0.39393
   3957.4   0.39395
   3960.4   0.39393
   3963.4   0.39393
   3966.4   0.39400
   3969.5   0.39406
   3972.5   0.39411
   3975.6   0.39413
   3978.6   0.39417
   3981.7   0.39413
   3984.7   0.39416
   3987.8   0.39419
   3990.9   0.39425
   3993.9   0.39421
   3997.0   0.39427
   4000.1   0.39428
   4003.2   0.39428
   4006.3   0.39422
   4009.4   0.39420
   4012.5   0.39420
   4015.6   0.39423
   4018.7   0.39419
   4021.8   0.39419
   4024.9   0.39418
   4028.1   0.39418
   4031.2   0.39413
   4034.3   0.39415
   4037.5   0.39417
   4040.6   0.39420
   4043.8   0.39415
   4046.9   0.39418
   4050.1   0.39417
   4053.3   0.39413
   4056.4   0.39409
   4059.6   0.39415
   4062.8   0.39415
   4066.0   0.39413
   4069.2   0.39407
   4072.4   0.39409
   4075.6   0.39409
   4078.8   0.39410
   4082.0   0.39404
   4085.2   0.39408
   4088.4   0.39411
   4091.7   0.39414
   4094.9   0.39403
   4098.1   0.39408
   4101.4   0.39409
   4104.6   0.39411
   4107.9   0.39408
   4111.1   0.39412
   4114.4   0.39409
   4117.7   0.39410
   4120.9   0.39402
   4124.2   0.39406
   4127.5   0.39402
   4130.8   0.39406
   4134.1   0.39403
   4137.4   0.39401
   4140.7   0.39396
   4144.0   0.39398
   4147.3   0.39400
   4150.6   0.39400
   4154.0   0.39400
   4157.3   0.39409
   4160.6   0.39407
   4164.0   0.39407
   4167.3   0.39404
   4170.7   0.39403
   4174.0   0.39396
   4177.4   0.39401
   4382.2   0.38709
   4385.9   0.38697
   4389.6   0.38684
   4393.3   0.38665
   4397.1   0.38647
   4400.8   0.38625
   4404.5   0.38612
   4408.3   0.38594
   4412.0   0.38579
   4415.8   0.38562
   4419.6   0.38552
   4423.3   0.38536
   4427.1   0.38529
   4430.9   0.38518
   4434.7   0.38510
   4438.5   0.38498
   4442.3   0.38490
   4446.1   0.38477
   4449.9   0.38471
   4453.7   0.38455
   4457.6   0.38446
   4461.4   0.38433
   4465.2   0.38419
   4469.1   0.38403
   4472.9   0.38395
   4476.8   0.38376
   4480.7   0.38362
   4484.5   0.38339
   4488.4   0.38321
   4492.3   0.38299
   4496.2   0.38280
   4500.1   0.38256
   4504.0   0.38234
   4507.9   0.38204
   4511.9   0.38177
   4515.8   0.38144
   4519.7   0.38124
   4523.7   0.38098
   4527.6   0.38069
   4531.6   0.38033
   4535.6   0.38007
   4539.5   0.37974
   4543.5   0.37945
   4547.5   0.37908
   4551.5   0.37872
   4555.5   0.37834
   4559.5   0.37801
   4563.5   0.37762
   4567.5   0.37724
   4571.5   0.37683
   4575.6   0.37646
   4579.6   0.37596
   4583.7   0.37555
   4587.7   0.37512
   4591.8   0.37467
   4595.9   0.37414
   4599.9   0.37365
   4604.0   0.37314
   4608.1   0.37268
   4612.2   0.37208
   4616.3   0.37155
   4620.4   0.37090
   4624.6   0.37029
   4628.7   0.36968
   4632.8   0.36913
   4637.0   0.36847
   4641.1   0.36779
   4645.3   0.36715
   4649.4   0.36659
   4653.6   0.36598
   4657.8   0.36544
   4662.0   0.36483
   4666.2   0.36433
   4670.4   0.36377
   4674.6   0.36329
   4678.8   0.36274
   4683.0   0.36223
   4687.3   0.36165
   4691.5   0.36113
   4695.8   0.36055
   4700.0   0.36000
   4704.3   0.35943
   4708.6   0.35890
   4712.9   0.35829
   4717.1   0.35776
   4721.4   0.35717
   4725.7   0.35657
   4730.1   0.35592
   4734.4   0.35536
   4738.7   0.35480
   4743.0   0.35425
   4747.4   0.35359
   4751.7   0.35302
   4756.1   0.35245
   4760.5   0.35194
   4764.8   0.35137
   4769.2   0.35083
   4773.6   0.35025
   4778.0   0.34977
   4782.4   0.34923
   4786.8   0.34876
   4791.3   0.34823
   4795.7   0.34775
   4800.1   0.34723
   4804.6   0.34669
   4809.0   0.34611
   4813.5   0.34563
   4818.0   0.34507
   4822.5   0.34451
   4826.9   0.34387
   4831.4   0.34334
   4835.9   0.34270
   4840.5   0.34211
   4845.0   0.34149
   4849.5   0.34085
   4854.1   0.34023
   4858.6   0.33963
   4863.2   0.33897
   4867.7   0.33839
   4872.3   0.33772
   4876.9   0.33704
   4881.5   0.33633
   4886.1   0.33567
   4890.7   0.33500
   4895.3   0.33433
   4899.9   0.33360
   4904.6   0.33287
   4909.2   0.33215
   4913.9   0.33145
   4918.5   0.33061
   4923.2   0.32990
   4927.9   0.32919
   4932.6   0.32843
   4937.3   0.32748
   4942.0   0.32680
   4946.7   0.32604
   4951.4   0.32530
   4956.2   0.32453
   4960.9   0.32372
   4965.6   0.32282
   4970.4   0.32210
   4975.2   0.32129
   4980.0   0.32053
   4984.7   0.31970
   4989.5   0.31892
   4994.3   0.31811
   4999.2   0.31736
   5004.0   0.31646
   5008.8   0.31560
   5013.7   0.31472
   5018.5   0.31403
   5023.4   0.31320
   5028.3   0.31223
   5033.1   0.31139
   5038.0   0.31059
   5042.9   0.30980
   5047.8   0.30902
   5052.8   0.30814
   5057.7   0.30733
   5062.6   0.30648
   5067.6   0.30572
   5072.5   0.30491
   5077.5   0.30415
   5082.5   0.30343
   5087.5   0.30268
   5092.5   0.30175
   5097.5   0.30105
   5102.5   0.30044
   5107.5   0.29985
   5112.6   0.29852
   5117.6   0.29771
   5122.7   0.29697
   5127.7   0.29617
   5132.8   0.29523
   5137.9   0.29433
   5143.0   0.29344
   5148.1   0.29267
   5153.2   0.29156
   5158.3   0.29051
   5163.5   0.28975
   5168.6   0.28885
   5173.8   0.28794
   5179.0   0.28710
   5184.1   0.28624
   5189.3   0.28542
   5194.5   0.28457
   5199.7   0.28390
   5205.0   0.28303
   5210.2   0.28219
   5215.4   0.28171
   5220.7   0.28055
   5225.9   0.27970
   5231.2   0.27920
   5236.5   0.27848
   5241.8   0.27772
   5247.1   0.27691
   5252.4   0.27624
   5257.7   0.27548
   5263.1   0.27477
   5268.4   0.27395
   5273.8   0.27325
   5279.2   0.27254
   5284.5   0.27173
   5289.9   0.27110
   5295.3   0.27052
   5300.8   0.26947
   5306.2   0.26891
   5311.6   0.26830
   5317.1   0.26771
   5322.5   0.26711
   5328.0   0.26659
   5333.5   0.26607
   5339.0   0.26556
   5344.5   0.26497
   5350.0   0.26477
   5355.5   0.26391
   5361.0   0.26281
   5366.6   0.26229
   5372.2   0.26171
   5377.7   0.26099
   5383.3   0.26028
   5388.9   0.25955
   5394.5   0.25878
   5400.1   0.25802
   5405.8   0.25729
   5411.4   0.25667
   5417.1   0.25607
   5422.7   0.25589
   5428.4   0.25471
   5434.1   0.25352
   5439.8   0.25358
   5445.5   0.25315
   5451.2   0.25277
   5457.0   0.25230
   5462.7   0.25234
   5468.5   0.25206
   5474.3   0.25132
   5480.1   0.25150
   5485.9   0.25125
   5491.7   0.25090
   5497.5   0.25116
   5503.3   0.25112
   5509.2   0.25113
   5515.0   0.25097
   5520.9   0.25119
   5526.8   0.25108
   5532.7   0.25098
   5538.6   0.25089
   5544.5   0.25100
   5550.5   0.25101
   5556.4   0.25097
   5562.4   0.25051
   5568.4   0.25045
   5574.3   0.25048
   5580.3   0.25080
   5586.4   0.24974
   5592.4   0.24902
   5598.4   0.24905
   5604.5   0.24899
   5610.5   0.24819
   5616.6   0.24784
   5622.7   0.24720
   5628.8   0.24665
   5634.9   0.24627
   5641.1   0.24626
   5647.2   0.24528
   5653.4   0.24380
   5659.5   0.24369
   5665.7   0.24281
   5671.9   0.24264
   5678.1   0.24259
   5684.4   0.24144
   5690.6   0.24112
   5696.9   0.24093
   5703.1   0.24006
   5709.4   0.24033
   5715.7   0.23974
   5722.0   0.23851
   5728.3   0.23806
   5734.7   0.23758
   5741.0   0.23718
   5747.4   0.23662
   5753.8   0.23579
   5760.1   0.23457
   5766.6   0.23538
   5773.0   0.23339
   5779.4   0.23116
   5785.9   0.23101
   5792.3   0.23024
   5798.8   0.22948
   5805.3   0.22866
   5811.8   0.22752
   5818.3   0.22721
   5824.9   0.22660
   5831.4   0.22421
   5838.0   0.22279
   5844.6   0.22203
   5851.2   0.22137
   5857.8   0.22059
   5864.4   0.21972
   5871.0   0.21822
   5877.7   0.21749
   5884.4   0.21759
   5891.1   0.21411
   5897.8   0.21406
   5904.5   0.21231
   5911.2   0.21048
   5918.0   0.21040
   5924.7   0.20923
   5931.5   0.20839
   5938.3   0.20834
   5945.1   0.20544
   5951.9   0.20364
   5958.8   0.20330
   5965.6   0.20250
   5972.5   0.20185
   5979.4   0.19966
   5986.3   0.19906
   5993.2   0.19828
   6000.2   0.19641
   6007.1   0.19540
   6014.1   0.19513
   6021.1   0.19394
   6028.1   0.19274
   6035.1   0.19224
   6042.1   0.19203
   6049.2   0.19284
   6056.2   0.19075
   6063.3   0.18836
   6070.4   0.18971
   6077.5   0.18956
   6084.7   0.18817
   6091.8   0.18782
   6099.0   0.18803
   6106.2   0.18778
   6113.4   0.18811
   6120.6   0.18696
   6127.8   0.18557
   6135.1   0.18570
   6142.3   0.18567
   6149.6   0.18505
   6156.9   0.18465
   6164.3   0.18437
   6171.6   0.18345
   6178.9   0.18336
   6186.3   0.18380
   6193.7   0.18254
   6201.1   0.18162
   6208.5   0.18194
   6216.0   0.18167
   6223.5   0.18134
   6230.9   0.18095
   6238.4   0.18079
   6245.9   0.18049
   6253.5   0.18022
   6261.0   0.18001
   6268.6   0.17994
   6276.2   0.17972
   6283.8   0.17955
   6291.4   0.17936
   6299.1   0.17926
   6306.7   0.17909
   6314.4   0.17905
   6322.1   0.17889
   6329.8   0.17882
   6337.6   0.17891
   6345.3   0.17959
   6353.1   0.17873
   6360.9   0.17819
   6368.7   0.17921
   6376.5   0.17934
   6384.4   0.17886
   6392.3   0.17930
   6400.2   0.17944
   6408.1   0.18020
   6416.0   0.18119
   6424.0   0.17923
   6431.9   0.17859
   6439.9   0.17921
   6447.9   0.17884
   6456.0   0.17905
   6464.0   0.17868
   6472.1   0.17880
   6480.2   0.17863
   6488.3   0.17859
   6496.4   0.17860
   6504.6   0.17713
   6512.7   0.17639
   6520.9   0.17734
   6529.1   0.17684
   6537.4   0.17623
   6545.6   0.17631
   6553.9   0.17627
   6562.2   0.17579
   6570.5   0.17577
   6578.9   0.17551
   6587.2   0.17414
   6595.6   0.17420
   6604.0   0.17364
   6612.4   0.17327
   6620.9   0.17310
   6629.3   0.17292
   6637.8   0.17333
   6646.3   0.17198
   6654.9   0.17066
   6663.4   0.17109
   6672.0   0.17121
   6680.6   0.17106
   6689.2   0.17052
   6697.8   0.16974
   6706.5   0.17004
   6715.2   0.17006
   6723.9   0.16938
   6732.6   0.16894
   6741.4   0.16860
   6750.2   0.16837
   6759.0   0.16791
   6767.8   0.16747
   6776.6   0.16722
   6785.5   0.16661
   6794.4   0.16608
   6803.3   0.16466
   6812.3   0.16387
   6821.2   0.16365
   6830.2   0.16325
   6839.2   0.16223
   6848.3   0.16177
   6857.3   0.16187
   6866.4   0.16176
   6875.5   0.16005
   6884.6   0.15941
   6893.8   0.15952
   6903.0   0.15909
   6912.2   0.15866
   6921.4   0.15792
   6930.7   0.15743
   6939.9   0.15694
   6949.2   0.15638
   6958.6   0.15615
   6967.9   0.15533
   6977.3   0.15387
   6986.7   0.15349
   6996.1   0.15286
   7005.6   0.15196
   7015.1   0.15110
   7024.6   0.15054
   7034.1   0.14970
   7043.7   0.14932
   7053.2   0.14850
   7062.9   0.14708
   7072.5   0.14645
   7082.2   0.14580
   7091.8   0.14502
   7101.6   0.14418
   7111.3   0.14344
   7121.1   0.14268
   7130.9   0.14170
   7140.7   0.14084
   7150.5   0.14015
   7160.4   0.13907
   7170.3   0.13827
   7180.2   0.13717
   7190.2   0.13600
   7200.2   0.13519
   7210.2   0.13425
   7220.2   0.13292
   7230.3   0.13175
   7240.4   0.13068
   7250.5   0.12954
   7260.7   0.12846
   7270.9   0.12742
   7281.1   0.12644
   7291.3   0.12518
   7301.6   0.12401
   7311.9   0.12290
   7322.2   0.12166
   7332.6   0.12053
   7343.0   0.11936
   7353.4   0.11796
   7363.8   0.11663
   7374.3   0.11537
   7384.8   0.11407
   7395.3   0.11269
   7405.9   0.11128
   7416.5   0.10986
   7427.1   0.10844
   7437.8   0.10705
   7448.5   0.10557
   7459.2   0.10412
   7469.9   0.10267
   7480.7   0.10114
   7491.5   0.09961
   7502.4   0.09811
   7513.2   0.09655
   7524.1   0.09499
   7535.1   0.09339
   7546.0   0.09182
   7557.0   0.09029
   7568.1   0.08877
   7579.1   0.08712
   7590.2   0.08546
   7601.4   0.08373
   7612.5   0.08207
   7623.7   0.08047
   7635.0   0.07883
   7646.2   0.07712
   7657.5   0.07543
   7668.8   0.07370
   7680.2   0.07203
   7691.6   0.07026
   7703.0   0.06846
   7714.5   0.06661
   7726.0   0.06476
   7737.5   0.06286
   7749.1   0.06103
   7760.7   0.05911
   7772.3   0.05725
   7784.0   0.05532
   7795.7   0.05346
   7807.4   0.05160
   7819.2   0.04976
   7831.0   0.04785
   7842.9   0.04605
   7854.8   0.04414
   7866.7   0.04230
   7878.6   0.04045
   7890.6   0.03863
   7902.6   0.03680
   7914.7   0.03510
   7926.8   0.03329
   7939.0   0.03157
   7951.1   0.02985
   7963.3   0.02822
   7975.6   0.02661
   7987.9   0.02509
   8000.2   0.02358
   8012.6   0.02220
   8025.0   0.02086
   8037.4   0.01960
   8049.9   0.01833
   8062.4   0.01725
   8075.0   0.01621
   8087.6   0.01528
   8100.2   0.01434
   8112.9   0.01350
   8125.6   0.01272
   8138.4   0.01207
   8151.2   0.01142
   8164.0   0.01096
   8176.9   0.01053
   8189.8   0.01024
   8202.7   0.00993
   8215.7   0.00972
   8228.8   0.00949
   8241.9   0.00940
   8255.0   0.00935
   8268.2   0.00945
   8281.4   0.00950
   8294.6   0.00957
   8307.9   0.00963
   8321.2   0.00993
   8334.6   0.01017
   8348.0   0.01040
   8361.5   0.01059
   8375.0   0.01082
   8388.6   0.01097
   8402.2   0.01124
   8415.8   0.01150
   8429.5   0.01173
   8443.2   0.01187
   8457.0   0.01216
   8470.8   0.01237
   8484.7   0.01261
   8498.6   0.01280
   8512.5   0.01297
   8526.5   0.01302
   8540.6   0.01312
   8554.7   0.01319
   8568.8   0.01329
   8583.0   0.01335
   8597.2   0.01353
   8611.5   0.01361
   8625.8   0.01374
   8640.2   0.01380
   8654.6   0.01389
   8669.1   0.01389
   8683.6   0.01399
   8698.2   0.01405
   8712.8   0.01411
   8727.5   0.01408
   8742.2   0.01420
   8757.0   0.01424
   8771.8   0.01419
   8786.7   0.01419
   8801.6   0.01428
   8816.6   0.01428
   8831.6   0.01423
   8846.6   0.01420
   8861.8   0.01430
   8876.9   0.01431
   8892.2   0.01440
   8907.4   0.01439
   8922.8   0.01443
   8938.2   0.01439
   8953.6   0.01446
   8969.1   0.01447
   8984.6   0.01446
   9000.2   0.01448
   9015.9   0.01456
   9031.6   0.01456
   9047.4   0.01458
   9063.2   0.01449
   9079.0   0.01445
   9095.0   0.01440
   9111.0   0.01446
   9127.0   0.01443
   9143.1   0.01439
   9159.3   0.01426
   9175.5   0.01417
   9191.7   0.01405
   9208.1   0.01402
   9224.4   0.01400
   9240.9   0.01400
   9257.4   0.01398
   9273.9   0.01412
   9290.6   0.01415
   9307.2   0.01412
   9324.0   0.01401
   9340.8   0.01409
   9357.6   0.01418
   9374.6   0.01424
   9391.5   0.01426
   9408.6   0.01434
   9425.7   0.01436
   9442.9   0.01451
   9460.1   0.01456
   9477.4   0.01470
   9494.8   0.01479
   9512.2   0.01492
   9529.7   0.01497
   9547.2   0.01510
   9564.8   0.01515
   9582.5   0.01527
   9600.3   0.01544
   9618.1   0.01566
   9635.9   0.01578
   9653.9   0.01588
   9671.9   0.01596
   9690.0   0.01607
   9708.1   0.01609
   9726.3   0.01623
   9744.6   0.01634
   9763.0   0.01640
   9781.4   0.01645
   9799.9   0.01656
   9818.4   0.01650
   9837.1   0.01647
   9855.8   0.01644
   9874.5   0.01655
   9893.4   0.01664
   9912.3   0.01672
   9931.3   0.01664
   9950.4   0.01664
   9969.5   0.01671
   9988.7   0.01686
  10008.0   0.01696
  10027.3   0.01708
  10046.8   0.01716
  10066.3   0.01726
  10085.9   0.01736
  10105.5   0.01757
  10125.3   0.01766
  10145.1   0.01780
  10165.0   0.01792
  10184.9   0.01795
  10205.0   0.01800
  10225.1   0.01817
  10245.3   0.01834
  10265.6   0.01855
  10286.0   0.01863
  10306.4   0.01887
  10327.0   0.01917
  10347.6   0.01950
  10368.3   0.01977
  10389.0   0.02013
  10409.9   0.02041
  10430.9   0.02065
  10451.9   0.02091
  10473.0   0.02115
  10494.2   0.02131
  10515.5   0.02156
  10536.9   0.02168
  10558.3   0.02184
  10579.9   0.02204
  10601.5   0.02227
  10623.2   0.02243
  10645.0   0.02267
  10666.9   0.02277
  10688.9   0.02288
  10711.0   0.02298
  10733.2   0.02317
  10755.5   0.02331
  10777.8   0.02347
  10800.3   0.02369
  10822.8   0.02380
  10845.5   0.02383
  10868.2   0.02386
  10891.0   0.02383
  10914.0   0.02383
  10937.0   0.02371
  10960.1   0.02371
  10983.3   0.02366
  11006.7   0.02360
  11030.1   0.02358
  11053.6   0.02358
  11077.2   0.02356
  11100.9   0.02360
  11124.8   0.02364
  11148.7   0.02369
  11172.7   0.02372
  11196.8   0.02392
  11221.1   0.02405
  11245.4   0.02411
  11269.9   0.02418
  11294.4   0.02431
  11319.1   0.02443
  11343.8   0.02467
  11368.7   0.02481
  11393.7   0.02496
  11418.8   0.02514
  11444.0   0.02537
  11469.3   0.02545
  11494.8   0.02557
  11520.3   0.02569
  11546.0   0.02583
  11571.7   0.02596
  11597.6   0.02613
  11623.6   0.02623
  11649.7   0.02644
  11676.0   0.02661
  11702.3   0.02674
  11728.8   0.02687
  11755.4   0.02698
  11782.1   0.02713
  11809.0   0.02743
  11835.9   0.02766
  11863.0   0.02794
  11890.2   0.02819
  11917.6   0.02838
  11945.0   0.02852
  11972.6   0.02887
  12000.3   0.02916
  12028.2   0.02953
  12056.1   0.02983
  12084.2   0.03018
  12112.5   0.03060
  12140.8   0.03093
  12169.3   0.03124
  12198.0   0.03144
  12226.7   0.03153
  12255.6   0.03162
  12284.7   0.03175
  12313.9   0.03187
  12343.2   0.03177
  12372.6   0.03163
  12402.2   0.03146
  12432.0   0.03119
  12461.9   0.03075
  12491.9   0.03031
  12522.1   0.02977
  12552.4   0.02921
  12582.9   0.02857
  12613.5   0.02793
  12644.2   0.02714
  12675.1   0.02641
  12706.2   0.02564
  12737.4   0.02482
  12768.8   0.02391
  12800.3   0.02296
  12832.0   0.02205
  12863.9   0.02132
  12895.9   0.02058
  12928.0   0.02003
  12960.3   0.01958
  12992.8   0.01933
  13025.5   0.01899
  13058.3   0.01867
  13091.3   0.01843
  13124.4   0.01818
  13157.7   0.01789
  13191.2   0.01769
  13224.8   0.01753
  13258.7   0.01757
  13292.7   0.01766
  13326.8   0.01772
  13361.2   0.01777
  13395.7   0.01770
  13430.4   0.01766
  13465.3   0.01761
  13500.4   0.01739
  13535.6   0.01716
  13571.0   0.01673
  13606.7   0.01639
  13642.5   0.01630
  13678.5   0.01629
  13714.6   0.01620
  13751.0   0.01621
  13787.6   0.01615
  13824.4   0.01638
  13861.3   0.01662
  13898.5   0.01686
  13935.8   0.01706
  13973.4   0.01724
  14011.2   0.01733
  14049.1   0.01728
  14087.3   0.01705
  14125.7   0.01685
  14164.3   0.01665
  14203.1   0.01644
  14242.1   0.01601
  14281.4   0.01558
  14320.8   0.01527
  14360.5   0.01510
  14400.4   0.01480
  14440.5   0.01468
  14480.8   0.01457
  14521.4   0.01437
  14562.2   0.01406
  14603.2   0.01401
  14644.4   0.01386
  14685.9   0.01370
  14727.7   0.01371
  14769.6   0.01369
  14811.8   0.01353
  14854.3   0.01355
  14896.9   0.01371
  14939.9   0.01375
  14983.0   0.01362
  15026.5   0.01368
  15070.2   0.01399
  15114.1   0.01449
  15158.3   0.01487
  15202.7   0.01488
  15247.5   0.01489
  15292.4   0.01499
  15337.7   0.01499
  15383.2   0.01510
  15429.0   0.01531
  15475.0   0.01533
  15521.4   0.01523
  15568.0   0.01532
  15614.9   0.01527
  15662.0   0.01530
  15709.5   0.01549
  15757.2   0.01561
  15805.3   0.01547
  15853.6   0.01552
  15902.3   0.01563
  15951.2   0.01572
  16000.4   0.01558
  16050.0   0.01558
  16099.8   0.01569
  16150.0   0.01582
  16200.4   0.01576
  16251.2   0.01586
  16302.3   0.01592
  16353.7   0.01586
  16405.5   0.01587
  16457.6   0.01583
  16510.0   0.01577
  16562.7   0.01615
  16615.8   0.01656
  16669.2   0.01680
  16723.0   0.01685
  16777.1   0.01707
  16831.6   0.01727
  16886.4   0.01769
  16941.6   0.01818
  16997.2   0.01835
  17053.1   0.01826
  17109.4   0.01828
  17166.0   0.01835
  17223.0   0.01860
  17280.5   0.01853
  17338.2   0.01841
  17396.4   0.01823
  17455.0   0.01807
  17514.0   0.01786
  17573.3   0.01788
  17633.1   0.01794
  17693.3   0.01796
  17753.9   0.01818
  17814.9   0.01843
  17876.3   0.01867
  17938.2   0.01889
  18000.5   0.01858
  18063.2   0.01829
  18126.3   0.01794
  18189.9   0.01787
  18254.0   0.01804
  18318.5   0.01826
  18383.5   0.01839
  18448.9   0.01882
  18514.8   0.01933
  18581.1   0.02000
  18648.0   0.02009
  18715.3   0.02010
  18783.1   0.02006
  18851.4   0.02000
  18920.2   0.02005
  18989.5   0.02011
  19059.3   0.01991
  19129.7   0.02006
  19200.5   0.02029
  19271.9   0.02022
  19343.8   0.01999
  19416.2   0.02020
  19489.2   0.02042
  19562.8   0.02039
  19636.9   0.02036
  19711.5   0.02038
  19786.8   0.02013
  19862.6   0.02000
  19939.0   0.01987
  20016.0   0.01981
  20093.5   0.01959
  20171.7   0.01934
  20250.5   0.01876
  20329.9   0.01829
  20410.0   0.01796
  20490.7   0.01765
  20572.0   0.01732
  20653.9   0.01736
  20736.5   0.01750
  20819.8   0.01792
  20903.8   0.01816
  20988.4   0.01797
  21073.7   0.01745
  21159.7   0.01759
  21246.5   0.01751
  21333.9   0.01750
  21422.0   0.01758
  21510.9   0.01785
  21600.6   0.01795
  21690.9   0.01787
  21782.1   0.01739
  21874.0   0.01717
  21966.7   0.01760
  22060.1   0.01882
  22154.4   0.01835
  22249.5   0.01740
  22345.4   0.01711
  22442.1   0.01689
  22539.7   0.01642
  22638.1   0.01680
  22737.4   0.01612
  22837.6   0.01593
  22938.7   0.01626
  23040.6   0.01517
  23143.5   0.01455
  23247.2   0.01623
  23352.0   0.01710
  23457.6   0.01649
  23564.3   0.01589
  23671.8   0.01660
  23780.4   0.01653
  23890.0   0.01639
  24000.6   0.01533
  24112.3   0.01590
  24224.9   0.01667
  24338.7   0.01582
  24453.5   0.01513
  24569.4   0.01458
  24686.4   0.01624
  24804.5   0.01844
  24923.7   0.01810
  25044.1   0.01629
  25165.7   0.01589
  25288.5   0.01508
  25412.4   0.01298
  25537.6   0.01535
  25664.0   0.01712
  25791.7   0.01759
  25920.7   0.01684



 N2LS30      .ASC                        

 LS-CMP-030                                                              
 APOLLO 16 SOIL 62231,14 IN HALFFILLED LARGE NICOLET DISH                
 CO2 CUT                                                                 
                                                                         

 Source Ang: 30.00   Detect Ang: 30.00  Volt: 1.222
 Date: 30-JUN-92   Time: 11:40:16
